38.000000 25.000000 36.000000 68.000000 
39.656433 26.973995 37.000000 69.000000 
39.345272 28.000099 37.000000 69.000000 
39.873432 28.152828 37.000000 69.000000 
39.574425 29.910311 36.274509 67.647057 
39.595905 31.892794 35.563244 66.320648 
38.812786 31.339922 36.274509 67.647057 
39.094265 32.449272 35.563244 66.320648 
39.019360 34.086716 34.182281 63.745335 
38.728371 34.966148 33.512039 62.495426 
37.524269 34.754517 33.512039 62.495426 
37.032055 34.206207 34.182281 63.745335 
37.012421 34.501671 34.182281 63.745335 
37.628929 34.720604 34.182281 63.745335 
38.116989 35.269562 34.182281 63.745335 
38.157009 35.203110 34.182281 63.745335 
37.241222 34.528790 34.865925 65.020241 
37.810837 35.420395 34.182281 63.745335 
37.649853 35.964539 34.182281 63.745335 
37.273430 36.537277 34.182281 63.745335 
37.046803 36.248695 34.182281 63.745335 
37.175488 35.830833 34.182281 63.745335 
37.993061 37.152092 33.512039 62.495426 
39.080959 36.345131 34.182281 63.745335 
38.817799 35.613117 34.865925 65.020241 
38.952923 35.629055 34.865925 65.020241 
39.752548 36.490852 34.182281 63.745335 
40.256943 36.690048 34.182281 63.745335 
40.364124 37.012848 34.182281 63.745335 
40.941509 37.284996 34.182281 63.745335 
40.541740 35.556404 35.563244 66.320648 
41.356411 36.311710 34.865925 65.020241 
42.221962 35.978870 34.865925 65.020241 
42.977695 36.261311 34.865925 65.020241 
43.655273 37.682350 34.182281 63.745335 
43.927780 36.729733 34.865925 65.020241 
44.652344 36.436794 34.865925 65.020241 
45.525112 37.645493 34.182281 63.745335 
46.413300 36.597500 34.865925 65.020241 
46.913567 35.804810 35.563244 66.320648 
47.459377 37.251972 34.865925 65.020241 
48.151943 37.257511 34.865925 65.020241 
48.361576 37.312237 34.865925 65.020241 
49.418682 37.369274 34.865925 65.020241 
49.962498 37.315609 34.865925 65.020241 
50.372066 37.177929 34.865925 65.020241 
51.698658 37.103062 34.865925 65.020241 
52.095242 37.610302 34.865925 65.020241 
52.922447 36.906693 35.563244 66.320648 
53.983139 36.735176 35.563244 66.320648 
55.034763 38.547703 34.865925 65.020241 
55.546829 37.326988 35.563244 66.320648 
56.343349 38.690449 34.865925 65.020241 
57.522865 37.990974 35.563244 66.320648 
57.959106 38.165482 35.563244 66.320648 
58.887985 38.130150 35.563244 66.320648 
59.493164 38.354820 35.563244 66.320648 
59.917858 39.659748 34.865925 65.020241 
59.960716 39.108841 35.563244 66.320648 
60.687988 39.344604 35.563244 66.320648 
60.994549 40.371494 34.865925 65.020241 
61.525082 41.242733 34.865925 65.020241 
62.670601 40.571159 35.563244 66.320648 
63.435875 40.745903 35.563244 66.320648 
64.283142 40.856590 35.563244 66.320648 
64.558502 39.174068 36.274509 67.647057 
67.201920 41.795376 34.865925 65.020241 
67.000771 39.279224 36.274509 67.647057 
67.483025 38.911198 36.274509 67.647057 
69.802917 40.926090 34.865925 65.020241 
69.706383 40.635361 35.563244 66.320648 
70.631485 40.816193 35.563244 66.320648 
71.232803 40.912094 35.563244 66.320648 
70.882469 39.164692 36.274509 67.647057 
72.545082 41.122463 34.865925 65.020241 
74.109009 40.300903 35.563244 66.320648 
74.526787 40.108185 35.563244 66.320648 
74.792885 39.961845 35.563244 66.320648 
75.449562 39.626923 35.563244 66.320648 
76.454338 40.905376 34.865925 65.020241 
77.883560 40.007881 35.563244 66.320648 
78.706932 39.662453 35.563244 66.320648 
80.014992 40.201054 34.865925 65.020241 
81.077454 40.294804 34.865925 65.020241 
82.324440 40.392757 34.865925 65.020241 
83.500877 40.576061 34.865925 65.020241 
84.313065 39.644310 35.563244 66.320648 
85.046074 40.694653 34.865925 65.020241 
86.917610 39.778801 35.563244 66.320648 
87.977623 39.825432 35.563244 66.320648 
89.328094 39.756142 35.563244 66.320648 
89.643311 39.871948 35.563244 66.320648 
90.169373 38.157101 36.274509 67.647057 
92.047623 39.942760 34.865925 65.020241 
93.050430 39.215996 35.563244 66.320648 
94.628670 38.815834 35.563244 66.320648 
95.728584 39.557217 34.865925 65.020241 
96.216606 38.386879 35.563244 66.320648 
98.200432 39.093418 34.865925 65.020241 
98.799049 39.213032 34.865925 65.020241 
99.451294 39.070370 34.865925 65.020241 
101.044304 39.023922 34.865925 65.020241 
101.993820 38.778301 34.865925 65.020241 
103.191849 37.822510 35.563244 66.320648 
105.196861 38.632053 34.865925 65.020241 
105.624229 37.485741 35.563244 66.320648 
106.916710 37.217278 35.563244 66.320648 
108.784355 36.557404 35.563244 66.320648 
109.604912 36.336891 35.563244 66.320648 
110.776619 35.872993 35.563244 66.320648 
111.856102 34.750023 35.563244 66.320648 
113.176399 35.517925 34.865925 65.020241 
112.805969 32.146671 36.274509 67.647057 
115.632904 34.630310 34.182281 63.745335 
116.095467 33.079571 34.865925 65.020241 
116.584023 32.480076 34.865925 65.020241 
117.129295 32.101383 34.865925 65.020241 
118.792442 31.145899 35.563244 66.320648 
118.591400 29.264536 36.274509 67.647057 
119.305733 29.936682 35.563244 66.320648 
118.905922 30.387247 35.563244 66.320648 
119.506096 31.357162 34.865925 65.020241 
119.878822 31.546780 34.865925 65.020241 
119.163643 30.386442 35.563244 66.320648 
119.534233 31.087311 34.865925 65.020241 
119.581696 31.988897 34.182281 63.745335 
119.139526 32.482567 34.182281 63.745335 
118.866043 32.366455 34.182281 63.745335 
120.007675 31.791910 34.182281 63.745335 
120.457481 32.805237 33.512039 62.495426 
121.077126 32.672497 33.512039 62.495426 
122.502434 33.342422 32.854942 61.270027 
123.979881 33.218220 32.854942 61.270027 
124.397301 33.308586 32.854942 61.270027 
127.099876 32.959614 32.854942 61.270027 
127.771599 31.987139 33.512039 62.495426 
129.230026 31.868929 33.512039 62.495426 
130.673172 31.413465 33.512039 62.495426 
131.310364 31.889322 33.512039 62.495426 
131.858536 30.600077 34.182281 63.745335 
134.665771 31.395414 33.512039 62.495426 
134.888245 31.491346 33.512039 62.495426 
135.807312 31.927931 33.512039 62.495426 
135.975174 31.164148 34.182281 63.745335 
136.208817 31.197050 34.182281 63.745335 
137.349747 32.182117 33.512039 62.495426 
138.127075 32.989258 33.512039 62.495426 
139.459290 33.373421 33.512039 62.495426 
139.908234 33.917969 33.512039 62.495426 
141.349152 33.697678 33.512039 62.495426 
141.810471 34.694836 32.854942 61.270027 
142.975876 34.469330 33.512039 62.495426 
144.000107 35.877026 32.854942 61.270027 
144.272476 36.796204 33.512039 62.495426 
143.827179 37.043297 34.182281 63.745335 
144.963699 40.106522 33.512039 62.495426 
144.830231 38.608616 34.865925 65.020241 
145.635757 39.625000 34.182281 63.745335 
147.638153 40.692436 33.512039 62.495426 
148.348267 41.568474 33.512039 62.495426 
149.372498 40.667908 34.182281 63.745335 
151.382294 40.431137 34.182281 63.745335 
152.339233 39.413128 34.865925 65.020241 
154.272308 40.436470 34.182281 63.745335 
154.532669 39.234318 34.865925 65.020241 
156.924988 40.031517 34.182281 63.745335 
156.294479 39.328564 34.865925 65.020241 
157.253540 39.092052 34.865925 65.020241 
157.430344 38.712566 34.865925 65.020241 
157.825790 38.520733 34.865925 65.020241 
157.489990 38.644268 34.865925 65.020241 
157.888611 39.763023 34.182281 63.745335 
158.301331 40.930954 34.182281 63.745335 
158.084930 41.300903 34.182281 63.745335 
157.519958 40.570568 34.865925 65.020241 
158.136398 40.329517 34.865925 65.020241 
158.575607 41.244461 34.182281 63.745335 
158.141998 39.894077 34.865925 65.020241 
157.833069 39.365170 34.865925 65.020241 
157.102768 39.153347 34.865925 65.020241 
156.700150 38.775959 34.865925 65.020241 
155.570465 37.736572 35.563244 66.320648 
155.809784 39.146030 34.865925 65.020241 
155.694458 39.203278 35.563244 66.320648 
155.661484 38.440197 36.274509 67.647057 
157.223404 39.417587 35.563244 66.320648 
157.286819 39.562141 35.563244 66.320648 
158.030060 39.687370 35.563244 66.320648 
159.477524 39.462296 35.563244 66.320648 
158.765076 38.511532 36.274509 67.647057 
160.382553 39.314461 35.563244 66.320648 
160.126648 39.601837 35.563244 66.320648 
160.952103 41.073360 34.865925 65.020241 
160.403168 40.230042 35.563244 66.320648 
160.173904 40.274750 35.563244 66.320648 
160.942154 40.590424 35.563244 66.320648 
160.782150 41.270966 35.563244 66.320648 
160.599930 41.785942 35.563244 66.320648 
160.615005 43.870747 34.865925 65.020241 
159.887085 43.488152 35.563244 66.320648 
160.291031 44.900402 34.865925 65.020241 
159.943512 45.361332 34.865925 65.020241 
159.507263 46.072254 34.865925 65.020241 
159.780045 45.815151 34.865925 65.020241 
159.080719 46.103214 34.865925 65.020241 
159.224701 46.526798 34.865925 65.020241 
159.214798 46.301105 34.865925 65.020241 
159.449524 47.684959 34.182281 63.745335 
158.510956 47.248920 34.865925 65.020241 
158.345108 47.628254 34.865925 65.020241 
157.474442 47.463848 34.865925 65.020241 
157.789917 48.737984 34.182281 63.745335 
156.887497 48.115986 34.865925 65.020241 
155.945374 48.530010 34.865925 65.020241 
155.211517 47.668999 35.563244 66.320648 
156.027756 49.203587 34.865925 65.020241 
154.975998 48.625435 35.563244 66.320648 
155.114075 49.446873 34.865925 65.020241 
154.398895 49.837353 34.865925 65.020241 
153.991348 48.651756 35.563244 66.320648 
154.057129 49.620007 34.865925 65.020241 
153.470947 49.222897 34.865925 65.020241 
154.280594 50.331528 34.182281 63.745335 
153.812424 50.336700 34.182281 63.745335 
154.153061 50.440460 34.182281 63.745335 
153.685608 50.268684 34.182281 63.745335 
154.098785 50.164345 34.182281 63.745335 
153.790741 50.042290 34.182281 63.745335 
154.440613 51.275902 33.512039 62.495426 
153.271194 50.398987 34.182281 63.745335 
152.946259 50.058846 34.182281 63.745335 
152.894135 51.400269 33.512039 62.495426 
152.736130 50.634079 34.182281 63.745335 
152.950653 50.373375 34.182281 63.745335 
152.646484 49.916687 34.182281 63.745335 
153.139297 49.941612 34.182281 63.745335 
153.079010 49.855026 34.182281 63.745335 
153.010696 49.214958 34.182281 63.745335 
152.561676 46.894241 35.563244 66.320648 
152.610458 46.435135 35.563244 66.320648 
152.819672 47.389072 34.865925 65.020241 
152.304855 47.598148 34.865925 65.020241 
150.932449 45.255520 36.274509 67.647057 
149.601318 46.570808 35.563244 66.320648 
149.428406 47.616627 34.865925 65.020241 
148.011246 45.847363 36.274509 67.647057 
146.779694 47.049492 35.563244 66.320648 
145.575409 45.727154 36.274509 67.647057 
145.097427 47.363098 35.563244 66.320648 
143.861572 46.282253 36.274509 67.647057 
143.077835 45.796185 36.274509 67.647057 
142.618210 47.080345 35.563244 66.320648 
141.850006 45.549519 36.274509 67.647057 
142.244522 45.576366 36.274509 67.647057 
141.298279 45.539654 36.274509 67.647057 
140.597260 45.225185 36.274509 67.647057 
139.703918 45.248692 36.274509 67.647057 
138.448715 45.319859 36.274509 67.647057 
136.199387 44.903728 36.274509 67.647057 
135.080811 46.739105 35.563244 66.320648 
133.408569 45.871357 36.274509 67.647057 
132.261978 45.141399 36.274509 67.647057 
132.971893 46.116486 35.563244 66.320648 
132.400818 44.757076 36.274509 67.647057 
132.813751 45.892723 35.563244 66.320648 
131.959106 44.279865 36.274509 67.647057 
132.243195 45.149010 35.563244 66.320648 
132.067398 45.352623 35.563244 66.320648 
132.622253 45.340271 35.563244 66.320648 
132.107651 45.262978 35.563244 66.320648 
132.497696 45.004654 35.563244 66.320648 
131.993408 44.920486 35.563244 66.320648 
132.412659 44.317551 35.563244 66.320648 
132.291595 45.504559 34.865925 65.020241 
132.537979 43.791344 35.563244 66.320648 
132.695602 44.196907 35.563244 66.320648 
133.797424 44.612553 34.865925 65.020241 
133.266861 44.912807 34.865925 65.020241 
133.938370 44.286152 34.865925 65.020241 
134.139069 44.792896 34.865925 65.020241 
134.739960 44.623447 34.865925 65.020241 
134.140579 44.531979 34.865925 65.020241 
134.108093 44.433819 34.865925 65.020241 
134.576370 44.709450 34.182281 63.745335 
134.847458 44.570076 34.182281 63.745335 
135.080688 44.647751 34.182281 63.745335 
133.439575 45.194168 34.182281 63.745335 
133.544098 43.601730 34.182281 63.745335 
134.340668 44.483932 33.512039 62.495426 
133.256866 45.132973 33.512039 62.495426 
132.818665 45.283630 33.512039 62.495426 
133.275131 44.834908 33.512039 62.495426 
132.649368 45.115067 33.512039 62.495426 
132.485016 44.875542 33.512039 62.495426 
132.394852 44.974213 33.512039 62.495426 
131.865799 45.007034 33.512039 62.495426 
132.211105 45.183212 33.512039 62.495426 
132.339050 44.994522 33.512039 62.495426 
131.583466 44.950783 33.512039 62.495426 
131.692352 44.906853 33.512039 62.495426 
131.796494 45.162231 33.512039 62.495426 
131.687668 45.359970 33.512039 62.495426 
131.696106 45.555573 33.512039 62.495426 
131.736664 45.927185 33.512039 62.495426 
131.532104 44.957680 34.182281 63.745335 
131.785797 45.478630 34.182281 63.745335 
132.009109 45.280029 34.182281 63.745335 
131.273315 44.613331 34.865925 65.020241 
131.595322 44.472309 34.865925 65.020241 
131.209137 45.392883 34.182281 63.745335 
131.177200 45.191757 34.182281 63.745335 
131.415512 44.601021 34.182281 63.745335 
131.852585 45.289589 33.512039 62.495426 
131.975693 45.429604 33.512039 62.495426 
132.153412 45.553551 33.512039 62.495426 
132.273895 45.557823 33.512039 62.495426 
131.665237 46.114525 33.512039 62.495426 
131.453842 45.417084 34.182281 63.745335 
131.236053 45.392502 34.182281 63.745335 
130.448471 44.502766 34.865925 65.020241 
130.590866 44.761875 34.865925 65.020241 
129.323257 45.078808 34.865925 65.020241 
129.398834 44.984814 34.865925 65.020241 
129.055298 45.212528 34.865925 65.020241 
128.150101 45.266872 34.865925 65.020241 
127.328651 45.347027 34.865925 65.020241 
127.105888 45.493420 34.865925 65.020241 
126.340401 45.321430 34.865925 65.020241 
125.941551 45.346977 35.563244 66.320648 
124.945877 44.496006 36.274509 67.647057 
124.072281 44.441051 36.274509 67.647057 
123.424301 44.782452 36.274509 67.647057 
123.371368 45.115986 36.274509 67.647057 
123.035187 45.532810 36.274509 67.647057 
122.394318 44.449562 37.000000 69.000000 
123.292999 44.926620 37.000000 69.000000 
123.091095 44.518471 37.000000 69.000000 
122.484100 43.967346 37.000000 69.000000 
123.171448 44.716450 36.274509 67.647057 
122.375015 44.428921 36.274509 67.647057 
121.803223 44.455097 36.274509 67.647057 
121.728455 44.614223 36.274509 67.647057 
121.064911 44.657627 36.274509 67.647057 
120.328079 44.852726 36.274509 67.647057 
120.163147 45.223171 36.274509 67.647057 
119.863937 45.239285 36.274509 67.647057 
118.932251 45.504192 36.274509 67.647057 
118.363419 45.870289 36.274509 67.647057 
118.252777 46.188168 36.274509 67.647057 
117.701141 45.945545 36.274509 67.647057 
117.628998 46.524097 36.274509 67.647057 
116.913254 46.296528 36.274509 67.647057 
115.804230 46.435360 36.274509 67.647057 
115.593735 46.642414 36.274509 67.647057 
114.711090 47.084049 36.274509 67.647057 
113.900330 48.212162 36.274509 67.647057 
111.387497 48.204479 36.274509 67.647057 
111.285126 48.408375 36.274509 67.647057 
110.340576 48.990871 36.274509 67.647057 
109.545296 49.970936 36.274509 67.647057 
108.831863 50.369900 36.274509 67.647057 
108.483437 50.317814 36.274509 67.647057 
107.369682 50.742085 36.274509 67.647057 
106.993103 51.388218 36.274509 67.647057 
106.146500 51.694767 36.274509 67.647057 
106.083122 52.176601 36.274509 67.647057 
105.841034 51.961071 36.274509 67.647057 
106.861389 53.633858 35.563244 66.320648 
106.569572 53.873993 35.563244 66.320648 
106.431549 53.161346 35.563244 66.320648 
106.269257 53.158607 35.563244 66.320648 
105.872116 53.416840 35.563244 66.320648 
105.950386 53.811592 35.563244 66.320648 
105.771851 54.149307 35.563244 66.320648 
105.548332 53.935776 35.563244 66.320648 
104.977753 53.799797 35.563244 66.320648 
105.349724 55.240116 34.865925 65.020241 
105.027809 55.401363 34.865925 65.020241 
104.510086 55.703548 34.865925 65.020241 
104.565392 55.588734 34.865925 65.020241 
104.287651 55.887310 34.865925 65.020241 
103.765831 56.154133 34.865925 65.020241 
103.036148 56.481876 34.865925 65.020241 
103.046402 57.722214 34.182281 63.745335 
102.063263 57.631088 34.182281 63.745335 
102.010796 58.241226 33.512039 62.495426 
101.913979 58.448692 33.512039 62.495426 
101.319008 59.018623 33.512039 62.495426 
99.768852 59.202778 32.854942 61.270027 
99.520332 59.424007 32.854942 61.270027 
99.853188 59.186214 32.854942 61.270027 
99.545303 59.669193 32.854942 61.270027 
100.170387 59.263134 32.854942 61.270027 
100.190636 59.627026 32.854942 61.270027 
100.354248 58.979420 32.854942 61.270027 
100.684479 59.050396 32.854942 61.270027 
100.266304 59.034245 32.854942 61.270027 
100.259186 58.756618 32.854942 61.270027 
100.128456 58.292080 32.854942 61.270027 
99.304543 58.513096 32.854942 61.270027 
98.611595 57.859005 32.854942 61.270027 
96.608421 57.324291 32.854942 61.270027 
95.215363 57.753521 32.854942 61.270027 
95.071434 56.893616 33.512039 62.495426 
94.748711 55.712814 34.182281 63.745335 
93.825859 55.216434 34.865925 65.020241 
92.755829 54.648949 35.563244 66.320648 
92.547684 54.750275 35.563244 66.320648 
90.826805 53.945881 36.274509 67.647057 
90.021255 54.088268 36.274509 67.647057 
87.552979 54.291019 36.274509 67.647057 
87.585968 52.912487 36.274509 67.647057 
87.057739 52.708614 36.274509 67.647057 
85.570816 51.977444 36.274509 67.647057 
84.942436 51.710400 36.274509 67.647057 
82.970856 51.037060 36.274509 67.647057 
82.188103 50.895718 36.274509 67.647057 
81.187531 50.048794 36.274509 67.647057 
80.081230 50.030117 36.274509 67.647057 
78.667328 49.933468 36.274509 67.647057 
78.221283 49.596348 36.274509 67.647057 
75.484741 49.714115 36.274509 67.647057 
73.632706 50.097897 36.274509 67.647057 
71.399307 50.925831 36.274509 67.647057 
70.283951 51.389660 36.274509 67.647057 
68.623695 51.288639 36.274509 67.647057 
68.203278 50.873707 36.274509 67.647057 
66.878235 51.540440 36.274509 67.647057 
66.773018 50.509808 36.274509 67.647057 
67.940689 49.899021 36.274509 67.647057 
68.081520 50.229343 36.274509 67.647057 
68.340698 49.249218 36.274509 67.647057 
68.886169 49.145466 36.274509 67.647057 
68.393661 49.480190 36.274509 67.647057 
68.833679 48.758366 36.274509 67.647057 
69.351257 48.914471 36.274509 67.647057 
69.335434 48.829090 36.274509 67.647057 
69.189041 48.365818 36.274509 67.647057 
69.143997 47.574078 36.274509 67.647057 
68.767822 47.290638 36.274509 67.647057 
69.011246 46.619579 36.274509 67.647057 
68.052391 46.736149 36.274509 67.647057 
67.896568 46.655674 36.274509 67.647057 
67.492432 46.286976 36.274509 67.647057 
67.675766 45.883495 36.274509 67.647057 
67.453468 46.312183 36.274509 67.647057 
66.807304 44.832397 37.000000 69.000000 
65.363556 45.317337 37.000000 69.000000 
64.980415 45.647369 37.000000 69.000000 
63.396751 45.473412 37.000000 69.000000 
62.416458 46.004173 37.000000 69.000000 
61.501030 45.818413 37.000000 69.000000 
59.583702 45.798988 37.000000 69.000000 
58.786713 45.613358 37.000000 69.000000 
57.707237 45.473297 37.000000 69.000000 
56.382629 45.842537 37.000000 69.000000 
55.932556 44.980125 37.000000 69.000000 
54.131348 45.243355 37.000000 69.000000 
52.942436 45.139168 37.000000 69.000000 
51.667686 44.691299 37.000000 69.000000 
50.501549 43.736328 37.000000 69.000000 
49.943794 43.644173 37.000000 69.000000 
49.817833 43.276802 37.000000 69.000000 
49.278625 43.864418 37.000000 69.000000 
49.080612 43.873978 37.000000 69.000000 
48.349319 44.333603 37.000000 69.000000 
48.086628 45.923145 36.274509 67.647057 
46.993259 46.421619 36.274509 67.647057 
45.875916 45.547577 37.000000 69.000000 
45.737267 45.618088 37.000000 69.000000 
45.175163 45.392578 37.000000 69.000000 
