3.000000 169.000000 188.000000 84.000000 
15.052063 169.557129 189.000000 85.000000 
28.516493 169.745453 185.294113 83.333336 
43.283321 169.919235 181.660904 81.699348 
55.737301 170.956512 174.606781 78.526863 
64.341156 170.104691 174.606781 78.526863 
79.252953 170.572037 167.826584 75.477570 
89.468025 171.195251 161.309677 72.546684 
99.692223 172.368042 155.045822 69.729607 
107.662651 172.111511 155.045822 69.729607 
116.344269 173.040070 149.025208 67.021919 
125.699570 173.002716 146.103149 65.707764 
135.013031 174.399826 140.429779 63.156254 
141.131042 174.131165 140.429779 63.156254 
147.231720 173.531876 140.429779 63.156254 
151.776398 171.650345 143.238373 64.419380 
159.176682 173.783813 134.976730 60.703819 
166.574417 172.509018 134.976730 60.703819 
173.295135 173.959122 129.735413 58.346615 
177.180008 173.828690 127.191582 57.202564 
186.254578 174.758209 122.252579 54.981319 
189.314850 175.047501 119.855469 53.903252 
194.782669 174.706345 117.505363 52.846325 
199.835129 174.396530 115.201332 51.810123 
205.631546 175.330414 112.942482 50.794239 
210.040085 176.022415 110.727928 49.798275 
213.356125 176.905365 108.556793 48.821838 
217.001175 175.311050 110.727928 49.798275 
222.176529 174.765839 108.556793 48.821838 
225.018066 175.064133 106.428223 47.864548 
228.280289 176.082718 102.295486 46.005909 
233.470276 176.440063 98.323227 44.219440 
236.499268 176.821045 96.395325 43.352394 
240.522415 176.801178 94.505219 42.502346 
243.982285 176.036026 94.505219 42.502346 
245.385895 176.256012 92.652176 41.668968 
250.044769 176.779739 89.054382 40.050911 
253.314667 177.548416 87.308212 39.265598 
255.899673 178.013489 85.596291 38.495686 
258.672241 177.557755 85.596291 38.495686 
260.529785 177.910599 83.917931 37.740868 
263.871674 177.711792 82.272484 37.000851 
265.615112 177.289673 82.272484 37.000851 
269.481812 177.968445 80.659294 36.275345 
270.661224 177.782761 80.659294 36.275345 
273.551819 178.548630 79.077736 35.564064 
274.924011 178.191589 79.077736 35.564064 
278.007019 178.350342 77.527199 34.866730 
279.937225 178.600418 77.527199 34.866730 
281.290710 177.866089 77.527199 34.866730 
282.796875 177.899643 77.527199 34.866730 
284.315521 177.531235 76.007057 34.183067 
286.156647 177.701752 74.516724 33.512810 
288.877106 177.418167 74.516724 33.512810 
289.801178 177.393250 74.516724 33.512810 
290.899078 177.266449 74.516724 33.512810 
292.551849 177.421814 73.055611 32.855698 
294.064667 178.213120 71.623146 32.211468 
297.197906 178.447784 70.218773 31.579870 
297.866272 178.002335 70.218773 31.579870 
300.133881 178.663452 68.841934 30.960657 
301.234833 178.578552 67.492088 30.353584 
303.027710 178.938278 66.168716 29.758417 
303.262909 178.933029 66.168716 29.758417 
304.738434 179.304382 64.871292 29.174919 
305.624847 179.438446 64.871292 29.174919 
307.060669 178.898727 63.599304 28.602861 
309.842163 179.230087 61.129665 27.492178 
310.532227 179.814590 61.129665 27.492178 
311.239380 179.425278 61.129665 27.492178 
313.597992 178.946915 59.931046 26.953115 
315.421509 180.001221 58.755924 26.424622 
316.747284 179.837753 58.755924 26.424622 
317.027405 179.383255 58.755924 26.424622 
318.020020 179.900665 58.755924 26.424622 
318.702911 179.505341 58.755924 26.424622 
319.662262 179.730499 57.603848 25.906492 
321.555359 180.541504 56.474361 25.398521 
322.691193 179.812820 55.367020 24.900513 
324.067719 180.058136 54.281391 24.412266 
324.789124 179.928543 54.281391 24.412266 
326.082458 179.683975 53.217052 23.933596 
326.544556 180.136917 53.217052 23.933596 
326.816162 179.732513 53.217052 23.933596 
329.007477 180.786469 52.173580 23.464308 
329.283295 180.605515 52.173580 23.464308 
330.482819 180.536224 52.173580 23.464308 
331.285095 180.173492 51.150570 23.004225 
332.536316 180.565063 50.147617 22.553162 
333.838165 181.316193 49.164330 22.110943 
333.310944 180.475769 50.147617 22.553162 
334.784943 181.337662 49.164330 22.110943 
335.565918 181.200897 49.164330 22.110943 
336.042206 180.907730 49.164330 22.110943 
336.938538 181.169266 48.200325 21.677395 
337.022827 180.236588 48.200325 21.677395 
338.158478 180.233429 47.255219 21.252348 
340.246704 181.524780 46.328648 20.835634 
340.546173 181.548370 46.328648 20.835634 
341.679565 181.759567 45.420242 20.427094 
341.989044 181.720901 45.420242 20.427094 
342.711212 181.413666 44.529648 20.026562 
344.036011 181.085434 43.656517 19.633884 
344.471375 181.456619 43.656517 19.633884 
344.551727 181.004532 43.656517 19.633884 
345.128906 181.377640 43.656517 19.633884 
346.593445 181.050415 42.800507 19.248905 
347.002136 181.409332 42.800507 19.248905 
347.032349 180.850525 42.800507 19.248905 
348.309906 181.905258 41.961281 18.871475 
348.605133 181.597961 41.961281 18.871475 
349.263184 181.357925 41.961281 18.871475 
349.631287 182.022568 41.961281 18.871475 
350.385498 181.844574 41.961281 18.871475 
350.634674 181.624466 41.961281 18.871475 
351.747406 181.560928 41.138512 18.501448 
352.156769 182.276566 41.138512 18.501448 
353.252960 182.186020 40.331875 18.138674 
353.512970 181.835403 40.331875 18.138674 
354.559692 182.583557 39.541054 17.783014 
354.405792 182.082367 40.331875 18.138674 
355.062103 181.756210 40.331875 18.138674 
355.180573 182.184662 40.331875 18.138674 
355.625732 181.704391 40.331875 18.138674 
356.979126 182.152817 38.765739 17.434326 
357.105347 182.271378 38.765739 17.434326 
357.498199 182.364410 38.765739 17.434326 
358.354004 181.561981 38.765739 17.434326 
358.630402 181.715012 38.765739 17.434326 
358.490448 181.854797 38.765739 17.434326 
359.530182 181.701294 38.005627 17.092478 
359.972595 181.490082 37.260418 16.757330 
360.810852 182.127029 36.529819 16.428755 
360.769226 181.740265 36.529819 16.428755 
361.241394 182.354553 35.813549 16.106623 
362.646729 182.545883 35.111324 15.790807 
363.043213 182.466507 35.111324 15.790807 
364.056732 182.488861 35.111324 15.790807 
364.260498 182.418823 35.111324 15.790807 
364.869141 182.304184 35.111324 15.790807 
364.895630 182.226898 35.111324 15.790807 
365.294556 182.125458 35.111324 15.790807 
366.397797 182.081314 34.422867 15.481183 
366.441895 182.839294 34.422867 15.481183 
366.851166 182.668060 34.422867 15.481183 
366.781891 182.417816 34.422867 15.481183 
368.269104 182.235336 34.422867 15.481183 
368.029907 182.810699 34.422867 15.481183 
368.083435 182.538361 34.422867 15.481183 
368.475647 182.183151 34.422867 15.481183 
369.188873 182.639511 34.422867 15.481183 
369.295258 182.209076 34.422867 15.481183 
369.922424 182.779556 33.747910 15.177630 
370.685974 182.322968 33.747910 15.177630 
370.766296 182.692535 33.747910 15.177630 
371.144714 182.382156 33.747910 15.177630 
370.893433 182.956314 33.747910 15.177630 
372.085144 182.913345 33.747910 15.177630 
371.995972 183.505646 33.747910 15.177630 
372.051300 182.462448 33.747910 15.177630 
372.196960 181.027451 33.747910 15.177630 
371.689453 180.749649 33.747910 15.177630 
372.686676 181.076889 33.747910 15.177630 
373.310547 182.776550 33.747910 15.177630 
374.222107 184.094620 33.747910 15.177630 
374.730042 184.302597 33.747910 15.177630 
375.132385 183.848038 33.747910 15.177630 
374.112671 182.523468 33.747910 15.177630 
374.881653 181.813583 33.747910 15.177630 
374.554504 181.901840 33.747910 15.177630 
374.402954 182.004150 33.747910 15.177630 
374.499847 181.978195 33.747910 15.177630 
375.126404 181.609085 33.747910 15.177630 
376.017212 181.083542 33.747910 15.177630 
377.852142 182.680252 33.747910 15.177630 
378.483429 183.403198 33.747910 15.177630 
378.851654 184.511826 33.747910 15.177630 
379.400818 183.364090 33.747910 15.177630 
379.100311 183.521179 33.747910 15.177630 
379.366089 181.684296 33.747910 15.177630 
378.269226 181.260345 33.747910 15.177630 
378.214691 182.000305 33.747910 15.177630 
378.511566 182.077911 33.747910 15.177630 
379.134796 181.973541 33.747910 15.177630 
379.569122 181.779434 33.747910 15.177630 
380.910278 182.256531 33.747910 15.177630 
381.319489 183.384964 33.747910 15.177630 
381.142944 183.401855 33.747910 15.177630 
381.053101 183.068756 33.747910 15.177630 
381.862701 181.782822 33.747910 15.177630 
381.587280 181.335968 33.747910 15.177630 
381.201813 181.607651 33.747910 15.177630 
381.029694 181.219711 33.747910 15.177630 
382.187805 181.668381 33.747910 15.177630 
381.850800 181.272644 33.747910 15.177630 
383.081329 182.360916 33.747910 15.177630 
383.343445 182.577927 33.747910 15.177630 
383.117859 182.108170 33.747910 15.177630 
383.551361 182.160172 33.747910 15.177630 
383.361053 182.215714 33.747910 15.177630 
383.244781 181.930511 33.747910 15.177630 
383.170227 181.578079 33.747910 15.177630 
383.122894 181.158569 33.747910 15.177630 
384.388611 181.658463 33.747910 15.177630 
384.139832 181.624985 33.747910 15.177630 
384.371887 181.620300 33.747910 15.177630 
384.868103 181.650925 33.747910 15.177630 
385.640259 181.728287 33.747910 15.177630 
385.521027 181.840134 33.747910 15.177630 
385.472076 181.764435 33.747910 15.177630 
385.487823 181.354126 33.747910 15.177630 
385.503113 181.725433 33.747910 15.177630 
385.770355 181.268585 33.747910 15.177630 
386.113556 181.840515 33.747910 15.177630 
386.748749 181.571930 33.747910 15.177630 
386.756073 181.319748 33.747910 15.177630 
386.839081 182.027603 33.747910 15.177630 
387.242249 181.650970 33.747910 15.177630 
386.981293 181.188644 33.747910 15.177630 
387.728088 181.661819 33.747910 15.177630 
387.611267 181.269241 33.747910 15.177630 
387.473419 181.785965 33.747910 15.177630 
387.550751 181.298340 33.747910 15.177630 
387.752930 181.790009 33.747910 15.177630 
388.279938 181.322220 33.747910 15.177630 
387.902557 181.914932 33.747910 15.177630 
388.752869 181.397568 33.747910 15.177630 
388.638550 181.849823 33.747910 15.177630 
388.734375 181.493164 33.747910 15.177630 
388.915802 181.034012 33.747910 15.177630 
389.046295 181.546188 33.747910 15.177630 
389.536377 181.096436 33.747910 15.177630 
389.054596 181.668961 33.747910 15.177630 
389.746887 181.238571 33.747910 15.177630 
389.498962 181.715790 33.747910 15.177630 
389.491089 181.331436 33.747910 15.177630 
389.569489 181.735733 33.747910 15.177630 
389.926575 181.235901 33.747910 15.177630 
390.201874 181.558365 33.747910 15.177630 
389.977325 181.222900 33.747910 15.177630 
390.474243 181.546616 33.747910 15.177630 
390.321777 181.114182 33.747910 15.177630 
390.173035 181.483719 33.747910 15.177630 
390.338409 180.969345 33.747910 15.177630 
390.412048 181.190125 33.747910 15.177630 
390.626587 181.386688 33.747910 15.177630 
390.874146 181.510529 33.747910 15.177630 
391.356781 180.758209 33.747910 15.177630 
390.999481 180.904800 33.747910 15.177630 
391.472198 180.892685 33.747910 15.177630 
391.208771 180.973465 33.747910 15.177630 
391.075531 181.077515 33.747910 15.177630 
391.947083 181.056595 33.747910 15.177630 
391.884186 181.070908 33.747910 15.177630 
391.870514 181.073441 33.747910 15.177630 
391.902466 181.054108 33.747910 15.177630 
392.007324 181.019287 33.747910 15.177630 
392.122803 180.990585 33.747910 15.177630 
392.279480 180.928986 33.747910 15.177630 
391.712769 180.937134 33.747910 15.177630 
392.042480 180.880447 33.747910 15.177630 
392.460815 180.827759 33.747910 15.177630 
392.213562 180.793243 33.747910 15.177630 
392.014526 180.747192 33.747910 15.177630 
392.711090 180.588455 33.747910 15.177630 
392.696503 180.467697 33.747910 15.177630 
392.610474 180.259918 33.747910 15.177630 
392.358337 181.022507 33.747910 15.177630 
392.061554 180.796860 33.747910 15.177630 
392.172180 180.521255 33.747910 15.177630 
390.866241 180.254379 33.747910 15.177630 
391.286499 181.072708 33.086185 14.880030 
390.463959 180.639282 33.747910 15.177630 
389.225189 180.370636 33.747910 15.177630 
388.604065 180.835587 33.747910 15.177630 
377.458527 182.429443 33.747910 15.177630 
377.364349 182.090652 33.747910 15.177630 
377.318634 182.724838 33.747910 15.177630 
377.758789 182.526825 33.747910 15.177630 
378.484772 182.214264 33.747910 15.177630 
378.415863 182.855255 33.747910 15.177630 
378.469910 182.497269 33.747910 15.177630 
378.550415 182.027435 33.747910 15.177630 
378.959351 182.459747 33.747910 15.177630 
379.713562 181.515411 33.747910 15.177630 
379.143860 181.249588 33.747910 15.177630 
378.356567 181.667511 33.747910 15.177630 
377.284637 181.840225 33.747910 15.177630 
376.581879 181.450577 33.747910 15.177630 
376.267731 181.344589 33.747910 15.177630 
375.678589 181.973892 33.747910 15.177630 
375.010712 181.901489 33.747910 15.177630 
373.859222 182.081894 33.747910 15.177630 
373.161774 181.489304 33.747910 15.177630 
371.464325 181.058517 33.747910 15.177630 
385.091309 187.803345 33.747910 15.177630 
395.424225 180.226379 33.747910 15.177630 
394.509521 180.348480 34.422867 15.481183 
394.705383 179.841263 34.422867 15.481183 
395.226776 180.369614 33.747910 15.177630 
394.757355 180.814758 33.747910 15.177630 
395.274475 180.353531 33.747910 15.177630 
394.876312 180.664581 33.747910 15.177630 
395.527313 180.054306 33.747910 15.177630 
395.142242 180.458466 33.747910 15.177630 
395.021027 180.019806 33.747910 15.177630 
395.610291 180.209625 33.747910 15.177630 
395.360718 180.480865 33.747910 15.177630 
395.166412 180.006210 33.747910 15.177630 
394.926331 180.342407 33.747910 15.177630 
395.475769 180.538452 33.747910 15.177630 
395.418243 180.058289 33.747910 15.177630 
395.399109 180.354752 33.747910 15.177630 
395.411682 180.674911 33.747910 15.177630 
395.816681 180.272888 33.747910 15.177630 
396.226074 180.540588 33.747910 15.177630 
395.973083 180.155624 33.747910 15.177630 
396.533051 180.479996 33.747910 15.177630 
396.368622 180.080612 33.747910 15.177630 
396.195343 180.499771 33.747910 15.177630 
396.169342 180.052734 33.747910 15.177630 
396.070160 180.402573 33.747910 15.177630 
396.716400 180.672333 33.747910 15.177630 
396.764069 180.168915 33.747910 15.177630 
396.718597 180.508011 33.747910 15.177630 
396.778717 179.948990 33.747910 15.177630 
396.820099 180.318481 33.747910 15.177630 
396.875183 180.617355 33.747910 15.177630 
397.055756 180.203186 33.747910 15.177630 
397.160034 180.562531 33.747910 15.177630 
396.529022 180.131592 33.747910 15.177630 
