120.000000 36.000000 103.000000 108.000000 
121.338409 37.728104 104.000000 109.000000 
121.554321 37.776047 104.000000 109.000000 
121.538132 38.234825 104.000000 109.000000 
121.365692 38.745148 104.000000 109.000000 
119.479088 38.961964 106.080002 111.180000 
118.108582 39.007236 108.201599 113.403603 
118.683777 38.670719 108.201599 113.403603 
119.377258 38.304523 108.201599 113.403603 
117.049164 36.610821 110.365631 115.671669 
118.794022 37.938793 108.201599 113.403603 
119.482834 38.242321 108.201599 113.403603 
118.026321 38.246105 108.201599 113.403603 
118.220795 38.390858 108.201599 113.403603 
118.622665 37.654217 108.201599 113.403603 
118.738098 37.415791 108.201599 113.403603 
118.895569 37.139370 108.201599 113.403603 
118.965988 37.712681 108.201599 113.403603 
118.346222 37.324017 108.201599 113.403603 
118.643539 36.914646 108.201599 113.403603 
118.742798 37.700092 108.201599 113.403603 
118.910370 37.361202 108.201599 113.403603 
118.042969 36.365459 108.201599 113.403603 
117.946609 36.250957 108.201599 113.403603 
118.143860 36.677700 108.201599 113.403603 
117.862427 36.524975 108.201599 113.403603 
119.352165 37.878284 106.080002 111.180000 
118.180206 37.394344 108.201599 113.403603 
116.422058 35.948483 110.365631 115.671669 
118.209702 37.815182 108.201599 113.403603 
116.426163 36.111660 110.365631 115.671669 
118.609924 37.431347 108.201599 113.403603 
117.013229 35.275143 110.365631 115.671669 
116.622910 34.597881 110.365631 115.671669 
116.576630 34.218998 110.365631 115.671669 
116.440857 33.000858 110.365631 115.671669 
116.270996 33.023495 110.365631 115.671669 
116.128876 32.634876 110.365631 115.671669 
114.429596 31.342180 112.572945 117.985107 
114.034882 30.359858 112.572945 117.985107 
113.188232 29.498476 112.572945 117.985107 
112.702896 28.589304 112.572945 117.985107 
112.434982 27.756624 112.572945 117.985107 
109.832947 26.266882 114.824402 120.344810 
107.962433 25.245977 114.824402 120.344810 
107.091949 25.518446 114.824402 120.344810 
105.102379 24.165972 117.120895 122.751701 
104.494987 23.405886 117.120895 122.751701 
103.932716 23.583666 117.120895 122.751701 
103.763283 23.840578 117.120895 122.751701 
103.070290 23.567705 117.120895 122.751701 
103.091743 24.492601 117.120895 122.751701 
103.017448 24.626696 117.120895 122.751701 
103.256981 24.128489 117.120895 122.751701 
103.856529 24.498865 117.120895 122.751701 
104.304817 24.620951 117.120895 122.751701 
104.916023 24.893679 117.120895 122.751701 
105.247795 23.962603 117.120895 122.751701 
106.403206 24.146128 117.120895 122.751701 
107.343285 24.185221 117.120895 122.751701 
107.985176 23.751131 117.120895 122.751701 
108.538643 23.446138 117.120895 122.751701 
108.797859 24.182070 117.120895 122.751701 
108.997200 23.762079 117.120895 122.751701 
109.334190 23.559191 117.120895 122.751701 
109.798439 24.306253 117.120895 122.751701 
109.618324 24.180246 117.120895 122.751701 
109.539894 24.023569 117.120895 122.751701 
109.645103 24.078028 117.120895 122.751701 
109.764565 24.513849 117.120895 122.751701 
110.384895 25.576487 117.120895 122.751701 
111.232964 25.938059 117.120895 122.751701 
111.799843 25.608179 117.120895 122.751701 
112.488411 26.948908 117.120895 122.751701 
113.238457 26.804880 117.120895 122.751701 
118.172409 29.194429 112.572945 117.985107 
117.691101 28.043676 114.824402 120.344810 
118.636902 28.407080 114.824402 120.344810 
121.915436 30.007372 112.572945 117.985107 
123.672760 30.964640 112.572945 117.985107 
125.844101 30.888506 112.572945 117.985107 
125.269424 29.377783 114.824402 120.344810 
129.287903 30.879824 110.365631 115.671669 
130.291428 30.914354 110.365631 115.671669 
130.935547 31.280191 110.365631 115.671669 
130.767334 31.003237 110.365631 115.671669 
132.912720 33.321186 108.201599 113.403603 
130.018280 30.746576 112.572945 117.985107 
130.841400 31.544352 110.365631 115.671669 
130.715851 30.882929 110.365631 115.671669 
133.207916 31.922812 108.201599 113.403603 
131.881577 30.357065 110.365631 115.671669 
131.921478 29.610834 110.365631 115.671669 
133.663696 31.182455 108.201599 113.403603 
134.213181 31.608198 108.201599 113.403603 
132.484955 29.946009 110.365631 115.671669 
134.702316 31.545729 108.201599 113.403603 
135.373505 31.168455 108.201599 113.403603 
133.987335 29.672434 110.365631 115.671669 
133.754623 29.264597 110.365631 115.671669 
135.798523 30.283224 108.201599 113.403603 
136.009155 31.135862 108.201599 113.403603 
133.777130 29.987169 110.365631 115.671669 
135.506088 31.609236 108.201599 113.403603 
133.469330 30.202822 110.365631 115.671669 
135.155212 31.378233 108.201599 113.403603 
133.830505 30.204508 110.365631 115.671669 
135.524200 31.024633 108.201599 113.403603 
137.423401 32.764553 106.080002 111.180000 
137.019897 33.337898 104.000000 109.000000 
134.714493 32.653389 101.960785 106.862747 
134.405090 31.331598 101.960785 106.862747 
130.615463 25.626768 99.961555 104.767395 
130.506836 14.948997 99.961555 104.767395 
129.740341 14.570113 99.961555 104.767395 
131.749496 40.577454 99.961555 104.767395 
132.117966 45.970901 98.001526 102.713135 
129.997559 44.109550 98.001526 102.713135 
128.095444 48.690811 98.001526 102.713135 
126.771988 46.261581 98.001526 102.713135 
127.874969 46.376656 98.001526 102.713135 
127.745651 45.319382 98.001526 102.713135 
128.713242 44.155586 98.001526 102.713135 
129.320160 43.897270 98.001526 102.713135 
129.855438 43.995731 96.079926 100.699150 
130.586655 43.654697 96.079926 100.699150 
130.857681 44.660683 94.196007 98.724655 
131.149017 44.092163 94.196007 98.724655 
131.455322 45.700157 92.349022 96.788879 
130.488937 44.535728 94.196007 98.724655 
131.457932 44.319550 94.196007 98.724655 
132.519028 43.409859 94.196007 98.724655 
133.522095 44.653008 92.349022 96.788879 
133.135864 43.446419 92.349022 96.788879 
133.899643 44.872524 90.538261 94.891060 
133.988083 44.259350 90.538261 94.891060 
133.628647 44.958302 90.538261 94.891060 
134.327881 45.069691 90.538261 94.891060 
134.129456 45.645725 90.538261 94.891060 
134.054199 45.273243 90.538261 94.891060 
133.963608 45.695301 90.538261 94.891060 
134.420349 44.544674 90.538261 94.891060 
135.290115 44.912167 90.538261 94.891060 
137.029449 43.743107 90.538261 94.891060 
137.758972 43.219952 90.538261 94.891060 
137.639618 43.410000 90.538261 94.891060 
138.045837 43.510860 90.538261 94.891060 
137.119766 43.561092 90.538261 94.891060 
136.686874 42.609943 90.538261 94.891060 
137.300156 42.909031 90.538261 94.891060 
137.311005 43.092693 90.538261 94.891060 
137.431961 43.285755 90.538261 94.891060 
137.479675 43.261066 90.538261 94.891060 
137.826660 43.852886 90.538261 94.891060 
136.764328 43.488010 90.538261 94.891060 
137.038834 44.347225 90.538261 94.891060 
137.493622 44.307697 90.538261 94.891060 
137.715652 44.257938 90.538261 94.891060 
137.804581 44.159725 90.538261 94.891060 
137.267593 44.202587 90.538261 94.891060 
137.260178 44.204998 90.538261 94.891060 
137.684433 44.308582 90.538261 94.891060 
138.642136 44.514378 90.538261 94.891060 
139.650925 44.916798 90.538261 94.891060 
141.725952 45.643368 88.763000 93.030449 
142.044388 45.501575 88.763000 93.030449 
144.400146 46.609699 87.022545 91.206322 
144.849686 47.180790 87.022545 91.206322 
145.511185 46.831646 87.022545 91.206322 
148.524918 45.543621 87.022545 91.206322 
150.933655 45.473881 87.022545 91.206322 
149.760818 46.048786 87.022545 91.206322 
152.197815 23.913454 87.022545 91.206322 
160.979279 23.342157 87.022545 91.206322 
167.898026 21.983997 88.763000 93.030449 
174.251694 18.356724 90.538261 94.891060 
179.014923 18.006908 90.538261 94.891060 
180.797592 17.067204 90.538261 94.891060 
182.701035 15.588489 88.763000 93.030449 
183.762085 13.201423 88.763000 93.030449 
184.094040 12.612514 88.763000 93.030449 
184.934586 11.336799 88.763000 93.030449 
184.594498 12.887683 88.763000 93.030449 
185.211517 12.344394 88.763000 93.030449 
