276.000000 137.000000 23.000000 69.000000 
276.795532 137.785324 24.000000 70.000000 
277.642822 138.148422 23.529411 68.627449 
276.972046 137.002213 24.000000 70.000000 
277.414490 136.344543 24.000000 70.000000 
277.348206 137.009689 23.529411 68.627449 
277.192719 137.534302 23.529411 68.627449 
278.435577 139.298920 23.068050 67.281815 
278.830170 139.552917 23.068050 67.281815 
279.035400 139.179794 22.615736 65.962563 
279.243103 138.334198 23.068050 67.281815 
280.075104 138.458221 22.615736 65.962563 
280.360260 137.525970 22.615736 65.962563 
281.093903 136.966675 22.615736 65.962563 
281.969421 138.300507 22.172291 64.669182 
282.249908 138.875610 21.737539 63.401157 
282.706146 139.328415 22.172291 64.669182 
283.283356 138.780060 22.615736 65.962563 
283.742126 139.082153 22.615736 65.962563 
283.945801 138.229553 23.068050 67.281815 
284.613190 138.503601 22.615736 65.962563 
285.447296 137.832001 22.615736 65.962563 
285.658417 137.606293 22.615736 65.962563 
286.448547 137.216187 22.615736 65.962563 
287.098969 137.982986 22.172291 64.669182 
286.769287 139.113342 22.172291 64.669182 
287.572266 139.608734 22.172291 64.669182 
287.613770 140.537872 22.172291 64.669182 
287.920349 140.312347 22.172291 64.669182 
286.742371 139.205704 22.615736 65.962563 
286.700256 137.861786 22.615736 65.962563 
286.129425 137.896484 22.615736 65.962563 
286.348663 137.444427 22.615736 65.962563 
286.348999 137.141663 22.615736 65.962563 
285.931091 137.244400 22.615736 65.962563 
285.123413 138.443237 23.068050 67.281815 
285.284515 138.960403 22.615736 65.962563 
285.090637 140.830551 22.172291 64.669182 
283.884613 139.369156 22.615736 65.962563 
282.841125 139.044998 22.615736 65.962563 
281.954437 138.125458 22.615736 65.962563 
280.845215 137.711639 22.615736 65.962563 
279.451080 138.055359 22.615736 65.962563 
278.806335 137.535934 22.615736 65.962563 
276.522034 138.209213 22.615736 65.962563 
275.779724 138.938751 22.615736 65.962563 
273.965332 140.252945 22.615736 65.962563 
272.944244 139.477753 22.615736 65.962563 
271.106232 139.310715 22.615736 65.962563 
269.762543 138.498703 22.615736 65.962563 
267.368073 137.572983 22.615736 65.962563 
266.183685 137.698425 22.615736 65.962563 
264.440155 137.915070 22.172291 64.669182 
261.675049 136.939041 22.615736 65.962563 
260.634277 138.959976 22.615736 65.962563 
258.434021 139.195938 22.615736 65.962563 
256.428192 138.977692 22.615736 65.962563 
254.584717 139.554352 22.615736 65.962563 
252.474548 138.740128 22.615736 65.962563 
250.140503 138.418091 22.615736 65.962563 
247.366882 137.610245 22.615736 65.962563 
245.440857 137.361984 22.615736 65.962563 
243.062149 137.416809 22.615736 65.962563 
240.391281 138.546890 22.615736 65.962563 
238.605972 139.142349 22.615736 65.962563 
236.646698 138.880203 22.615736 65.962563 
234.932053 139.385696 22.615736 65.962563 
231.774704 138.680923 22.615736 65.962563 
229.684006 138.525803 22.615736 65.962563 
228.601990 138.126175 22.615736 65.962563 
226.498840 137.390335 22.615736 65.962563 
224.238373 137.328537 22.615736 65.962563 
222.094193 137.749298 22.615736 65.962563 
220.064362 138.917770 22.615736 65.962563 
218.016785 139.534561 22.615736 65.962563 
216.164734 139.055054 22.615736 65.962563 
214.671570 138.027893 22.615736 65.962563 
213.687408 137.348007 22.615736 65.962563 
211.752487 137.468979 22.615736 65.962563 
208.935654 137.435928 22.615736 65.962563 
207.054672 136.671646 22.615736 65.962563 
205.597168 136.977188 22.615736 65.962563 
204.339645 137.867325 22.615736 65.962563 
202.249237 138.468201 22.615736 65.962563 
200.731918 138.132462 22.615736 65.962563 
198.533783 138.152298 22.615736 65.962563 
198.048676 137.822327 22.615736 65.962563 
195.880875 137.844315 22.615736 65.962563 
194.508926 137.391876 22.615736 65.962563 
193.712952 136.850082 22.615736 65.962563 
191.461334 137.080795 22.615736 65.962563 
191.118286 137.048630 22.615736 65.962563 
189.408051 137.510468 22.615736 65.962563 
189.008560 138.820480 22.615736 65.962563 
187.675247 139.163712 22.615736 65.962563 
187.440186 138.705276 22.615736 65.962563 
186.858017 138.746918 22.615736 65.962563 
185.374237 138.090469 22.615736 65.962563 
185.106644 137.212769 22.615736 65.962563 
184.576050 136.758041 22.615736 65.962563 
184.584946 137.292862 22.615736 65.962563 
184.267380 137.184006 22.615736 65.962563 
183.834686 137.545044 22.615736 65.962563 
183.296097 138.233810 22.615736 65.962563 
183.025024 138.372482 22.615736 65.962563 
182.832626 138.197632 22.615736 65.962563 
182.310822 137.969543 22.615736 65.962563 
182.867691 138.196045 22.615736 65.962563 
182.532745 136.891342 22.615736 65.962563 
183.602081 137.354172 22.615736 65.962563 
184.159378 137.135147 22.615736 65.962563 
184.554855 137.526474 22.615736 65.962563 
185.752136 139.011765 22.615736 65.962563 
185.852921 140.113388 22.615736 65.962563 
187.441284 140.107864 23.068050 67.281815 
189.393784 140.685120 23.068050 67.281815 
189.331726 139.813614 23.068050 67.281815 
189.550766 139.491913 23.068050 67.281815 
190.770996 138.502197 23.068050 67.281815 
192.405258 138.150269 23.068050 67.281815 
194.825745 138.469894 23.068050 67.281815 
195.667603 138.281540 23.068050 67.281815 
196.447174 139.465057 23.068050 67.281815 
198.412506 139.751328 23.068050 67.281815 
199.265991 139.942825 23.068050 67.281815 
201.226852 140.105652 23.068050 67.281815 
203.185287 139.916840 23.068050 67.281815 
204.581772 138.433990 23.068050 67.281815 
205.751877 137.412140 23.068050 67.281815 
207.862198 137.172028 23.068050 67.281815 
209.238815 137.934647 22.615736 65.962563 
211.362564 138.708084 22.615736 65.962563 
212.969513 139.027573 22.615736 65.962563 
214.362473 139.240646 22.615736 65.962563 
216.787827 140.617065 22.615736 65.962563 
218.332428 141.580200 22.615736 65.962563 
221.414108 141.205963 22.615736 65.962563 
222.486374 137.774078 22.615736 65.962563 
225.085419 138.033493 22.615736 65.962563 
227.085068 137.170624 23.068050 67.281815 
228.994720 136.994400 23.068050 67.281815 
231.344635 138.539673 23.068050 67.281815 
234.492584 138.555328 23.068050 67.281815 
235.633270 138.758636 23.068050 67.281815 
237.994827 139.659546 23.068050 67.281815 
239.926544 138.989655 23.068050 67.281815 
242.021790 138.700195 23.068050 67.281815 
244.400070 137.504044 23.068050 67.281815 
246.950653 136.881180 23.068050 67.281815 
248.394012 136.913849 23.068050 67.281815 
251.496094 137.748215 23.068050 67.281815 
252.493042 138.363907 23.068050 67.281815 
254.386597 138.061859 23.068050 67.281815 
257.720123 139.382324 23.068050 67.281815 
259.283508 138.362183 23.068050 67.281815 
262.199829 138.276886 23.068050 67.281815 
263.440704 136.504211 22.615736 65.962563 
266.168030 136.268753 22.615736 65.962563 
268.279999 136.677597 22.615736 65.962563 
270.837341 136.797897 22.615736 65.962563 
271.741821 134.743820 22.615736 65.962563 
275.185730 138.347046 22.172291 64.669182 
276.478119 138.168732 22.615736 65.962563 
279.061829 139.076553 22.615736 65.962563 
280.891846 137.909561 22.615736 65.962563 
282.447662 138.593964 22.615736 65.962563 
285.606537 138.551239 22.615736 65.962563 
288.507904 138.056625 23.068050 67.281815 
289.829407 137.898209 23.068050 67.281815 
291.979034 137.528458 23.529411 68.627449 
294.625305 138.201065 23.529411 68.627449 
296.459778 138.441299 23.529411 68.627449 
299.677429 141.124832 23.068050 67.281815 
300.987427 140.996399 23.068050 67.281815 
303.435333 141.584549 23.068050 67.281815 
306.349609 141.084259 23.068050 67.281815 
307.688873 139.690216 23.529411 68.627449 
309.062134 137.972015 24.000000 70.000000 
310.373230 138.631943 24.000000 70.000000 
312.954315 138.505295 24.480000 71.400002 
314.803650 139.100357 24.969601 72.828003 
316.722076 139.527252 24.969601 72.828003 
318.128021 140.032944 24.969601 72.828003 
320.770020 140.222626 24.969601 72.828003 
321.987579 139.235855 24.969601 72.828003 
323.929443 138.529709 24.969601 72.828003 
325.263885 138.241043 24.969601 72.828003 
327.578033 136.969437 24.969601 72.828003 
328.649658 136.942139 24.969601 72.828003 
331.066101 137.419907 24.969601 72.828003 
333.879486 140.562500 24.480000 71.400002 
334.561157 140.290115 24.480000 71.400002 
336.308838 140.826416 24.480000 71.400002 
336.504578 139.366364 24.969601 72.828003 
337.895599 139.000320 24.969601 72.828003 
338.301727 137.685944 25.468992 74.284561 
338.945892 137.594528 25.468992 74.284561 
340.617493 137.568527 25.468992 74.284561 
341.488037 138.099670 25.468992 74.284561 
342.449799 138.227615 25.468992 74.284561 
343.255798 138.431107 25.468992 74.284561 
344.775299 138.151871 25.468992 74.284561 
345.438507 137.684982 25.468992 74.284561 
345.424713 137.285477 25.468992 74.284561 
345.389282 136.642624 25.468992 74.284561 
345.326691 136.912537 25.468992 74.284561 
345.368988 137.051102 25.468992 74.284561 
345.339478 137.767990 25.468992 74.284561 
344.897308 139.680740 25.468992 74.284561 
345.425110 140.447678 25.468992 74.284561 
344.868317 140.700073 25.468992 74.284561 
344.287567 139.887436 25.468992 74.284561 
343.029236 138.228439 25.468992 74.284561 
342.710052 137.749512 25.468992 74.284561 
341.453461 137.666565 25.468992 74.284561 
340.102661 137.894119 25.468992 74.284561 
339.519623 137.675858 25.468992 74.284561 
337.775787 138.602036 25.468992 74.284561 
336.958740 139.513031 25.468992 74.284561 
336.589111 139.793350 25.468992 74.284561 
334.210144 138.718582 25.468992 74.284561 
332.990509 140.116364 25.468992 74.284561 
331.270782 139.426239 25.978373 75.770248 
326.829590 135.884354 26.497940 77.285660 
326.545746 139.158173 25.978373 75.770248 
324.128235 137.709579 25.978373 75.770248 
320.844238 138.731705 25.978373 75.770248 
320.506134 141.535507 25.978373 75.770248 
316.945984 140.097061 26.497940 77.285660 
314.113403 139.767380 26.497940 77.285660 
312.700958 139.724976 26.497940 77.285660 
310.695862 138.142212 27.027899 78.831367 
307.006104 137.091690 27.027899 78.831367 
304.758423 136.735275 27.027899 78.831367 
301.321869 135.330887 27.568457 80.407997 
298.202942 136.830109 27.027899 78.831367 
296.556091 138.630447 27.027899 78.831367 
293.003479 137.785141 27.568457 80.407997 
291.443817 140.132584 27.027899 78.831367 
288.322601 137.645996 27.568457 80.407997 
284.440002 138.888168 27.027899 78.831367 
283.003418 138.472427 27.027899 78.831367 
278.870544 137.215179 27.568457 80.407997 
275.566528 135.412674 28.119825 82.016159 
272.797760 136.046555 27.568457 80.407997 
269.679901 136.579376 27.568457 80.407997 
266.734100 138.522476 27.568457 80.407997 
264.333801 139.233688 27.568457 80.407997 
261.537659 138.908539 27.568457 80.407997 
259.839172 137.975861 27.568457 80.407997 
257.946381 137.568268 27.568457 80.407997 
255.849472 137.184662 27.568457 80.407997 
253.002472 135.865692 28.119825 82.016159 
250.003876 136.081863 28.119825 82.016159 
246.845627 134.601974 28.682222 83.656479 
245.454437 136.687027 28.119825 82.016159 
243.792450 137.819855 28.119825 82.016159 
242.510071 138.647491 28.119825 82.016159 
240.635910 138.777878 28.119825 82.016159 
239.719772 138.469589 28.119825 82.016159 
238.360672 137.206360 28.119825 82.016159 
236.969315 136.215225 28.119825 82.016159 
235.318375 135.576080 28.119825 82.016159 
234.216705 135.382111 28.119825 82.016159 
233.100754 135.493256 28.119825 82.016159 
232.017639 136.213837 28.119825 82.016159 
231.004059 136.727341 28.119825 82.016159 
230.258621 137.542236 28.119825 82.016159 
229.930069 137.466415 28.119825 82.016159 
230.033295 136.875320 28.119825 82.016159 
228.620895 136.636261 28.119825 82.016159 
228.520752 135.680450 28.119825 82.016159 
228.526932 134.992615 28.119825 82.016159 
228.211349 134.301437 28.119825 82.016159 
227.485336 135.600266 27.568457 80.407997 
226.734009 136.781342 27.568457 80.407997 
226.593277 137.701111 27.568457 80.407997 
226.513901 138.033447 27.568457 80.407997 
226.591431 137.269409 27.568457 80.407997 
226.901871 136.674881 27.568457 80.407997 
227.941269 136.745331 27.027899 78.831367 
228.440475 134.893036 27.568457 80.407997 
229.100082 134.340775 27.568457 80.407997 
231.195267 135.165405 27.027899 78.831367 
232.036530 135.871857 27.027899 78.831367 
232.726852 135.511368 27.568457 80.407997 
234.314453 136.986176 27.027899 78.831367 
235.914078 137.048203 27.027899 78.831367 
236.627960 136.940582 27.027899 78.831367 
237.244675 136.562057 27.027899 78.831367 
238.571503 136.938095 26.497940 77.285660 
239.453461 135.825546 26.497940 77.285660 
239.901443 135.171326 26.497940 77.285660 
240.215958 135.382980 26.497940 77.285660 
241.430908 134.979630 26.497940 77.285660 
243.169296 136.064453 25.978373 75.770248 
243.478607 137.247726 25.468992 74.284561 
244.356842 137.373917 25.468992 74.284561 
245.626526 138.021439 24.969601 72.828003 
247.811661 138.676270 24.480000 71.400002 
249.132950 138.324081 24.480000 71.400002 
250.699173 137.347717 24.480000 71.400002 
252.671616 137.089264 24.480000 71.400002 
254.197403 137.563812 24.480000 71.400002 
255.127350 136.643158 24.969601 72.828003 
256.670898 136.716690 24.969601 72.828003 
258.144592 137.474976 24.969601 72.828003 
262.204987 140.829330 24.480000 71.400002 
264.082855 140.652359 24.000000 70.000000 
265.881317 140.428635 24.480000 71.400002 
267.653320 139.839691 24.480000 71.400002 
269.827454 140.222153 24.480000 71.400002 
270.317780 141.023666 24.000000 70.000000 
271.928040 139.637543 24.000000 70.000000 
273.287415 140.148941 24.000000 70.000000 
274.703308 139.628281 24.000000 70.000000 
277.413452 140.868576 24.000000 70.000000 
279.773193 140.881577 24.000000 70.000000 
281.643188 140.296692 24.000000 70.000000 
283.120148 139.414276 24.000000 70.000000 
284.049377 139.265457 24.000000 70.000000 
285.106567 138.639069 24.000000 70.000000 
286.093842 138.289215 24.000000 70.000000 
287.600189 138.355972 24.000000 70.000000 
289.289429 138.893631 24.000000 70.000000 
290.500183 141.100174 24.000000 70.000000 
292.757385 139.988510 24.000000 70.000000 
293.222656 140.728134 24.000000 70.000000 
294.103729 140.904556 24.000000 70.000000 
295.629059 140.722168 24.000000 70.000000 
297.761078 141.375748 24.000000 70.000000 
298.661743 138.973206 24.000000 70.000000 
301.641113 143.179779 24.000000 70.000000 
302.283875 140.854340 24.000000 70.000000 
303.451569 139.649933 24.000000 70.000000 
304.063690 138.277908 24.000000 70.000000 
304.273895 138.515671 24.000000 70.000000 
304.769531 139.098267 24.000000 70.000000 
305.863953 138.648087 24.000000 70.000000 
306.555695 139.305801 24.000000 70.000000 
307.184540 139.215530 24.000000 70.000000 
307.557587 138.978256 24.000000 70.000000 
308.384796 138.881226 24.000000 70.000000 
309.022705 138.411407 24.000000 70.000000 
309.388367 138.011078 24.000000 70.000000 
310.280365 137.531433 24.000000 70.000000 
310.686768 137.979385 24.000000 70.000000 
311.528229 138.527969 24.000000 70.000000 
312.024384 138.679398 24.000000 70.000000 
311.894745 139.330978 24.000000 70.000000 
312.645691 139.312775 24.000000 70.000000 
312.510223 140.222198 24.000000 70.000000 
312.166290 141.109604 24.000000 70.000000 
311.774414 141.239273 24.000000 70.000000 
312.146393 140.726471 24.000000 70.000000 
311.747955 140.413498 24.000000 70.000000 
312.187927 138.979919 24.000000 70.000000 
311.396362 138.049042 24.000000 70.000000 
311.262848 135.091568 24.480000 71.400002 
311.372223 134.298691 24.480000 71.400002 
311.383148 133.724213 24.480000 71.400002 
311.323547 133.037704 24.480000 71.400002 
311.120850 133.798325 24.480000 71.400002 
310.844421 134.540833 24.480000 71.400002 
310.562073 135.857712 24.480000 71.400002 
310.804382 137.547897 24.480000 71.400002 
310.297394 138.097946 24.480000 71.400002 
310.437134 139.337173 24.000000 70.000000 
310.283752 138.984085 24.000000 70.000000 
309.970917 139.064117 24.000000 70.000000 
310.213318 137.905029 24.000000 70.000000 
309.815063 138.252731 24.000000 70.000000 
310.003815 137.531204 24.000000 70.000000 
309.377563 137.979416 24.000000 70.000000 
309.620331 138.897720 24.000000 70.000000 
309.925568 139.224808 24.000000 70.000000 
310.366974 138.600555 24.000000 70.000000 
309.992218 138.207230 24.000000 70.000000 
310.696198 137.972519 24.000000 70.000000 
310.891022 139.072800 24.000000 70.000000 
311.919586 137.816025 24.000000 70.000000 
311.999054 138.108322 24.000000 70.000000 
311.922638 137.417969 24.000000 70.000000 
310.524231 137.853989 24.000000 70.000000 
309.726074 138.386505 24.000000 70.000000 
309.566742 137.937027 24.000000 70.000000 
308.505219 138.296799 24.000000 70.000000 
308.141541 138.141113 24.000000 70.000000 
307.273987 138.646927 24.000000 70.000000 
306.850189 139.859665 24.000000 70.000000 
307.063232 140.431412 24.000000 70.000000 
306.303345 140.374832 24.000000 70.000000 
306.209076 140.014603 24.000000 70.000000 
305.948730 139.138519 24.000000 70.000000 
306.211456 138.742981 24.000000 70.000000 
305.044617 139.159332 24.000000 70.000000 
305.165466 138.314575 24.000000 70.000000 
304.849274 138.562897 24.000000 70.000000 
305.205017 138.552505 24.000000 70.000000 
304.306305 139.035645 24.000000 70.000000 
304.492584 138.490067 24.000000 70.000000 
304.399719 139.309296 24.000000 70.000000 
304.265686 140.326324 24.000000 70.000000 
303.941956 141.382858 24.000000 70.000000 
303.866425 142.417114 23.529411 68.627449 
302.456085 143.210510 23.529411 68.627449 
301.188629 142.576599 23.529411 68.627449 
300.271210 142.241257 23.529411 68.627449 
297.308167 140.237289 24.000000 70.000000 
296.129059 140.858139 24.000000 70.000000 
294.786041 142.271652 24.000000 70.000000 
294.440887 141.800003 24.000000 70.000000 
292.678406 142.440506 24.000000 70.000000 
290.519287 141.400742 24.000000 70.000000 
288.511292 140.780304 24.000000 70.000000 
286.027710 140.501862 24.000000 70.000000 
283.250000 139.686356 24.000000 70.000000 
280.462341 139.195267 24.000000 70.000000 
277.953461 138.452316 24.000000 70.000000 
275.423737 139.236938 24.000000 70.000000 
272.441620 140.438004 24.000000 70.000000 
269.847992 140.703979 24.000000 70.000000 
266.759399 139.986328 24.000000 70.000000 
264.112946 139.709122 24.000000 70.000000 
261.011536 139.645233 24.000000 70.000000 
258.231659 138.752380 24.480000 71.400002 
254.778259 137.598892 24.969601 72.828003 
250.951813 137.059769 25.468992 74.284561 
247.965942 137.151703 25.468992 74.284561 
244.906036 137.775726 25.468992 74.284561 
242.230164 139.944626 24.969601 72.828003 
239.948334 139.390167 24.969601 72.828003 
236.677078 139.379333 24.969601 72.828003 
233.327560 138.457077 24.969601 72.828003 
230.376755 137.484070 24.969601 72.828003 
227.266266 137.119720 24.969601 72.828003 
223.461761 136.741104 25.468992 74.284561 
219.698578 138.394119 25.468992 74.284561 
216.607376 139.155457 25.468992 74.284561 
213.215485 139.662781 25.468992 74.284561 
210.054092 139.638077 25.468992 74.284561 
206.949814 139.816055 25.468992 74.284561 
203.264114 139.022583 25.468992 74.284561 
200.020645 136.695053 25.978373 75.770248 
195.182175 136.974503 25.978373 75.770248 
191.418991 137.513306 25.978373 75.770248 
187.801025 137.876785 26.497940 77.285660 
183.838257 139.596985 26.497940 77.285660 
180.449402 139.087387 26.497940 77.285660 
177.655563 139.215805 26.497940 77.285660 
175.603195 140.254562 26.497940 77.285660 
172.736191 139.172455 26.497940 77.285660 
169.852234 138.577011 26.497940 77.285660 
166.072250 138.099274 26.497940 77.285660 
162.753937 139.006912 26.497940 77.285660 
159.011337 140.133392 26.497940 77.285660 
156.360550 142.108795 25.978373 75.770248 
153.526367 143.141998 25.978373 75.770248 
151.170181 142.756592 26.497940 77.285660 
149.670746 143.086823 26.497940 77.285660 
148.284760 143.486237 26.497940 77.285660 
146.355209 143.248749 26.497940 77.285660 
145.313568 143.170212 26.497940 77.285660 
143.426895 142.069626 26.497940 77.285660 
142.130463 141.824951 26.497940 77.285660 
140.432846 142.032562 26.497940 77.285660 
139.446167 143.589722 25.978373 75.770248 
138.237137 144.485352 25.978373 75.770248 
137.512405 144.571304 25.978373 75.770248 
137.349030 144.712845 25.978373 75.770248 
137.422836 144.983459 25.978373 75.770248 
137.865555 144.871582 25.978373 75.770248 
138.983627 144.401337 25.978373 75.770248 
139.929825 143.314117 25.978373 75.770248 
140.850143 142.381332 25.978373 75.770248 
141.938980 141.492508 25.978373 75.770248 
143.504913 141.905777 25.978373 75.770248 
144.481476 141.217926 26.497940 77.285660 
144.434052 140.926407 27.027899 78.831367 
146.221039 141.438751 27.568457 80.407997 
145.706253 141.115494 28.119825 82.016159 
148.191605 141.063217 28.119825 82.016159 
148.430939 140.219162 28.682222 83.656479 
150.460831 139.904678 28.682222 83.656479 
151.421326 139.955215 28.682222 83.656479 
152.994873 139.093933 28.682222 83.656479 
155.077805 138.397430 28.682222 83.656479 
157.701691 137.412476 28.682222 83.656479 
159.699051 136.876846 28.682222 83.656479 
162.349167 137.427338 28.682222 83.656479 
166.263992 137.829681 28.682222 83.656479 
168.767563 138.858612 28.682222 83.656479 
170.987000 137.948364 28.682222 83.656479 
175.280426 140.708115 28.682222 83.656479 
178.417572 141.623962 28.682222 83.656479 
182.078476 139.850769 28.682222 83.656479 
184.143112 138.240005 28.682222 83.656479 
187.240067 138.518784 28.682222 83.656479 
190.581482 138.315094 28.682222 83.656479 
193.937241 137.741714 28.682222 83.656479 
195.735306 137.932907 28.682222 83.656479 
199.766159 140.185043 28.119825 82.016159 
203.180405 140.445526 28.119825 82.016159 
205.199051 140.198410 28.119825 82.016159 
208.425232 139.714233 28.119825 82.016159 
212.049347 139.173813 28.119825 82.016159 
215.250900 138.554626 28.119825 82.016159 
218.917801 137.642334 28.119825 82.016159 
222.496933 137.061066 28.119825 82.016159 
224.490677 135.358826 28.682222 83.656479 
229.076431 138.578995 28.119825 82.016159 
230.745956 138.148956 28.682222 83.656479 
235.089844 140.502045 28.119825 82.016159 
238.433167 141.454529 28.119825 82.016159 
240.944000 139.650497 28.682222 83.656479 
243.664719 139.002487 28.682222 83.656479 
246.725449 138.935059 28.682222 83.656479 
250.063797 139.185547 28.682222 83.656479 
253.987091 137.535141 29.255867 85.329613 
257.454681 137.762772 29.255867 85.329613 
259.798431 137.989990 29.255867 85.329613 
262.244965 138.792709 28.682222 83.656479 
266.032715 140.176117 28.119825 82.016159 
267.322205 136.925217 28.682222 83.656479 
271.992096 137.386887 28.682222 83.656479 
275.347351 137.079620 28.682222 83.656479 
278.155304 137.223068 28.682222 83.656479 
281.480774 136.582077 29.255867 85.329613 
283.834686 137.610062 29.255867 85.329613 
286.900848 140.151993 28.682222 83.656479 
289.821411 142.976898 28.119825 82.016159 
294.124786 140.340576 28.682222 83.656479 
296.000854 137.444687 28.682222 83.656479 
299.568268 137.227463 28.119825 82.016159 
302.863770 136.101425 28.119825 82.016159 
305.925690 136.053513 28.119825 82.016159 
308.201508 134.759491 28.119825 82.016159 
310.021057 136.622360 28.682222 83.656479 
311.309601 137.204666 28.682222 83.656479 
313.545593 136.767761 28.682222 83.656479 
314.707092 137.930099 28.682222 83.656479 
316.031311 138.639191 28.682222 83.656479 
318.905762 139.000885 28.682222 83.656479 
320.621857 137.378662 28.682222 83.656479 
321.535339 135.632751 29.255867 85.329613 
321.318726 135.782043 29.255867 85.329613 
323.259766 135.293716 29.255867 85.329613 
323.191772 136.490097 29.255867 85.329613 
323.897888 136.870102 29.255867 85.329613 
324.113708 138.643265 28.682222 83.656479 
324.580963 139.043365 28.682222 83.656479 
325.222168 138.985931 28.682222 83.656479 
325.328949 139.014465 28.682222 83.656479 
325.565643 138.925934 28.682222 83.656479 
325.810944 138.972717 28.682222 83.656479 
325.131226 139.157669 28.682222 83.656479 
324.732147 139.336975 28.682222 83.656479 
324.024811 139.389053 28.682222 83.656479 
323.887909 139.237518 28.682222 83.656479 
323.382690 139.468002 28.682222 83.656479 
323.319641 139.276917 28.682222 83.656479 
323.256775 138.653748 28.682222 83.656479 
322.950714 138.350433 28.682222 83.656479 
322.393036 137.468033 28.682222 83.656479 
322.269867 136.994324 28.682222 83.656479 
321.885315 137.512497 28.682222 83.656479 
320.944550 137.430878 28.682222 83.656479 
320.684174 138.960831 28.119825 82.016159 
320.187866 139.972656 28.119825 82.016159 
319.097137 139.682251 28.119825 82.016159 
318.387024 138.526077 28.119825 82.016159 
317.619476 137.497238 28.119825 82.016159 
316.589020 136.525253 28.119825 82.016159 
316.243744 137.277130 27.568457 80.407997 
315.370087 139.373077 27.568457 80.407997 
313.938751 139.164001 27.568457 80.407997 
314.170898 138.298996 27.027899 78.831367 
315.241577 137.481674 26.497940 77.285660 
315.568634 131.728729 25.978373 75.770248 
316.784058 128.656204 25.978373 75.770248 
318.957581 130.145569 25.978373 75.770248 
319.588776 126.975807 25.978373 75.770248 
320.402893 127.011650 25.978373 75.770248 
320.689667 126.441261 25.978373 75.770248 
321.969696 125.290474 25.978373 75.770248 
323.135162 125.290871 25.978373 75.770248 
323.238342 126.546745 25.978373 75.770248 
324.012268 127.396904 25.978373 75.770248 
327.588470 137.292770 25.978373 75.770248 
327.883301 133.168976 25.978373 75.770248 
331.931946 140.159653 25.978373 75.770248 
332.206024 138.896469 25.978373 75.770248 
331.693542 140.127853 25.978373 75.770248 
332.097229 137.167419 25.978373 75.770248 
332.302948 137.288895 25.978373 75.770248 
332.735992 136.469635 25.978373 75.770248 
333.039520 135.429611 25.978373 75.770248 
332.617706 133.964066 25.978373 75.770248 
331.875458 131.053314 25.978373 75.770248 
331.575775 127.744347 25.978373 75.770248 
331.117340 125.513908 25.978373 75.770248 
331.385376 124.285530 25.978373 75.770248 
331.727722 123.478981 25.978373 75.770248 
331.741364 123.839287 25.978373 75.770248 
331.534698 125.147652 25.978373 75.770248 
331.349274 126.157722 25.978373 75.770248 
331.154602 127.388741 25.978373 75.770248 
332.828949 138.954422 25.978373 75.770248 
332.789490 140.166946 25.978373 75.770248 
332.697876 139.862442 25.978373 75.770248 
332.324097 139.561569 25.978373 75.770248 
331.949554 140.174011 25.978373 75.770248 
332.241180 139.486938 25.978373 75.770248 
331.642914 139.659653 25.978373 75.770248 
331.751678 138.393356 25.978373 75.770248 
331.644623 136.609772 25.978373 75.770248 
330.662231 134.789474 26.497940 77.285660 
330.228333 133.971161 26.497940 77.285660 
329.289459 133.467957 26.497940 77.285660 
328.785126 132.940216 26.497940 77.285660 
327.652649 134.292694 26.497940 77.285660 
327.781708 135.642197 26.497940 77.285660 
326.602051 136.723419 26.497940 77.285660 
326.988800 138.815201 25.978373 75.770248 
326.801086 140.267044 25.978373 75.770248 
326.227081 140.098068 25.468992 74.284561 
326.167999 139.547043 25.468992 74.284561 
325.983337 138.992752 25.468992 74.284561 
325.985291 139.321640 25.468992 74.284561 
326.312408 140.589813 25.468992 74.284561 
325.589661 137.722885 25.468992 74.284561 
327.131226 136.563995 25.468992 74.284561 
327.799530 135.685562 25.468992 74.284561 
326.467957 137.351120 25.978373 75.770248 
326.171265 138.216858 25.978373 75.770248 
325.671265 138.385788 25.978373 75.770248 
326.121338 138.555344 25.978373 75.770248 
325.601257 138.157547 25.978373 75.770248 
326.021637 137.827591 25.978373 75.770248 
325.412598 138.240204 25.978373 75.770248 
325.707703 137.865906 25.978373 75.770248 
326.100433 138.427948 25.978373 75.770248 
325.546814 138.130753 25.978373 75.770248 
326.013336 137.746796 25.978373 75.770248 
324.798889 138.186844 25.978373 75.770248 
325.211212 137.316818 25.978373 75.770248 
324.345612 137.297150 25.978373 75.770248 
324.023193 136.990952 25.978373 75.770248 
323.301666 137.479797 25.978373 75.770248 
323.271759 136.901031 25.978373 75.770248 
322.552338 137.150131 25.978373 75.770248 
322.342560 136.513657 25.978373 75.770248 
321.395782 137.177765 25.978373 75.770248 
320.972260 137.183136 25.978373 75.770248 
320.743652 137.569107 25.978373 75.770248 
319.492462 138.865479 25.978373 75.770248 
318.432495 139.445831 25.978373 75.770248 
317.402985 139.041199 25.978373 75.770248 
316.790466 139.191559 25.978373 75.770248 
317.097534 138.244522 25.978373 75.770248 
316.320129 137.683350 25.978373 75.770248 
315.998596 137.747162 25.468992 74.284561 
315.432373 137.863663 25.468992 74.284561 
314.757050 138.269257 25.468992 74.284561 
314.249573 139.213837 25.468992 74.284561 
314.039124 139.780106 25.468992 74.284561 
313.433228 141.208710 25.468992 74.284561 
312.368195 141.642670 25.468992 74.284561 
311.560608 143.185577 25.468992 74.284561 
311.368652 143.330002 25.468992 74.284561 
311.653778 142.084274 25.468992 74.284561 
312.162018 141.512222 25.468992 74.284561 
312.710205 141.255188 25.468992 74.284561 
312.827942 141.144608 25.468992 74.284561 
313.119171 140.663757 25.468992 74.284561 
313.362518 140.645233 25.468992 74.284561 
312.994568 140.446259 25.468992 74.284561 
313.916229 139.728149 25.978373 75.770248 
314.385223 139.804550 25.978373 75.770248 
314.439484 140.083298 25.978373 75.770248 
315.032471 140.573578 25.978373 75.770248 
314.949188 139.957901 26.497940 77.285660 
315.544373 140.685349 25.978373 75.770248 
315.904999 140.516281 25.978373 75.770248 
316.128601 140.209045 25.978373 75.770248 
315.362305 139.778336 25.978373 75.770248 
315.087189 139.997833 25.978373 75.770248 
314.623169 140.265656 25.978373 75.770248 
314.417389 139.251602 26.497940 77.285660 
314.354553 140.589645 25.978373 75.770248 
313.748657 140.429260 25.978373 75.770248 
313.663177 140.393219 25.978373 75.770248 
313.387360 140.328552 25.978373 75.770248 
313.073547 140.235428 25.978373 75.770248 
312.629486 139.975555 25.978373 75.770248 
312.717834 140.487335 25.468992 74.284561 
312.329041 140.041550 25.468992 74.284561 
311.974213 139.444687 25.468992 74.284561 
312.385803 139.576797 25.468992 74.284561 
312.336914 140.664734 24.969601 72.828003 
313.031036 140.093399 24.969601 72.828003 
313.676483 141.150574 24.480000 71.400002 
314.178040 141.329880 24.480000 71.400002 
313.555084 139.429932 24.969601 72.828003 
313.906677 140.511566 24.480000 71.400002 
313.555450 138.575638 24.969601 72.828003 
313.690521 139.069595 24.969601 72.828003 
314.141754 139.164215 24.969601 72.828003 
315.468475 140.719299 24.480000 71.400002 
315.829346 141.606720 24.000000 70.000000 
316.056641 142.871979 23.529411 68.627449 
315.925690 142.893539 23.529411 68.627449 
315.659393 142.849091 23.529411 68.627449 
315.240021 142.728577 23.529411 68.627449 
314.550659 141.806000 23.529411 68.627449 
314.246857 140.482315 23.529411 68.627449 
312.964233 139.030441 24.000000 70.000000 
313.571686 137.463165 24.480000 71.400002 
313.338379 137.117279 24.480000 71.400002 
312.685303 136.847275 24.480000 71.400002 
312.452423 137.171951 24.480000 71.400002 
311.237915 136.825760 24.969601 72.828003 
310.642609 137.664673 24.969601 72.828003 
309.610260 137.842468 25.468992 74.284561 
309.310699 140.414566 25.468992 74.284561 
308.969604 140.338806 25.468992 74.284561 
309.235596 139.985352 25.468992 74.284561 
309.465576 140.386749 24.969601 72.828003 
310.093384 142.419220 24.480000 71.400002 
309.301697 139.304810 24.969601 72.828003 
309.385437 138.915665 24.969601 72.828003 
309.285248 139.090332 24.969601 72.828003 
309.075195 139.485809 24.969601 72.828003 
308.412628 140.074631 24.969601 72.828003 
309.060089 140.935699 24.480000 71.400002 
308.573395 141.066803 24.480000 71.400002 
308.754639 141.177475 24.480000 71.400002 
308.987030 141.339294 24.480000 71.400002 
307.764709 139.272186 24.969601 72.828003 
307.779266 139.866837 24.969601 72.828003 
308.584442 140.660614 24.480000 71.400002 
309.425781 140.653137 24.480000 71.400002 
309.452698 140.708237 24.480000 71.400002 
309.607544 141.002884 24.480000 71.400002 
309.701355 141.330109 24.480000 71.400002 
309.808105 141.183624 24.480000 71.400002 
309.055176 141.826248 24.480000 71.400002 
309.331177 141.576736 24.480000 71.400002 
309.821320 141.403580 24.480000 71.400002 
309.626923 141.272156 24.480000 71.400002 
310.287842 141.902863 24.480000 71.400002 
310.427460 141.727692 24.480000 71.400002 
310.924500 141.579132 24.480000 71.400002 
311.014709 141.588318 24.480000 71.400002 
311.455170 141.850983 24.480000 71.400002 
312.068359 142.270370 24.000000 70.000000 
311.872345 142.311249 24.000000 70.000000 
312.539581 142.394028 24.000000 70.000000 
312.828186 142.128235 24.000000 70.000000 
314.308044 141.614624 24.000000 70.000000 
314.981140 141.654984 24.000000 70.000000 
317.313049 141.384720 24.000000 70.000000 
318.121002 141.314987 24.000000 70.000000 
319.349304 141.412720 24.000000 70.000000 
320.790466 141.632324 24.000000 70.000000 
322.762054 142.354813 24.000000 70.000000 
324.150848 142.691589 24.000000 70.000000 
325.287842 143.744415 24.000000 70.000000 
326.942841 144.088150 24.000000 70.000000 
329.379181 143.837021 24.480000 71.400002 
329.266907 142.744629 24.969601 72.828003 
330.293976 142.250793 24.969601 72.828003 
331.562408 142.050949 24.969601 72.828003 
332.193451 141.887619 24.969601 72.828003 
334.175201 141.104523 25.468992 74.284561 
335.487671 141.155792 25.468992 74.284561 
336.198090 140.925156 25.468992 74.284561 
338.091125 139.957352 25.468992 74.284561 
338.900452 138.780548 25.468992 74.284561 
339.760864 138.699570 25.468992 74.284561 
340.564636 137.543610 25.468992 74.284561 
341.770966 137.663681 25.468992 74.284561 
343.339600 138.493713 25.468992 74.284561 
344.629944 139.496704 25.468992 74.284561 
346.102234 140.928986 25.468992 74.284561 
347.525513 141.465576 25.468992 74.284561 
347.959534 143.369019 25.468992 74.284561 
347.997467 145.622101 25.468992 74.284561 
349.896545 147.365601 25.468992 74.284561 
350.381226 146.482040 25.468992 74.284561 
350.432434 145.913925 25.468992 74.284561 
350.551544 145.146042 25.468992 74.284561 
350.663971 144.651306 25.468992 74.284561 
350.679169 144.703644 25.468992 74.284561 
350.248566 144.639221 25.468992 74.284561 
350.232849 144.404480 25.468992 74.284561 
349.828003 143.998611 25.468992 74.284561 
349.553009 143.615448 25.468992 74.284561 
349.200073 144.233154 25.468992 74.284561 
349.451935 143.500153 25.468992 74.284561 
348.610352 143.173264 25.978373 75.770248 
348.214935 141.469772 25.978373 75.770248 
346.935486 140.019394 26.497940 77.285660 
346.213379 138.491806 26.497940 77.285660 
345.627197 136.905167 26.497940 77.285660 
345.307495 136.521652 26.497940 77.285660 
344.080688 136.129883 26.497940 77.285660 
343.292786 137.269882 26.497940 77.285660 
342.669159 138.582321 26.497940 77.285660 
342.237732 139.410202 26.497940 77.285660 
340.976166 140.633118 26.497940 77.285660 
340.116302 141.297516 26.497940 77.285660 
339.762634 141.279755 26.497940 77.285660 
339.194977 140.665390 26.497940 77.285660 
339.379822 140.749710 26.497940 77.285660 
339.551483 140.857468 26.497940 77.285660 
340.187958 139.420380 26.497940 77.285660 
340.767090 137.969376 26.497940 77.285660 
339.317657 138.694687 26.497940 77.285660 
339.073242 140.478531 26.497940 77.285660 
338.595856 140.957901 26.497940 77.285660 
339.071411 141.473343 26.497940 77.285660 
338.774139 141.181778 26.497940 77.285660 
338.601654 141.586227 26.497940 77.285660 
339.404572 141.262527 26.497940 77.285660 
339.792969 141.555405 26.497940 77.285660 
340.117065 140.778198 26.497940 77.285660 
340.743500 140.276382 26.497940 77.285660 
341.260529 140.335129 26.497940 77.285660 
340.645752 140.001785 27.027899 78.831367 
340.362122 139.641937 27.027899 78.831367 
341.459717 139.670380 26.497940 77.285660 
341.003754 139.236771 27.027899 78.831367 
340.914429 139.529968 27.027899 78.831367 
340.720520 139.870361 27.027899 78.831367 
340.386993 139.372940 27.027899 78.831367 
340.484039 139.777008 27.027899 78.831367 
340.520416 139.664490 27.027899 78.831367 
339.253693 139.916611 27.027899 78.831367 
340.011108 140.720184 26.497940 77.285660 
339.646637 141.046280 26.497940 77.285660 
340.007996 141.402802 26.497940 77.285660 
339.870605 142.303299 25.978373 75.770248 
339.901550 142.487976 25.468992 74.284561 
339.210510 141.681900 26.497940 77.285660 
339.081573 142.345276 25.978373 75.770248 
338.077728 143.497375 25.978373 75.770248 
337.214478 144.808075 25.468992 74.284561 
337.242035 146.086472 25.468992 74.284561 
337.348572 147.135941 24.480000 71.400002 
336.421417 148.079971 24.480000 71.400002 
336.574799 149.806458 24.480000 71.400002 
336.079681 150.294815 24.000000 70.000000 
334.182220 149.151047 24.000000 70.000000 
332.669434 147.947449 24.480000 71.400002 
331.311890 146.427551 24.969601 72.828003 
329.413055 144.874435 25.468992 74.284561 
325.809540 141.133316 25.468992 74.284561 
324.822174 141.162155 25.468992 74.284561 
323.676208 141.764084 25.978373 75.770248 
322.536865 143.600540 26.497940 77.285660 
321.238770 144.281097 27.027899 78.831367 
318.167267 142.721939 27.568457 80.407997 
316.983734 145.472580 28.119825 82.016159 
312.876404 144.575928 28.119825 82.016159 
311.424072 144.343918 27.568457 80.407997 
308.004730 142.310028 27.568457 80.407997 
306.086914 141.329971 27.568457 80.407997 
303.223969 140.241592 27.568457 80.407997 
299.641815 140.616776 27.568457 80.407997 
297.164276 142.681000 27.568457 80.407997 
294.948792 143.540390 28.119825 82.016159 
290.992737 145.280441 28.119825 82.016159 
289.079376 144.601181 28.119825 82.016159 
284.602448 141.248306 28.682222 83.656479 
282.601440 140.553329 28.682222 83.656479 
279.030151 138.073288 29.255867 85.329613 
275.249237 138.536148 29.255867 85.329613 
271.891052 138.892883 29.255867 85.329613 
267.671295 141.196213 29.255867 85.329613 
264.783295 144.137466 29.255867 85.329613 
260.613373 145.385345 29.255867 85.329613 
257.054962 144.557907 29.840984 87.036201 
254.304260 142.440704 30.437803 88.776924 
250.542114 141.197510 30.437803 88.776924 
247.780121 138.808197 30.437803 88.776924 
244.267365 136.133774 31.046558 90.552467 
240.284424 135.424438 31.667490 92.363510 
235.887680 136.978149 31.667490 92.363510 
233.030670 138.948685 31.667490 92.363510 
229.969788 141.573700 31.667490 92.363510 
227.603134 143.451141 31.667490 92.363510 
222.455338 143.696518 31.667490 92.363510 
218.522873 143.032272 31.667490 92.363510 
213.502548 139.361374 32.300838 94.210785 
212.946075 141.231567 32.946857 96.095001 
208.083450 139.045639 33.605793 98.016899 
204.140732 137.516357 34.277908 99.977234 
199.505402 139.273682 34.277908 99.977234 
197.180038 143.276047 34.277908 99.977234 
192.394882 143.876556 34.277908 99.977234 
