233.000000 62.000000 22.000000 30.000000 
233.000000 62.000000 22.000000 30.000000 
233.000000 62.000000 22.000000 30.000000 
234.703330 62.000000 22.000000 30.000000 
234.703330 62.000000 22.000000 30.000000 
234.703330 62.000000 22.000000 30.000000 
233.000000 62.000000 22.000000 30.000000 
234.703330 62.000000 22.000000 30.000000 
233.000000 62.000000 22.000000 30.000000 
234.703330 62.000000 22.000000 30.000000 
232.934062 59.730731 22.000000 31.000000 
234.637392 61.934062 22.000000 30.000000 
232.934062 61.934062 22.000000 30.000000 
234.637392 61.934062 22.000000 30.000000 
232.934062 61.934062 22.000000 30.000000 
232.934062 61.934062 22.000000 30.000000 
232.934062 61.934062 22.000000 30.000000 
232.934062 60.230731 22.000000 30.000000 
232.934062 60.230731 22.000000 30.000000 
232.934062 60.230731 22.000000 30.000000 
232.934062 60.230731 22.000000 30.000000 
232.934062 60.230731 22.000000 30.000000 
234.637392 60.230731 22.000000 30.000000 
232.934062 60.230731 22.000000 30.000000 
232.934062 60.230731 22.000000 30.000000 
232.934062 60.230731 22.000000 30.000000 
232.934062 60.230731 22.000000 30.000000 
232.934062 60.230731 22.000000 30.000000 
232.934062 60.230731 22.000000 30.000000 
232.934062 60.230731 22.000000 30.000000 
232.934062 60.230731 22.000000 30.000000 
231.230731 60.230731 22.000000 30.000000 
232.934062 60.230731 22.000000 30.000000 
232.934062 60.230731 22.000000 30.000000 
232.934062 60.230731 22.000000 30.000000 
232.934062 60.230731 22.000000 30.000000 
232.934062 60.230731 22.000000 30.000000 
232.934062 60.230731 22.000000 30.000000 
232.934062 60.230731 22.000000 30.000000 
232.934062 60.230731 22.000000 30.000000 
232.934062 60.230731 22.000000 30.000000 
232.934062 60.230731 22.000000 30.000000 
232.934062 60.230731 22.000000 30.000000 
232.934062 60.230731 22.000000 30.000000 
232.934062 60.230731 22.000000 30.000000 
232.934062 60.230731 22.000000 30.000000 
232.934062 60.230731 22.000000 30.000000 
232.934062 60.230731 22.000000 30.000000 
232.934062 60.230731 22.000000 30.000000 
232.934062 60.230731 22.000000 30.000000 
234.637392 60.230731 22.000000 30.000000 
232.934062 60.230731 22.000000 30.000000 
234.637392 60.230731 22.000000 30.000000 
234.637392 61.934062 22.000000 30.000000 
232.934062 60.230731 22.000000 30.000000 
232.934062 61.934062 22.000000 30.000000 
232.934062 61.934062 22.000000 30.000000 
232.934062 61.934062 22.000000 30.000000 
234.637392 61.934062 22.000000 30.000000 
232.934062 61.934062 22.000000 30.000000 
232.934062 61.934062 22.000000 30.000000 
234.637392 61.934062 22.000000 30.000000 
232.946632 62.434062 22.000000 29.000000 
232.946632 62.434062 22.000000 29.000000 
232.946632 62.434062 22.000000 29.000000 
232.946632 62.434062 22.000000 29.000000 
232.946632 62.434062 22.000000 29.000000 
232.946632 62.434062 22.000000 29.000000 
232.946632 62.434062 22.000000 29.000000 
232.946632 62.434062 22.000000 29.000000 
232.946632 62.434062 22.000000 29.000000 
232.946632 62.434062 22.000000 29.000000 
232.946632 62.434062 22.000000 29.000000 
232.946632 62.434062 22.000000 29.000000 
232.946632 62.434062 22.000000 29.000000 
232.946632 62.434062 22.000000 29.000000 
232.946632 62.434062 22.000000 29.000000 
232.946632 62.434062 22.000000 29.000000 
232.946632 62.434062 22.000000 29.000000 
232.946632 62.434062 22.000000 29.000000 
232.946632 62.434062 22.000000 29.000000 
232.946632 62.434062 22.000000 29.000000 
232.946632 62.434062 22.000000 29.000000 
232.946632 62.434062 22.000000 29.000000 
232.946632 62.434062 22.000000 29.000000 
232.946632 62.434062 22.000000 29.000000 
232.946632 62.434062 22.000000 29.000000 
232.946632 61.934062 22.000000 30.000000 
232.946632 61.934062 22.000000 30.000000 
232.946632 61.934062 22.000000 30.000000 
232.946632 61.934062 22.000000 30.000000 
232.946632 61.934062 22.000000 30.000000 
232.946632 61.934062 22.000000 30.000000 
232.946632 61.934062 22.000000 30.000000 
232.946632 61.934062 22.000000 30.000000 
232.946632 61.934062 22.000000 30.000000 
232.946632 61.934062 22.000000 30.000000 
232.946632 61.934062 22.000000 30.000000 
232.946632 61.934062 22.000000 30.000000 
232.946632 61.934062 22.000000 30.000000 
232.946632 61.934062 22.000000 30.000000 
232.946632 61.934062 22.000000 30.000000 
232.946632 61.934062 22.000000 30.000000 
232.946632 61.934062 22.000000 30.000000 
232.946632 61.934062 22.000000 30.000000 
232.946632 61.934062 22.000000 30.000000 
232.946632 61.934062 22.000000 30.000000 
232.946632 61.934062 22.000000 30.000000 
232.946632 61.934062 22.000000 30.000000 
232.946632 61.934062 22.000000 30.000000 
232.946632 61.934062 22.000000 30.000000 
232.946632 61.934062 22.000000 30.000000 
232.946632 61.934062 22.000000 30.000000 
232.946632 61.934062 22.000000 30.000000 
232.946632 61.934062 22.000000 30.000000 
232.946632 61.934062 22.000000 30.000000 
232.946632 61.934062 22.000000 30.000000 
232.946632 61.934062 22.000000 30.000000 
232.946632 61.934062 22.000000 30.000000 
232.946632 61.934062 22.000000 30.000000 
232.946632 61.934062 22.000000 30.000000 
232.946632 61.934062 22.000000 30.000000 
232.946632 61.934062 22.000000 30.000000 
234.649962 61.934062 22.000000 30.000000 
232.946632 61.934062 22.000000 30.000000 
234.649962 61.934062 22.000000 30.000000 
232.946632 61.934062 22.000000 30.000000 
232.946632 61.934062 22.000000 30.000000 
232.946632 61.934062 22.000000 30.000000 
232.946632 61.934062 22.000000 30.000000 
232.946632 61.934062 22.000000 30.000000 
232.946632 61.934062 22.000000 30.000000 
232.946632 61.934062 22.000000 30.000000 
234.649962 61.934062 22.000000 30.000000 
234.649962 61.934062 22.000000 30.000000 
234.649962 60.230731 22.000000 30.000000 
234.649962 61.934062 22.000000 30.000000 
234.649962 61.934062 22.000000 30.000000 
234.649962 61.934062 22.000000 30.000000 
234.649962 61.934062 22.000000 30.000000 
234.649962 61.934062 22.000000 30.000000 
234.649962 61.934062 22.000000 30.000000 
234.649962 61.934062 22.000000 30.000000 
232.946632 61.934062 22.000000 30.000000 
232.946632 61.934062 22.000000 30.000000 
232.946632 61.934062 22.000000 30.000000 
232.946632 61.934062 22.000000 30.000000 
232.946632 61.934062 22.000000 30.000000 
234.649962 61.934062 22.000000 30.000000 
234.649962 61.934062 22.000000 30.000000 
234.649962 61.934062 22.000000 30.000000 
232.946632 61.934062 22.000000 30.000000 
234.649962 61.934062 22.000000 30.000000 
232.946632 61.934062 22.000000 30.000000 
232.946632 61.934062 22.000000 30.000000 
234.649962 61.934062 22.000000 30.000000 
232.946632 61.934062 22.000000 30.000000 
234.649962 61.934062 22.000000 30.000000 
234.649962 61.934062 22.000000 30.000000 
234.649962 61.934062 22.000000 30.000000 
232.946632 61.934062 22.000000 30.000000 
234.649962 61.934062 22.000000 30.000000 
232.946632 61.934062 22.000000 30.000000 
232.946632 61.934062 22.000000 30.000000 
232.946632 61.934062 22.000000 30.000000 
232.946632 61.934062 22.000000 30.000000 
232.946632 61.934062 22.000000 30.000000 
232.946632 61.934062 22.000000 30.000000 
232.946632 61.934062 22.000000 30.000000 
232.946632 61.934062 22.000000 30.000000 
232.946632 61.934062 22.000000 30.000000 
232.946632 61.934062 22.000000 30.000000 
232.946632 61.934062 22.000000 30.000000 
234.649962 61.934062 22.000000 30.000000 
232.946632 61.934062 22.000000 30.000000 
234.649962 61.934062 22.000000 30.000000 
232.946632 61.934062 22.000000 30.000000 
234.649962 61.934062 22.000000 30.000000 
232.946632 61.934062 22.000000 30.000000 
232.946632 61.934062 22.000000 30.000000 
232.946632 61.934062 22.000000 30.000000 
232.946632 61.934062 22.000000 30.000000 
232.946632 61.934062 22.000000 30.000000 
234.649962 61.934062 22.000000 30.000000 
234.649962 61.934062 22.000000 30.000000 
234.649962 61.934062 22.000000 30.000000 
234.649962 61.934062 22.000000 30.000000 
234.649962 61.934062 22.000000 30.000000 
234.649962 61.934062 22.000000 30.000000 
234.649962 61.934062 22.000000 30.000000 
234.649962 61.934062 22.000000 30.000000 
234.649962 61.934062 22.000000 30.000000 
234.649962 61.934062 22.000000 30.000000 
234.649962 61.934062 22.000000 30.000000 
234.649962 61.934062 22.000000 30.000000 
234.649962 61.934062 22.000000 30.000000 
234.649962 61.934062 22.000000 30.000000 
234.649962 61.934062 22.000000 30.000000 
234.649962 61.934062 22.000000 30.000000 
234.649962 61.934062 22.000000 30.000000 
234.649962 61.934062 22.000000 30.000000 
234.649962 61.934062 22.000000 30.000000 
232.946632 61.934062 22.000000 30.000000 
232.946632 61.934062 22.000000 30.000000 
234.649962 61.934062 22.000000 30.000000 
232.946632 61.934062 22.000000 30.000000 
232.946632 61.934062 22.000000 30.000000 
232.946632 61.934062 22.000000 30.000000 
232.946632 61.934062 22.000000 30.000000 
232.946632 61.934062 22.000000 30.000000 
232.946632 61.934062 22.000000 30.000000 
232.946632 61.934062 22.000000 30.000000 
232.946632 61.934062 22.000000 30.000000 
232.946632 61.934062 22.000000 30.000000 
232.946632 61.934062 22.000000 30.000000 
232.946632 61.934062 22.000000 30.000000 
232.946632 61.934062 22.000000 30.000000 
232.946632 61.934062 22.000000 30.000000 
232.946632 61.934062 22.000000 30.000000 
232.946632 61.934062 22.000000 30.000000 
232.946632 61.934062 22.000000 30.000000 
232.946632 61.934062 22.000000 30.000000 
232.946632 61.934062 22.000000 30.000000 
232.946632 61.934062 22.000000 30.000000 
232.946632 61.934062 22.000000 30.000000 
232.946632 61.934062 22.000000 30.000000 
232.946632 61.934062 22.000000 30.000000 
232.946632 61.934062 22.000000 30.000000 
232.946632 60.230731 22.000000 30.000000 
234.649962 60.230731 22.000000 30.000000 
234.649962 60.230731 22.000000 30.000000 
234.649962 58.527401 22.000000 30.000000 
234.649962 55.120741 22.000000 30.000000 
234.649962 53.417411 22.000000 30.000000 
234.649962 51.714081 22.000000 30.000000 
234.649962 46.604091 22.000000 30.000000 
234.649962 44.900761 22.000000 30.000000 
234.649962 43.197431 22.000000 30.000000 
234.649962 41.494101 22.000000 30.000000 
232.946632 39.790771 22.000000 30.000000 
232.946632 38.600011 22.000000 29.000000 
233.446632 36.923401 21.000000 29.000000 
233.446632 35.246791 21.000000 29.000000 
233.446632 35.246791 21.000000 29.000000 
233.446632 33.570180 21.000000 29.000000 
231.770022 33.570180 21.000000 29.000000 
230.093412 31.893570 21.000000 29.000000 
230.093412 30.216960 21.000000 29.000000 
230.093412 28.540349 21.000000 29.000000 
228.416801 26.863739 21.000000 29.000000 
228.416801 26.863739 21.000000 29.000000 
226.740191 25.187129 21.000000 29.000000 
226.740191 26.863739 21.000000 29.000000 
226.740191 26.863739 21.000000 29.000000 
226.740191 30.216960 21.000000 29.000000 
226.740191 30.716960 21.000000 28.000000 
226.740191 35.548854 21.000000 28.000000 
225.129560 37.159485 21.000000 28.000000 
225.129560 41.689316 21.000000 29.000000 
225.129560 43.365926 21.000000 29.000000 
225.129560 46.719147 21.000000 29.000000 
226.806170 48.395757 21.000000 29.000000 
226.806170 50.072368 21.000000 29.000000 
226.306170 53.453886 22.000000 29.000000 
227.996929 56.835405 22.000000 29.000000 
227.996929 58.526164 22.000000 29.000000 
227.996929 60.216923 22.000000 29.000000 
227.996929 61.907682 22.000000 29.000000 
229.687688 63.598441 22.000000 29.000000 
229.687688 65.289201 22.000000 29.000000 
227.996929 68.670719 22.000000 29.000000 
228.496929 68.670719 21.000000 29.000000 
228.496929 70.347329 21.000000 29.000000 
228.496929 73.700550 21.000000 29.000000 
226.820319 75.377160 21.000000 29.000000 
226.820319 78.730381 21.000000 29.000000 
226.320319 78.730381 22.000000 29.000000 
226.320319 80.421140 22.000000 29.000000 
224.629560 83.802659 22.000000 29.000000 
224.629560 85.005989 22.000000 30.000000 
224.629560 85.005989 22.000000 30.000000 
224.629560 85.005989 22.000000 30.000000 
224.629560 86.709319 22.000000 30.000000 
224.629560 86.709319 22.000000 30.000000 
224.629560 85.005989 22.000000 30.000000 
224.629560 86.709319 22.000000 30.000000 
224.629560 85.005989 22.000000 30.000000 
224.629560 85.005989 22.000000 30.000000 
224.629560 85.005989 22.000000 30.000000 
224.629560 85.005989 22.000000 30.000000 
224.629560 85.005989 22.000000 30.000000 
224.629560 86.709319 22.000000 30.000000 
224.629560 87.978587 22.000000 31.000000 
224.629560 87.978587 22.000000 31.000000 
226.398828 89.747856 22.000000 31.000000 
228.168097 89.747856 22.000000 31.000000 
229.937365 89.747856 22.000000 31.000000 
229.937365 91.517124 22.000000 31.000000 
231.706634 89.747856 22.000000 31.000000 
233.475902 89.747856 22.000000 31.000000 
237.014439 89.747856 22.000000 31.000000 
238.297919 87.964376 23.000000 31.000000 
240.081399 87.964376 23.000000 31.000000 
241.864879 87.964376 23.000000 31.000000 
243.648358 87.964376 23.000000 31.000000 
247.215318 86.180896 23.000000 31.000000 
250.782277 86.180896 23.000000 31.000000 
252.565757 86.180896 23.000000 31.000000 
254.349237 86.180896 23.000000 31.000000 
257.941228 85.680896 23.000000 32.000000 
259.737223 85.680896 23.000000 32.000000 
259.737223 85.680896 23.000000 32.000000 
261.100840 83.817280 24.000000 32.000000 
262.964457 83.817280 24.000000 32.000000 
264.828073 83.817280 24.000000 32.000000 
264.828073 81.953663 24.000000 32.000000 
265.328073 81.953663 23.000000 32.000000 
265.328073 81.953663 23.000000 32.000000 
265.328073 81.953663 23.000000 32.000000 
267.124069 81.953663 23.000000 32.000000 
267.124069 81.953663 23.000000 32.000000 
265.328073 80.157668 23.000000 32.000000 
267.124069 78.361672 23.000000 32.000000 
267.124069 74.769681 23.000000 32.000000 
267.124069 69.381694 23.000000 32.000000 
267.124069 67.585699 23.000000 32.000000 
267.124069 62.197712 23.000000 32.000000 
267.124069 60.401717 23.000000 32.000000 
267.124069 56.809726 23.000000 32.000000 
267.124069 53.217734 23.000000 32.000000 
267.124069 51.421739 23.000000 32.000000 
267.124069 49.625743 23.000000 32.000000 
267.124069 46.033752 23.000000 32.000000 
267.124069 42.441761 23.000000 32.000000 
267.124069 40.645766 23.000000 32.000000 
267.124069 37.053775 23.000000 32.000000 
267.124069 35.770295 23.000000 31.000000 
267.124069 33.986815 23.000000 31.000000 
267.124069 33.986815 23.000000 31.000000 
267.124069 32.203335 23.000000 31.000000 
267.124069 30.419856 23.000000 31.000000 
267.124069 30.419856 23.000000 31.000000 
267.124069 30.419856 23.000000 31.000000 
265.340589 30.419856 23.000000 31.000000 
265.340589 30.419856 23.000000 31.000000 
265.340589 32.203335 23.000000 31.000000 
265.340589 33.986815 23.000000 31.000000 
265.340589 35.770295 23.000000 31.000000 
265.340589 37.553775 23.000000 31.000000 
265.340589 41.120734 23.000000 31.000000 
265.340589 42.904214 23.000000 31.000000 
265.340589 44.687694 23.000000 31.000000 
267.124069 46.471173 23.000000 31.000000 
267.124069 48.254653 23.000000 31.000000 
267.124069 47.754653 23.000000 32.000000 
265.328073 49.550649 23.000000 32.000000 
263.532078 51.346644 23.000000 32.000000 
261.736082 54.938635 23.000000 32.000000 
259.940087 56.734631 23.000000 32.000000 
258.144091 60.326622 23.000000 32.000000 
256.348095 63.918613 23.000000 32.000000 
254.552100 67.510604 23.000000 32.000000 
252.188483 69.374221 24.000000 32.000000 
248.461250 71.237837 24.000000 32.000000 
247.165255 74.829828 23.000000 32.000000 
245.369259 76.625824 23.000000 32.000000 
241.777268 80.217815 23.000000 32.000000 
239.981272 83.809806 23.000000 32.000000 
238.197793 86.093286 23.000000 31.000000 
238.197793 87.876765 23.000000 31.000000 
236.414313 89.660245 23.000000 31.000000 
234.630833 91.443725 23.000000 31.000000 
232.847354 93.227205 23.000000 31.000000 
231.063874 95.010684 23.000000 31.000000 
231.063874 95.010684 23.000000 31.000000 
231.063874 95.010684 23.000000 31.000000 
231.063874 95.010684 23.000000 31.000000 
231.063874 96.794164 23.000000 31.000000 
229.280394 95.010684 23.000000 31.000000 
229.780394 96.779953 22.000000 31.000000 
229.780394 95.010684 22.000000 31.000000 
229.780394 96.779953 22.000000 31.000000 
229.780394 95.010684 22.000000 31.000000 
229.780394 95.010684 22.000000 31.000000 
229.780394 93.241416 22.000000 31.000000 
231.549663 89.702879 22.000000 31.000000 
231.549663 84.395073 22.000000 31.000000 
233.318931 80.856536 22.000000 31.000000 
235.088200 75.548731 22.000000 31.000000 
233.318931 70.240925 22.000000 31.000000 
233.318931 68.611763 22.000000 30.000000 
231.615601 63.501772 22.000000 30.000000 
229.912271 60.095112 22.000000 30.000000 
229.912271 56.688452 22.000000 30.000000 
228.208941 53.281792 22.000000 30.000000 
228.208941 49.875132 22.000000 30.000000 
226.505611 46.468472 22.000000 30.000000 
224.802281 44.765141 22.000000 30.000000 
224.802281 43.061811 22.000000 30.000000 
223.098951 41.358481 22.000000 30.000000 
223.098951 39.655151 22.000000 30.000000 
223.098951 37.951821 22.000000 30.000000 
223.098951 37.951821 22.000000 30.000000 
223.098951 36.248491 22.000000 30.000000 
221.395621 36.248491 22.000000 30.000000 
223.098951 36.248491 22.000000 30.000000 
223.098951 36.248491 22.000000 30.000000 
223.098951 34.545161 22.000000 30.000000 
223.098951 34.545161 22.000000 30.000000 
224.802281 36.248491 22.000000 30.000000 
224.802281 38.439250 22.000000 29.000000 
226.493040 40.130010 22.000000 29.000000 
229.874558 43.511528 22.000000 29.000000 
231.565317 45.202287 22.000000 29.000000 
233.256077 46.893046 22.000000 29.000000 
236.637595 48.583806 22.000000 29.000000 
240.044255 51.490466 22.000000 30.000000 
241.747585 54.897126 22.000000 30.000000 
243.450915 56.600456 22.000000 30.000000 
248.560906 60.007116 22.000000 30.000000 
250.264236 63.413776 22.000000 30.000000 
253.802773 66.452313 22.000000 31.000000 
255.086252 70.019273 23.000000 31.000000 
256.869732 73.586232 23.000000 31.000000 
258.665728 76.678223 23.000000 32.000000 
260.029344 78.541840 24.000000 32.000000 
260.029344 79.918006 24.000000 33.000000 
259.529344 81.374329 25.000000 34.000000 
259.529344 83.330652 25.000000 34.000000 
261.485667 87.243298 25.000000 34.000000 
259.529344 89.199622 25.000000 34.000000 
259.529344 89.199622 25.000000 34.000000 
259.529344 91.155945 25.000000 34.000000 
259.529344 91.155945 25.000000 34.000000 
259.529344 91.155945 25.000000 34.000000 
261.485667 91.155945 25.000000 34.000000 
261.485667 91.155945 25.000000 34.000000 
261.485667 91.155945 25.000000 34.000000 
261.485667 91.155945 25.000000 34.000000 
261.485667 91.155945 25.000000 34.000000 
261.485667 91.155945 25.000000 34.000000 
261.485667 89.199622 25.000000 34.000000 
263.441990 89.199622 25.000000 34.000000 
263.441990 87.243298 25.000000 34.000000 
265.398314 83.330652 25.000000 34.000000 
263.441990 80.885248 25.000000 34.000000 
263.441990 75.016279 25.000000 34.000000 
265.398314 71.103633 25.000000 34.000000 
264.898314 64.494230 26.000000 35.000000 
264.898314 60.421295 26.000000 35.000000 
264.898314 56.348360 26.000000 35.000000 
264.898314 51.766308 26.000000 35.000000 
265.398314 47.864581 25.000000 34.000000 
265.398314 41.995612 25.000000 34.000000 
265.898314 38.743280 24.000000 33.000000 
265.898314 34.990947 24.000000 33.000000 
265.898314 33.114781 24.000000 33.000000 
264.022147 31.238614 24.000000 33.000000 
265.885764 28.011381 24.000000 32.000000 
264.022147 28.011381 24.000000 32.000000 
264.522147 28.011381 23.000000 32.000000 
264.522147 28.011381 23.000000 32.000000 
264.522147 28.011381 23.000000 32.000000 
264.522147 28.511381 23.000000 31.000000 
264.522147 28.511381 23.000000 31.000000 
266.791416 28.511381 22.000000 31.000000 
268.560684 28.511381 22.000000 31.000000 
270.329953 30.280650 22.000000 31.000000 
273.868490 32.049918 22.000000 31.000000 
277.407027 32.049918 22.000000 31.000000 
282.714832 33.819187 22.000000 31.000000 
284.484101 35.588455 22.000000 31.000000 
288.022638 35.588455 22.000000 31.000000 
291.561175 37.357724 22.000000 31.000000 
294.967835 37.857724 22.000000 30.000000 
300.077825 37.857724 22.000000 30.000000 
301.847094 37.357724 22.000000 31.000000 
303.616363 37.357724 22.000000 31.000000 
307.154900 37.357724 22.000000 31.000000 
307.154900 37.357724 22.000000 31.000000 
308.924168 37.357724 22.000000 31.000000 
308.924168 37.357724 22.000000 31.000000 
307.154900 37.357724 22.000000 31.000000 
307.154900 39.126992 22.000000 31.000000 
304.871420 39.126992 23.000000 31.000000 
304.871420 39.126992 23.000000 31.000000 
300.858590 39.126992 23.000000 31.000000 
299.075111 39.126992 23.000000 31.000000 
295.508151 37.343513 23.000000 31.000000 
290.157712 39.126992 23.000000 31.000000 
288.888443 39.126992 22.000000 31.000000 
285.349906 39.126992 22.000000 31.000000 
283.580638 39.126992 22.000000 31.000000 
278.272832 39.126992 22.000000 31.000000 
274.734295 39.126992 22.000000 31.000000 
269.426490 39.126992 22.000000 31.000000 
267.657221 39.126992 22.000000 31.000000 
265.887953 39.126992 22.000000 31.000000 
261.820993 39.126992 23.000000 31.000000 
258.229002 38.626992 23.000000 32.000000 
256.433006 38.626992 23.000000 32.000000 
252.841015 38.626992 23.000000 32.000000 
251.045020 38.626992 23.000000 32.000000 
247.453029 36.830997 23.000000 32.000000 
243.861038 36.830997 23.000000 32.000000 
240.269047 36.830997 23.000000 32.000000 
240.269047 37.330997 23.000000 31.000000 
238.485567 37.330997 23.000000 31.000000 
236.702087 37.330997 23.000000 31.000000 
233.135128 37.330997 23.000000 31.000000 
231.351648 37.330997 23.000000 31.000000 
229.568168 37.330997 23.000000 31.000000 
227.784688 39.114477 23.000000 31.000000 
226.001209 37.330997 23.000000 31.000000 
224.217729 37.330997 23.000000 31.000000 
224.217729 37.330997 23.000000 31.000000 
222.434249 37.330997 23.000000 31.000000 
220.650769 37.330997 23.000000 31.000000 
218.867290 37.330997 23.000000 31.000000 
219.367290 37.330997 22.000000 31.000000 
217.083810 37.330997 23.000000 31.000000 
217.083810 37.330997 23.000000 31.000000 
215.300330 37.330997 23.000000 31.000000 
215.300330 37.330997 23.000000 31.000000 
215.300330 37.330997 23.000000 31.000000 
215.300330 39.114477 23.000000 31.000000 
215.800330 39.114477 22.000000 31.000000 
215.800330 42.653014 22.000000 31.000000 
215.800330 44.856344 22.000000 30.000000 
215.800330 48.263004 22.000000 30.000000 
215.800330 53.372994 22.000000 30.000000 
215.800330 56.779654 22.000000 30.000000 
217.503660 61.889644 22.000000 30.000000 
217.503660 66.999635 22.000000 30.000000 
217.503660 72.109625 22.000000 30.000000 
219.206990 77.219615 22.000000 30.000000 
219.206990 80.258152 22.000000 31.000000 
220.976259 85.565958 22.000000 31.000000 
220.976259 89.104495 22.000000 31.000000 
220.976259 94.412300 22.000000 31.000000 
220.976259 97.950837 22.000000 31.000000 
220.476259 99.734317 23.000000 31.000000 
220.476259 101.517797 23.000000 31.000000 
220.476259 101.517797 23.000000 31.000000 
220.476259 103.301277 23.000000 31.000000 
218.692779 103.301277 23.000000 31.000000 
218.692779 103.301277 23.000000 31.000000 
218.692779 103.301277 23.000000 31.000000 
218.692779 103.301277 23.000000 31.000000 
218.692779 101.517797 23.000000 31.000000 
220.476259 99.734317 23.000000 31.000000 
222.259739 99.734317 23.000000 31.000000 
224.043218 97.950837 23.000000 31.000000 
225.826698 96.167358 23.000000 31.000000 
227.610178 94.383878 23.000000 31.000000 
232.960617 92.600398 23.000000 31.000000 
235.189967 90.816918 23.000000 31.000000 
238.756926 89.033439 23.000000 31.000000 
244.107365 89.033439 23.000000 31.000000 
249.457805 87.249959 23.000000 31.000000 
253.049796 84.953963 23.000000 32.000000 
256.641787 84.953963 23.000000 32.000000 
258.437782 83.157968 23.000000 32.000000 
260.682777 83.157968 23.000000 32.000000 
262.478772 81.361972 23.000000 32.000000 
266.070763 83.157968 23.000000 32.000000 
267.434380 81.294351 24.000000 32.000000 
269.297997 81.294351 24.000000 32.000000 
271.161613 79.430735 24.000000 32.000000 
271.161613 79.430735 24.000000 32.000000 
273.025230 79.430735 24.000000 32.000000 
273.025230 79.430735 24.000000 32.000000 
274.888846 79.430735 24.000000 32.000000 
274.888846 79.430735 24.000000 32.000000 
274.888846 79.430735 24.000000 32.000000 
274.888846 79.430735 24.000000 32.000000 
274.888846 79.430735 24.000000 32.000000 
273.025230 79.430735 24.000000 32.000000 
273.025230 79.430735 24.000000 32.000000 
273.025230 79.430735 24.000000 32.000000 
273.025230 79.430735 24.000000 32.000000 
271.161613 77.567118 24.000000 32.000000 
271.161613 75.703502 24.000000 32.000000 
269.297997 75.703502 24.000000 32.000000 
269.297997 75.203502 24.000000 33.000000 
267.421830 75.203502 24.000000 33.000000 
264.965507 74.703502 25.000000 34.000000 
261.052861 74.703502 25.000000 34.000000 
259.096538 74.703502 25.000000 34.000000 
257.140215 74.703502 25.000000 34.000000 
253.227569 72.747179 25.000000 34.000000 
248.654634 74.283646 26.000000 35.000000 
240.508763 72.247179 26.000000 35.000000 
241.008763 72.747179 25.000000 34.000000 
239.052440 70.790855 25.000000 34.000000 
237.096117 70.790855 25.000000 34.000000 
237.096117 70.790855 25.000000 34.000000 
235.139794 68.834532 25.000000 34.000000 
235.139794 68.834532 25.000000 34.000000 
235.139794 68.834532 25.000000 34.000000 
233.763628 67.458366 24.000000 33.000000 
231.887462 69.334532 24.000000 33.000000 
230.011295 67.458366 24.000000 33.000000 
230.011295 66.094750 24.000000 32.000000 
228.715300 64.298754 23.000000 32.000000 
226.919304 62.502758 23.000000 32.000000 
226.919304 59.435799 23.000000 31.000000 
227.419304 57.666530 22.000000 31.000000 
225.650036 55.897262 22.000000 31.000000 
223.880767 54.127993 22.000000 31.000000 
223.880767 52.924663 22.000000 30.000000 
223.880767 51.221333 22.000000 30.000000 
223.880767 49.518003 22.000000 30.000000 
222.177437 47.814673 22.000000 30.000000 
222.177437 46.111343 22.000000 30.000000 
222.177437 44.408013 22.000000 30.000000 
222.177437 42.704683 22.000000 30.000000 
222.177437 41.001353 22.000000 30.000000 
222.177437 39.298023 22.000000 30.000000 
222.177437 37.594693 22.000000 30.000000 
222.177437 35.891363 22.000000 30.000000 
222.177437 34.188033 22.000000 30.000000 
222.177437 32.484702 22.000000 30.000000 
220.474107 30.781372 22.000000 30.000000 
220.474107 29.078042 22.000000 30.000000 
222.164866 29.578042 22.000000 29.000000 
220.474107 27.887283 22.000000 29.000000 
220.474107 27.887283 22.000000 29.000000 
220.474107 27.887283 22.000000 29.000000 
220.474107 27.887283 22.000000 29.000000 
218.783348 27.887283 22.000000 29.000000 
218.783348 29.578042 22.000000 29.000000 
218.783348 27.887283 22.000000 29.000000 
218.783348 29.578042 22.000000 29.000000 
218.783348 29.578042 22.000000 29.000000 
218.783348 29.578042 22.000000 29.000000 
218.783348 29.578042 22.000000 29.000000 
218.783348 29.578042 22.000000 29.000000 
218.783348 29.578042 22.000000 29.000000 
218.783348 29.578042 22.000000 29.000000 
218.783348 29.578042 22.000000 29.000000 
220.474107 29.578042 22.000000 29.000000 
222.164866 29.578042 22.000000 29.000000 
222.164866 31.268801 22.000000 29.000000 
222.164866 31.268801 22.000000 29.000000 
222.164866 30.768801 22.000000 30.000000 
222.164866 32.472132 22.000000 30.000000 
223.868196 34.175462 22.000000 30.000000 
223.868196 34.175462 22.000000 30.000000 
223.868196 34.175462 22.000000 30.000000 
225.571526 34.175462 22.000000 30.000000 
225.571526 34.175462 22.000000 30.000000 
225.571526 35.878792 22.000000 30.000000 
225.571526 35.878792 22.000000 30.000000 
225.571526 37.582122 22.000000 30.000000 
225.571526 40.988782 22.000000 30.000000 
227.274856 42.692112 22.000000 30.000000 
229.044125 42.192112 22.000000 31.000000 
228.544125 42.192112 23.000000 31.000000 
230.327605 40.408632 23.000000 31.000000 
235.678044 38.625153 23.000000 31.000000 
237.461524 36.841673 23.000000 31.000000 
239.245003 35.058193 23.000000 31.000000 
242.811963 33.274713 23.000000 31.000000 
244.595443 31.491234 23.000000 31.000000 
246.391438 30.991234 23.000000 32.000000 
249.618671 29.127617 24.000000 32.000000 
251.482288 29.127617 24.000000 32.000000 
253.345904 27.264000 24.000000 32.000000 
255.641900 27.264000 23.000000 32.000000 
257.437896 27.264000 23.000000 32.000000 
259.233891 25.468005 23.000000 32.000000 
259.233891 25.468005 23.000000 32.000000 
259.233891 25.968005 23.000000 31.000000 
259.733891 24.198736 22.000000 31.000000 
259.733891 24.698736 22.000000 30.000000 
259.733891 25.198736 22.000000 29.000000 
259.733891 26.889496 22.000000 29.000000 
259.733891 26.889496 22.000000 29.000000 
259.733891 28.580255 22.000000 29.000000 
259.733891 30.271014 22.000000 29.000000 
258.030561 31.474344 22.000000 30.000000 
258.030561 34.512881 22.000000 31.000000 
253.963602 34.512881 23.000000 31.000000 
250.371610 35.808877 23.000000 32.000000 
246.779619 35.808877 23.000000 32.000000 
242.552386 35.808877 24.000000 32.000000 
238.825153 35.808877 24.000000 32.000000 
235.097920 33.945260 24.000000 32.000000 
227.643454 33.945260 24.000000 32.000000 
226.347458 33.945260 23.000000 32.000000 
224.563979 34.445260 23.000000 31.000000 
225.063979 32.675992 22.000000 31.000000 
223.294710 30.906723 22.000000 31.000000 
223.294710 30.906723 22.000000 31.000000 
223.294710 29.137454 22.000000 31.000000 
223.294710 29.137454 22.000000 31.000000 
223.294710 29.137454 22.000000 31.000000 
223.294710 29.137454 22.000000 31.000000 
223.294710 30.906723 22.000000 31.000000 
223.294710 29.137454 22.000000 31.000000 
223.294710 29.137454 22.000000 31.000000 
225.063979 29.137454 22.000000 31.000000 
225.063979 29.137454 22.000000 31.000000 
225.063979 29.137454 22.000000 31.000000 
225.063979 29.637454 22.000000 30.000000 
226.767309 31.340785 22.000000 30.000000 
226.767309 33.044115 22.000000 30.000000 
226.767309 34.747445 22.000000 30.000000 
226.767309 37.785982 22.000000 31.000000 
226.767309 39.555250 22.000000 31.000000 
226.267309 43.122210 23.000000 31.000000 
224.483829 46.689169 23.000000 31.000000 
224.983829 48.458438 22.000000 31.000000 
224.983829 53.766243 22.000000 31.000000 
224.983829 55.535512 22.000000 31.000000 
224.983829 59.074049 22.000000 31.000000 
224.983829 62.612586 22.000000 31.000000 
226.753097 62.612586 22.000000 31.000000 
226.253097 62.612586 23.000000 31.000000 
228.036577 62.612586 23.000000 31.000000 
228.036577 64.396066 23.000000 31.000000 
228.036577 64.396066 23.000000 31.000000 
228.036577 64.396066 23.000000 31.000000 
228.036577 64.396066 23.000000 31.000000 
228.036577 62.612586 23.000000 31.000000 
228.036577 59.045626 23.000000 31.000000 
229.820057 55.478667 23.000000 31.000000 
231.603537 51.911707 23.000000 31.000000 
233.387016 46.115398 23.000000 31.000000 
235.170496 42.548439 23.000000 31.000000 
235.170496 38.981479 23.000000 31.000000 
235.170496 37.198000 23.000000 31.000000 
235.170496 37.198000 23.000000 31.000000 
235.170496 37.198000 23.000000 31.000000 
236.953976 38.981479 23.000000 31.000000 
236.953976 38.981479 23.000000 31.000000 
236.953976 38.981479 23.000000 31.000000 
236.953976 37.198000 23.000000 31.000000 
236.953976 37.198000 23.000000 31.000000 
237.453976 35.428731 22.000000 31.000000 
237.453976 35.428731 22.000000 31.000000 
237.453976 35.928731 22.000000 30.000000 
237.453976 35.928731 22.000000 30.000000 
237.453976 35.928731 22.000000 30.000000 
237.453976 35.928731 22.000000 30.000000 
237.453976 35.928731 22.000000 30.000000 
237.453976 36.428731 22.000000 29.000000 
239.630586 36.428731 21.000000 29.000000 
237.953976 34.752121 21.000000 29.000000 
237.953976 34.752121 21.000000 29.000000 
239.564607 35.252121 21.000000 28.000000 
240.064607 35.252121 20.000000 28.000000 
240.064607 34.221631 20.000000 27.000000 
240.064607 34.221631 20.000000 27.000000 
240.064607 34.221631 20.000000 27.000000 
240.064607 32.691141 20.000000 27.000000 
240.064607 32.691141 20.000000 27.000000 
238.534117 31.160650 20.000000 27.000000 
237.003627 34.221631 20.000000 27.000000 
237.003627 34.221631 20.000000 27.000000 
237.003627 32.691141 20.000000 27.000000 
237.003627 32.691141 20.000000 27.000000 
237.003627 32.691141 20.000000 27.000000 
235.473137 32.691141 20.000000 27.000000 
235.473137 32.691141 20.000000 27.000000 
233.942647 31.160650 20.000000 27.000000 
233.942647 32.691141 20.000000 27.000000 
233.942647 32.691141 20.000000 27.000000 
233.942647 32.691141 20.000000 27.000000 
233.942647 31.160650 20.000000 27.000000 
233.942647 31.160650 20.000000 27.000000 
233.942647 31.160650 20.000000 27.000000 
233.942647 31.160650 20.000000 27.000000 
233.942647 31.160650 20.000000 27.000000 
233.942647 31.160650 20.000000 27.000000 
233.942647 29.630160 20.000000 27.000000 
233.942647 28.099670 20.000000 27.000000 
233.942647 28.099670 20.000000 27.000000 
233.942647 29.630160 20.000000 27.000000 
233.942647 31.160650 20.000000 27.000000 
235.473137 32.691141 20.000000 27.000000 
235.473137 35.752121 20.000000 27.000000 
238.666018 36.848561 20.000000 28.000000 
238.166018 36.848561 21.000000 28.000000 
236.489407 38.025172 21.000000 29.000000 
235.989407 36.334412 22.000000 29.000000 
235.989407 36.334412 22.000000 29.000000 
235.989407 34.643653 22.000000 29.000000 
235.989407 32.952894 22.000000 29.000000 
235.989407 32.952894 22.000000 29.000000 
235.989407 31.262135 22.000000 29.000000 
237.680167 32.952894 22.000000 29.000000 
237.680167 32.952894 22.000000 29.000000 
237.680167 32.952894 22.000000 29.000000 
237.680167 32.952894 22.000000 29.000000 
237.680167 32.952894 22.000000 29.000000 
237.680167 32.952894 22.000000 29.000000 
237.680167 32.952894 22.000000 29.000000 
235.989407 32.952894 22.000000 29.000000 
237.680167 32.952894 22.000000 29.000000 
237.680167 32.952894 22.000000 29.000000 
237.680167 32.952894 22.000000 29.000000 
239.370926 32.952894 22.000000 29.000000 
241.061685 32.952894 22.000000 29.000000 
241.061685 34.643653 22.000000 29.000000 
241.061685 32.440323 22.000000 30.000000 
241.061685 32.440323 22.000000 30.000000 
241.061685 32.440323 22.000000 30.000000 
242.765015 32.440323 22.000000 30.000000 
242.765015 32.440323 22.000000 30.000000 
242.765015 31.940323 22.000000 31.000000 
244.048495 30.156843 23.000000 31.000000 
242.265015 31.940323 23.000000 31.000000 
244.061011 31.440323 23.000000 32.000000 
241.697394 31.440323 24.000000 32.000000 
241.697394 31.440323 24.000000 32.000000 
241.697394 30.940323 24.000000 33.000000 
241.697394 30.940323 24.000000 33.000000 
241.697394 32.816489 24.000000 33.000000 
241.197394 30.360166 25.000000 34.000000 
241.197394 30.360166 25.000000 34.000000 
241.197394 30.360166 25.000000 34.000000 
241.197394 30.360166 25.000000 34.000000 
241.197394 30.360166 25.000000 34.000000 
239.241071 32.316489 25.000000 34.000000 
239.741071 30.940323 24.000000 33.000000 
239.741071 33.303940 24.000000 32.000000 
243.468304 31.440323 24.000000 32.000000 
245.331921 31.440323 24.000000 32.000000 
245.331921 31.440323 24.000000 32.000000 
243.468304 31.440323 24.000000 32.000000 
243.968304 31.440323 23.000000 32.000000 
243.968304 30.156843 23.000000 31.000000 
246.237573 30.156843 22.000000 31.000000 
246.237573 30.156843 22.000000 31.000000 
244.468304 30.156843 22.000000 31.000000 
246.237573 30.156843 22.000000 31.000000 
248.006841 28.387575 22.000000 31.000000 
248.006841 28.387575 22.000000 31.000000 
245.723361 28.387575 23.000000 31.000000 
245.723361 28.387575 23.000000 31.000000 
245.723361 28.387575 23.000000 31.000000 
243.939882 28.387575 23.000000 31.000000 
243.939882 30.171055 23.000000 31.000000 
245.723361 30.171055 23.000000 31.000000 
245.723361 28.387575 23.000000 31.000000 
243.939882 28.387575 23.000000 31.000000 
243.939882 28.387575 23.000000 31.000000 
245.723361 28.387575 23.000000 31.000000 
245.723361 26.604095 23.000000 31.000000 
245.723361 24.820615 23.000000 31.000000 
245.723361 24.820615 23.000000 31.000000 
247.506841 24.820615 23.000000 31.000000 
245.723361 23.037136 23.000000 31.000000 
245.723361 23.037136 23.000000 31.000000 
243.939882 24.820615 23.000000 31.000000 
245.723361 24.820615 23.000000 31.000000 
245.723361 24.820615 23.000000 31.000000 
245.723361 24.820615 23.000000 31.000000 
245.723361 24.820615 23.000000 31.000000 
243.939882 24.820615 23.000000 31.000000 
243.939882 24.820615 23.000000 31.000000 
243.939882 24.820615 23.000000 31.000000 
245.723361 24.820615 23.000000 31.000000 
245.723361 24.820615 23.000000 31.000000 
245.723361 23.037136 23.000000 31.000000 
243.939882 23.037136 23.000000 31.000000 
245.723361 23.037136 23.000000 31.000000 
246.223361 23.037136 22.000000 31.000000 
247.992630 23.037136 22.000000 31.000000 
247.992630 23.037136 22.000000 31.000000 
247.992630 23.037136 22.000000 31.000000 
247.992630 23.037136 22.000000 31.000000 
247.992630 23.037136 22.000000 31.000000 
246.223361 23.037136 22.000000 31.000000 
244.454093 23.037136 22.000000 31.000000 
244.454093 21.267867 22.000000 31.000000 
244.454093 23.037136 22.000000 31.000000 
242.684824 21.267867 22.000000 31.000000 
242.684824 19.498599 22.000000 31.000000 
242.684824 17.729330 22.000000 31.000000 
244.454093 15.960061 22.000000 31.000000 
246.223361 12.421524 22.000000 31.000000 
246.223361 10.652256 22.000000 31.000000 
246.223361 8.882987 22.000000 31.000000 
247.992630 5.344450 22.000000 31.000000 
249.761898 5.344450 22.000000 31.000000 
249.761898 3.575182 22.000000 31.000000 
247.992630 5.344450 22.000000 31.000000 
235.165433 3.575182 22.000000 31.000000 
235.165433 1.805913 22.000000 31.000000 
233.396165 1.805913 22.000000 31.000000 
233.396165 1.805913 22.000000 31.000000 
229.857628 3.575182 22.000000 31.000000 
224.747637 2.371852 22.000000 30.000000 
221.366119 1.181093 22.000000 29.000000 
221.366119 1.181093 22.000000 29.000000 
223.056878 2.871852 22.000000 29.000000 
221.366119 1.181093 22.000000 29.000000 
223.056878 4.562611 22.000000 29.000000 
219.675360 2.871852 22.000000 29.000000 
219.675360 4.562611 22.000000 29.000000 
217.984601 4.562611 22.000000 29.000000 
217.984601 4.562611 22.000000 29.000000 
216.293841 6.253370 22.000000 29.000000 
215.117231 7.929980 21.000000 29.000000 
216.727862 8.429980 21.000000 28.000000 
215.117231 10.040612 21.000000 28.000000 
213.506600 10.040612 21.000000 28.000000 
211.895968 10.040612 21.000000 28.000000 
210.285337 10.040612 21.000000 28.000000 
210.285337 9.540612 21.000000 29.000000 
210.285337 9.540612 21.000000 29.000000 
209.785337 9.540612 22.000000 29.000000 
208.094578 9.540612 22.000000 29.000000 
208.094578 9.040612 22.000000 30.000000 
206.391248 9.040612 22.000000 30.000000 
213.204568 9.040612 22.000000 30.000000 
218.314558 14.150602 22.000000 30.000000 
213.204568 14.150602 22.000000 30.000000 
213.204568 10.112065 22.000000 31.000000 
211.435300 8.342796 22.000000 31.000000 
211.435300 10.112065 22.000000 31.000000 
209.666031 8.342796 22.000000 31.000000 
209.666031 10.112065 22.000000 31.000000 
209.666031 10.112065 22.000000 31.000000 
209.666031 11.881334 22.000000 31.000000 
209.666031 11.881334 22.000000 31.000000 
213.204568 10.112065 22.000000 31.000000 
