204.000000 73.000000 34.000000 42.000000 
203.686950 73.313050 34.000000 42.000000 
201.495604 73.626099 34.000000 42.000000 
201.808653 73.313050 34.000000 42.000000 
201.495604 73.000000 34.000000 42.000000 
201.808653 72.686950 34.000000 42.000000 
201.495604 73.000000 34.000000 42.000000 
201.808653 77.695743 34.000000 42.000000 
202.121703 82.391486 34.000000 42.000000 
202.434752 87.713327 34.000000 42.000000 
204.626099 89.904674 34.000000 42.000000 
204.313050 89.591624 34.000000 42.000000 
204.626099 82.391486 34.000000 42.000000 
207.294091 75.148657 33.000000 41.000000 
207.603804 67.405829 33.000000 41.000000 
209.771796 62.760132 33.000000 41.000000 
211.939788 59.972714 33.000000 41.000000 
214.107780 60.282427 33.000000 41.000000 
216.275772 63.069845 33.000000 41.000000 
218.443764 70.193247 33.000000 41.000000 
220.611755 77.316649 33.000000 41.000000 
222.779747 82.581772 33.000000 41.000000 
225.492716 85.191859 33.000000 40.000000 
230.617213 82.478890 33.000000 40.000000 
233.404631 74.855488 33.000000 41.000000 
238.050328 69.590365 33.000000 41.000000 
240.837746 64.325242 33.000000 41.000000 
243.625164 64.015529 33.000000 41.000000 
246.412583 64.325242 33.000000 41.000000 
249.200001 68.970939 33.000000 41.000000 
249.509714 74.236062 33.000000 41.000000 
251.677706 81.359464 33.000000 41.000000 
251.367993 84.146882 33.000000 41.000000 
249.200001 81.978890 33.000000 41.000000 
244.554304 76.713767 33.000000 41.000000 
239.289181 68.970939 33.000000 41.000000 
234.024057 64.325242 33.000000 41.000000 
225.697819 61.633895 34.000000 42.000000 
215.367185 63.825242 34.000000 42.000000 
210.602062 68.970939 33.000000 41.000000 
202.859234 74.236062 33.000000 41.000000 
195.735832 79.501185 33.000000 41.000000 
187.993004 84.766309 33.000000 41.000000 
182.727881 85.076022 33.000000 41.000000 
177.462757 82.288604 33.000000 41.000000 
172.197634 77.023480 33.000000 41.000000 
170.029642 71.758357 33.000000 41.000000 
164.764519 71.448644 33.000000 41.000000 
157.021691 76.713767 33.000000 41.000000 
154.853699 79.501185 33.000000 41.000000 
152.066281 84.766309 33.000000 41.000000 
151.756568 86.934300 33.000000 41.000000 
151.446855 86.624587 33.000000 41.000000 
154.234273 78.881759 33.000000 41.000000 
154.543986 73.616636 33.000000 41.000000 
159.809109 65.873808 33.000000 41.000000 
165.074232 60.608685 33.000000 41.000000 
170.339355 58.440693 33.000000 41.000000 
178.082184 61.228111 33.000000 41.000000 
185.825012 66.493234 33.000000 41.000000 
193.567840 74.236062 33.000000 41.000000 
200.691242 81.359464 33.000000 41.000000 
205.956365 81.669177 33.000000 41.000000 
211.221488 76.404054 33.000000 41.000000 
218.964317 68.661226 33.000000 41.000000 
223.610014 60.918398 33.000000 41.000000 
226.397432 56.272701 33.000000 41.000000 
231.662555 56.582414 33.000000 41.000000 
234.449973 56.892127 33.000000 41.000000 
237.237391 62.157250 33.000000 41.000000 
240.024809 69.900078 33.000000 41.000000 
242.812228 75.165202 33.000000 41.000000 
243.121941 77.333193 33.000000 41.000000 
242.812228 72.687497 33.000000 41.000000 
239.494782 66.865655 34.000000 42.000000 
234.799039 59.039417 34.000000 42.000000 
230.103296 53.717575 34.000000 42.000000 
224.111305 52.894517 35.000000 43.000000 
218.619314 53.217575 35.000000 43.000000 
210.542857 58.709566 35.000000 43.000000 
202.466399 66.786024 35.000000 43.000000 
194.389942 74.862481 35.000000 43.000000 
186.313484 77.123889 35.000000 43.000000 
180.821493 71.631898 35.000000 43.000000 
170.160569 66.786024 35.000000 43.000000 
162.084111 64.524616 35.000000 43.000000 
156.592120 64.847674 35.000000 43.000000 
151.100129 65.170732 35.000000 43.000000 
148.838721 70.662723 35.000000 43.000000 
140.762263 78.739181 35.000000 43.000000 
132.685806 86.815638 35.000000 43.000000 
140.762263 83.908114 35.000000 43.000000 
140.439205 81.646706 35.000000 43.000000 
140.116147 74.216365 35.000000 43.000000 
142.388722 65.600023 35.000000 44.000000 
147.907835 54.886452 35.000000 44.000000 
156.024176 51.964569 35.000000 44.000000 
164.140518 49.691994 35.000000 44.000000 
174.854089 51.964569 35.000000 44.000000 
182.970430 57.483682 35.000000 44.000000 
193.631354 68.644606 35.000000 43.000000 
201.707812 74.136597 35.000000 43.000000 
204.615336 74.459655 35.000000 43.000000 
204.938395 69.613780 35.000000 43.000000 
204.615336 61.537323 35.000000 43.000000 
201.707812 56.691448 35.000000 43.000000 
198.800287 53.783924 35.000000 43.000000 
193.308296 54.106982 35.000000 43.000000 
187.816305 59.598973 35.000000 43.000000 
179.699963 67.215315 35.000000 44.000000 
172.232929 77.928885 35.000000 44.000000 
169.311046 86.045227 35.000000 44.000000 
167.038470 85.720573 35.000000 44.000000 
166.713817 80.201461 35.000000 44.000000 
167.038470 72.085120 35.000000 44.000000 
172.557582 63.968778 35.000000 44.000000 
178.076695 58.449666 35.000000 44.000000 
186.193036 58.774319 35.000000 44.000000 
194.309378 61.696202 35.000000 44.000000 
201.776412 69.812544 35.000000 44.000000 
206.646217 79.876807 35.000000 44.000000 
208.918793 87.993149 35.000000 44.000000 
209.243446 90.915032 35.000000 44.000000 
209.568100 91.239686 35.000000 44.000000 
206.646217 88.317803 35.000000 44.000000 
201.127105 80.201461 35.000000 44.000000 
196.257300 72.085120 35.000000 44.000000 
190.765309 61.924196 35.000000 43.000000 
183.334968 54.493855 35.000000 43.000000 
179.139225 52.802508 34.000000 42.000000 
176.321779 53.115558 34.000000 42.000000 
171.626037 55.933003 34.000000 42.000000 
168.808591 61.254845 34.000000 42.000000 
168.495541 69.081083 34.000000 42.000000 
168.808591 76.907321 34.000000 42.000000 
169.121640 87.237955 34.000000 42.000000 
171.939086 97.568589 34.000000 42.000000 
177.084783 108.289122 33.000000 41.000000 
181.730480 110.457114 33.000000 41.000000 
186.376177 107.669696 33.000000 41.000000 
191.641300 99.926868 33.000000 41.000000 
198.764702 89.706334 33.000000 41.000000 
205.888104 81.963506 33.000000 41.000000 
213.011506 76.698383 33.000000 41.000000 
218.276629 76.388670 33.000000 41.000000 
226.019457 79.176088 33.000000 41.000000 
228.806876 81.963506 33.000000 41.000000 
230.974867 84.750924 33.000000 41.000000 
230.665154 86.918916 33.000000 41.000000 
225.400031 82.273219 33.000000 41.000000 
220.134908 77.008096 33.000000 41.000000 
212.598883 69.972072 33.000000 40.000000 
205.062859 67.259103 33.000000 40.000000 
197.526834 66.957662 33.000000 40.000000 
187.306301 69.245080 33.000000 41.000000 
179.563473 76.368482 33.000000 41.000000 
171.820644 84.111310 33.000000 41.000000 
169.033226 91.854138 33.000000 41.000000 
169.342939 94.022130 33.000000 41.000000 
172.130358 91.234712 33.000000 41.000000 
179.873186 83.491884 33.000000 41.000000 
189.703820 72.661250 34.000000 42.000000 
200.034454 62.330616 34.000000 42.000000 
212.869484 60.139269 34.000000 42.000000 
223.200118 60.452319 34.000000 42.000000 
236.035148 65.148061 34.000000 42.000000 
243.861386 72.348200 34.000000 42.000000 
249.183228 80.174438 34.000000 42.000000 
253.878971 85.496280 34.000000 42.000000 
253.565921 87.687627 34.000000 42.000000 
250.748476 82.365785 34.000000 42.000000 
245.426634 74.539547 34.000000 42.000000 
237.600396 64.208913 34.000000 42.000000 
227.895861 58.887071 34.000000 42.000000 
217.565227 56.069625 34.000000 42.000000 
206.404303 55.892684 35.000000 43.000000 
198.327845 63.323025 35.000000 43.000000 
192.835854 71.399482 35.000000 43.000000 
187.989980 79.475940 35.000000 43.000000 
190.251388 84.321814 35.000000 43.000000 
195.743379 83.998756 35.000000 43.000000 
203.173720 75.922298 35.000000 43.000000 
213.834644 67.845841 35.000000 43.000000 
227.080034 62.353850 35.000000 43.000000 
240.325425 59.446325 35.000000 43.000000 
253.570815 61.707733 35.000000 43.000000 
264.284386 66.077538 35.000000 44.000000 
274.348649 73.544572 35.000000 44.000000 
281.815684 81.660914 35.000000 44.000000 
284.737567 86.530719 35.000000 44.000000 
285.062220 88.803294 35.000000 44.000000 
282.140337 85.881411 35.000000 44.000000 
276.621225 77.765070 35.000000 44.000000 
268.504883 69.648728 35.000000 44.000000 
257.791313 64.129616 35.000000 44.000000 
249.674971 61.857040 35.000000 44.000000 
238.961400 62.181694 35.000000 44.000000 
230.845059 67.051499 35.000000 44.000000 
219.301146 72.240787 36.000000 45.000000 
208.257234 80.607387 36.000000 45.000000 
199.890634 83.619364 36.000000 45.000000 
192.274292 86.391939 35.000000 44.000000 
184.157951 84.119364 35.000000 44.000000 
176.041609 78.600251 35.000000 44.000000 
170.522497 75.678368 35.000000 44.000000 
165.652692 72.756485 35.000000 44.000000 
160.133580 75.678368 35.000000 44.000000 
154.614467 81.197481 35.000000 44.000000 
149.768593 87.189472 35.000000 43.000000 
146.861068 92.681463 35.000000 43.000000 
144.599660 95.588988 35.000000 43.000000 
144.276602 95.912046 35.000000 43.000000 
144.599660 90.420055 35.000000 43.000000 
147.507185 82.343597 35.000000 43.000000 
152.353059 71.682673 35.000000 43.000000 
157.845050 64.252332 35.000000 43.000000 
163.337042 61.344808 35.000000 43.000000 
171.413499 61.021749 35.000000 43.000000 
179.489957 63.283157 35.000000 43.000000 
187.566414 68.129032 35.000000 43.000000 
193.058405 72.974906 35.000000 43.000000 
201.134863 72.651848 35.000000 43.000000 
206.626854 67.159857 35.000000 43.000000 
209.534379 61.667866 35.000000 43.000000 
212.851824 59.350420 34.000000 42.000000 
215.043171 59.037371 34.000000 42.000000 
214.730122 59.350420 34.000000 42.000000 
214.920408 64.496117 33.000000 41.000000 
212.132990 69.141814 33.000000 41.000000 
209.420021 67.531727 33.000000 40.000000 
206.707053 62.407231 33.000000 40.000000 
201.582556 55.474088 33.000000 40.000000 
198.869587 50.952473 33.000000 40.000000 
193.745090 48.239504 33.000000 40.000000 
188.620594 48.540945 33.000000 40.000000 
181.687451 51.253914 33.000000 40.000000 
176.562954 58.789939 33.000000 40.000000 
169.439552 66.032767 33.000000 41.000000 
166.726583 74.068792 33.000000 40.000000 
162.204969 81.001934 33.000000 40.000000 
161.903528 78.891847 33.000000 40.000000 
159.793441 73.767351 33.000000 40.000000 
161.903528 63.819798 33.000000 40.000000 
164.616497 53.872246 33.000000 40.000000 
169.138111 46.939103 33.000000 40.000000 
174.262608 44.226134 33.000000 40.000000 
179.527731 41.558142 33.000000 41.000000 
184.173428 44.345560 33.000000 41.000000 
189.297925 49.970057 33.000000 40.000000 
194.892885 59.860274 32.000000 40.000000 
200.317672 72.237701 31.000000 39.000000 
205.242458 84.694514 31.000000 39.000000 
207.849698 94.254393 31.000000 39.000000 
210.456938 96.282247 31.000000 39.000000 
210.746631 89.039914 31.000000 39.000000 
210.458534 80.032706 31.000000 38.000000 
208.441854 65.915943 31.000000 38.000000 
205.848979 56.408735 31.000000 38.000000 
201.503579 48.666402 31.000000 39.000000 
198.306247 46.068477 32.000000 40.000000 
195.093278 48.178564 33.000000 40.000000 
192.305860 50.465982 33.000000 41.000000 
191.996147 60.686515 33.000000 41.000000 
193.687494 68.012753 34.000000 42.000000 
194.000543 78.343387 34.000000 42.000000 
197.287961 86.586215 33.000000 41.000000 
200.075379 88.754207 33.000000 41.000000 
202.862798 83.489084 33.000000 41.000000 
205.650216 75.746256 33.000000 41.000000 
208.437634 68.003428 33.000000 41.000000 
211.225052 62.738305 33.000000 41.000000 
215.870749 57.473181 33.000000 41.000000 
218.188195 56.660132 34.000000 42.000000 
220.595719 58.421540 35.000000 43.000000 
223.503244 63.913531 35.000000 43.000000 
225.775820 70.880565 35.000000 44.000000 
228.697703 76.399678 35.000000 44.000000 
228.532367 78.242326 36.000000 45.000000 
228.197703 75.899678 36.000000 45.000000 
