211.000000 76.000000 34.000000 40.000000 
211.000000 76.000000 34.000000 40.000000 
208.521291 76.000000 34.000000 40.000000 
206.042581 76.000000 34.000000 40.000000 
203.563872 76.000000 34.000000 40.000000 
201.085163 76.000000 34.000000 40.000000 
201.085163 76.000000 34.000000 40.000000 
198.606453 76.000000 34.000000 40.000000 
196.127744 76.000000 34.000000 40.000000 
193.649035 76.000000 34.000000 40.000000 
193.649035 76.000000 34.000000 40.000000 
191.170325 73.521291 34.000000 40.000000 
191.170325 73.521291 34.000000 40.000000 
191.170325 73.521291 34.000000 40.000000 
191.170325 73.521291 34.000000 40.000000 
188.164936 73.021291 35.000000 41.000000 
188.664936 73.521291 34.000000 40.000000 
189.164936 76.419957 33.000000 39.000000 
189.164936 76.419957 33.000000 39.000000 
189.164936 76.419957 33.000000 39.000000 
189.164936 76.419957 33.000000 39.000000 
189.164936 76.419957 33.000000 39.000000 
189.164936 76.419957 33.000000 39.000000 
191.563602 76.419957 33.000000 39.000000 
189.164936 76.419957 33.000000 39.000000 
191.563602 76.419957 33.000000 39.000000 
189.164936 76.419957 33.000000 39.000000 
191.563602 76.419957 33.000000 39.000000 
189.164936 76.419957 33.000000 39.000000 
191.563602 76.419957 33.000000 39.000000 
191.563602 76.419957 33.000000 39.000000 
191.563602 76.419957 33.000000 39.000000 
191.563602 76.419957 33.000000 39.000000 
191.563602 76.419957 33.000000 39.000000 
191.563602 76.419957 33.000000 39.000000 
191.563602 76.419957 33.000000 39.000000 
191.563602 76.419957 33.000000 39.000000 
191.563602 76.419957 33.000000 39.000000 
191.563602 76.419957 33.000000 39.000000 
191.563602 76.419957 33.000000 39.000000 
189.164936 76.419957 33.000000 39.000000 
191.563602 76.419957 33.000000 39.000000 
189.164936 76.419957 33.000000 39.000000 
191.563602 76.419957 33.000000 39.000000 
189.164936 76.419957 33.000000 39.000000 
191.563602 76.419957 33.000000 39.000000 
189.164936 76.419957 33.000000 39.000000 
191.563602 76.419957 33.000000 39.000000 
189.164936 76.419957 33.000000 39.000000 
189.164936 76.419957 33.000000 39.000000 
189.164936 76.419957 33.000000 39.000000 
189.164936 76.419957 33.000000 39.000000 
189.164936 76.419957 33.000000 39.000000 
186.766269 76.419957 33.000000 39.000000 
186.766269 76.419957 33.000000 39.000000 
186.766269 76.419957 33.000000 39.000000 
186.766269 76.419957 33.000000 39.000000 
186.766269 76.419957 33.000000 39.000000 
189.164936 76.419957 33.000000 39.000000 
189.164936 76.419957 33.000000 39.000000 
191.563602 76.419957 33.000000 39.000000 
191.563602 76.419957 33.000000 39.000000 
193.962268 76.419957 33.000000 39.000000 
196.360934 76.419957 33.000000 39.000000 
196.360934 76.419957 33.000000 39.000000 
198.759601 76.419957 33.000000 39.000000 
198.759601 76.419957 33.000000 39.000000 
198.759601 76.419957 33.000000 39.000000 
198.759601 76.419957 33.000000 39.000000 
201.158267 76.419957 33.000000 39.000000 
201.158267 76.419957 33.000000 39.000000 
201.158267 76.419957 33.000000 39.000000 
203.556933 76.419957 33.000000 39.000000 
203.556933 76.419957 33.000000 39.000000 
203.556933 76.419957 33.000000 39.000000 
203.556933 76.419957 33.000000 39.000000 
203.556933 76.419957 33.000000 39.000000 
203.556933 76.419957 33.000000 39.000000 
203.556933 76.419957 33.000000 39.000000 
203.556933 76.419957 33.000000 39.000000 
203.556933 76.419957 33.000000 39.000000 
203.556933 76.419957 33.000000 39.000000 
205.955600 76.419957 33.000000 39.000000 
208.354266 76.419957 33.000000 39.000000 
208.354266 76.419957 33.000000 39.000000 
210.752932 76.419957 33.000000 39.000000 
210.752932 76.419957 33.000000 39.000000 
213.151598 76.419957 33.000000 39.000000 
215.550265 78.818623 33.000000 39.000000 
215.050265 78.318623 34.000000 40.000000 
217.528974 78.318623 34.000000 40.000000 
217.528974 78.318623 34.000000 40.000000 
220.007683 78.318623 34.000000 40.000000 
220.007683 78.318623 34.000000 40.000000 
222.486393 78.318623 34.000000 40.000000 
222.486393 78.318623 34.000000 40.000000 
222.986393 78.818623 33.000000 39.000000 
225.318774 81.651004 33.000000 38.000000 
225.318774 81.651004 33.000000 38.000000 
227.651154 81.651004 33.000000 38.000000 
227.651154 81.651004 33.000000 38.000000 
227.651154 81.651004 33.000000 38.000000 
227.651154 81.651004 33.000000 38.000000 
229.983535 81.651004 33.000000 38.000000 
229.983535 81.651004 33.000000 38.000000 
227.651154 81.651004 33.000000 38.000000 
227.651154 81.651004 33.000000 38.000000 
227.651154 81.651004 33.000000 38.000000 
225.318774 79.318623 33.000000 38.000000 
225.318774 81.651004 33.000000 38.000000 
222.986393 81.651004 33.000000 38.000000 
222.986393 79.318623 33.000000 38.000000 
220.654012 79.318623 33.000000 38.000000 
218.321631 79.318623 33.000000 38.000000 
218.321631 79.318623 33.000000 38.000000 
215.989251 79.318623 33.000000 38.000000 
215.989251 79.318623 33.000000 38.000000 
213.590584 78.818623 33.000000 39.000000 
213.590584 78.818623 33.000000 39.000000 
211.191918 78.818623 33.000000 39.000000 
211.191918 78.818623 33.000000 39.000000 
208.793252 78.818623 33.000000 39.000000 
206.394585 76.419957 33.000000 39.000000 
206.394585 78.818623 33.000000 39.000000 
203.995919 76.419957 33.000000 39.000000 
203.995919 78.818623 33.000000 39.000000 
201.597253 76.419957 33.000000 39.000000 
199.198586 78.818623 33.000000 39.000000 
199.198586 76.419957 33.000000 39.000000 
199.198586 78.818623 33.000000 39.000000 
196.799920 78.818623 33.000000 39.000000 
196.799920 78.818623 33.000000 39.000000 
196.799920 78.818623 33.000000 39.000000 
194.401254 78.818623 33.000000 39.000000 
194.401254 78.818623 33.000000 39.000000 
194.401254 78.818623 33.000000 39.000000 
192.002588 78.818623 33.000000 39.000000 
192.002588 78.818623 33.000000 39.000000 
189.603921 78.818623 33.000000 39.000000 
189.603921 78.818623 33.000000 39.000000 
187.205255 78.818623 33.000000 39.000000 
187.205255 78.818623 33.000000 39.000000 
187.205255 78.818623 33.000000 39.000000 
187.205255 81.217290 33.000000 39.000000 
184.806589 81.217290 33.000000 39.000000 
184.806589 81.217290 33.000000 39.000000 
184.806589 81.217290 33.000000 39.000000 
182.407922 81.217290 33.000000 39.000000 
184.806589 81.217290 33.000000 39.000000 
182.407922 81.217290 33.000000 39.000000 
182.407922 81.217290 33.000000 39.000000 
182.407922 81.217290 33.000000 39.000000 
184.806589 81.217290 33.000000 39.000000 
182.407922 81.217290 33.000000 39.000000 
184.806589 81.217290 33.000000 39.000000 
184.806589 78.818623 33.000000 39.000000 
184.806589 78.818623 33.000000 39.000000 
184.806589 78.818623 33.000000 39.000000 
184.806589 76.419957 33.000000 39.000000 
184.806589 76.419957 33.000000 39.000000 
184.806589 76.419957 33.000000 39.000000 
187.205255 76.419957 33.000000 39.000000 
187.205255 76.419957 33.000000 39.000000 
187.205255 76.419957 33.000000 39.000000 
187.205255 74.021291 33.000000 39.000000 
187.205255 74.021291 33.000000 39.000000 
187.205255 74.021291 33.000000 39.000000 
187.205255 74.021291 33.000000 39.000000 
187.205255 71.622624 33.000000 39.000000 
187.205255 71.622624 33.000000 39.000000 
187.205255 72.122624 33.000000 38.000000 
189.537636 72.122624 33.000000 38.000000 
187.205255 72.122624 33.000000 38.000000 
189.537636 72.122624 33.000000 38.000000 
187.205255 72.122624 33.000000 38.000000 
189.537636 72.122624 33.000000 38.000000 
187.205255 72.122624 33.000000 38.000000 
189.537636 72.122624 33.000000 38.000000 
187.205255 72.122624 33.000000 38.000000 
189.537636 72.122624 33.000000 38.000000 
187.205255 72.122624 33.000000 38.000000 
189.537636 72.122624 33.000000 38.000000 
187.205255 72.122624 33.000000 38.000000 
189.537636 72.122624 33.000000 38.000000 
187.205255 72.122624 33.000000 38.000000 
187.205255 69.790244 33.000000 38.000000 
187.205255 69.790244 33.000000 38.000000 
187.205255 69.790244 33.000000 38.000000 
187.205255 69.790244 33.000000 38.000000 
187.205255 69.790244 33.000000 38.000000 
187.205255 69.790244 33.000000 38.000000 
187.205255 69.790244 33.000000 38.000000 
187.205255 69.790244 33.000000 38.000000 
187.205255 69.790244 33.000000 38.000000 
187.205255 69.790244 33.000000 38.000000 
187.205255 69.790244 33.000000 38.000000 
187.205255 69.790244 33.000000 38.000000 
187.205255 69.790244 33.000000 38.000000 
187.205255 69.790244 33.000000 38.000000 
187.705255 69.790244 32.000000 38.000000 
187.705255 69.790244 32.000000 38.000000 
187.705255 69.790244 32.000000 38.000000 
187.705255 69.790244 32.000000 38.000000 
187.705255 69.790244 32.000000 38.000000 
187.705255 69.790244 32.000000 38.000000 
187.705255 69.790244 32.000000 38.000000 
187.705255 69.790244 32.000000 38.000000 
187.705255 69.790244 32.000000 38.000000 
187.705255 69.790244 32.000000 38.000000 
187.705255 69.790244 32.000000 38.000000 
187.705255 69.790244 32.000000 38.000000 
187.705255 69.790244 32.000000 38.000000 
187.705255 72.108864 32.000000 38.000000 
187.705255 72.108864 32.000000 38.000000 
187.705255 72.108864 32.000000 38.000000 
187.705255 72.108864 32.000000 38.000000 
187.705255 72.108864 32.000000 38.000000 
187.705255 72.108864 32.000000 38.000000 
190.023875 74.427484 32.000000 38.000000 
189.523875 74.427484 33.000000 38.000000 
189.523875 74.427484 33.000000 38.000000 
189.523875 74.427484 33.000000 38.000000 
189.523875 74.427484 33.000000 38.000000 
189.523875 74.427484 33.000000 38.000000 
189.523875 74.427484 33.000000 38.000000 
189.523875 74.427484 33.000000 38.000000 
189.523875 74.427484 33.000000 38.000000 
189.523875 74.427484 33.000000 38.000000 
189.523875 74.427484 33.000000 38.000000 
191.856256 74.427484 33.000000 38.000000 
191.856256 74.427484 33.000000 38.000000 
194.188637 74.427484 33.000000 38.000000 
194.188637 74.427484 33.000000 38.000000 
196.521018 74.427484 33.000000 38.000000 
196.521018 74.427484 33.000000 38.000000 
198.853398 74.427484 33.000000 38.000000 
198.853398 74.427484 33.000000 38.000000 
201.185779 76.759865 33.000000 38.000000 
203.518160 76.759865 33.000000 38.000000 
203.518160 76.759865 33.000000 38.000000 
203.518160 76.759865 33.000000 38.000000 
205.850541 76.759865 33.000000 38.000000 
205.850541 76.759865 33.000000 38.000000 
205.850541 76.759865 33.000000 38.000000 
208.182921 76.759865 33.000000 38.000000 
208.182921 76.759865 33.000000 38.000000 
208.182921 76.759865 33.000000 38.000000 
208.182921 76.759865 33.000000 38.000000 
208.182921 76.759865 33.000000 38.000000 
208.182921 76.759865 33.000000 38.000000 
208.182921 76.759865 33.000000 38.000000 
208.182921 76.759865 33.000000 38.000000 
208.182921 76.759865 33.000000 38.000000 
208.182921 78.658531 33.000000 39.000000 
208.182921 76.259865 33.000000 39.000000 
208.182921 76.259865 33.000000 39.000000 
205.204212 75.759865 34.000000 40.000000 
205.204212 73.281156 34.000000 40.000000 
205.204212 73.281156 34.000000 40.000000 
205.204212 73.281156 34.000000 40.000000 
204.704212 70.275766 35.000000 41.000000 
204.704212 70.275766 35.000000 41.000000 
204.704212 69.775766 35.000000 42.000000 
204.704212 67.204126 35.000000 42.000000 
204.704212 67.204126 35.000000 42.000000 
204.204212 67.204126 36.000000 42.000000 
204.204212 67.204126 36.000000 42.000000 
204.204212 64.618696 36.000000 42.000000 
203.704212 64.118696 37.000000 43.000000 
203.704212 64.118696 37.000000 43.000000 
203.704212 64.118696 37.000000 43.000000 
203.704212 64.118696 37.000000 43.000000 
203.704212 61.453230 37.000000 43.000000 
203.204212 60.953230 38.000000 44.000000 
203.204212 60.953230 38.000000 44.000000 
203.204212 60.953230 38.000000 44.000000 
203.204212 60.953230 38.000000 44.000000 
203.204212 60.953230 38.000000 44.000000 
203.204212 58.207729 38.000000 44.000000 
203.204212 57.707729 38.000000 45.000000 
203.204212 57.707729 38.000000 45.000000 
203.204212 57.707729 38.000000 45.000000 
203.204212 57.707729 38.000000 45.000000 
203.204212 57.707729 38.000000 45.000000 
203.204212 57.707729 38.000000 45.000000 
203.204212 57.707729 38.000000 45.000000 
203.204212 57.707729 38.000000 45.000000 
203.204212 57.707729 38.000000 45.000000 
203.204212 57.707729 38.000000 45.000000 
200.445791 54.949307 38.000000 45.000000 
199.945791 57.287773 39.000000 46.000000 
199.945791 57.287773 39.000000 46.000000 
199.945791 57.287773 39.000000 46.000000 
199.945791 57.287773 39.000000 46.000000 
199.945791 54.449307 39.000000 46.000000 
199.945791 54.449307 39.000000 46.000000 
199.945791 54.449307 39.000000 46.000000 
199.945791 57.287773 39.000000 46.000000 
199.945791 57.287773 39.000000 46.000000 
199.945791 57.287773 39.000000 46.000000 
199.945791 57.287773 39.000000 46.000000 
199.945791 57.287773 39.000000 46.000000 
199.945791 57.287773 39.000000 46.000000 
199.945791 57.287773 39.000000 46.000000 
199.945791 57.287773 39.000000 46.000000 
199.945791 57.287773 39.000000 46.000000 
199.945791 57.287773 39.000000 46.000000 
199.945791 60.126239 39.000000 46.000000 
199.945791 60.126239 39.000000 46.000000 
199.945791 60.126239 39.000000 46.000000 
200.445791 60.626239 38.000000 45.000000 
200.445791 60.626239 38.000000 45.000000 
200.445791 60.626239 38.000000 45.000000 
200.445791 60.626239 38.000000 45.000000 
200.445791 60.626239 38.000000 45.000000 
200.445791 63.384660 38.000000 45.000000 
200.445791 63.884660 38.000000 44.000000 
200.445791 63.884660 38.000000 44.000000 
200.445791 66.630162 38.000000 44.000000 
200.945791 67.130162 37.000000 43.000000 
200.945791 67.130162 37.000000 43.000000 
200.945791 69.795628 37.000000 43.000000 
204.031220 70.295628 36.000000 42.000000 
204.031220 72.881058 36.000000 42.000000 
204.031220 72.881058 36.000000 42.000000 
204.031220 72.881058 36.000000 42.000000 
204.031220 75.466487 36.000000 42.000000 
204.531220 78.038127 35.000000 42.000000 
204.531220 78.038127 35.000000 42.000000 
204.531220 78.038127 35.000000 42.000000 
204.531220 78.538127 35.000000 41.000000 
204.531220 81.043517 35.000000 41.000000 
204.531220 81.043517 35.000000 41.000000 
207.509929 81.543517 34.000000 40.000000 
207.509929 81.543517 34.000000 40.000000 
207.509929 81.543517 34.000000 40.000000 
207.509929 81.543517 34.000000 40.000000 
207.509929 81.543517 34.000000 40.000000 
207.509929 79.064807 34.000000 40.000000 
209.988638 79.064807 34.000000 40.000000 
210.488638 77.166141 33.000000 39.000000 
210.488638 77.166141 33.000000 39.000000 
210.488638 77.166141 33.000000 39.000000 
210.488638 77.166141 33.000000 39.000000 
210.488638 77.166141 33.000000 39.000000 
210.488638 77.166141 33.000000 39.000000 
210.488638 74.767475 33.000000 39.000000 
210.488638 74.767475 33.000000 39.000000 
210.488638 74.767475 33.000000 39.000000 
210.488638 74.767475 33.000000 39.000000 
210.488638 74.767475 33.000000 39.000000 
208.089972 74.767475 33.000000 39.000000 
208.089972 74.767475 33.000000 39.000000 
208.089972 74.767475 33.000000 39.000000 
205.691306 74.767475 33.000000 39.000000 
205.691306 74.767475 33.000000 39.000000 
203.292640 74.767475 33.000000 39.000000 
203.292640 74.767475 33.000000 39.000000 
203.292640 74.767475 33.000000 39.000000 
200.893973 74.767475 33.000000 39.000000 
200.893973 74.767475 33.000000 39.000000 
200.893973 74.767475 33.000000 39.000000 
200.893973 74.767475 33.000000 39.000000 
200.893973 74.767475 33.000000 39.000000 
200.893973 74.767475 33.000000 39.000000 
203.292640 74.767475 33.000000 39.000000 
203.292640 74.767475 33.000000 39.000000 
205.691306 74.767475 33.000000 39.000000 
208.089972 74.767475 33.000000 39.000000 
210.488638 74.767475 33.000000 39.000000 
212.887305 74.767475 33.000000 39.000000 
215.285971 74.767475 33.000000 39.000000 
217.684637 74.767475 33.000000 39.000000 
220.083304 74.767475 33.000000 39.000000 
222.481970 74.767475 33.000000 39.000000 
227.279303 74.767475 33.000000 39.000000 
229.258012 74.267475 34.000000 40.000000 
231.736721 74.267475 34.000000 40.000000 
234.215431 74.267475 34.000000 40.000000 
236.694140 74.267475 34.000000 40.000000 
236.694140 74.267475 34.000000 40.000000 
239.172849 74.267475 34.000000 40.000000 
239.172849 74.267475 34.000000 40.000000 
241.651559 74.267475 34.000000 40.000000 
241.651559 74.267475 34.000000 40.000000 
241.651559 74.267475 34.000000 40.000000 
241.651559 74.267475 34.000000 40.000000 
241.651559 74.267475 34.000000 40.000000 
241.651559 74.267475 34.000000 40.000000 
239.172849 74.267475 34.000000 40.000000 
239.172849 74.267475 34.000000 40.000000 
236.694140 74.267475 34.000000 40.000000 
234.215431 74.267475 34.000000 40.000000 
234.215431 74.267475 34.000000 40.000000 
231.736721 74.267475 34.000000 40.000000 
229.258012 74.267475 34.000000 40.000000 
226.779303 74.267475 34.000000 40.000000 
223.680916 74.267475 34.000000 40.000000 
218.723497 74.267475 34.000000 40.000000 
216.824831 74.767475 33.000000 39.000000 
214.426165 74.767475 33.000000 39.000000 
212.027498 74.767475 33.000000 39.000000 
207.230166 77.166141 33.000000 39.000000 
204.831499 77.166141 33.000000 39.000000 
200.034167 77.166141 33.000000 39.000000 
197.635501 77.166141 33.000000 39.000000 
192.838168 77.166141 33.000000 39.000000 
190.439502 79.564807 33.000000 39.000000 
188.040835 77.166141 33.000000 39.000000 
185.642169 79.564807 33.000000 39.000000 
182.643836 79.564807 33.000000 39.000000 
180.245170 79.564807 33.000000 39.000000 
177.846504 79.564807 33.000000 39.000000 
177.846504 79.564807 33.000000 39.000000 
175.447837 79.564807 33.000000 39.000000 
175.447837 79.564807 33.000000 39.000000 
175.447837 79.564807 33.000000 39.000000 
177.846504 77.166141 33.000000 39.000000 
180.245170 77.166141 33.000000 39.000000 
182.643836 77.166141 33.000000 39.000000 
185.642169 77.166141 33.000000 39.000000 
190.439502 77.166141 33.000000 39.000000 
195.236834 77.166141 33.000000 39.000000 
197.635501 77.166141 33.000000 39.000000 
202.432833 77.166141 33.000000 39.000000 
205.431166 77.166141 33.000000 39.000000 
207.829832 79.564807 33.000000 39.000000 
210.228499 77.166141 33.000000 39.000000 
210.228499 77.166141 33.000000 39.000000 
212.627165 77.166141 33.000000 39.000000 
215.025831 77.166141 33.000000 39.000000 
215.025831 77.166141 33.000000 39.000000 
217.424497 77.166141 33.000000 39.000000 
217.424497 77.166141 33.000000 39.000000 
215.025831 74.767475 33.000000 39.000000 
212.627165 74.767475 33.000000 39.000000 
212.627165 74.767475 33.000000 39.000000 
210.228499 74.767475 33.000000 39.000000 
207.829832 74.767475 33.000000 39.000000 
205.431166 74.767475 33.000000 39.000000 
203.032500 74.767475 33.000000 39.000000 
200.633833 74.767475 33.000000 39.000000 
198.235167 77.166141 33.000000 39.000000 
195.836501 77.166141 33.000000 39.000000 
195.836501 79.564807 33.000000 39.000000 
193.437834 79.564807 33.000000 39.000000 
193.437834 79.564807 33.000000 39.000000 
191.039168 79.564807 33.000000 39.000000 
188.640502 79.564807 33.000000 39.000000 
186.241836 81.963474 33.000000 39.000000 
186.241836 81.963474 33.000000 39.000000 
186.241836 81.963474 33.000000 39.000000 
186.241836 81.963474 33.000000 39.000000 
186.241836 81.963474 33.000000 39.000000 
188.640502 81.963474 33.000000 39.000000 
188.640502 81.963474 33.000000 39.000000 
191.039168 79.564807 33.000000 39.000000 
193.437834 77.166141 33.000000 39.000000 
195.836501 77.166141 33.000000 39.000000 
195.836501 77.166141 33.000000 39.000000 
198.235167 77.166141 33.000000 39.000000 
200.633833 77.166141 33.000000 39.000000 
200.633833 77.166141 33.000000 39.000000 
203.032500 74.767475 33.000000 39.000000 
205.431166 74.767475 33.000000 39.000000 
207.829832 74.767475 33.000000 39.000000 
210.228499 74.767475 33.000000 39.000000 
212.627165 74.767475 33.000000 39.000000 
212.627165 74.767475 33.000000 39.000000 
212.627165 74.767475 33.000000 39.000000 
212.627165 74.767475 33.000000 39.000000 
212.627165 74.767475 33.000000 39.000000 
215.025831 74.767475 33.000000 39.000000 
215.025831 74.767475 33.000000 39.000000 
215.025831 74.767475 33.000000 39.000000 
215.025831 74.767475 33.000000 39.000000 
212.627165 74.767475 33.000000 39.000000 
212.627165 74.767475 33.000000 39.000000 
212.627165 74.767475 33.000000 39.000000 
212.627165 74.767475 33.000000 39.000000 
210.228499 74.767475 33.000000 39.000000 
210.228499 74.767475 33.000000 39.000000 
210.228499 74.767475 33.000000 39.000000 
210.228499 74.767475 33.000000 39.000000 
210.228499 74.767475 33.000000 39.000000 
210.228499 74.767475 33.000000 39.000000 
210.228499 74.767475 33.000000 39.000000 
210.228499 74.767475 33.000000 39.000000 
210.228499 74.767475 33.000000 39.000000 
210.228499 74.767475 33.000000 39.000000 
210.228499 74.767475 33.000000 39.000000 
210.228499 74.767475 33.000000 39.000000 
210.228499 74.767475 33.000000 39.000000 
210.228499 74.767475 33.000000 39.000000 
210.228499 74.767475 33.000000 39.000000 
210.228499 74.767475 33.000000 39.000000 
210.228499 74.767475 33.000000 39.000000 
210.228499 74.767475 33.000000 39.000000 
207.829832 74.767475 33.000000 39.000000 
207.829832 74.767475 33.000000 39.000000 
207.829832 74.767475 33.000000 39.000000 
207.829832 74.767475 33.000000 39.000000 
207.829832 74.767475 33.000000 39.000000 
205.431166 74.767475 33.000000 39.000000 
205.431166 75.267475 33.000000 38.000000 
205.431166 75.267475 33.000000 38.000000 
203.098785 75.267475 33.000000 38.000000 
200.766404 75.267475 33.000000 38.000000 
200.766404 75.267475 33.000000 38.000000 
200.766404 72.935094 33.000000 38.000000 
200.766404 72.935094 33.000000 38.000000 
200.766404 72.935094 33.000000 38.000000 
203.098785 72.935094 33.000000 38.000000 
203.098785 72.935094 33.000000 38.000000 
203.098785 72.935094 33.000000 38.000000 
203.098785 72.935094 33.000000 38.000000 
203.098785 72.935094 33.000000 38.000000 
203.098785 72.935094 33.000000 38.000000 
203.098785 72.935094 33.000000 38.000000 
205.431166 72.935094 33.000000 38.000000 
205.431166 72.935094 33.000000 38.000000 
205.431166 72.935094 33.000000 38.000000 
205.431166 72.935094 33.000000 38.000000 
205.431166 72.935094 33.000000 38.000000 
205.431166 72.935094 33.000000 38.000000 
205.431166 72.935094 33.000000 38.000000 
205.431166 72.935094 33.000000 38.000000 
205.431166 72.935094 33.000000 38.000000 
205.431166 72.935094 33.000000 38.000000 
205.431166 72.935094 33.000000 38.000000 
205.431166 72.935094 33.000000 38.000000 
205.431166 72.935094 33.000000 38.000000 
205.431166 72.935094 33.000000 38.000000 
205.431166 72.935094 33.000000 38.000000 
207.763547 72.935094 33.000000 38.000000 
205.364880 74.833760 33.000000 39.000000 
207.763547 72.435094 33.000000 39.000000 
207.763547 74.833760 33.000000 39.000000 
207.763547 72.435094 33.000000 39.000000 
207.763547 74.833760 33.000000 39.000000 
207.763547 74.833760 33.000000 39.000000 
207.763547 74.833760 33.000000 39.000000 
207.763547 74.833760 33.000000 39.000000 
210.162213 74.833760 33.000000 39.000000 
210.162213 74.833760 33.000000 39.000000 
210.162213 74.833760 33.000000 39.000000 
210.162213 74.833760 33.000000 39.000000 
212.560879 74.833760 33.000000 39.000000 
212.560879 72.435094 33.000000 39.000000 
212.560879 74.833760 33.000000 39.000000 
212.560879 74.833760 33.000000 39.000000 
212.560879 74.833760 33.000000 39.000000 
212.560879 74.833760 33.000000 39.000000 
212.560879 74.833760 33.000000 39.000000 
212.560879 75.333760 33.000000 38.000000 
213.060879 75.333760 32.000000 38.000000 
213.060879 75.333760 32.000000 38.000000 
213.060879 75.333760 32.000000 38.000000 
213.060879 75.333760 32.000000 38.000000 
213.060879 75.333760 32.000000 38.000000 
210.742259 75.333760 32.000000 38.000000 
210.742259 75.333760 32.000000 38.000000 
210.742259 75.333760 32.000000 38.000000 
210.742259 75.333760 32.000000 38.000000 
210.742259 75.333760 32.000000 38.000000 
210.742259 75.333760 32.000000 38.000000 
210.742259 75.333760 32.000000 38.000000 
210.742259 75.333760 32.000000 38.000000 
210.742259 75.333760 32.000000 38.000000 
208.423639 75.333760 32.000000 38.000000 
210.742259 75.333760 32.000000 38.000000 
208.423639 75.333760 32.000000 38.000000 
208.423639 75.333760 32.000000 38.000000 
208.423639 75.333760 32.000000 38.000000 
208.423639 75.333760 32.000000 38.000000 
208.423639 75.333760 32.000000 38.000000 
208.423639 75.333760 32.000000 38.000000 
208.423639 75.333760 32.000000 38.000000 
208.423639 75.333760 32.000000 38.000000 
208.423639 75.333760 32.000000 38.000000 
208.423639 75.333760 32.000000 38.000000 
208.423639 75.333760 32.000000 38.000000 
208.423639 75.333760 32.000000 38.000000 
208.423639 75.333760 32.000000 38.000000 
208.423639 75.333760 32.000000 38.000000 
208.423639 75.333760 32.000000 38.000000 
208.423639 75.333760 32.000000 38.000000 
208.423639 75.333760 32.000000 38.000000 
208.423639 75.333760 32.000000 38.000000 
208.423639 75.333760 32.000000 38.000000 
208.423639 75.333760 32.000000 38.000000 
208.423639 75.333760 32.000000 38.000000 
208.423639 75.333760 32.000000 38.000000 
208.423639 75.333760 32.000000 38.000000 
206.105018 75.333760 32.000000 38.000000 
206.105018 75.333760 32.000000 38.000000 
206.105018 75.333760 32.000000 38.000000 
203.272638 75.333760 33.000000 38.000000 
203.272638 75.333760 33.000000 38.000000 
203.272638 75.333760 33.000000 38.000000 
203.272638 75.333760 33.000000 38.000000 
203.272638 75.333760 33.000000 38.000000 
203.272638 73.001380 33.000000 38.000000 
203.272638 73.001380 33.000000 38.000000 
203.272638 73.001380 33.000000 38.000000 
203.272638 73.001380 33.000000 38.000000 
203.272638 73.001380 33.000000 38.000000 
203.272638 73.001380 33.000000 38.000000 
203.272638 73.001380 33.000000 38.000000 
203.272638 73.001380 33.000000 38.000000 
203.272638 73.001380 33.000000 38.000000 
203.272638 73.001380 33.000000 38.000000 
203.272638 73.001380 33.000000 38.000000 
203.272638 73.001380 33.000000 38.000000 
203.272638 73.001380 33.000000 38.000000 
203.272638 73.001380 33.000000 38.000000 
205.605018 73.001380 33.000000 38.000000 
205.605018 73.001380 33.000000 38.000000 
205.605018 73.001380 33.000000 38.000000 
205.605018 73.001380 33.000000 38.000000 
205.605018 75.333760 33.000000 38.000000 
205.605018 75.333760 33.000000 38.000000 
205.605018 75.333760 33.000000 38.000000 
205.605018 75.333760 33.000000 38.000000 
205.605018 75.333760 33.000000 38.000000 
205.605018 77.666141 33.000000 38.000000 
205.605018 77.666141 33.000000 38.000000 
205.605018 77.666141 33.000000 38.000000 
205.605018 77.666141 33.000000 38.000000 
205.605018 77.666141 33.000000 38.000000 
205.605018 77.666141 33.000000 38.000000 
205.605018 77.666141 33.000000 38.000000 
207.937399 77.666141 33.000000 38.000000 
207.937399 77.666141 33.000000 38.000000 
207.937399 79.998522 33.000000 38.000000 
207.937399 79.998522 33.000000 38.000000 
207.937399 79.998522 33.000000 38.000000 
207.937399 79.998522 33.000000 38.000000 
207.937399 79.998522 33.000000 38.000000 
210.269780 79.998522 33.000000 38.000000 
210.269780 79.998522 33.000000 38.000000 
210.269780 79.998522 33.000000 38.000000 
210.269780 79.998522 33.000000 38.000000 
210.269780 79.998522 33.000000 38.000000 
210.269780 79.998522 33.000000 38.000000 
210.269780 79.998522 33.000000 38.000000 
210.269780 79.998522 33.000000 38.000000 
210.269780 79.998522 33.000000 38.000000 
210.269780 79.998522 33.000000 38.000000 
210.269780 79.998522 33.000000 38.000000 
210.269780 79.998522 33.000000 38.000000 
210.269780 79.998522 33.000000 38.000000 
210.269780 79.998522 33.000000 38.000000 
210.269780 79.998522 33.000000 38.000000 
210.269780 79.998522 33.000000 38.000000 
210.269780 79.998522 33.000000 38.000000 
210.269780 79.998522 33.000000 38.000000 
210.269780 79.998522 33.000000 38.000000 
210.269780 79.998522 33.000000 38.000000 
210.269780 79.998522 33.000000 38.000000 
210.269780 79.998522 33.000000 38.000000 
210.269780 79.998522 33.000000 38.000000 
210.269780 79.998522 33.000000 38.000000 
210.269780 79.998522 33.000000 38.000000 
210.269780 79.998522 33.000000 38.000000 
210.269780 79.998522 33.000000 38.000000 
210.269780 79.998522 33.000000 38.000000 
210.269780 77.666141 33.000000 38.000000 
210.269780 77.666141 33.000000 38.000000 
210.269780 77.666141 33.000000 38.000000 
210.769780 77.666141 32.000000 38.000000 
210.769780 77.666141 32.000000 38.000000 
210.769780 77.666141 32.000000 38.000000 
210.769780 77.666141 32.000000 38.000000 
210.769780 77.666141 32.000000 38.000000 
210.769780 77.666141 32.000000 38.000000 
210.769780 77.666141 32.000000 38.000000 
210.769780 77.666141 32.000000 38.000000 
210.769780 77.666141 32.000000 38.000000 
210.769780 77.666141 32.000000 38.000000 
208.451160 77.666141 32.000000 38.000000 
210.769780 77.666141 32.000000 38.000000 
210.769780 77.666141 32.000000 38.000000 
210.769780 77.666141 32.000000 38.000000 
210.769780 77.666141 32.000000 38.000000 
210.769780 77.666141 32.000000 38.000000 
210.769780 77.666141 32.000000 38.000000 
210.769780 77.666141 32.000000 38.000000 
210.769780 77.666141 32.000000 38.000000 
210.769780 77.666141 32.000000 38.000000 
213.088400 77.666141 32.000000 38.000000 
213.088400 77.666141 32.000000 38.000000 
215.407021 77.666141 32.000000 38.000000 
215.407021 77.666141 32.000000 38.000000 
217.725641 77.666141 32.000000 38.000000 
220.044261 77.666141 32.000000 38.000000 
220.044261 77.666141 32.000000 38.000000 
222.782832 78.166141 31.000000 37.000000 
222.782832 78.166141 31.000000 37.000000 
222.782832 78.166141 31.000000 37.000000 
225.021403 78.166141 31.000000 37.000000 
225.021403 78.166141 31.000000 37.000000 
225.021403 78.166141 31.000000 37.000000 
225.021403 78.166141 31.000000 37.000000 
225.021403 78.166141 31.000000 37.000000 
225.021403 78.166141 31.000000 37.000000 
225.021403 78.166141 31.000000 37.000000 
225.021403 78.166141 31.000000 37.000000 
225.021403 78.166141 31.000000 37.000000 
222.782832 78.166141 31.000000 37.000000 
222.782832 78.166141 31.000000 37.000000 
220.544261 78.166141 31.000000 37.000000 
220.544261 78.166141 31.000000 37.000000 
218.305690 78.166141 31.000000 37.000000 
217.805690 77.666141 32.000000 38.000000 
215.487070 77.666141 32.000000 38.000000 
215.487070 77.666141 32.000000 38.000000 
215.487070 77.666141 32.000000 38.000000 
215.487070 77.666141 32.000000 38.000000 
213.168450 77.666141 32.000000 38.000000 
213.168450 77.666141 32.000000 38.000000 
213.168450 77.666141 32.000000 38.000000 
213.168450 77.666141 32.000000 38.000000 
213.168450 77.666141 32.000000 38.000000 
213.168450 77.666141 32.000000 38.000000 
213.168450 77.666141 32.000000 38.000000 
213.168450 77.666141 32.000000 38.000000 
213.168450 77.666141 32.000000 38.000000 
215.487070 77.666141 32.000000 38.000000 
215.487070 77.666141 32.000000 38.000000 
215.487070 77.666141 32.000000 38.000000 
215.487070 77.666141 32.000000 38.000000 
215.487070 79.984761 32.000000 38.000000 
215.487070 79.984761 32.000000 38.000000 
215.487070 79.984761 32.000000 38.000000 
215.487070 79.984761 32.000000 38.000000 
215.487070 79.984761 32.000000 38.000000 
215.487070 79.984761 32.000000 38.000000 
215.487070 79.984761 32.000000 38.000000 
215.487070 79.984761 32.000000 38.000000 
215.487070 79.984761 32.000000 38.000000 
215.487070 82.303382 32.000000 38.000000 
215.487070 82.303382 32.000000 38.000000 
215.487070 82.303382 32.000000 38.000000 
215.487070 82.303382 32.000000 38.000000 
215.487070 82.303382 32.000000 38.000000 
215.487070 82.303382 32.000000 38.000000 
215.487070 82.303382 32.000000 38.000000 
215.487070 82.303382 32.000000 38.000000 
215.487070 82.303382 32.000000 38.000000 
215.487070 82.303382 32.000000 38.000000 
213.168450 82.303382 32.000000 38.000000 
213.168450 82.303382 32.000000 38.000000 
213.168450 82.303382 32.000000 38.000000 
213.168450 82.303382 32.000000 38.000000 
213.168450 82.303382 32.000000 38.000000 
213.168450 82.303382 32.000000 38.000000 
213.168450 82.303382 32.000000 38.000000 
213.168450 82.303382 32.000000 38.000000 
213.168450 82.303382 32.000000 38.000000 
213.168450 82.303382 32.000000 38.000000 
213.168450 82.303382 32.000000 38.000000 
213.168450 82.303382 32.000000 38.000000 
213.168450 82.303382 32.000000 38.000000 
213.168450 82.303382 32.000000 38.000000 
213.168450 82.303382 32.000000 38.000000 
213.168450 82.303382 32.000000 38.000000 
213.168450 82.303382 32.000000 38.000000 
213.168450 82.303382 32.000000 38.000000 
213.168450 82.303382 32.000000 38.000000 
213.168450 82.303382 32.000000 38.000000 
213.168450 82.303382 32.000000 38.000000 
213.168450 82.303382 32.000000 38.000000 
213.168450 82.303382 32.000000 38.000000 
213.168450 82.303382 32.000000 38.000000 
213.168450 79.984761 32.000000 38.000000 
213.168450 79.984761 32.000000 38.000000 
213.168450 79.984761 32.000000 38.000000 
213.168450 79.984761 32.000000 38.000000 
213.168450 79.984761 32.000000 38.000000 
213.168450 79.984761 32.000000 38.000000 
213.168450 79.984761 32.000000 38.000000 
213.168450 79.984761 32.000000 38.000000 
213.168450 79.984761 32.000000 38.000000 
213.168450 79.984761 32.000000 38.000000 
215.487070 79.984761 32.000000 38.000000 
215.487070 79.984761 32.000000 38.000000 
215.487070 79.984761 32.000000 38.000000 
215.487070 79.984761 32.000000 38.000000 
215.487070 79.984761 32.000000 38.000000 
215.487070 79.984761 32.000000 38.000000 
215.487070 79.984761 32.000000 38.000000 
215.487070 79.984761 32.000000 38.000000 
215.487070 79.984761 32.000000 38.000000 
215.487070 79.984761 32.000000 38.000000 
215.487070 79.984761 32.000000 38.000000 
215.487070 79.984761 32.000000 38.000000 
215.487070 79.984761 32.000000 38.000000 
215.487070 79.984761 32.000000 38.000000 
215.487070 79.984761 32.000000 38.000000 
215.487070 79.984761 32.000000 38.000000 
215.487070 79.984761 32.000000 38.000000 
215.487070 79.984761 32.000000 38.000000 
215.487070 79.984761 32.000000 38.000000 
215.487070 79.984761 32.000000 38.000000 
215.487070 79.984761 32.000000 38.000000 
215.487070 79.984761 32.000000 38.000000 
215.487070 79.984761 32.000000 38.000000 
215.487070 79.984761 32.000000 38.000000 
213.168450 79.984761 32.000000 38.000000 
213.168450 79.984761 32.000000 38.000000 
213.168450 79.984761 32.000000 38.000000 
213.168450 79.984761 32.000000 38.000000 
213.168450 79.984761 32.000000 38.000000 
213.168450 79.984761 32.000000 38.000000 
213.168450 79.984761 32.000000 38.000000 
213.168450 79.984761 32.000000 38.000000 
213.168450 79.984761 32.000000 38.000000 
213.168450 79.984761 32.000000 38.000000 
210.849829 79.984761 32.000000 38.000000 
211.349829 80.484761 31.000000 37.000000 
211.349829 80.484761 31.000000 37.000000 
211.349829 80.484761 31.000000 37.000000 
211.349829 80.484761 31.000000 37.000000 
211.349829 80.484761 31.000000 37.000000 
211.349829 80.484761 31.000000 37.000000 
209.111258 80.484761 31.000000 37.000000 
209.111258 80.984761 31.000000 36.000000 
209.111258 80.984761 31.000000 36.000000 
209.111258 80.984761 31.000000 36.000000 
209.111258 80.984761 31.000000 36.000000 
209.111258 80.984761 31.000000 36.000000 
209.111258 80.984761 31.000000 36.000000 
209.111258 80.984761 31.000000 36.000000 
209.111258 80.984761 31.000000 36.000000 
209.111258 80.984761 31.000000 36.000000 
209.111258 80.984761 31.000000 36.000000 
209.111258 80.984761 31.000000 36.000000 
209.111258 80.984761 31.000000 36.000000 
209.111258 80.984761 31.000000 36.000000 
209.111258 80.984761 31.000000 36.000000 
209.111258 80.984761 31.000000 36.000000 
209.111258 80.984761 31.000000 36.000000 
209.111258 80.984761 31.000000 36.000000 
209.111258 80.984761 31.000000 36.000000 
209.111258 80.984761 31.000000 36.000000 
209.111258 80.984761 31.000000 36.000000 
209.111258 80.984761 31.000000 36.000000 
209.111258 80.984761 31.000000 36.000000 
211.336927 80.984761 31.000000 36.000000 
211.336927 80.484761 31.000000 37.000000 
211.336927 80.484761 31.000000 37.000000 
213.575498 80.484761 31.000000 37.000000 
213.075498 79.984761 32.000000 38.000000 
213.075498 79.984761 32.000000 38.000000 
213.075498 79.984761 32.000000 38.000000 
213.075498 79.984761 32.000000 38.000000 
215.394118 79.984761 32.000000 38.000000 
215.394118 79.984761 32.000000 38.000000 
215.394118 79.984761 32.000000 38.000000 
215.394118 79.984761 32.000000 38.000000 
215.394118 79.984761 32.000000 38.000000 
217.712738 79.984761 32.000000 38.000000 
217.712738 79.984761 32.000000 38.000000 
217.712738 79.984761 32.000000 38.000000 
217.712738 79.984761 32.000000 38.000000 
217.712738 79.984761 32.000000 38.000000 
220.031359 79.984761 32.000000 38.000000 
220.031359 79.984761 32.000000 38.000000 
222.349979 79.984761 32.000000 38.000000 
222.349979 79.984761 32.000000 38.000000 
222.349979 79.984761 32.000000 38.000000 
222.349979 79.984761 32.000000 38.000000 
222.349979 79.984761 32.000000 38.000000 
222.349979 79.984761 32.000000 38.000000 
222.349979 79.984761 32.000000 38.000000 
222.349979 79.984761 32.000000 38.000000 
222.349979 77.666141 32.000000 38.000000 
222.849979 78.166141 31.000000 37.000000 
222.849979 78.666141 31.000000 36.000000 
223.349979 78.666141 30.000000 36.000000 
223.349979 78.666141 30.000000 36.000000 
223.349979 78.666141 30.000000 36.000000 
223.349979 78.666141 30.000000 36.000000 
223.349979 78.666141 30.000000 36.000000 
223.349979 79.166141 30.000000 35.000000 
223.349979 79.166141 30.000000 35.000000 
223.349979 79.166141 30.000000 35.000000 
223.349979 79.166141 30.000000 35.000000 
223.349979 79.166141 30.000000 35.000000 
223.349979 79.166141 30.000000 35.000000 
223.349979 79.166141 30.000000 35.000000 
223.349979 79.166141 30.000000 35.000000 
223.349979 79.166141 30.000000 35.000000 
223.349979 79.166141 30.000000 35.000000 
221.204348 79.166141 30.000000 35.000000 
221.204348 79.166141 30.000000 35.000000 
221.204348 79.166141 30.000000 35.000000 
221.204348 79.166141 30.000000 35.000000 
221.204348 79.166141 30.000000 35.000000 
221.204348 79.166141 30.000000 35.000000 
221.204348 79.166141 30.000000 35.000000 
221.204348 79.166141 30.000000 35.000000 
221.204348 79.166141 30.000000 35.000000 
221.204348 79.166141 30.000000 35.000000 
221.704348 79.666141 29.000000 34.000000 
221.704348 79.666141 29.000000 34.000000 
221.704348 79.666141 29.000000 34.000000 
221.704348 79.666141 29.000000 34.000000 
219.638757 79.666141 29.000000 34.000000 
219.638757 79.666141 29.000000 34.000000 
219.638757 79.666141 29.000000 34.000000 
219.638757 79.666141 29.000000 34.000000 
219.638757 79.666141 29.000000 34.000000 
219.638757 79.666141 29.000000 34.000000 
219.638757 79.666141 29.000000 34.000000 
219.638757 79.666141 29.000000 34.000000 
219.638757 79.666141 29.000000 34.000000 
219.638757 79.666141 29.000000 34.000000 
219.638757 79.666141 29.000000 34.000000 
219.638757 79.666141 29.000000 34.000000 
219.638757 79.666141 29.000000 34.000000 
217.573165 79.666141 29.000000 34.000000 
217.073165 79.166141 30.000000 35.000000 
217.073165 78.666141 30.000000 36.000000 
217.073165 78.666141 30.000000 36.000000 
216.573165 78.666141 31.000000 36.000000 
216.573165 78.666141 31.000000 36.000000 
214.347497 78.666141 31.000000 36.000000 
216.573165 78.666141 31.000000 36.000000 
214.347497 78.666141 31.000000 36.000000 
216.573165 78.666141 31.000000 36.000000 
214.347497 78.666141 31.000000 36.000000 
214.347497 78.666141 31.000000 36.000000 
214.347497 78.666141 31.000000 36.000000 
214.347497 78.666141 31.000000 36.000000 
214.347497 78.666141 31.000000 36.000000 
214.347497 78.666141 31.000000 36.000000 
214.347497 78.666141 31.000000 36.000000 
214.347497 78.666141 31.000000 36.000000 
214.347497 78.666141 31.000000 36.000000 
214.347497 78.666141 31.000000 36.000000 
214.347497 78.666141 31.000000 36.000000 
214.347497 78.666141 31.000000 36.000000 
214.347497 78.666141 31.000000 36.000000 
214.347497 78.666141 31.000000 36.000000 
214.347497 78.666141 31.000000 36.000000 
214.347497 78.666141 31.000000 36.000000 
214.347497 78.666141 31.000000 36.000000 
214.347497 78.666141 31.000000 36.000000 
214.347497 78.666141 31.000000 36.000000 
214.347497 78.666141 31.000000 36.000000 
214.347497 78.666141 31.000000 36.000000 
214.347497 78.666141 31.000000 36.000000 
214.347497 78.666141 31.000000 36.000000 
214.347497 78.666141 31.000000 36.000000 
214.347497 78.666141 31.000000 36.000000 
214.347497 78.666141 31.000000 36.000000 
214.347497 78.666141 31.000000 36.000000 
214.347497 78.666141 31.000000 36.000000 
214.347497 78.666141 31.000000 36.000000 
214.347497 78.666141 31.000000 36.000000 
214.347497 78.666141 31.000000 36.000000 
214.347497 78.666141 31.000000 36.000000 
214.347497 78.666141 31.000000 36.000000 
214.347497 78.666141 31.000000 36.000000 
214.347497 78.666141 31.000000 36.000000 
214.347497 78.666141 31.000000 36.000000 
214.347497 78.666141 31.000000 36.000000 
214.347497 78.666141 31.000000 36.000000 
214.347497 76.440473 31.000000 36.000000 
214.847497 78.652360 30.000000 36.000000 
214.347497 76.426691 31.000000 36.000000 
214.847497 78.638578 30.000000 36.000000 
214.347497 76.412910 31.000000 36.000000 
214.847497 78.624797 30.000000 36.000000 
214.347497 76.399129 31.000000 36.000000 
214.847497 78.611016 30.000000 36.000000 
214.347497 78.611016 31.000000 36.000000 
214.347497 78.611016 31.000000 36.000000 
214.347497 78.611016 31.000000 36.000000 
214.347497 78.611016 31.000000 36.000000 
214.347497 78.611016 31.000000 36.000000 
214.347497 78.611016 31.000000 36.000000 
214.347497 78.611016 31.000000 36.000000 
214.347497 78.611016 31.000000 36.000000 
214.347497 78.611016 31.000000 36.000000 
214.347497 78.611016 31.000000 36.000000 
214.347497 78.611016 31.000000 36.000000 
214.347497 78.611016 31.000000 36.000000 
214.347497 78.611016 31.000000 36.000000 
214.347497 78.611016 31.000000 36.000000 
214.347497 78.611016 31.000000 36.000000 
214.347497 78.611016 31.000000 36.000000 
214.347497 78.611016 31.000000 36.000000 
214.347497 78.611016 31.000000 36.000000 
214.347497 78.611016 31.000000 36.000000 
214.347497 78.611016 31.000000 36.000000 
214.347497 78.611016 31.000000 36.000000 
214.347497 78.611016 31.000000 36.000000 
214.347497 78.611016 31.000000 36.000000 
214.347497 78.611016 31.000000 36.000000 
214.347497 78.611016 31.000000 36.000000 
214.347497 78.611016 31.000000 36.000000 
214.347497 78.611016 31.000000 36.000000 
214.347497 78.611016 31.000000 36.000000 
214.347497 78.611016 31.000000 36.000000 
214.347497 78.611016 31.000000 36.000000 
214.347497 78.111016 31.000000 37.000000 
212.108926 78.111016 31.000000 37.000000 
211.608926 77.611016 32.000000 38.000000 
211.608926 77.611016 32.000000 38.000000 
211.608926 77.611016 32.000000 38.000000 
211.608926 77.611016 32.000000 38.000000 
211.608926 77.611016 32.000000 38.000000 
211.608926 77.611016 32.000000 38.000000 
211.608926 77.611016 32.000000 38.000000 
209.290306 77.611016 32.000000 38.000000 
209.790306 78.111016 31.000000 37.000000 
209.790306 78.611016 31.000000 36.000000 
209.790306 78.611016 31.000000 36.000000 
207.564637 78.611016 31.000000 36.000000 
208.064637 78.611016 30.000000 36.000000 
208.064637 78.611016 30.000000 36.000000 
208.064637 78.611016 30.000000 36.000000 
208.064637 78.611016 30.000000 36.000000 
208.064637 78.611016 30.000000 36.000000 
208.064637 78.611016 30.000000 36.000000 
208.064637 78.611016 30.000000 36.000000 
208.064637 78.611016 30.000000 36.000000 
208.064637 78.611016 30.000000 36.000000 
208.064637 78.611016 30.000000 36.000000 
208.064637 78.611016 30.000000 36.000000 
208.064637 78.611016 30.000000 36.000000 
208.064637 78.611016 30.000000 36.000000 
208.064637 78.611016 30.000000 36.000000 
208.064637 78.611016 30.000000 36.000000 
208.064637 78.611016 30.000000 36.000000 
208.064637 78.611016 30.000000 36.000000 
208.064637 78.611016 30.000000 36.000000 
208.064637 78.611016 30.000000 36.000000 
208.064637 78.611016 30.000000 36.000000 
208.064637 78.611016 30.000000 36.000000 
208.064637 78.611016 30.000000 36.000000 
208.064637 78.611016 30.000000 36.000000 
208.064637 78.611016 30.000000 36.000000 
208.064637 78.611016 30.000000 36.000000 
210.276524 80.822903 30.000000 36.000000 
209.776524 80.822903 31.000000 36.000000 
209.776524 80.822903 31.000000 36.000000 
209.776524 80.822903 31.000000 36.000000 
209.776524 78.597234 31.000000 36.000000 
212.488411 78.597234 30.000000 36.000000 
212.488411 78.597234 30.000000 36.000000 
214.634043 79.097234 30.000000 35.000000 
212.488411 79.097234 30.000000 35.000000 
214.634043 79.097234 30.000000 35.000000 
214.634043 79.097234 30.000000 35.000000 
214.634043 79.097234 30.000000 35.000000 
214.634043 79.097234 30.000000 35.000000 
214.634043 78.597234 30.000000 36.000000 
216.359711 78.597234 31.000000 36.000000 
214.647824 78.597234 30.000000 36.000000 
214.647824 78.597234 30.000000 36.000000 
214.647824 78.597234 30.000000 36.000000 
214.647824 78.597234 30.000000 36.000000 
214.647824 78.597234 30.000000 36.000000 
216.859711 80.809121 30.000000 36.000000 
216.359711 80.809121 31.000000 36.000000 
216.359711 80.309121 31.000000 37.000000 
215.859711 79.809121 32.000000 38.000000 
215.359711 79.809121 33.000000 38.000000 
215.359711 79.809121 33.000000 38.000000 
215.359711 79.809121 33.000000 38.000000 
215.359711 79.809121 33.000000 38.000000 
215.359711 79.809121 33.000000 38.000000 
215.359711 79.809121 33.000000 38.000000 
215.359711 79.809121 33.000000 38.000000 
215.359711 79.809121 33.000000 38.000000 
215.359711 79.809121 33.000000 38.000000 
215.359711 79.809121 33.000000 38.000000 
215.359711 79.809121 33.000000 38.000000 
215.359711 79.809121 33.000000 38.000000 
215.359711 79.809121 33.000000 38.000000 
215.359711 79.809121 33.000000 38.000000 
215.359711 79.809121 33.000000 38.000000 
215.359711 79.809121 33.000000 38.000000 
215.359711 79.809121 33.000000 38.000000 
215.359711 79.809121 33.000000 38.000000 
215.359711 79.809121 33.000000 38.000000 
215.359711 79.809121 33.000000 38.000000 
215.359711 77.476741 33.000000 38.000000 
215.859711 79.795361 32.000000 38.000000 
215.359711 77.462980 33.000000 38.000000 
215.859711 79.781600 32.000000 38.000000 
215.359711 77.449220 33.000000 38.000000 
215.859711 79.767840 32.000000 38.000000 
215.359711 77.435459 33.000000 38.000000 
215.359711 79.767840 33.000000 38.000000 
215.359711 77.435459 33.000000 38.000000 
213.027330 79.767840 33.000000 38.000000 
213.027330 77.435459 33.000000 38.000000 
213.027330 79.767840 33.000000 38.000000 
213.027330 79.767840 33.000000 38.000000 
210.694950 79.767840 33.000000 38.000000 
210.694950 79.767840 33.000000 38.000000 
210.694950 79.767840 33.000000 38.000000 
208.362569 79.767840 33.000000 38.000000 
208.862569 82.086460 32.000000 38.000000 
208.362569 82.086460 33.000000 38.000000 
208.362569 81.586460 33.000000 39.000000 
