250.500000 95.500000 23.000000 29.000000 
250.500000 95.500000 23.000000 29.000000 
250.500000 95.500000 23.000000 29.000000 
250.500000 95.500000 23.000000 29.000000 
250.500000 95.500000 23.000000 29.000000 
250.385000 95.355000 23.230000 29.290000 
250.210775 95.135325 23.578450 29.729350 
250.092883 94.986678 23.814234 30.026643 
250.211954 95.136811 23.576092 29.726377 
250.211954 95.136811 23.576092 29.726377 
250.388775 95.359759 23.222451 29.280481 
250.214606 95.140156 23.570788 29.719689 
250.391387 95.363053 23.217226 29.273893 
250.217258 95.143499 23.565484 29.713002 
250.393999 95.366347 23.212002 29.267307 
250.393999 95.366347 23.212002 29.267307 
250.393999 95.366347 23.212002 29.267307 
250.393999 95.366347 23.212002 29.267307 
250.219909 95.146842 23.560182 29.706316 
250.396610 95.369639 23.206779 29.260722 
250.570661 95.589095 22.858677 28.821811 
250.399221 95.372931 23.201558 29.254138 
250.225210 95.153525 23.549581 29.692950 
250.342957 95.301990 23.314085 29.396020 
250.401243 95.375480 23.197515 29.249040 
250.343249 95.302357 23.313502 29.395286 
250.343249 95.302357 23.313502 29.395286 
250.518100 95.522822 22.963800 28.954356 
250.403281 95.378050 23.193438 29.243900 
250.345298 95.304940 23.309405 29.390119 
250.403571 95.378416 23.192858 29.243169 
250.577517 95.597739 22.844965 28.804521 
250.691742 95.741762 22.616515 28.516476 
250.691742 95.741762 22.616515 28.516476 
250.578660 95.599180 22.842681 28.801641 
250.407340 95.383167 23.185321 29.233665 
250.581230 95.602420 22.837541 28.795160 
250.695417 95.746396 22.609166 28.507209 
250.695417 95.746396 22.609166 28.507209 
250.864986 95.960200 22.270028 28.079601 
250.864986 95.960200 22.270028 28.079601 
250.753636 95.819802 22.492728 28.360397 
250.584940 95.607099 22.830119 28.785803 
250.413714 95.391205 23.172571 29.217590 
250.355783 95.318161 23.288434 29.363678 
250.355783 95.318161 23.288434 29.363678 
250.355783 95.318161 23.288434 29.363678 
250.239341 95.171343 23.521318 29.657314 
250.239341 95.171343 23.521318 29.657314 
250.062931 94.948913 23.874138 30.102174 
250.182302 95.099424 23.635397 29.801152 
250.241390 95.173927 23.517220 29.652147 
250.182597 95.099796 23.634806 29.800407 
250.182597 95.099796 23.634806 29.800407 
250.241684 95.174297 23.516632 29.651405 
250.241684 95.174297 23.516632 29.651405 
250.182893 95.100169 23.634215 29.799662 
250.241978 95.174668 23.516044 29.650664 
250.359558 95.322921 23.280883 29.354157 
250.359558 95.322921 23.280883 29.354157 
250.417761 95.396307 23.164479 29.207387 
250.359849 95.323288 23.280301 29.353423 
250.185247 95.103138 23.629506 29.793725 
250.185247 95.103138 23.629506 29.793725 
250.185247 95.103138 23.629506 29.793725 
250.362468 95.326591 23.275063 29.346819 
250.420656 95.399958 23.158688 29.200085 
250.362759 95.326957 23.274481 29.346085 
250.362759 95.326957 23.274481 29.346085 
250.362759 95.326957 23.274481 29.346085 
250.246387 95.180227 23.507226 29.639546 
250.070083 94.957930 23.859835 30.084139 
250.189382 95.108351 23.621236 29.783298 
250.189382 95.108351 23.621236 29.783298 
250.071276 94.959435 23.857449 30.081131 
250.250207 95.185043 23.499587 29.629914 
250.250207 95.185043 23.499587 29.629914 
250.191458 95.110968 23.617085 29.778064 
250.191458 95.110968 23.617085 29.778064 
250.191458 95.110968 23.617085 29.778064 
250.073372 94.962078 23.853256 30.075844 
250.252272 95.187647 23.495457 29.624706 
250.076056 94.965461 23.847889 30.069077 
250.254915 95.190980 23.490170 29.618041 
250.254915 95.190980 23.490170 29.618041 
250.254915 95.190980 23.490170 29.618041 
250.254915 95.190980 23.490170 29.618041 
250.196189 95.116934 23.607621 29.766131 
250.078151 94.968104 23.843697 30.063792 
250.256979 95.193582 23.486042 29.612836 
250.256979 95.193582 23.486042 29.612836 
250.198264 95.119550 23.603472 29.760900 
250.257273 95.193952 23.485455 29.612095 
250.081132 94.971862 23.837737 30.056277 
250.259915 95.197284 23.480171 29.605433 
250.259915 95.197284 23.480171 29.605433 
250.259915 95.197284 23.480171 29.605433 
250.259915 95.197284 23.480171 29.605433 
250.377316 95.345311 23.245369 29.309378 
250.261089 95.198764 23.477823 29.602472 
250.261089 95.198764 23.477823 29.602472 
250.378478 95.346776 23.243044 29.306447 
250.378478 95.346776 23.243044 29.306447 
250.204155 95.126978 23.591690 29.746044 
250.145176 95.052613 23.709648 29.894774 
250.204450 95.127350 23.591100 29.745300 
250.381383 95.350440 23.237234 29.299121 
250.381383 95.350440 23.237234 29.299121 
250.207104 95.130696 23.585792 29.738608 
250.148139 95.056350 23.703721 29.887301 
250.207399 95.131068 23.585203 29.737864 
250.384288 95.354102 23.231425 29.291796 
250.384288 95.354102 23.231425 29.291796 
250.210052 95.134413 23.579896 29.731173 
250.210052 95.134413 23.579896 29.731173 
250.210052 95.134413 23.579896 29.731173 
250.210052 95.134413 23.579896 29.731173 
250.092153 94.985758 23.815695 30.028485 
250.092153 94.985758 23.815695 30.028485 
250.151692 95.060829 23.696616 29.878342 
250.210933 95.135525 23.578133 29.728951 
250.151988 95.061202 23.696024 29.877595 
250.092748 94.986508 23.814504 30.026983 
250.152284 95.061576 23.695432 29.876849 
250.152284 95.061576 23.695432 29.876849 
250.211523 95.136268 23.576954 29.727464 
250.211523 95.136268 23.576954 29.727464 
250.388350 95.359224 23.223300 29.281552 
250.214175 95.139612 23.571650 29.720776 
250.096317 94.991008 23.807366 30.017983 
250.155835 95.066053 23.688329 29.867893 
250.155835 95.066053 23.688329 29.867893 
250.215056 95.140723 23.569888 29.718554 
250.391830 95.363612 23.216339 29.272776 
250.217708 95.144066 23.564584 29.711867 
250.394442 95.366905 23.211116 29.266189 
250.220359 95.147409 23.559282 29.705182 
250.161461 95.073146 23.677079 29.853708 
249.983883 94.849243 24.032235 30.301514 
250.164124 95.076505 23.671751 29.846991 
250.341662 95.300357 23.316675 29.399286 
250.166787 95.079862 23.666425 29.840275 
250.166787 95.079862 23.666425 29.840275 
250.166787 95.079862 23.666425 29.840275 
250.166787 95.079862 23.666425 29.840275 
250.048455 94.930661 23.903090 30.138678 
250.167971 95.081354 23.664059 29.837291 
250.167971 95.081354 23.664059 29.837291 
250.167971 95.081354 23.664059 29.837291 
250.167971 95.081354 23.664059 29.837291 
250.167971 95.081354 23.664059 29.837291 
250.227131 95.155948 23.545738 29.688105 
250.344859 95.304388 23.310281 29.391224 
250.403135 95.377866 23.193730 29.244268 
250.229182 95.158534 23.541636 29.682932 
250.346890 95.306949 23.306219 29.386102 
250.230359 95.160018 23.539281 29.679963 
250.171511 95.085818 23.656978 29.828363 
250.171511 95.085818 23.656978 29.828363 
250.053226 94.936677 23.893548 30.126647 
250.172694 95.087310 23.654612 29.825380 
250.231830 95.161873 23.536339 29.676254 
250.349512 95.310254 23.300976 29.379491 
250.349512 95.310254 23.300976 29.379491 
250.349512 95.310254 23.300976 29.379491 
250.349512 95.310254 23.300976 29.379491 
250.174755 95.089908 23.650490 29.820183 
250.174755 95.089908 23.650490 29.820183 
250.233881 95.164459 23.532238 29.671082 
250.057389 94.941926 23.885221 30.116149 
249.997676 94.866635 24.004647 30.266729 
250.177711 95.093636 23.644578 29.812729 
250.236823 95.168168 23.526355 29.663665 
250.354454 95.316486 23.291091 29.367028 
250.179771 95.096233 23.640458 29.807534 
250.179771 95.096233 23.640458 29.807534 
250.179771 95.096233 23.640458 29.807534 
250.061569 94.947196 23.876862 30.105609 
250.061569 94.947196 23.876862 30.105609 
250.240645 95.172988 23.518709 29.654025 
250.064255 94.950582 23.871490 30.098835 
250.243291 95.176324 23.513418 29.647353 
250.243291 95.176324 23.513418 29.647353 
250.184508 95.102205 23.630985 29.795589 
250.184508 95.102205 23.630985 29.795589 
250.243585 95.176694 23.512830 29.646612 
250.361149 95.324927 23.277702 29.350145 
250.186566 95.104801 23.626867 29.790398 
250.186566 95.104801 23.626867 29.790398 
250.363768 95.328229 23.272464 29.343542 
250.363768 95.328229 23.272464 29.343542 
250.363768 95.328229 23.272464 29.343542 
250.247406 95.181511 23.505189 29.636977 
250.247406 95.181511 23.505189 29.636977 
250.188643 95.107419 23.622715 29.785162 
250.188643 95.107419 23.622715 29.785162 
250.365813 95.330808 23.268374 29.338384 
250.191300 95.110770 23.617400 29.778460 
250.368431 95.334108 23.263139 29.331783 
250.252115 95.187449 23.495770 29.625101 
250.252115 95.187449 23.495770 29.625101 
250.075897 94.965261 23.848206 30.069478 
250.075897 94.965261 23.848206 30.069478 
250.254758 95.190782 23.490483 29.618436 
250.372211 95.338874 23.255579 29.322251 
250.372211 95.338874 23.255579 29.322251 
250.255933 95.192263 23.488134 29.615474 
250.255933 95.192263 23.488134 29.615474 
250.079772 94.970147 23.840456 30.059706 
250.079772 94.970147 23.840456 30.059706 
250.079772 94.970147 23.840456 30.059706 
250.079772 94.970147 23.840456 30.059706 
250.079772 94.970147 23.840456 30.059706 
250.258575 95.195595 23.482849 29.608810 
250.258575 95.195595 23.482849 29.608810 
250.199868 95.121573 23.600264 29.756854 
250.376870 95.344749 23.246260 29.310501 
250.260639 95.198197 23.478722 29.603606 
250.084548 94.976170 23.830903 30.047661 
250.203703 95.126408 23.592594 29.747184 
250.144721 95.052040 23.710557 29.895920 
250.144721 95.052040 23.710557 29.895920 
250.144721 95.052040 23.710557 29.895920 
250.203998 95.126780 23.592004 29.746440 
250.145018 95.052414 23.709964 29.895172 
250.204293 95.127152 23.591415 29.745697 
250.204293 95.127152 23.591415 29.745697 
250.145314 95.052787 23.709372 29.894425 
250.145314 95.052787 23.709372 29.894425 
250.145314 95.052787 23.709372 29.894425 
249.967494 94.828579 24.065012 30.342841 
250.147981 95.056151 23.704037 29.887699 
249.970201 90.621467 24.059598 30.336014 
249.789754 90.393946 24.420492 30.791055 
249.972908 90.624879 24.054184 30.329189 
250.093179 86.636174 23.813642 30.025897 
250.152713 86.711239 23.694574 29.875767 
249.975004 82.276645 24.049993 30.323904 
249.914879 82.200835 24.170243 30.475523 
250.096155 78.289050 23.807689 30.018391 
250.155675 78.364096 23.688651 29.868299 
250.096453 74.149075 23.807094 30.017640 
250.275006 74.374207 23.449987 29.567375 
250.099131 70.012101 23.801737 30.010886 
250.218140 70.162155 23.563720 29.710777 
246.324693 70.384986 23.210264 29.265116 
246.150616 66.095322 23.558418 29.704092 
246.091719 66.021062 23.676210 29.852613 
246.269291 66.244957 23.321067 29.404824 
246.094383 61.884070 23.670883 29.845896 
246.094383 61.884070 23.670883 29.845896 
242.201739 62.107914 23.315820 29.398208 
242.201739 58.037738 23.315820 29.398208 
242.260029 58.111234 23.199241 29.251216 
242.434023 58.330618 22.851252 28.812448 
242.434023 58.330618 22.851252 28.812448 
242.434023 58.330618 22.851252 28.812448 
242.434023 62.330618 22.851252 28.812448 
242.262639 62.114525 23.194021 29.244635 
242.088684 65.965365 23.541931 29.683304 
238.265248 70.187990 23.188802 29.238055 
238.091332 69.968705 23.536634 29.676626 
238.091332 74.038880 23.536634 29.676626 
242.279191 78.257439 23.301268 29.379859 
242.104431 78.037090 23.650787 29.820557 
241.927050 82.023962 24.005549 30.267866 
242.107092 86.391322 23.645465 29.813848 
242.166206 86.465856 23.527238 29.664778 
241.989751 90.383721 23.880147 30.109750 
241.870350 90.233173 24.118948 30.410848 
241.870350 94.443699 24.118948 30.410848 
242.051243 94.671780 23.757164 29.954685 
241.873064 98.657647 24.113521 30.404005 
241.993631 98.809667 23.872386 30.099965 
241.874270 98.659167 24.111110 30.400965 
241.994825 102.951522 23.869999 30.096955 
241.994825 102.951522 23.869999 30.096955 
241.994825 107.091873 23.869999 30.096955 
241.815800 111.076672 24.228049 30.548410 
241.997510 111.305786 23.864628 30.090183 
241.878187 111.155335 24.103274 30.391085 
241.817929 115.289883 24.223791 30.543041 
241.696810 115.137168 24.466029 30.848471 
237.162438 114.905804 24.833019 31.311198 
237.162438 114.905804 24.833019 31.311198 
237.038273 114.749248 25.081349 31.624310 
237.226383 119.267133 24.705129 31.149945 
237.411671 119.500757 24.334552 30.682696 
237.350835 119.424050 24.456225 30.836110 
237.350835 119.424050 24.456225 30.836110 
237.350835 119.424050 24.456225 30.836110 
241.631537 119.424050 24.456225 30.836110 
241.814958 119.655321 24.089382 30.373568 
241.935405 119.807189 23.848488 30.069832 
241.816163 119.656840 24.086973 30.370531 
241.936598 119.808693 23.846103 30.066825 
241.817367 119.658358 24.084564 30.367494 
241.636733 123.711304 24.445832 30.823006 
241.758962 123.865419 24.201374 30.514776 
241.637955 123.712845 24.443388 30.819924 
245.970698 123.866945 24.198954 30.511725 
250.130405 123.714386 24.440943 30.816842 
250.130405 123.714386 24.440943 30.816842 
250.252610 123.868470 24.196534 30.508673 
250.313102 119.734216 24.075551 30.356130 
254.413237 119.506545 24.436685 30.811472 
258.580839 119.275459 24.803235 31.273644 
258.580839 119.275459 24.803235 31.273644 
258.766863 119.510011 24.431186 30.804539 
263.047565 119.510011 24.431186 30.804539 
263.230799 119.741045 24.064719 30.342471 
267.331015 119.513477 24.425689 30.797608 
267.269951 119.436483 24.547818 30.951596 
271.436719 119.204346 24.916035 31.415870 
271.249849 114.547674 25.289776 31.887108 
271.439522 114.786827 24.910429 31.408802 
275.665847 114.629783 25.159533 31.722890 
275.791645 114.788398 24.907938 31.405661 
275.853915 114.866912 24.783398 31.248633 
275.977832 115.023155 24.535564 30.936146 
280.258534 115.023155 24.535564 30.936146 
280.258534 115.023155 24.535564 30.936146 
280.135856 114.868474 24.780920 31.245508 
280.259760 115.024702 24.533111 30.933053 
280.259760 110.744000 24.533111 30.933053 
280.137095 110.589335 24.778442 31.242383 
280.260987 106.464845 24.530657 30.929959 
280.444967 102.486293 24.162698 30.466010 
280.324154 98.053261 24.404325 30.770670 
280.263143 93.695633 24.526346 30.924523 
280.140511 93.541010 24.771610 31.233769 
280.326298 89.494562 24.400035 30.765262 
280.265298 85.136947 24.522036 30.919088 
280.449213 85.368840 24.154205 30.455302 
280.509599 81.234452 24.033434 30.303026 
280.449515 76.948168 24.153601 30.454541 
280.449515 76.948168 24.153601 30.454541 
280.509899 72.813778 24.032833 30.302268 
280.569981 72.889534 23.912669 30.150757 
280.450418 68.528254 24.151796 30.452264 
280.510797 68.604385 24.031037 30.300003 
280.450720 64.318108 24.151192 30.451503 
280.269586 64.089722 24.513460 30.908275 
280.269586 64.089722 24.513460 30.908275 
280.453437 64.321534 24.145758 30.444651 
280.453437 60.111008 24.145758 30.444651 
276.242910 60.111008 24.145758 30.444651 
276.061817 59.882673 24.507944 30.901321 
275.939278 59.728166 24.753024 31.210334 
275.939278 64.008868 24.753024 31.210334 
276.063043 68.445621 24.505494 30.898231 
275.879252 68.213885 24.873076 31.361704 
275.941434 72.572991 24.748711 31.204896 
275.879562 72.494978 24.872454 31.360920 
275.879562 76.845856 24.872454 31.360920 
275.755200 76.689051 25.121179 31.674530 
275.943609 76.926610 24.744361 31.199412 
275.943609 81.207312 24.744361 31.199412 
275.881748 81.129313 24.868083 31.355409 
275.695237 80.894148 25.241104 31.825740 
275.758340 85.324589 25.114898 31.666611 
271.666000 89.842791 24.738175 31.191612 
271.604155 94.115689 24.861866 31.347570 
267.253278 94.115689 24.861866 31.347570 
267.066814 98.301635 25.234794 31.817784 
262.779023 102.732056 25.108620 31.658695 
262.904566 102.890350 24.857534 31.342108 
258.810296 107.406117 24.484671 30.871976 
258.810296 111.686819 24.484671 30.871976 
258.810296 111.686819 24.484671 30.871976 
254.275784 115.806156 24.851941 31.335056 
254.275784 120.157034 24.851941 31.335056 
250.181472 120.392046 24.479162 30.865030 
250.181472 120.392046 24.479162 30.865030 
250.365066 124.834060 24.111974 30.402054 
250.184226 124.606045 24.473654 30.858085 
246.157252 129.048007 24.106549 30.395214 
246.096985 128.972019 24.227082 30.547190 
245.975850 128.819283 24.469353 30.852662 
245.792330 128.587888 24.836393 31.315452 
245.792330 128.587888 24.836393 31.315452 
245.792330 128.587888 24.836393 31.315452 
245.668148 128.431311 25.084757 31.628606 
245.668148 128.431311 25.084757 31.628606 
245.793572 128.589454 24.833909 31.312320 
245.793572 128.589454 24.833909 31.312320 
245.607317 128.354611 25.206418 31.782005 
245.607317 123.933559 25.206418 31.782005 
245.796366 119.821047 24.828322 31.305275 
245.982578 115.775134 24.455897 30.835696 
246.104857 111.718787 24.211338 30.527339 
246.286442 107.807391 23.848168 30.069429 
246.167202 103.446517 24.086649 30.370123 
246.167202 99.235991 24.086649 30.370123 
246.287635 95.247491 23.845783 30.066422 
246.168406 90.886632 24.084241 30.367086 
242.208687 86.974035 23.722977 29.911580 
242.208687 82.833684 23.722977 29.911580 
242.149379 82.758905 23.841592 30.061138 
241.970567 78.322920 24.199216 30.512055 
238.011711 74.411409 23.836228 30.054374 
238.011711 74.411409 23.836228 30.054374 
237.892530 74.261138 24.074590 30.354918 
237.892530 70.050611 24.074590 30.354918 
238.012903 70.202386 23.833844 30.051369 
238.072487 70.277514 23.714675 29.901112 
233.932136 66.137163 23.714675 29.901112 
233.932136 66.137163 23.714675 29.901112 
233.932136 66.137163 23.714675 29.901112 
233.932136 66.137163 23.714675 29.901112 
233.872850 66.062411 23.833248 30.050617 
233.872850 66.062411 23.833248 30.050617 
238.013200 66.062411 23.833248 30.050617 
238.013200 70.202762 23.833248 30.050617 
242.044977 69.977382 24.190747 30.501377 
242.226408 74.346493 23.827886 30.043856 
242.285978 74.421603 23.708746 29.893637 
246.367057 78.487220 23.827290 30.043105 
250.507408 78.487220 23.827290 30.043105 
250.328703 82.472423 24.184699 30.493751 
254.539229 86.682949 24.184699 30.493751 
258.699008 90.811182 24.426546 30.798689 
258.515808 90.580192 24.792945 31.260669 
262.920475 95.017197 24.545015 30.948063 
267.087264 99.135964 24.913190 31.412283 
267.087264 99.135964 24.913190 31.412283 
267.087264 103.486841 24.913190 31.412283 
271.430249 107.846073 24.788624 31.255222 
271.244335 107.611659 25.160454 31.724050 
271.244335 111.962536 25.160454 31.724050 
271.118532 111.803916 25.412058 32.041291 
271.182062 116.305072 25.284998 31.881084 
271.118850 116.225369 25.411423 32.040490 
271.118850 120.646422 25.411423 32.040490 
271.309436 120.886725 25.030252 31.559883 
271.497162 121.123425 24.654798 31.086484 
271.497162 121.123425 24.654798 31.086484 
271.435525 121.045708 24.778072 31.241917 
271.435525 121.045708 24.778072 31.241917 
271.435525 121.045708 24.778072 31.241917 
271.435525 121.045708 24.778072 31.241917 
271.249690 120.811394 25.149743 31.710545 
271.249690 120.811394 25.149743 31.710545 
271.375439 120.969947 24.898246 31.393440 
271.375439 120.969947 24.898246 31.393440 
271.375439 120.969947 24.898246 31.393440 
271.437684 116.767729 24.773754 31.236473 
275.602758 116.533455 25.145361 31.705020 
275.728485 112.341103 24.893907 31.387970 
275.728485 107.990226 24.893907 31.387970 
275.790720 103.787994 24.769437 31.231030 
275.728796 99.359039 24.893285 31.387185 
275.791029 95.156805 24.768818 31.230249 
275.729107 90.727852 24.892662 31.386400 
275.729107 82.026098 24.892662 31.386400 
275.729107 77.675221 24.892662 31.386400 
275.542412 73.018770 25.266052 31.857196 
275.731908 73.257699 24.887061 31.379338 
275.545255 68.601302 25.260367 31.850028 
275.355802 63.871198 25.639273 32.327779 
275.483999 64.032837 25.382880 32.004501 
275.293627 59.301575 25.763623 32.484569 
275.358036 59.382787 25.634805 32.322146 
275.422123 59.463592 25.506631 32.160535 
275.549656 59.624395 25.251565 31.838930 
275.423398 59.465200 25.504081 32.157319 
275.614679 59.706380 25.121519 31.674959 
275.426268 59.468818 25.498342 32.150084 
275.298776 59.308067 25.753326 32.471584 
279.667029 59.064531 26.139625 32.958658 
279.863077 63.802949 25.747531 32.464278 
284.477236 64.046431 25.361318 31.977314 
288.834885 63.966487 25.488125 32.137201 
293.255938 63.966487 25.488125 32.137201 
293.447099 68.558394 25.105803 31.655143 
297.797976 68.558394 25.105803 31.655143 
302.274382 68.716669 24.854745 31.338591 
306.741494 68.951709 24.481924 30.868512 
311.022196 68.951709 24.481924 30.868512 
310.838582 68.720195 24.849152 31.331540 
315.073266 68.485208 25.221890 31.801513 
314.884101 68.246697 25.600218 32.278536 
315.076103 68.488786 25.216215 31.794358 
314.950022 68.329814 25.468377 32.112301 
315.141035 68.570656 25.086351 31.630617 
315.078319 68.491580 25.211783 31.788770 
315.141348 68.571052 25.085724 31.629826 
315.141348 68.571052 25.085724 31.629826 
315.141348 68.571052 25.085724 31.629826 
310.915900 68.729201 24.834867 31.313528 
310.729638 68.494350 25.207390 31.783231 
306.182549 68.335433 25.459464 32.101063 
301.761496 68.335433 25.459464 32.101063 
297.142971 68.174928 25.714058 32.422074 
297.142971 68.174928 25.714058 32.422074 
292.388712 67.931762 26.099769 32.908405 
288.093232 68.178576 25.708273 32.414779 
283.800721 68.340649 25.451190 32.090631 
283.800721 68.340649 25.451190 32.090631 
279.182237 68.180196 25.705702 32.411537 
274.691009 68.180196 25.705702 32.411537 
270.398485 68.342254 25.448645 32.087422 
270.462106 68.422473 25.321402 31.926985 
266.237836 68.582107 25.068188 31.607715 
262.145146 68.819165 24.692165 31.133599 
261.959954 68.585663 25.062547 31.600603 
257.734390 68.743666 24.811922 31.284597 
257.548301 68.509032 25.184101 31.753866 
253.197423 68.509032 25.184101 31.753866 
253.134463 68.429647 25.310021 31.912635 
248.973411 68.668992 24.930371 31.433946 
248.973411 68.668992 24.930371 31.433946 
249.160389 68.904747 24.556415 30.962437 
244.686730 68.749934 24.801980 31.272061 
244.686730 68.749934 24.801980 31.272061 
240.149837 68.515394 25.174009 31.741142 
240.338643 68.753452 24.796399 31.265025 
240.276652 68.675290 24.920381 31.421350 
235.925774 68.675290 24.920381 31.421350 
235.738872 68.439630 25.294187 31.892670 
235.549165 68.200435 25.673600 32.371060 
231.057937 68.200435 25.673600 32.371060 
231.250489 68.443218 25.288496 31.885494 
231.313710 68.522931 25.162053 31.726067 
231.313710 68.522931 25.162053 31.726067 
231.439521 68.681562 24.910433 31.408806 
231.314968 68.524518 25.159537 31.722894 
231.189171 68.365903 25.411132 32.040123 
231.062115 68.205703 25.665244 32.360525 
230.869626 67.962999 26.050222 32.845932 
230.999877 72.618456 25.789720 32.517473 
230.999877 77.109685 25.789720 32.517473 
230.870928 76.947097 26.047617 32.842648 
230.675571 81.332356 26.438331 33.335288 
230.873859 86.143774 26.041757 32.835258 
231.069172 90.881267 25.651130 32.342729 
230.876788 95.200100 26.035897 32.827870 
230.876788 99.761503 26.035897 32.827870 
230.681519 104.146873 26.426436 33.320288 
230.549387 108.611851 26.690700 33.653491 
235.050961 113.061204 27.091060 34.158294 
235.254144 122.580549 26.684695 33.645919 
235.454279 127.394297 26.284424 33.141230 
235.454279 127.394297 26.284424 33.141230 
235.651412 132.134084 25.890158 32.644112 
235.586687 132.052474 26.019609 32.807333 
235.586687 136.613878 26.019609 32.807333 
235.716785 136.777914 25.759412 32.479259 
235.716785 136.777914 25.759412 32.479259 
235.716785 136.777914 25.759412 32.479259 
235.587988 136.615518 26.017007 32.804052 
235.587988 136.615518 26.017007 32.804052 
235.392860 136.369488 26.407262 33.296113 
235.590915 132.057805 26.011153 32.796671 
235.590915 132.057805 26.011153 32.796671 
240.277227 132.303780 25.620985 32.304721 
240.277227 127.812552 25.620985 32.304721 
244.762332 127.893314 25.492881 32.143197 
249.126095 127.732598 25.747809 32.464629 
248.997356 123.008871 26.005287 32.789275 
253.683624 123.254791 25.615208 32.297436 
258.174852 123.254791 25.615208 32.297436 
262.666080 118.763563 25.615208 32.297436 
267.151171 118.844306 25.487132 32.135949 
271.572223 118.844306 25.487132 32.135949 
271.763377 119.085326 25.104825 31.653910 
275.996143 114.426869 25.481397 32.128719 
280.359964 114.266225 25.736211 32.450006 
280.488646 114.428475 25.478849 32.125506 
280.424948 114.348161 25.606244 32.286133 
284.916176 114.348161 25.606244 32.286133 
284.980192 114.428877 25.478212 32.124703 
289.528636 114.589500 25.223430 31.803456 
289.591694 114.669009 25.097313 31.644438 
289.591694 114.669009 25.097313 31.644438 
289.717181 114.827231 24.846340 31.327994 
289.903528 115.062191 24.473645 30.858074 
289.903528 115.062191 24.473645 30.858074 
289.719976 114.830756 24.840750 31.320945 
289.906282 115.065663 24.468138 30.851131 
289.722771 114.834279 24.835160 31.313898 
289.598595 114.677710 25.083512 31.627037 
289.724012 114.835845 24.832677 31.310766 
289.537767 114.601014 25.205167 31.780428 
289.537767 110.179961 25.205167 31.780428 
284.990689 110.021059 25.457219 32.098232 
284.863403 109.860568 25.711791 32.419215 
280.372175 109.860568 25.711791 32.419215 
280.179336 109.617424 26.097468 32.905503 
275.883839 109.864215 25.706006 32.411920 
275.691044 109.621126 26.091596 32.898099 
270.863778 104.742811 26.482970 33.391571 
265.963402 104.492374 26.880214 33.892444 
261.533424 104.746568 26.477011 33.384057 
261.401039 104.579647 26.741781 33.717898 
257.040199 104.832532 26.340654 33.212130 
257.171902 104.998592 26.077248 32.880008 
252.610499 104.998592 26.077248 32.880008 
252.610499 104.998592 26.077248 32.880008 
252.740885 105.162992 25.816475 32.551208 
252.805426 105.244370 25.687393 32.388452 
252.805426 105.244370 25.687393 32.388452 
248.249980 105.163399 25.815830 32.550394 
248.120901 100.439244 26.073988 32.875898 
248.316455 100.685813 25.682878 32.382760 
248.252248 100.604856 25.811293 32.544674 
248.123192 100.442133 26.069406 32.870120 
248.318712 100.688659 25.678365 32.377069 
244.090247 96.510434 25.293189 31.891413 
243.900549 91.780020 25.672587 32.369784 
243.708004 91.537247 26.057676 32.855330 
243.903437 91.783662 25.666811 32.362501 
239.348042 87.211528 25.795145 32.524313 
239.412529 82.801610 25.666169 32.361691 
239.348364 82.720706 25.794500 32.523500 
239.541823 82.964632 25.407582 32.035647 
235.381502 78.854023 25.026469 31.555113 
235.193804 78.617359 25.401866 32.028439 
235.066795 73.965989 25.655884 32.348724 
235.259214 74.208604 25.271046 31.863493 
235.196036 74.128946 25.397401 32.022810 
235.069049 69.477604 25.651375 32.343039 
235.261434 69.720176 25.266605 31.857893 
235.324601 69.799821 25.140272 31.698603 
235.198900 65.220275 25.391674 32.015590 
235.389337 65.460392 25.010799 31.535356 
235.389337 65.460392 25.010799 31.535356 
235.201756 60.802825 25.385961 32.008386 
235.392151 61.042887 25.005172 31.528260 
235.392151 61.042887 25.005172 31.528260 
235.579690 61.279349 24.630094 31.055336 
235.764415 61.512264 24.260643 30.589506 
235.946370 61.741686 23.896733 30.130664 
235.946370 61.741686 23.896733 30.130664 
231.616360 61.591032 24.135701 30.431970 
231.435342 61.362793 24.497736 30.888450 
231.251609 61.131129 24.865202 31.351777 
231.251609 61.131129 24.865202 31.351777 
231.438098 61.366268 24.492224 30.881500 
231.438098 61.366268 24.492224 30.881500 
231.254407 61.134656 24.859607 31.344722 
231.254407 61.134656 24.859607 31.344722 
231.440854 61.369742 24.486713 30.874552 
231.257204 61.138183 24.854014 31.337670 
231.257204 61.138183 24.854014 31.337670 
231.257204 61.138183 24.854014 31.337670 
231.132933 60.981494 25.102554 31.651047 
231.070177 60.902367 25.228067 31.809302 
235.372195 60.663797 25.606488 32.286441 
235.372195 60.663797 25.606488 32.286441 
235.564243 65.326998 25.222391 31.802145 
235.753411 65.565514 24.844055 31.325113 
235.629191 65.408888 25.092495 31.638364 
235.629191 65.408888 25.092495 31.638364 
235.566460 65.329792 25.217958 31.796556 
235.566460 65.329792 25.217958 31.796556 
235.440370 65.170810 25.470137 32.114521 
235.440370 69.591862 25.470137 32.114521 
239.861423 69.591862 25.470137 32.114521 
240.052449 74.183598 25.088085 31.632803 
239.989728 74.104516 25.213526 31.790967 
244.284713 73.945562 25.465661 32.108877 
244.412042 74.106106 25.211004 31.787788 
248.707039 69.526114 25.463114 32.105666 
248.834355 69.686643 25.208483 31.784609 
253.129365 65.106667 25.460568 32.102455 
253.002062 64.946155 25.715174 32.423480 
257.370602 60.141575 26.100901 32.909832 
257.174845 59.894751 26.492415 33.403480 
261.673962 59.727734 26.757339 33.737515 
261.874642 59.980765 26.355979 33.231452 
266.563540 60.230001 25.960639 32.732980 
266.563540 55.738773 25.960639 32.732980 
266.368835 55.493276 26.350049 33.223975 
270.802789 55.244096 26.745300 33.722334 
271.003379 55.497013 26.344120 33.216499 
270.805798 55.247890 26.739282 33.714747 
270.805798 55.247890 26.739282 33.714747 
270.939494 55.416463 26.471889 33.377599 
270.740955 55.166131 26.868967 33.878263 
270.740955 55.166131 26.868967 33.878263 
270.673782 55.081436 27.003312 34.047655 
270.808799 55.251674 26.733279 33.707178 
270.675133 55.083138 27.000612 34.044250 
270.742634 59.870003 26.865609 33.874029 
270.541142 59.615948 27.268593 34.382139 
265.494522 59.358082 27.677622 34.897871 
265.286940 59.096348 28.092786 35.421339 
260.655531 64.204113 27.671394 34.890019 
255.535715 63.942438 28.086465 35.413369 
250.904258 64.208038 27.665168 34.882169 
246.270654 64.382449 27.388517 34.533347 
241.774313 64.641449 26.977689 34.015347 
237.345067 64.896564 26.573024 33.505117 
237.544365 65.147853 26.174428 33.002540 
237.740673 65.395372 25.781812 32.507502 
237.611764 60.671431 26.039630 32.832577 
233.250734 60.835594 25.779234 32.504251 
233.444078 61.079376 25.392545 32.016687 
233.571041 61.239459 25.138620 31.696521 
233.445348 61.080976 25.390006 32.013486 
233.508823 61.161010 25.263056 31.853418 
233.508823 61.161010 25.263056 31.853418 
233.508823 61.161010 25.263056 31.853418 
237.866718 61.081377 25.389371 32.012685 
237.930191 61.161408 25.262424 31.852622 
237.867035 61.081777 25.388736 32.011885 
238.057451 61.321866 25.007905 31.531707 
237.869892 61.085378 25.383024 32.004682 
237.679519 60.845343 25.763769 32.484753 
237.550700 60.682919 26.021407 32.809600 
237.680807 65.338195 25.761193 32.481504 
237.552001 65.175788 26.018805 32.806319 
237.552001 69.737191 26.018805 32.806319 
237.747142 74.474467 25.628523 32.314224 
237.811213 78.976305 25.500380 32.152653 
238.002466 83.568327 25.117875 31.670364 
237.814082 83.330799 25.494643 32.145419 
237.686609 87.661300 25.749589 32.466873 
237.750983 92.233696 25.620841 32.304539 
237.558827 91.991411 26.005154 32.789107 
237.753865 96.728558 25.615076 32.297270 
237.753865 96.728558 25.615076 32.297270 
242.245093 96.728558 25.615076 32.297270 
242.245093 96.728558 25.615076 32.297270 
242.309131 96.809301 25.487001 32.135784 
242.245414 96.728962 25.614436 32.296463 
237.888397 96.809703 25.486364 32.134981 
237.760965 92.157800 25.741227 32.456330 
237.567906 87.352974 26.127346 32.943175 
242.255089 87.600048 25.735436 32.449028 
242.383766 83.341240 25.478081 32.124537 
246.811299 78.769701 25.605472 32.285160 
246.875313 74.429361 25.477444 32.123734 
246.747926 69.777514 25.732219 32.444972 
246.747926 69.777514 25.732219 32.444972 
246.554934 69.534177 26.118202 32.931646 
246.554934 69.534177 26.118202 32.931646 
246.750821 69.781164 25.726429 32.437671 
246.557872 69.537882 26.112326 32.924237 
246.753715 69.784814 25.720641 32.430373 
246.946620 70.028041 25.334831 31.943917 
247.073294 70.187761 25.081483 31.624478 
247.073294 65.836884 25.081483 31.624478 
247.198701 65.995006 24.830668 31.308233 
247.012471 65.760194 25.203128 31.777857 
247.012471 65.760194 25.203128 31.777857 
247.201495 65.998528 24.825081 31.301189 
247.077369 65.842022 25.073332 31.614201 
247.202736 66.000093 24.822598 31.298059 
247.388905 66.234829 24.450260 30.828588 
247.511157 66.388972 24.205757 30.520302 
247.692700 66.617874 23.842671 30.062498 
247.513880 66.392405 24.200311 30.513435 
247.695382 66.621256 23.837306 30.055734 
247.874162 66.846674 23.479746 29.604898 
251.897114 66.698650 23.714544 29.900947 
251.897114 66.698650 23.714544 29.900947 
247.945511 62.777979 23.477398 29.601937 
247.945511 62.777979 23.477398 29.601937 
248.062898 62.925988 23.242624 29.305918 
248.237218 63.145783 22.893985 28.866329 
248.065513 62.929285 23.237395 29.299324 
248.239794 63.149030 22.888834 28.859834 
248.411460 63.365479 22.545501 28.426937 
248.467824 63.436546 22.432774 28.284802 
248.467824 63.436546 22.432774 28.284802 
248.411742 63.365834 22.544938 28.426226 
244.481917 63.365834 22.544938 28.426226 
244.594642 67.367615 22.319488 28.141964 
244.483044 67.226905 22.542683 28.423383 
244.483044 67.226905 22.542683 28.423383 
248.313974 67.013729 22.880824 28.849734 
248.485580 67.230102 22.537611 28.416988 
248.541924 67.301145 22.424923 28.274903 
248.541924 67.301145 22.424923 28.274903 
244.612100 67.301145 22.424923 28.274903 
244.556038 67.230458 22.537048 28.416278 
248.485862 63.300633 22.537048 28.416278 
248.316834 63.087511 22.875103 28.842522 
248.145271 62.871192 23.218230 29.275160 
247.971134 62.651628 23.566503 29.714287 
243.712951 62.503057 23.802168 30.011430 
243.534435 62.277971 24.159201 30.461601 
247.744961 62.277971 24.159201 30.461601 
247.805359 62.354125 24.038405 30.309293 
247.745263 62.278352 24.158597 30.460840 
247.564073 62.049896 24.520976 30.917752 
247.380166 61.818013 24.888791 31.381519 
247.255722 61.661105 25.137679 31.695334 
247.444255 61.898820 24.760613 31.219904 
247.568058 62.054920 24.513007 30.907705 
247.751905 62.286727 24.145312 30.444089 
247.812269 62.362838 24.024586 30.291869 
247.992453 62.590027 23.664217 29.837491 
247.992453 62.590027 23.664217 29.837491 
247.814971 62.366245 24.019180 30.285053 
247.995115 62.593383 23.658892 29.830777 
247.995115 62.593383 23.658892 29.830777 
248.054262 62.667960 23.540598 29.681623 
239.913912 58.597785 23.540598 29.681623 
240.090466 58.820397 23.187489 29.236399 
240.206404 58.966579 22.955614 28.944035 
240.206404 58.966579 22.955614 28.944035 
240.263793 63.038939 22.840836 28.799315 
240.377997 63.182936 22.612428 28.511322 
244.364352 67.184038 22.499365 28.368765 
244.308104 67.113117 22.611862 28.510609 
244.477693 71.186595 22.272684 28.082950 
248.434212 71.397217 21.938594 27.661706 
248.269672 71.189755 22.267673 28.076631 
252.032489 70.979180 22.601688 28.497781 
251.862977 70.765447 22.940713 28.925247 
251.920328 70.837760 22.826010 28.780621 
251.749133 70.621905 23.168400 29.212330 
251.575370 70.402813 23.515926 29.650515 
251.692950 70.551065 23.280767 29.354010 
251.518344 70.330910 23.629978 29.794320 
251.577419 70.405396 23.511828 29.645349 
251.401080 70.183056 23.864506 30.090029 
251.222097 69.957380 24.222473 30.541379 
251.403765 70.186441 23.859136 30.083259 
251.403765 70.186441 23.859136 30.083259 
251.403765 70.186441 23.859136 30.083259 
251.224822 69.960816 24.217023 30.534508 
251.285364 70.037153 24.095938 30.381835 
251.285364 70.037153 24.095938 30.381835 
251.466084 70.265016 23.734499 29.926108 
251.644093 70.489462 23.378482 29.477216 
251.819431 70.710541 23.027804 29.035058 
251.992140 70.928304 22.682387 28.599532 
252.105552 71.071302 22.455563 28.313536 
256.077479 71.212870 22.231008 28.030401 
255.910746 71.002642 22.564473 28.450857 
255.910746 67.072817 22.564473 28.450857 
256.079980 67.286198 22.226006 28.024094 
255.968850 63.216253 22.448266 28.304335 
255.968850 63.216253 22.448266 28.304335 
255.912729 63.145493 22.560507 28.445857 
255.912729 63.145493 22.560507 28.445857 
255.969130 63.216607 22.447705 28.303628 
255.969130 63.216607 22.447705 28.303628 
259.842835 63.145848 22.559943 28.445146 
259.673636 62.932510 22.898342 28.871823 
259.501898 62.715971 23.241817 29.304900 
259.327585 62.496184 23.590445 29.744474 
259.209632 62.347462 23.826349 30.041919 
259.090501 62.197252 24.064613 30.342338 
259.210824 62.348964 23.823967 30.038914 
259.270384 62.424061 23.704847 29.888720 
259.329646 62.498783 23.586322 29.739276 
259.329646 62.498783 23.586322 29.739276 
259.506543 62.721828 23.232528 29.293187 
259.332299 58.431953 23.581016 29.732585 
259.273347 58.357622 23.698921 29.881248 
259.273347 58.357622 23.698921 29.881248 
259.273347 58.357622 23.698921 29.881248 
259.451089 58.581731 23.343437 29.433029 
259.334371 58.434566 23.576871 29.727359 
259.275429 58.360248 23.694756 29.875996 
259.216192 58.285558 23.813229 30.025376 
259.394792 58.510748 23.456031 29.574995 
259.277511 58.362873 23.690591 29.870745 
259.099832 58.138842 24.045950 30.318807 
259.220062 58.290436 23.805491 30.015619 
259.279575 58.365475 23.686463 29.865540 
259.279575 58.365475 23.686463 29.865540 
259.101927 58.141484 24.041760 30.313524 
259.222136 58.293051 23.801342 30.010388 
259.281639 58.368077 23.682336 29.860336 
259.222433 58.293427 23.800747 30.009638 
259.341437 58.443475 23.562740 29.709542 
259.282530 58.369201 23.680554 29.858089 
259.341732 58.443846 23.562151 29.708799 
259.282826 58.369574 23.679962 29.857343 
259.223626 58.294931 23.798361 30.006630 
259.283122 58.369947 23.679370 29.856597 
259.105527 58.146023 24.034560 30.304445 
259.045441 58.070262 24.154733 30.455968 
259.105827 58.146402 24.033959 30.303688 
259.105827 58.146402 24.033959 30.303688 
254.835216 58.070642 24.154129 30.455206 
254.654060 57.842228 24.516441 30.912034 
254.654060 53.561527 24.516441 30.912034 
254.654060 53.561527 24.516441 30.912034 
259.048460 49.582841 24.148694 30.448354 
258.867345 49.354478 24.510925 30.905079 
258.867345 45.073776 24.510925 30.905079 
258.683513 44.841988 24.878589 31.368655 
263.034390 40.491111 24.878589 31.368655 
263.220979 40.726376 24.505410 30.898126 
263.037189 40.494640 24.872991 31.361597 
262.850641 40.259428 25.246086 31.832021 
267.152524 40.020688 25.624777 32.309502 
267.344710 40.263009 25.240406 31.824859 
267.155406 40.024323 25.619012 32.302232 
266.963264 39.782056 26.003297 32.786766 
267.158289 40.027957 25.613247 32.294964 
262.667061 40.027957 25.613247 32.294964 
262.731094 40.108694 25.485181 32.133489 
258.571355 40.349695 25.102903 31.651487 
258.696870 40.507953 24.851874 31.334972 
254.221733 36.000401 25.100393 31.648322 
254.409986 40.518465 24.723887 31.173597 
254.224557 40.284663 25.094746 31.641201 
254.350031 40.442869 24.843798 31.324789 
254.350031 40.442869 24.843798 31.324789 
254.536359 40.677805 24.471141 30.854917 
254.536359 40.677805 24.471141 30.854917 
254.352826 40.446393 24.838208 31.317741 
254.352826 44.797270 24.838208 31.317741 
254.166539 44.562387 25.210781 31.787507 
254.229566 48.992733 25.084727 31.628569 
254.166854 48.913661 25.210151 31.786712 
254.040804 53.175781 25.462253 32.104579 
253.913492 53.015258 25.716875 32.425625 
253.720616 52.772065 26.102628 32.912009 
253.720616 52.772065 26.102628 32.912009 
253.916385 57.510134 25.711089 32.418329 
253.916385 57.510134 25.711089 32.418329 
253.723552 57.266996 26.096755 32.904604 
253.527827 57.020212 26.488206 33.398173 
253.527827 57.020212 26.488206 33.398173 
253.395386 56.853221 26.753089 33.732155 
253.529151 57.021881 26.485558 33.394834 
248.765144 56.854907 26.750413 33.728782 
248.965772 57.107873 26.349157 33.222850 
248.768154 61.490281 26.744394 33.721193 
248.701293 61.405978 26.878116 33.889799 
248.634097 61.321253 27.012507 34.059248 
