94.500000 72.500000 17.000000 19.000000 
94.500000 72.500000 17.000000 19.000000 
94.500000 72.500000 17.000000 19.000000 
94.500000 72.500000 17.000000 19.000000 
94.500000 72.500000 17.000000 19.000000 
94.500000 72.500000 17.000000 19.000000 
94.500000 72.500000 17.000000 19.000000 
94.500000 72.500000 17.000000 19.000000 
94.500000 72.500000 17.000000 19.000000 
94.500000 72.500000 17.000000 19.000000 
94.500000 72.500000 17.000000 19.000000 
94.500000 72.500000 17.000000 19.000000 
94.500000 72.500000 17.000000 19.000000 
94.500000 72.500000 17.000000 19.000000 
94.500000 72.500000 17.000000 19.000000 
94.372500 72.357500 17.255000 19.285000 
94.501913 72.502138 16.996175 18.995725 
94.501913 72.502138 16.996175 18.995725 
94.501913 72.502138 16.996175 18.995725 
94.501913 72.502138 16.996175 18.995725 
94.374441 72.359670 17.251118 19.280661 
94.374441 72.359670 17.251118 19.280661 
94.503825 72.504275 16.992351 18.991451 
94.503825 72.504275 16.992351 18.991451 
94.503825 72.504275 16.992351 18.991451 
94.503825 76.504275 16.992351 18.991451 
94.631267 76.646710 16.737466 18.706579 
94.589424 76.599944 16.821153 18.800112 
94.589424 76.599944 16.821153 18.800112 
94.715582 76.740945 16.568836 18.518110 
94.798426 76.833535 16.403147 18.332929 
94.757418 80.692465 16.485163 18.424594 
90.852657 80.692465 16.485163 18.424594 
90.893869 80.738526 16.402737 18.332471 
94.826414 84.685544 16.156696 18.057484 
94.866806 84.730687 16.075913 17.967197 
94.826616 84.685769 16.156292 18.057032 
94.826616 84.685769 16.156292 18.057032 
94.867007 84.730912 16.075511 17.966747 
94.826818 84.685995 16.155888 18.056581 
94.826818 84.685995 16.155888 18.056581 
94.826818 84.685995 16.155888 18.056581 
94.826818 84.685995 16.155888 18.056581 
94.867207 84.731137 16.075109 17.966298 
94.827020 84.686221 16.155484 18.056130 
94.948186 84.821642 15.913152 17.785288 
94.868620 84.732715 16.072284 17.963141 
94.868620 84.732715 16.072284 17.963141 
87.209392 84.687808 16.152645 18.052956 
87.249773 80.923416 16.071882 17.962691 
87.370312 81.058136 15.830804 17.693251 
87.251581 80.925437 16.068266 17.958650 
91.020935 80.880540 16.148607 18.048443 
91.061306 80.925661 16.067864 17.958201 
91.021136 80.880766 16.148203 18.047992 
91.142248 81.016126 15.905980 17.777272 
91.261543 81.149455 15.667391 17.510613 
91.183206 84.776188 15.824064 17.685719 
91.064525 84.643545 16.061425 17.951005 
87.214848 88.408191 16.141733 18.040760 
87.214848 88.408191 16.141733 18.040760 
91.050197 88.543497 15.899607 17.770149 
91.169444 88.676773 15.661112 17.503596 
94.905950 88.808050 15.426196 17.241042 
94.905950 88.808050 15.426196 17.241042 
95.021646 88.937358 15.194803 16.982427 
98.659417 89.064726 14.966881 16.727690 
98.771668 89.190184 14.742378 16.476775 
98.882236 89.313760 14.521242 16.229623 
102.324479 89.435482 14.303423 15.986179 
102.252962 89.355551 14.446458 16.146041 
102.252962 89.355551 14.446458 16.146041 
102.252962 89.355551 14.446458 16.146041 
102.252962 89.355551 14.446458 16.146041 
102.252962 89.355551 14.446458 16.146041 
102.252962 89.355551 14.446458 16.146041 
102.361310 86.143313 14.229761 15.903850 
102.254587 86.024034 14.443207 16.142408 
102.290695 86.064390 14.370991 16.061696 
98.826196 86.024236 14.442846 16.142004 
95.528970 82.731258 14.370632 16.061294 
92.303416 82.851717 14.155072 15.820375 
92.409579 82.970370 13.942746 15.583069 
89.171484 82.970370 13.942746 15.583069 
89.136627 82.931412 14.012460 15.660985 
89.136627 82.931412 14.012460 15.660985 
86.003625 79.810775 13.802273 15.426070 
86.003625 79.810775 13.802273 15.426070 
86.003625 79.810775 13.802273 15.426070 
85.900108 79.695079 14.009307 15.657461 
86.005178 79.812510 13.799168 15.422599 
86.005178 79.812510 13.799168 15.422599 
85.901684 79.696841 14.006155 15.653938 
85.901684 79.696841 14.006155 15.653938 
86.006731 79.814245 13.796063 15.419129 
89.236593 79.698602 14.003004 15.650416 
89.341616 79.815980 13.792959 15.415660 
89.341616 79.815980 13.792959 15.415660 
92.579711 83.054075 13.792959 15.415660 
92.476264 82.938458 13.999853 15.646895 
92.441264 82.899340 14.069852 15.725129 
92.476439 82.938653 13.999503 15.646503 
95.774774 82.899537 14.069500 15.724736 
95.774774 82.899537 14.069500 15.724736 
95.774774 82.899537 14.069500 15.724736 
99.108107 82.899537 14.069500 15.724736 
99.143281 82.938849 13.999153 15.646112 
102.441616 82.899733 14.069149 15.724343 
102.476789 82.939044 13.998803 15.645721 
105.775125 82.899930 14.068797 15.723950 
105.880641 83.017860 13.857765 15.488090 
109.118737 83.017860 13.857765 15.488090 
109.118737 83.017860 13.857765 15.488090 
112.348137 82.901699 14.065632 15.720412 
112.383301 82.941000 13.995303 15.641810 
112.348312 82.901895 14.065280 15.720019 
115.681646 86.235229 14.065280 15.720019 
115.787135 83.115034 13.854301 15.484218 
115.683228 82.998902 14.062115 15.716482 
119.016561 86.332235 14.062115 15.716482 
119.016561 86.332235 14.062115 15.716482 
122.349895 86.332235 14.062115 15.716482 
122.349895 86.332235 14.062115 15.716482 
122.349895 86.332235 14.062115 15.716482 
125.683228 86.332235 14.062115 15.716482 
125.683228 86.332235 14.062115 15.716482 
129.016561 86.332235 14.062115 15.716482 
132.360123 86.450109 13.851183 15.480734 
132.256239 86.334003 14.058951 15.712946 
135.589572 86.334003 14.058951 15.712946 
135.589572 86.334003 14.058951 15.712946 
135.589572 86.334003 14.058951 15.712946 
135.589572 86.334003 14.058951 15.712946 
132.456919 83.213755 13.848067 15.477251 
132.353058 86.431009 14.055788 15.709410 
132.353058 86.431009 14.055788 15.709410 
132.353058 86.431009 14.055788 15.709410 
132.353058 86.431009 14.055788 15.709410 
132.353058 86.431009 14.055788 15.709410 
132.353058 86.431009 14.055788 15.709410 
132.353058 86.431009 14.055788 15.709410 
129.019725 86.431009 14.055788 15.709410 
129.019725 86.431009 14.055788 15.709410 
129.019725 86.431009 14.055788 15.709410 
129.019725 86.431009 14.055788 15.709410 
129.019725 86.431009 14.055788 15.709410 
129.019725 86.431009 14.055788 15.709410 
129.054865 86.470283 13.985509 15.630863 
125.686567 89.764539 14.055437 15.709017 
