52.500000 15.500000 51.000000 55.000000 
52.500000 15.500000 51.000000 55.000000 
52.372500 15.362500 51.255000 55.275000 
52.500638 15.500688 50.998725 54.998625 
52.118147 15.088198 51.763706 55.823604 
52.376966 15.367316 51.246069 55.265368 
52.376966 15.367316 51.246069 55.265368 
52.505081 15.505479 50.989838 54.989041 
52.505081 15.505479 50.989838 54.989041 
52.505081 15.505479 50.989838 54.989041 
52.887505 15.917897 50.224991 54.164206 
52.761942 15.782487 50.476116 54.435027 
52.761942 15.782487 50.476116 54.435027 
52.761942 15.782487 50.476116 54.435027 
52.509561 15.510311 50.980877 54.979377 
52.764466 15.785208 50.471068 54.429583 
52.512111 15.513060 50.975779 54.973879 
52.512111 15.513060 50.975779 54.973879 
52.384671 15.375626 51.230658 55.248749 
52.384671 15.375626 51.230658 55.248749 
52.384671 15.375626 51.230658 55.248749 
52.384671 15.375626 51.230658 55.248749 
52.128518 15.099382 51.742964 55.801236 
52.128518 15.099382 51.742964 55.801236 
52.387233 15.378388 51.225535 55.243224 
52.131105 15.102172 51.737790 55.795656 
51.872416 14.823194 52.255168 56.353613 
52.003054 14.964078 51.993892 56.071844 
51.873069 14.823898 52.253862 56.352204 
51.611800 14.542137 52.776400 56.915726 
51.611800 14.542137 52.776400 56.915726 
51.479859 14.399848 53.040282 57.200304 
51.347258 14.256847 53.305484 57.486306 
51.080731 13.969416 53.838538 58.061169 
51.484520 14.404874 53.030960 57.190251 
55.307260 13.975947 53.826425 58.048105 
55.441826 14.121068 53.557293 57.757865 
55.575719 14.265462 53.289506 57.469075 
55.975391 14.696480 52.490164 56.607039 
55.844165 14.554963 52.752614 56.890074 
55.448521 14.128287 53.543904 57.743426 
55.448521 14.128287 53.543904 57.743426 
55.448521 14.128287 53.543904 57.743426 
55.850100 14.561363 52.740745 56.877274 
55.454544 14.134783 53.531856 57.730433 
55.320715 9.769985 53.799516 58.019085 
55.320715 9.769985 53.799516 58.019085 
54.917218 9.334842 54.606508 58.889372 
55.326767 9.776512 53.787411 58.006031 
55.461236 9.921527 53.518474 57.716001 
55.728828 10.210107 52.983289 57.138841 
55.331453 9.781566 53.778038 57.995924 
54.928118 9.346596 54.584709 58.865862 
54.791656 9.199432 54.857632 59.160192 
54.791656 9.199432 54.857632 59.160192 
54.791656 9.199432 54.857632 59.160192 
54.791656 9.199432 54.857632 59.160192 
54.791656 9.199432 54.857632 59.160192 
59.212265 9.347332 54.583344 58.864391 
59.075807 9.200171 54.856261 59.158713 
59.075807 9.200171 54.856261 59.158713 
59.075807 9.200171 54.856261 59.158713 
59.212947 9.348068 54.581980 58.862919 
59.076492 9.200911 54.854889 59.157234 
59.076492 9.200911 54.854889 59.157234 
59.076492 9.200911 54.854889 59.157234 
59.213629 9.348804 54.580615 58.861448 
59.077178 9.201650 54.853518 59.155755 
59.077178 9.201650 54.853518 59.155755 
59.214312 9.349540 54.579251 58.859976 
59.077864 9.202390 54.852147 59.154276 
59.214994 9.350275 54.577886 58.858505 
59.351439 9.497422 54.304997 58.564212 
59.079914 9.204600 54.848047 59.149854 
59.217034 9.352475 54.573806 58.854105 
59.080599 9.205340 54.846675 59.148375 
59.080599 9.205340 54.846675 59.148375 
59.080599 9.205340 54.846675 59.148375 
59.217716 9.353211 54.572442 58.852634 
59.354147 13.752311 54.299580 58.558370 
59.354147 13.752311 54.299580 58.558370 
58.946900 13.313123 55.114073 59.436746 
58.946900 13.313123 55.114073 59.436746 
59.084685 13.461715 54.838503 59.139562 
59.084685 13.461715 54.838503 59.139562 
59.495974 13.905262 54.015926 58.252469 
59.901094 14.342155 53.205687 57.378682 
59.502051 13.911815 54.003772 58.239362 
59.637060 14.057413 53.733753 57.948165 
59.771395 14.202284 53.465084 57.658424 
59.905058 14.346430 53.197759 57.370132 
60.038052 14.489855 52.931770 57.083282 
59.905723 14.347147 53.196429 57.368698 
59.905723 14.347147 53.196429 57.368698 
59.772731 14.203725 53.462411 57.655541 
59.772731 14.203725 53.462411 57.655541 
59.772731 14.203725 53.462411 57.655541 
60.040043 14.492003 52.927787 57.078986 
59.907724 14.349306 53.192426 57.364381 
59.508781 13.919073 53.990312 58.224847 
59.508781 13.919073 53.990312 58.224847 
59.778732 14.210197 53.450409 57.642598 
59.912358 14.354303 53.183157 57.354385 
59.912358 14.354303 53.183157 57.354385 
59.912358 14.354303 53.183157 57.354385 
59.779401 14.210917 53.449073 57.641157 
59.779401 14.210917 53.449073 57.641157 
59.913023 14.355020 53.181828 57.352951 
59.780069 14.211638 53.447737 57.639716 
59.379211 13.779340 54.249453 58.504312 
59.650458 14.071862 53.706958 57.919269 
59.918993 14.361458 53.169889 57.340076 
59.786068 14.218108 53.435738 57.626776 
55.597092 14.218108 53.435738 57.626776 
55.196324 9.533939 54.237274 58.491178 
54.789544 9.095255 55.050833 59.368546 
54.651917 8.946833 55.326087 59.665388 
54.236971 8.499343 56.155979 60.560369 
54.658141 8.953546 55.313639 59.651964 
54.658141 8.953546 55.313639 59.651964 
54.934709 9.251806 54.760503 59.055444 
54.934709 9.251806 54.760503 59.055444 
54.934709 9.251806 54.760503 59.055444 
50.651245 9.251806 54.760503 59.055444 
50.788146 9.399444 54.486700 58.760167 
50.651929 9.252544 54.759134 59.053968 
51.062623 9.695448 53.937747 58.168158 
50.792934 9.404608 54.477124 58.749840 
50.792934 9.404608 54.477124 58.749840 
50.384356 8.963984 55.294281 59.631087 
50.384356 8.963984 55.294281 59.631087 
50.522591 9.113062 55.017810 59.332932 
50.385047 8.964729 55.292899 59.629597 
50.385047 8.964729 55.292899 59.629597 
50.799743 9.411951 54.463505 58.735153 
50.799743 9.411951 54.463505 58.735153 
50.391267 8.971438 55.280458 59.616180 
50.529468 9.120478 55.004055 59.318099 
50.529468 9.120478 55.004055 59.318099 
50.666978 9.268773 54.729035 59.021509 
50.393333 8.973666 55.276326 59.611724 
50.531524 9.122695 54.999944 59.313665 
50.669024 9.270979 54.724944 59.017097 
50.395399 8.975894 55.272194 59.607268 
50.533580 9.124912 54.995833 59.309231 
50.533580 9.124912 54.995833 59.309231 
50.121111 8.680093 55.820770 60.198870 
50.121111 8.680093 55.820770 60.198870 
50.260663 8.830590 55.541666 59.897875 
50.399517 8.980335 55.263958 59.598386 
50.675837 9.278326 54.711318 59.002402 
50.265502 8.835808 55.531988 59.887438 
50.543162 9.135246 54.976668 59.288564 
50.405720 8.987024 55.251552 59.585007 
50.681978 9.284949 54.699036 58.989157 
50.545230 9.137476 54.972531 59.284102 
50.682662 9.285687 54.697669 58.987682 
50.545918 9.138217 54.971157 59.282620 
50.545918 9.138217 54.971157 59.282620 
50.133634 8.693598 55.795724 60.171860 
49.994145 8.543168 56.074703 60.472719 
50.134331 8.694350 55.794329 60.170355 
50.552789 9.145628 54.957415 59.267800 
50.552789 9.145628 54.957415 59.267800 
50.415395 8.997458 55.232202 59.564139 
50.553476 9.146368 54.956041 59.266318 
50.278696 8.850037 55.505601 59.858981 
54.871184 9.149332 54.950545 59.260392 
54.733808 9.001181 55.225298 59.556694 
54.871871 9.150072 54.949171 59.258910 
55.009244 9.298220 54.674425 58.962616 
54.735872 9.003407 55.221170 59.552242 
58.731162 4.147316 56.049487 60.445525 
62.783232 3.693975 56.890229 61.352208 
67.619357 4.154116 56.036876 60.431925 
67.759449 4.305196 55.756692 60.129766 
72.245298 4.455520 55.477908 59.829117 
72.661382 4.904239 54.645740 58.931680 
72.934611 5.198897 54.099282 58.342363 
72.934611 5.198897 54.099282 58.342363 
72.934611 5.198897 54.099282 58.342363 
72.934611 5.198897 54.099282 58.342363 
72.934611 5.198897 54.099282 58.342363 
72.934611 5.198897 54.099282 58.342363 
