325.500000 60.000000 55.000000 166.000000 
325.500000 60.000000 55.000000 166.000000 
325.500000 60.000000 55.000000 166.000000 
325.500000 60.000000 55.000000 166.000000 
325.500000 60.000000 55.000000 166.000000 
321.666697 60.415000 54.725000 165.170000 
321.666697 60.415000 54.725000 165.170000 
321.529885 60.002075 54.998625 165.995850 
321.529885 60.002075 54.998625 165.995850 
321.667381 60.417065 54.723632 165.165871 
321.804190 60.829979 54.450014 164.340041 
321.940315 61.240829 54.177764 163.518341 
321.940315 61.240829 54.177764 163.518341 
322.075760 61.649625 53.906875 162.700749 
321.940992 61.242873 54.176409 163.514253 
321.805551 60.834088 54.447291 164.331824 
321.941670 61.244917 54.175055 163.510165 
321.941670 61.244917 54.175055 163.510165 
321.941670 61.244917 54.175055 163.510165 
321.941670 61.244917 54.175055 163.510165 
321.535357 60.018591 54.987681 165.962818 
321.947764 61.263312 54.162865 163.473376 
321.947764 61.263312 54.162865 163.473376 
321.947764 61.263312 54.162865 163.473376 
321.947764 61.263312 54.162865 163.473376 
321.947764 61.263312 54.162865 163.473376 
321.947764 61.263312 54.162865 163.473376 
321.947764 61.263312 54.162865 163.473376 
321.541543 60.037262 54.975308 165.925476 
321.953858 61.281703 54.150679 163.436594 
321.953858 61.281703 54.150679 163.436594 
321.953858 61.281703 54.150679 163.436594 
321.818481 60.873111 54.421432 164.253777 
321.546374 60.051843 54.965646 165.896315 
321.958616 61.296065 54.141162 163.407870 
321.958616 61.296065 54.141162 163.407870 
321.958616 61.296065 54.141162 163.407870 
321.958616 61.296065 54.141162 163.407870 
321.958616 61.296065 54.141162 163.407870 
322.093969 61.704585 53.870456 162.590831 
322.093969 61.704585 53.870456 162.590831 
321.959293 61.298108 54.139808 163.403785 
321.959293 61.298108 54.139808 163.403785 
321.823943 60.889598 54.410507 164.220804 
321.959970 61.300150 54.138455 163.399700 
321.959970 61.300150 54.138455 163.399700 
321.553931 60.074652 54.950532 165.850695 
321.966060 61.318533 54.126274 163.362935 
321.695429 60.501718 54.667536 164.996564 
321.968767 61.326701 54.120861 163.346599 
321.968767 61.326701 54.120861 163.346599 
321.833464 60.918334 54.391465 164.163332 
321.969443 61.328743 54.119508 163.342515 
321.969443 61.328743 54.119508 163.342515 
321.969443 61.328743 54.119508 163.342515 
321.834144 60.920386 54.390105 164.159227 
321.970120 61.330784 54.118155 163.338431 
321.699529 60.514092 54.659337 164.971816 
321.836177 60.926522 54.386040 164.146957 
321.972142 61.336889 54.114110 163.326222 
321.701572 60.520258 54.655251 164.959484 
321.838210 60.932657 54.381974 164.134687 
321.838210 60.932657 54.381974 164.134687 
321.566300 60.111983 54.925794 165.776033 
321.978243 61.355304 54.101907 163.289393 
321.707734 60.538857 54.642926 164.922287 
321.980949 61.363468 54.096497 163.273064 
321.980949 61.363468 54.096497 163.273064 
321.845707 60.955285 54.366980 164.089429 
321.845707 60.955285 54.366980 164.089429 
321.845707 60.955285 54.366980 164.089429 
321.981625 61.365509 54.095145 163.268982 
321.981625 61.365509 54.095145 163.268982 
321.981625 61.365509 54.095145 163.268982 
321.981625 61.365509 54.095145 163.268982 
321.846387 60.957336 54.365620 164.085327 
321.846387 60.957336 54.365620 164.085327 
321.982301 61.367550 54.093792 163.264900 
321.982301 61.367550 54.093792 163.264900 
321.847066 60.959388 54.364261 164.081225 
321.982977 61.369591 54.092440 163.260819 
321.847746 60.961439 54.362902 164.077123 
321.983653 61.371631 54.091088 163.256737 
321.983653 61.371631 54.091088 163.256737 
321.983653 61.371631 54.091088 163.256737 
321.983653 61.371631 54.091088 163.256737 
321.713198 60.555348 54.631999 164.889305 
321.986358 61.379794 54.085679 163.240412 
321.851144 60.971693 54.356107 164.056614 
321.987034 61.381835 54.084326 163.236331 
321.851823 60.973744 54.354748 164.052512 
321.987710 61.383875 54.082974 163.232250 
321.852502 60.975795 54.353389 164.048411 
321.988386 61.385916 54.081622 163.228169 
321.988386 61.385916 54.081622 163.228169 
321.988386 61.385916 54.081622 163.228169 
321.853182 60.977845 54.352030 164.044310 
321.989062 61.387956 54.080270 163.224088 
321.853861 60.979896 54.350672 164.040209 
321.989738 61.389996 54.078918 163.220008 
321.989738 61.389996 54.078918 163.220008 
321.989738 61.389996 54.078918 163.220008 
321.989738 61.389996 54.078918 163.220008 
321.989738 61.389996 54.078918 163.220008 
321.989738 61.389996 54.078918 163.220008 
321.989738 61.389996 54.078918 163.220008 
321.989738 61.389996 54.078918 163.220008 
321.989738 61.389996 54.078918 163.220008 
321.989738 61.389996 54.078918 163.220008 
321.584146 60.165846 54.890102 165.668308 
321.858597 60.994188 54.341201 164.011625 
321.994450 61.404217 54.069495 163.191567 
321.994450 61.404217 54.069495 163.191567 
321.994450 61.404217 54.069495 163.191567 
321.994450 61.404217 54.069495 163.191567 
321.994450 61.404217 54.069495 163.191567 
321.994450 61.404217 54.069495 163.191567 
321.994450 61.404217 54.069495 163.191567 
321.994450 61.404217 54.069495 163.191567 
321.994450 61.404217 54.069495 163.191567 
321.994450 61.404217 54.069495 163.191567 
321.994450 61.404217 54.069495 163.191567 
321.994450 61.404217 54.069495 163.191567 
321.994450 61.404217 54.069495 163.191567 
321.994450 61.404217 54.069495 163.191567 
321.859276 60.996238 54.339842 164.007524 
321.995125 61.406257 54.068143 163.187487 
321.995125 61.406257 54.068143 163.187487 
321.995125 61.406257 54.068143 163.187487 
321.995125 61.406257 54.068143 163.187487 
321.995125 61.406257 54.068143 163.187487 
321.995125 61.406257 54.068143 163.187487 
321.995125 61.406257 54.068143 163.187487 
321.995125 61.406257 54.068143 163.187487 
321.859955 60.998288 54.338484 164.003424 
321.995801 61.408296 54.066791 163.183407 
321.995801 61.408296 54.066791 163.183407 
321.860634 61.000338 54.337125 163.999324 
321.996477 61.410336 54.065440 163.179327 
321.996477 61.410336 54.065440 163.179327 
321.996477 61.410336 54.065440 163.179327 
321.996477 61.410336 54.065440 163.179327 
321.996477 61.410336 54.065440 163.179327 
321.996477 61.410336 54.065440 163.179327 
321.996477 61.410336 54.065440 163.179327 
321.996477 61.410336 54.065440 163.179327 
321.996477 61.410336 54.065440 163.179327 
321.996477 61.410336 54.065440 163.179327 
321.996477 61.410336 54.065440 163.179327 
321.996477 61.410336 54.065440 163.179327 
321.996477 61.410336 54.065440 163.179327 
321.996477 61.410336 54.065440 163.179327 
321.996477 61.410336 54.065440 163.179327 
321.996477 61.410336 54.065440 163.179327 
321.861314 61.002388 54.335767 163.995224 
321.997153 61.412376 54.064088 163.175248 
321.997153 61.412376 54.064088 163.175248 
321.997153 61.412376 54.064088 163.175248 
321.997153 61.412376 54.064088 163.175248 
321.997153 61.412376 54.064088 163.175248 
321.997153 61.412376 54.064088 163.175248 
321.997153 61.412376 54.064088 163.175248 
321.997153 61.412376 54.064088 163.175248 
321.997153 61.412376 54.064088 163.175248 
321.997153 61.412376 54.064088 163.175248 
321.997153 61.412376 54.064088 163.175248 
321.997153 61.412376 54.064088 163.175248 
321.997153 61.412376 54.064088 163.175248 
321.997153 61.412376 54.064088 163.175248 
321.997153 61.412376 54.064088 163.175248 
321.997153 61.412376 54.064088 163.175248 
321.997153 61.412376 54.064088 163.175248 
321.997153 61.412376 54.064088 163.175248 
321.997153 61.412376 54.064088 163.175248 
321.997153 61.412376 54.064088 163.175248 
321.997153 61.412376 54.064088 163.175248 
321.997153 61.412376 54.064088 163.175248 
321.997153 61.412376 54.064088 163.175248 
321.997153 61.412376 54.064088 163.175248 
321.997153 61.412376 54.064088 163.175248 
321.997153 61.412376 54.064088 163.175248 
321.997153 61.412376 54.064088 163.175248 
321.997153 61.412376 54.064088 163.175248 
321.997153 61.412376 54.064088 163.175248 
321.997153 61.412376 54.064088 163.175248 
321.997153 61.412376 54.064088 163.175248 
321.997153 61.412376 54.064088 163.175248 
321.997153 61.412376 54.064088 163.175248 
321.997153 61.412376 54.064088 163.175248 
321.997153 61.412376 54.064088 163.175248 
321.997153 61.412376 54.064088 163.175248 
321.997153 61.412376 54.064088 163.175248 
321.997153 61.412376 54.064088 163.175248 
321.997153 61.412376 54.064088 163.175248 
321.997153 61.412376 54.064088 163.175248 
321.997153 61.412376 54.064088 163.175248 
321.997153 61.412376 54.064088 163.175248 
321.997153 61.412376 54.064088 163.175248 
321.997153 61.412376 54.064088 163.175248 
321.997153 61.412376 54.064088 163.175248 
321.997153 61.412376 54.064088 163.175248 
321.997153 61.412376 54.064088 163.175248 
321.997153 61.412376 54.064088 163.175248 
321.997153 61.412376 54.064088 163.175248 
321.997153 61.412376 54.064088 163.175248 
321.997153 61.412376 54.064088 163.175248 
321.997153 61.412376 54.064088 163.175248 
321.997153 61.412376 54.064088 163.175248 
321.997153 61.412376 54.064088 163.175248 
321.997153 61.412376 54.064088 163.175248 
321.861993 61.004438 54.334409 163.991124 
321.997829 61.414416 54.062737 163.171169 
321.997829 61.414416 54.062737 163.171169 
321.997829 61.414416 54.062737 163.171169 
321.997829 61.414416 54.062737 163.171169 
321.997829 61.414416 54.062737 163.171169 
321.997829 61.414416 54.062737 163.171169 
321.997829 61.414416 54.062737 163.171169 
321.997829 61.414416 54.062737 163.171169 
321.997829 61.414416 54.062737 163.171169 
321.997829 61.414416 54.062737 163.171169 
321.997829 61.414416 54.062737 163.171169 
321.997829 61.414416 54.062737 163.171169 
321.997829 61.414416 54.062737 163.171169 
321.997829 61.414416 54.062737 163.171169 
321.997829 61.414416 54.062737 163.171169 
321.997829 61.414416 54.062737 163.171169 
321.997829 61.414416 54.062737 163.171169 
321.997829 61.414416 54.062737 163.171169 
321.997829 61.414416 54.062737 163.171169 
321.997829 61.414416 54.062737 163.171169 
321.997829 61.414416 54.062737 163.171169 
321.997829 61.414416 54.062737 163.171169 
321.997829 61.414416 54.062737 163.171169 
321.997829 61.414416 54.062737 163.171169 
321.997829 61.414416 54.062737 163.171169 
321.997829 61.414416 54.062737 163.171169 
321.997829 61.414416 54.062737 163.171169 
321.997829 61.414416 54.062737 163.171169 
321.997829 61.414416 54.062737 163.171169 
321.997829 61.414416 54.062737 163.171169 
321.997829 61.414416 54.062737 163.171169 
321.997829 61.414416 54.062737 163.171169 
321.997829 61.414416 54.062737 163.171169 
321.997829 61.414416 54.062737 163.171169 
321.997829 61.414416 54.062737 163.171169 
321.997829 61.414416 54.062737 163.171169 
321.997829 61.414416 54.062737 163.171169 
321.997829 61.414416 54.062737 163.171169 
321.997829 61.414416 54.062737 163.171169 
321.997829 61.414416 54.062737 163.171169 
321.997829 61.414416 54.062737 163.171169 
321.997829 61.414416 54.062737 163.171169 
321.997829 61.414416 54.062737 163.171169 
321.997829 61.414416 54.062737 163.171169 
321.997829 61.414416 54.062737 163.171169 
321.997829 61.414416 54.062737 163.171169 
321.997829 61.414416 54.062737 163.171169 
321.997829 61.414416 54.062737 163.171169 
321.997829 61.414416 54.062737 163.171169 
321.997829 61.414416 54.062737 163.171169 
321.997829 61.414416 54.062737 163.171169 
321.997829 61.414416 54.062737 163.171169 
321.997829 61.414416 54.062737 163.171169 
321.997829 61.414416 54.062737 163.171169 
321.997829 61.414416 54.062737 163.171169 
321.997829 61.414416 54.062737 163.171169 
321.997829 61.414416 54.062737 163.171169 
321.997829 61.414416 54.062737 163.171169 
321.997829 61.414416 54.062737 163.171169 
321.997829 61.414416 54.062737 163.171169 
321.997829 61.414416 54.062737 163.171169 
321.997829 61.414416 54.062737 163.171169 
321.997829 61.414416 54.062737 163.171169 
321.997829 61.414416 54.062737 163.171169 
321.997829 61.414416 54.062737 163.171169 
321.997829 61.414416 54.062737 163.171169 
321.997829 61.414416 54.062737 163.171169 
321.997829 61.414416 54.062737 163.171169 
321.997829 61.414416 54.062737 163.171169 
321.997829 61.414416 54.062737 163.171169 
321.997829 61.414416 54.062737 163.171169 
321.997829 61.414416 54.062737 163.171169 
321.997829 61.414416 54.062737 163.171169 
321.997829 61.414416 54.062737 163.171169 
321.997829 61.414416 54.062737 163.171169 
321.997829 61.414416 54.062737 163.171169 
321.997829 61.414416 54.062737 163.171169 
321.997829 61.414416 54.062737 163.171169 
321.997829 61.414416 54.062737 163.171169 
321.997829 61.414416 54.062737 163.171169 
321.997829 61.414416 54.062737 163.171169 
321.997829 61.414416 54.062737 163.171169 
321.997829 61.414416 54.062737 163.171169 
321.997829 61.414416 54.062737 163.171169 
321.997829 61.414416 54.062737 163.171169 
321.997829 61.414416 54.062737 163.171169 
321.997829 61.414416 54.062737 163.171169 
321.997829 61.414416 54.062737 163.171169 
321.997829 61.414416 54.062737 163.171169 
321.997829 61.414416 54.062737 163.171169 
321.997829 61.414416 54.062737 163.171169 
321.997829 61.414416 54.062737 163.171169 
321.997829 61.414416 54.062737 163.171169 
321.997829 61.414416 54.062737 163.171169 
321.997829 61.414416 54.062737 163.171169 
321.997829 61.414416 54.062737 163.171169 
321.997829 61.414416 54.062737 163.171169 
321.997829 61.414416 54.062737 163.171169 
321.997829 61.414416 54.062737 163.171169 
321.997829 61.414416 54.062737 163.171169 
321.997829 61.414416 54.062737 163.171169 
321.997829 61.414416 54.062737 163.171169 
321.997829 61.414416 54.062737 163.171169 
321.997829 61.414416 54.062737 163.171169 
321.997829 61.414416 54.062737 163.171169 
321.997829 61.414416 54.062737 163.171169 
321.997829 61.414416 54.062737 163.171169 
321.997829 61.414416 54.062737 163.171169 
321.997829 61.414416 54.062737 163.171169 
321.997829 61.414416 54.062737 163.171169 
321.997829 61.414416 54.062737 163.171169 
321.997829 61.414416 54.062737 163.171169 
321.997829 61.414416 54.062737 163.171169 
321.997829 61.414416 54.062737 163.171169 
321.997829 61.414416 54.062737 163.171169 
321.997829 61.414416 54.062737 163.171169 
321.997829 61.414416 54.062737 163.171169 
321.997829 61.414416 54.062737 163.171169 
321.997829 61.414416 54.062737 163.171169 
321.997829 61.414416 54.062737 163.171169 
321.997829 61.414416 54.062737 163.171169 
321.997829 61.414416 54.062737 163.171169 
321.997829 61.414416 54.062737 163.171169 
321.997829 61.414416 54.062737 163.171169 
321.997829 61.414416 54.062737 163.171169 
321.997829 61.414416 54.062737 163.171169 
321.997829 61.414416 54.062737 163.171169 
321.997829 61.414416 54.062737 163.171169 
321.997829 61.414416 54.062737 163.171169 
321.997829 61.414416 54.062737 163.171169 
321.997829 61.414416 54.062737 163.171169 
321.997829 61.414416 54.062737 163.171169 
321.997829 61.414416 54.062737 163.171169 
321.997829 61.414416 54.062737 163.171169 
321.997829 61.414416 54.062737 163.171169 
321.997829 61.414416 54.062737 163.171169 
321.997829 61.414416 54.062737 163.171169 
321.997829 61.414416 54.062737 163.171169 
321.997829 61.414416 54.062737 163.171169 
321.997829 61.414416 54.062737 163.171169 
321.997829 61.414416 54.062737 163.171169 
321.997829 61.414416 54.062737 163.171169 
321.997829 61.414416 54.062737 163.171169 
321.997829 61.414416 54.062737 163.171169 
321.997829 61.414416 54.062737 163.171169 
321.997829 61.414416 54.062737 163.171169 
321.997829 61.414416 54.062737 163.171169 
321.997829 61.414416 54.062737 163.171169 
321.997829 61.414416 54.062737 163.171169 
321.997829 61.414416 54.062737 163.171169 
321.997829 61.414416 54.062737 163.171169 
321.997829 61.414416 54.062737 163.171169 
321.997829 61.414416 54.062737 163.171169 
321.997829 61.414416 54.062737 163.171169 
321.997829 61.414416 54.062737 163.171169 
321.997829 61.414416 54.062737 163.171169 
321.997829 61.414416 54.062737 163.171169 
321.997829 61.414416 54.062737 163.171169 
321.997829 61.414416 54.062737 163.171169 
321.997829 61.414416 54.062737 163.171169 
321.997829 61.414416 54.062737 163.171169 
321.997829 61.414416 54.062737 163.171169 
321.997829 61.414416 54.062737 163.171169 
321.997829 61.414416 54.062737 163.171169 
321.997829 61.414416 54.062737 163.171169 
321.997829 61.414416 54.062737 163.171169 
321.997829 61.414416 54.062737 163.171169 
321.997829 61.414416 54.062737 163.171169 
321.997829 61.414416 54.062737 163.171169 
321.997829 61.414416 54.062737 163.171169 
321.997829 61.414416 54.062737 163.171169 
321.997829 61.414416 54.062737 163.171169 
321.997829 61.414416 54.062737 163.171169 
321.997829 61.414416 54.062737 163.171169 
321.997829 61.414416 54.062737 163.171169 
321.997829 61.414416 54.062737 163.171169 
321.997829 61.414416 54.062737 163.171169 
321.997829 61.414416 54.062737 163.171169 
321.997829 61.414416 54.062737 163.171169 
321.997829 61.414416 54.062737 163.171169 
321.997829 61.414416 54.062737 163.171169 
321.997829 61.414416 54.062737 163.171169 
321.997829 61.414416 54.062737 163.171169 
321.997829 61.414416 54.062737 163.171169 
321.997829 61.414416 54.062737 163.171169 
