1	72	18	29	
2.349299430847168	72.6603364944458	20.4427433013916	28.238767623901367	
3.58040714263916	72.42974090576172	21.431730270385742	28.740455627441406	
7.6564130783081055	71.95106029510498	20.4011173248291	28.492685317993164	
11.8072509765625	71.2060775756836	19.587753295898438	27.713027954101562	
14.355573654174805	71.07204246520996	19.396846771240234	27.665882110595703	
16.238387107849128	71.27037811279297	20.604028701782227	27.18669891357422	
19.185316085815444	71.6125602722168	21.026813507080078	27.085372924804688	
22.3278160095215	70.77739715576172	20.20934295654297	27.517906188964844	
24.831709861755385	70.17954158782959	19.808008193969727	27.138429641723633	
28.673398017883322	70.30420970916748	19.27058982849121	26.634057998657227	
30.89909839630129	70.27126502990723	19.639738082885742	28.195262908935547	
33.440216064453146	71.01785850524902	19.784576416015625	25.923030853271484	
38.126209259033224	70.50108623504639	17.507431030273438	26.57517433166504	
40.75810241699221	70.4140510559082	17.43933868408203	24.257568359375	
42.06371593475344	69.6577033996582	18.406625747680664	26.725143432617188	
44.671510696411154	69.41618537902832	18.440898895263672	26.740802764892578	
47.4335403442383	69.4928035736084	18.441406250000007	27.714908599853516	
51.58937549591067	70.10903072357178	19.71437644958496	27.17569923400879	
53.87615108489994	69.45557498931885	19.664613723754876	26.115583419799805	
55.54818344116214	68.71069717407227	18.326461791992188	25.447647094726562	
58.74647235870364	69.80863952636719	16.868436813354492	26.62091064453125	
61.74708557128909	69.12744426727295	18.69622039794922	27.75004005432129	
63.5010271072388	68.49159622192383	19.834806442260742	28.31072998046875	
67.05372524261477	68.96655082702637	18.24034309387207	27.085262298583984	
72.64693212509158	67.86591815948486	14.46825885772705	25.22285270690918	
72.72945213317874	68.99417304992676	16.711612701416016	26.158588409423828	
73.01536941528323	67.42846870422363	18.601333618164062	27.06106185913086	
74.67025947570804	68.37549304962158	19.214252471923828	25.970792770385742	
79.24865341186526	68.20079326629639	17.27454376220703	26.430139541625977	
82.22016620635989	67.88481998443604	16.87672233581543	25.207441329956055	
83.79470443725589	68.1858320236206	17.102333068847656	25.1238956451416	
85.01904487609866	67.52913093566895	18.45267105102539	24.510730743408203	
86.65549087524417	67.94163703918457	18.826515197753906	24.67806625366211	
89.22541522979739	67.87689971923828	18.59163475036621	24.07978057861328	
91.44864273071292	67.43472194671631	18.03661346435547	24.407419204711914	
94.41132450103763	67.41631603240967	17.869611740112305	25.654672622680664	
96.43515872955325	67.32467746734619	18.158605575561523	25.46632957458496	
97.99994945526126	67.16663837432861	17.788225173950195	25.686826705932617	
101.04053974151614	66.8522834777832	17.483015060424805	23.674659729003906	
102.75168132781985	66.69153881072998	17.799272537231445	23.380517959594727	
104.42387771606448	67.1292142868042	18.035614013671875	23.97709083557129	
107.3952445983887	67.01573657989502	17.637893676757812	23.64741325378418	
108.93620681762698	67.08573055267334	17.663131713867188	24.213098526000977	
110.93628025054934	66.87428855895996	17.63045310974121	23.771190643310547	
112.88044834136966	66.17763614654541	18.270597457885742	24.1575984954834	
114.63547420501712	66.26124000549316	18.09141731262207	22.655803680419922	
115.80172348022464	65.43444538116455	18.613754272460938	23.135915756225586	
118.47270965576175	65.79709815979004	18.499130249023438	23.295528411865234	
120.42928695678714	66.27491474151611	17.555862426757812	23.1690731048584	
121.88198947906497	66.0864028930664	17.98952293395996	22.74054718017578	
123.69957447052005	66.02392196655273	18.39765739440918	22.700927734375	
126.97380828857425	65.65396976470947	17.782089233398438	21.96522331237793	
128.26956081390384	65.70867252349854	18.584253311157227	22.590543746948242	
130.18516921997073	64.73054599761963	17.97369384765625	22.763418197631836	
132.37230587005618	65.13844585418701	17.442216873168945	22.554903030395508	
133.3179922103882	65.13538455963135	17.97160530090332	22.908010482788086	
135.90587806701663	64.23444747924805	17.473758697509766	22.187744140625	
138.0635976791382	64.51672458648682	17.694475173950195	22.924894332885742	
139.91361618041995	65.05983066558838	17.654281616210938	23.016386032104492	
141.81633758544925	64.8139877319336	17.2828369140625	21.918312072753906	
143.85160923004153	64.4137372970581	17.357877731323242	21.530237197875977	
144.8071508407593	63.973633766174316	17.883058547973633	22.217878341674805	
146.7404708862305	63.99091911315918	16.949203491210938	22.59982681274414	
148.26595211029056	64.0939302444458	17.682504653930664	22.413618087768555	
149.86741447448733	63.97486877441406	17.923603057861328	22.549232482910156	
151.79385852813724	63.4193754196167	17.503026962280273	22.435693740844727	
153.34025955200198	63.32388114929199	16.671493530273438	22.145404815673828	
155.13155174255374	63.46885585784912	16.81717300415039	21.444948196411133	
157.12615966796878	63.44039344787598	16.328216552734375	21.425472259521484	
159.05108451843265	63.74519729614258	16.707965850830078	21.302230834960938	
159.58624744415286	63.58090782165527	17.384824752807617	20.860797882080078	
161.69596958160403	63.50781726837158	17.035627365112305	20.931020736694336	
163.06871318817142	63.58804512023926	16.936922073364258	21.036907196044922	
164.90977191925052	62.452816009521484	16.796422958374023	21.233642578125	
166.09652519226077	62.40392303466797	16.831256866455078	21.330833435058594	
168.12839698791507	62.29808330535889	16.337390899658203	20.906816482543945	
169.32729625701907	62.85565948486328	16.578889846801758	21.279541015625	
170.52103424072268	63.0350227355957	16.318199157714844	20.848487854003906	
172.31170940399173	62.561264991760254	16.783052444458008	20.555570602416992	
173.50605869293216	62.89430809020996	17.008268356323242	20.340892791748047	
175.61231613159183	62.43603706359863	16.880584716796875	20.558185577392578	
176.81925487518313	62.24718475341797	16.988679885864258	21.01630401611328	
177.68137645721438	62.76894664764404	17.28361701965332	21.562166213989258	
179.6820058822632	62.248581886291504	17.090791702270508	21.099958419799805	
181.01663875579837	62.467018127441406	16.7435245513916	21.515968322753906	
181.93456745147708	61.565855979919434	17.894140243530273	20.721498489379883	
184.13654518127444	62.03724002838135	16.962284088134766	20.894445419311523	
185.3381443023682	61.30911350250244	17.340496063232422	20.80006217956543	
185.54338932037356	61.60883712768555	17.216283798217773	20.69953155517578	
187.95683574676517	62.106221199035645	16.39305305480957	20.784704208374023	
189.3484621047974	61.504422187805176	16.45387840270996	20.615957260131836	
191.30393123626712	61.99050045013428	16.157114028930664	19.979143142700195	
192.32225131988528	61.53382110595703	16.917051315307617	20.0914306640625	
193.8002967834473	61.54561901092529	16.994140625	19.693803787231445	
195.25690746307376	61.61491584777832	16.110490798950195	20.07504653930664	
196.51858520507815	60.57780456542969	16.629608154296875	20.40947723388672	
197.4854669570923	60.63169193267822	16.53169059753418	21.096479415893555	
198.57315301895144	60.57755184173584	15.738245964050293	20.73832893371582	
199.88701057434085	61.0357608795166	15.734317779541016	20.695674896240234	
201.00073909759524	60.094011306762695	16.039194107055664	20.91854476928711	
202.07936525344851	59.61943340301514	15.694899559020996	20.577096939086914	
203.67671442031863	60.05610752105713	14.99780559539795	20.17250633239746	
204.2791113853455	60.34882068634033	15.497258186340332	20.71339225769043	
205.7461466789246	60.03763389587402	15.837555885314941	24.483867645263672	
206.83334732055667	60.82540035247803	16.115066528320312	19.37022590637207	
208.04478359222415	60.48222732543945	16.291139602661133	19.785385131835938	
208.60480308532718	60.838836669921875	16.999820709228516	20.260269165039062	
209.27804660797122	61.17627239227295	16.805097579956055	19.618249893188477	
211.12053108215335	61.022268295288086	16.356945037841797	19.561336517333984	
212.6479816436768	60.238595962524414	16.076900482177734	19.88558578491211	
213.0958576202393	60.28082847595215	16.363719940185547	21.540287017822266	
215.02673625946048	60.08941459655762	16.05723762512207	20.282428741455078	
215.24019622802737	59.69692039489746	16.267059326171875	19.626262664794922	
217.09123277664187	59.337472915649414	15.939436912536621	20.624454498291016	
216.82961559295657	59.935468673706055	16.80278205871582	20.991291046142578	
218.8997488021851	60.07111072540283	15.960931777954102	24.512418746948242	
220.2783308029175	59.64447021484375	15.712930679321289	22.72136688232422	
220.08783340454104	59.153860092163086	16.525070190429688	21.206684112548828	
221.9213380813599	59.65936088562012	16.06683921813965	20.474712371826172	
223.1209115982056	60.22919750213623	16.04982566833496	19.914796829223633	
223.47833061218265	60.00447654724121	17.08572006225586	20.103160858154297	
223.74800682067874	59.43112754821777	17.568775177001953	19.38155746459961	
225.3020181655884	59.143704414367676	17.064687728881836	20.188291549682617	
226.62026882171634	59.390647888183594	16.212648391723633	19.482086181640625	
227.33247232437137	59.22354030609131	15.906458854675293	19.68828773498535	
227.61674118041995	59.25251007080078	15.259056091308594	19.690689086914062	
228.70327615737918	59.08181381225586	15.36988353729248	19.089324951171875	
230.36180353164676	58.721856117248535	15.745890617370605	20.0159969329834	
230.59223604202273	59.28133201599121	15.83957576751709	19.820247650146484	
