62	61	18	11	
60.73446178436279	60.08012819290161	18.520654678344727	12.076750755310059	
62.2062292098999	59.84895467758179	17.6695499420166	11.856907844543457	
61.41934299468994	60.73443651199341	18.066999435424805	11.670538902282715	
61.596686363220215	60.28814744949341	18.2623233795166	11.731818199157715	
61.298784255981445	60.73290538787842	18.643253326416016	11.489656448364258	
61.516438484191895	60.87716579437256	18.510671615600586	11.782968521118164	
62.63048458099365	60.416083335876465	17.908823013305664	11.400934219360352	
62.50833034515381	60.75861406326294	18.03165626525879	11.647688865661621	
64.07378101348877	60.6212420463562	17.011892318725586	11.702828407287598	
64.13632297515869	60.278719902038574	17.190908432006836	11.955011367797852	
62.92031764984131	60.64942502975464	17.979860305786133	11.920586585998535	
65.2481689453125	60.32626008987427	18.585540771484375	11.906004905700684	
64.4872694015503	60.46073865890503	18.59598731994629	11.960190773010254	
66.61546897888184	60.791497230529785	17.520626068115234	11.840559005737305	
66.79447937011719	61.27668762207031	18.66455841064453	11.968376159667969	
66.93229484558105	60.681304931640625	18.10769271850586	12.093017578125	
67.48848342895508	60.28536415100098	18.3577880859375	12.56961441040039	
67.42220211029053	60.216981410980225	18.278573989868164	12.493802070617676	
68.44373512268066	61.237743854522705	17.474910736083984	12.422850608825684	
69.13346290588379	61.23568773269653	18.085445404052734	12.473883628845215	
71.72535514831543	61.251333236694336	17.235790252685547	12.43191909790039	
70.31987762451172	61.09131669998169	19.722686767578125	12.573126792907715	
69.88058471679688	60.40217590332031	19.964019775390625	12.690185546875	
70.87071418762207	60.44606876373291	17.101490020751953	12.526494979858398	
71.87122821807861	60.29722213745117	20.001462936401367	12.620864868164062	
72.47058010101318	60.231078147888184	19.255868911743164	12.866609573364258	
72.481032371521	60.8320631980896	19.33787727355957	12.82951831817627	
73.26424598693848	60.54769229888916	18.882862091064453	13.235937118530273	
73.5755844116211	60.94356632232666	19.57520294189453	13.528844833374023	
74.67232990264893	60.83900165557861	19.334280014038086	13.462224960327148	
73.48455238342285	60.9562931060791	21.597835540771484	13.82668685913086	
109.11800050735474	62.728153705596924	14.314963340759277	12.906065940856934	
108.95594787597656	62.41305065155029	18.305206298828125	12.744394302368164	
108.61145973205566	62.65608072280884	18.126705169677734	12.697405815124512	
108.64025974273682	62.240113735198975	18.226224899291992	12.904889106750488	
79.25339412689209	61.77253723144531	18.500680923461914	13.234329223632812	
77.6532154083252	61.3151741027832	20.597454071044922	13.450698852539062	
78.51961040496826	61.79227828979492	20.685007095336914	12.991950988769531	
78.57447814941406	61.89341354370117	20.345504760742188	13.369926452636719	
80.22456550598145	61.94563436508179	20.144298553466797	13.015522956848145	
79.76993179321289	61.7660870552063	20.979095458984375	13.315230369567871	
80.74078273773193	62.48388147354126	20.385713577270508	13.08021068572998	
81.5533447265625	61.72499322891235	20.826431274414062	13.48926830291748	
81.45637512207031	62.53459930419922	21.9212646484375	13.185516357421875	
82.96020984649658	62.03012180328369	20.481443405151367	13.38398551940918	
82.8684663772583	62.192842960357666	20.9912166595459	13.487566947937012	
83.48538398742676	62.323200702667236	21.24594497680664	13.487143516540527	
85.38870334625244	61.5291051864624	17.780935287475586	13.244668960571289	
86.37496280670166	61.500699043273926	20.79096794128418	13.58332633972168	
87.55455780029297	61.93631982803345	19.683822631835938	13.292094230651855	
88.93723487854004	61.67363500595093	20.537494659423828	13.87663745880127	
87.05043029785156	61.88220405578613	25.045677185058594	13.70901107788086	
87.7152853012085	62.02797842025757	24.296297073364258	14.168370246887207	
90.2301893234253	61.23525285720825	21.662073135375977	13.960532188415527	
88.47652626037598	61.48391532897949	22.934307098388672	14.086238861083984	
89.57430839538574	61.23170518875122	23.375118255615234	14.404730796813965	
89.37824058532715	62.06772804260254	25.860095977783203	14.59933853149414	
90.83247184753418	61.88102722167969	24.823017120361328	14.59954833984375	
90.89730644226074	61.736483097076416	25.280071258544922	14.628504753112793	
95.38495254516602	61.25573015213013	21.985260009765625	14.448287010192871	
96.76147842407227	62.231139183044434	22.069671630859375	14.557748794555664	
95.2596435546875	61.40126895904541	24.702713012695312	14.398923873901367	
97.97867393493652	61.70914316177368	23.295269012451172	14.832423210144043	
96.0569715499878	61.396368980407715	28.707735061645508	14.503068923950195	
96.12638759613037	61.97939968109131	28.136316299438477	14.28813362121582	
96.70765686035156	61.65129327774048	27.780479431152344	14.063471794128418	
97.55452251434326	62.06732416152954	28.010072708129883	14.946215629577637	
98.88053703308105	61.69218444824219	27.671039581298828	15.032745361328125	
99.49171447753906	61.82221221923828	26.35411834716797	15.265235900878906	
100.70181846618652	61.77538204193115	26.147289276123047	15.215715408325195	
101.18745708465576	62.22895908355713	25.246355056762695	15.439054489135742	
101.88657093048096	62.33936929702759	26.675519943237305	15.397364616394043	
103.10517978668213	62.138784885406494	27.038305282592773	15.17676830291748	
102.98207187652588	61.464637756347656	27.48354148864746	15.451614379882812	
104.3556137084961	61.80769443511963	27.620559692382812	15.514516830444336	
105.47914409637451	60.93238639831543	26.233346939086914	15.80514907836914	
106.35320091247559	61.60016632080078	27.95449447631836	15.777359008789062	
108.47343921661377	62.281869411468506	27.33954429626465	15.83562183380127	
108.62474536895752	61.119991302490234	26.98023796081543	16.17578125	
109.20151329040527	61.19202136993408	26.81528091430664	16.47480583190918	
109.22780895233154	61.9914608001709	29.776002883911133	16.524883270263672	
109.36766147613525	61.38433265686035	30.193784713745117	16.636371612548828	
109.77561378479004	61.78734588623047	32.226802825927734	16.83605194091797	
110.59819602966309	61.14204788208008	34.31400680541992	16.71674346923828	
109.98961067199707	61.015350341796875	31.327899932861328	16.2362060546875	
111.3578929901123	61.16780948638916	33.36115646362305	16.970273971557617	
113.70427417755127	61.53284931182861	30.245206832885742	16.65680503845215	
117.96057891845703	61.39501190185547	36.17481994628906	17.791587829589844	
115.75549125671387	60.56309795379639	38.549068450927734	17.795724868774414	
121.9450855255127	60.66285991668701	38.47945022583008	18.88797950744629	
121.95576667785645	60.01607608795166	38.49179458618164	19.041059494018555	
123.98406982421875	60.099711418151855	36.67743682861328	19.145471572875977	
124.44254875183105	60.72248458862305	36.37067794799805	19.121055603027344	
125.62718391418457	60.8280668258667	35.16633987426758	19.22525978088379	
126.2716007232666	60.01522922515869	34.839176177978516	19.641874313354492	
126.59742164611816	60.47714138031006	36.3343391418457	19.686037063598633	
128.59646034240723	59.99986171722412	35.32327651977539	20.191301345825195	
130.6531162261963	60.494338035583496	35.19192886352539	19.446901321411133	
108.34974098205566	61.750152587890625	19.109920501708984	13.213584899902344	
108.87794017791748	62.526893615722656	17.9249210357666	12.876960754394531	
108.87806701660156	62.3287615776062	17.959129333496094	12.806077003479004	
108.90322589874268	62.04225301742554	18.184850692749023	12.966412544250488	
109.34982967376709	62.26524019241333	18.35344123840332	12.825079917907715	
109.05387687683105	62.762070655822754	18.023571014404297	12.413442611694336	
108.49975204467773	63.06923818588257	18.039878845214844	12.403454780578613	
108.93979454040527	62.02827453613281	18.123844146728516	12.819091796875	
108.3762617111206	62.43008899688721	18.143281936645508	12.532255172729492	
109.04405975341797	61.850436210632324	18.46826934814453	13.07170295715332	
109.27589511871338	62.81280040740967	17.874570846557617	12.589326858520508	
109.18068027496338	62.36260175704956	18.202199935913086	12.940125465393066	
108.79283618927002	62.77402925491333	18.131086349487305	12.556235313415527	
108.71883010864258	62.246262073516846	18.29901885986328	12.960455894470215	
108.78512001037598	61.9741268157959	18.12643051147461	12.908740997314453	
109.13352108001709	62.148849964141846	18.602983474731445	12.876341819763184	
109.5322904586792	61.6707239151001	18.238832473754883	13.121320724487305	
108.49782276153564	62.368398666381836	18.35162925720215	12.875919342041016	
109.03591346740723	62.40243101119995	18.46364974975586	12.972138404846191	
109.31293773651123	62.053523540496826	18.214624404907227	12.979043006896973	
108.94666957855225	62.39235210418701	18.00467872619629	12.637445449829102	
109.06326198577881	61.98056650161743	18.14378547668457	12.903559684753418	
108.55182266235352	62.2184362411499	18.043182373046875	12.68754768371582	
108.40249061584473	61.89205026626587	18.416370391845703	12.823908805847168	
109.09241962432861	62.00306034088135	18.244863510131836	12.903722763061523	
108.55623722076416	62.26816368103027	18.35024070739746	12.673892974853516	
109.01467514038086	62.242554664611816	18.37598419189453	12.93073844909668	
109.35508441925049	61.93834686279297	18.042768478393555	12.90753173828125	
108.96000957489014	62.52062225341797	18.079416275024414	12.403656005859375	
109.47398948669434	62.506306648254395	18.33663558959961	12.744962692260742	
109.36881446838379	62.957085609436035	17.908695220947266	12.391355514526367	
108.64225578308105	62.00984048843384	18.03531265258789	12.722811698913574	
