95	73	17	19	
95.82575511932373	72.33628845214844	17.22276496887207	17.609634399414062	
95.92043399810791	73.04258632659912	17.108983993530273	17.808130264282227	
95.87059879302979	72.84922122955322	17.210081100463867	17.74457359313965	
95.74768352508545	72.60257720947266	17.395219802856445	17.80511474609375	
95.79228973388672	72.37463855743408	17.353477478027344	17.744245529174805	
95.91147899627686	73.17749404907227	17.241838455200195	17.704925537109375	
95.05742359161377	72.86191368103027	17.34566307067871	17.771587371826172	
95.10674571990967	72.62694454193115	17.425180435180664	17.761308670043945	
95.23573303222656	72.35583686828613	17.45972442626953	17.727191925048828	
95.37022686004639	73.05006313323975	17.167695999145508	17.8106632232666	
95.24306297302246	72.77083778381348	17.410289764404297	17.905170440673828	
95.65853118896484	73.08479309082031	17.323638916015625	17.889312744140625	
95.18844604492188	72.41107368469238	17.19115447998047	17.850994110107422	
95.33601093292236	73.20320987701416	17.224294662475586	17.80206871032715	
94.99853801727295	73.12403869628906	17.556489944458008	17.857269287109375	
95.6423749923706	72.64248371124268	17.046297073364258	17.77302360534668	
95.68018436431885	72.96396350860596	17.075429916381836	17.72675132751465	
94.84038162231445	73.95461177825928	17.312400817871094	17.993120193481445	
94.83348178863525	74.477294921875	17.710248947143555	18.127471923828125	
94.98041152954102	74.21570777893066	16.918792724609375	18.104000091552734	
95.91544437408447	75.13798713684082	17.100805282592773	17.94803237915039	
95.78991031646729	75.2281551361084	17.291532516479492	17.945201873779297	
94.97914505004883	75.05276107788086	17.399887084960938	17.687957763671875	
94.70594596862793	75.61855983734131	17.353290557861328	17.428316116333008	
95.33410835266113	76.18010902404785	16.528156280517578	16.814655303955078	
94.12358665466309	76.34103298187256	16.972156524658203	17.02890968322754	
94.58170223236084	76.79356479644775	16.649728775024414	16.875486373901367	
94.0091552734375	76.46560859680176	17.560386657714844	17.682254791259766	
93.27063083648682	76.4441499710083	17.487112045288086	17.43233299255371	
91.82152652740479	77.23940372467041	17.7879695892334	17.43317985534668	
89.4570722579956	78.12806415557861	19.755136489868164	18.868345260620117	
88.11950206756592	80.01982021331787	18.839975357055664	16.969369888305664	
74.15603828430176	56.314083099365234	15.403255462646484	16.584827423095703	
74.80032873153687	57.987677574157715	14.399495124816895	16.0648250579834	
73.9990701675415	57.28127908706665	11.921224594116211	14.874953269958496	
84.08102035522461	66.59854698181152	19.97827911376953	25.588523864746094	
103.89009189605713	69.84515476226807	24.26246452331543	21.132585525512695	
72.67784118652344	85.52343368530273	21.41000747680664	20.827648162841797	
108.77234840393066	69.95749378204346	20.84259033203125	20.291536331176758	
107.48093795776367	69.69876384735107	21.08914566040039	20.168241500854492	
79.12331199645996	86.24364042282104	27.173873901367188	14.6431245803833	
70.33558177947998	88.31401062011719	22.22884178161621	18.212032318115234	
73.28342151641846	89.28036403656006	19.446840286254883	17.05549430847168	
74.54607105255127	88.13958263397217	18.819543838500977	18.1217098236084	
77.10482597351074	87.36163806915283	17.596771240234375	17.372133255004883	
78.30539798736572	86.02010154724121	17.320520401000977	17.684158325195312	
80.41913986206055	84.83606433868408	17.247478485107422	17.85252571105957	
84.03851985931396	83.59985828399658	16.608015060424805	16.57792091369629	
86.43131160736084	83.13043308258057	16.162939071655273	16.259706497192383	
87.36251926422119	82.0477991104126	15.960123062133789	16.392549514770508	
87.85995292663574	81.5917329788208	18.07994842529297	16.417436599731445	
89.69514560699463	82.10956859588623	17.784151077270508	16.13545036315918	
90.71712303161621	81.58630466461182	18.19537353515625	16.90142250061035	
90.98863315582275	81.94751453399658	19.8084659576416	17.514131546020508	
93.726975440979	81.78521156311035	17.582048416137695	17.175033569335938	
92.74634265899658	83.48415756225586	17.333711624145508	17.617801666259766	
86.3666090965271	75.18557119369507	14.016724586486816	15.231598854064941	
85.81130123138428	74.35310935974121	19.024030685424805	15.129837036132812	
108.668701171875	70.32450199127197	18.84029769897461	20.515466690063477	
140.06450080871582	65.09239292144775	19.611244201660156	20.29209327697754	
110.24545288085938	70.07170486450195	19.30762481689453	20.40481948852539	
93.14818859100342	91.22383975982666	17.990205764770508	16.277902603149414	
103.96373891830444	75.48285961151123	10.279263496398926	30.229169845581055	
95.95297813415527	91.9850549697876	16.576923370361328	15.406938552856445	
98.35301780700684	91.42235469818115	17.285022735595703	15.595914840698242	
102.06820583343506	91.226478099823	16.060396194458008	15.807515144348145	
101.51151752471924	91.25676155090332	16.54494285583496	16.015594482421875	
101.792799949646	91.31906986236572	16.127717971801758	16.080812454223633	
102.67871761322021	90.81001710891724	17.05755043029785	15.747584342956543	
103.75424671173096	90.3651180267334	16.082090377807617	15.658721923828125	
103.2718734741211	90.78324317932129	16.48224639892578	15.449951171875	
103.54886150360107	90.02340507507324	15.945474624633789	15.943672180175781	
102.8987398147583	90.21839427947998	16.430585861206055	16.093442916870117	
103.91111278533936	90.68243312835693	16.139787673950195	15.397367477416992	
103.26335716247559	89.67012786865234	16.632404327392578	15.954669952392578	
101.90928268432617	88.63730764389038	16.82544708251953	15.228119850158691	
101.22521877288818	87.86952257156372	17.064210891723633	15.17048168182373	
98.98411655426025	86.44207429885864	18.300939559936523	15.948298454284668	
96.27997016906738	85.90399265289307	18.400264739990234	15.81572151184082	
94.17988967895508	84.65176343917847	18.799072265625	15.726269721984863	
89.65823173522949	84.24832487106323	19.886905670166016	15.942296028137207	
90.20832920074463	84.76258277893066	20.015836715698242	16.11664581298828	
88.64996147155762	83.40861511230469	20.778621673583984	16.69144058227539	
87.11724090576172	83.49392700195312	18.08013153076172	16.239864349365234	
85.33565425872803	82.54186391830444	17.489099502563477	15.891694068908691	
86.620680809021	82.73089504241943	15.746255874633789	15.573179244995117	
85.02931308746338	81.98726177215576	16.71217918395996	15.689672470092773	
86.41898441314697	82.1643853187561	15.878644943237305	15.166838645935059	
86.78903484344482	81.09795999526978	16.563302993774414	15.574095726013184	
87.60415887832642	82.11748456954956	14.994891166687012	14.777234077453613	
86.38886213302612	81.46934127807617	15.705376625061035	15.402164459228516	
87.19219827651978	81.39702844619751	15.598589897155762	15.576285362243652	
87.74684762954712	81.58342981338501	15.883692741394043	15.297698020935059	
88.81768131256104	82.18017816543579	15.077856063842773	15.034300804138184	
87.6785888671875	81.61064767837524	17.922576904296875	15.826590538024902	
89.76439094543457	81.6809492111206	17.01711654663086	16.55560874938965	
90.41930198669434	82.28330135345459	18.180545806884766	16.7214412689209	
90.06781673431396	82.62834548950195	17.79533576965332	16.330425262451172	
92.61116600036621	83.70321226119995	16.57681655883789	15.689770698547363	
93.10172176361084	84.29332113265991	16.70366859436035	15.628457069396973	
93.11016368865967	83.98450517654419	17.04050636291504	15.379992485046387	
93.63124942779541	84.2340726852417	17.630117416381836	16.3009090423584	
95.6404275894165	83.86443042755127	16.767438888549805	16.181535720825195	
96.88344860076904	84.89628982543945	16.81687355041504	15.176212310791016	
99.77812767028809	84.8691987991333	17.006305694580078	15.146005630493164	
101.28051567077637	84.89832019805908	16.624584197998047	15.187707901000977	
102.26783275604248	85.82182598114014	16.886613845825195	15.336019515991211	
104.5724983215332	85.42427825927734	16.658004760742188	15.815982818603516	
106.59489440917969	85.45870018005371	16.817352294921875	16.780807495117188	
107.94289875030518	85.0376672744751	17.234922409057617	16.351686477661133	
109.91479778289795	85.4044771194458	16.068849563598633	16.582658767700195	
110.26840305328369	84.88327121734619	16.672483444213867	16.00181770324707	
111.68433380126953	85.30490970611572	16.56800079345703	15.927209854125977	
113.73022079467773	85.97975587844849	16.524627685546875	15.958285331726074	
113.63730430603027	85.91313600540161	17.199649810791016	15.930521965026855	
114.99902534484863	86.30695962905884	17.042377471923828	15.941832542419434	
115.04350471496582	86.44727611541748	18.407032012939453	17.29224967956543	
117.34573078155518	86.38534832000732	16.808500289916992	15.875005722045898	
117.48592185974121	85.7052001953125	17.55600357055664	16.96225357055664	
119.10699462890625	85.99674320220947	16.834091186523438	16.041826248168945	
120.91491603851318	86.3382511138916	16.028154373168945	15.812721252441406	
122.01491832733154	87.25326728820801	16.18351173400879	15.527809143066406	
123.41246223449707	87.06552505493164	15.813396453857422	15.745098114013672	
125.0954270362854	87.75003433227539	15.40656566619873	16.221424102783203	
125.65445041656494	86.72107315063477	17.97133445739746	17.086727142333984	
116.82701873779297	71.26947402954102	24.122207641601562	26.567707061767578	
131.6003704071045	87.58926677703857	16.99454116821289	17.820791244506836	
133.2439832687378	87.63974571228027	17.21867561340332	16.38903045654297	
133.46062469482422	84.02916240692139	18.99835205078125	18.719358444213867	
134.57403469085693	85.33515644073486	18.2215518951416	16.150537490844727	
119.43538761138916	61.45889854431152	15.406621932983398	19.63074493408203	
136.46922779083252	66.17461681365967	23.532316207885742	24.108434677124023	
119.75924873352051	58.376235008239746	32.16086959838867	30.480863571166992	
139.32329654693604	61.888150215148926	23.600706100463867	25.674623489379883	
142.2423620223999	63.76540565490723	21.7549991607666	22.748733520507812	
145.44228172302246	63.45075988769531	19.132930755615234	21.57485580444336	
144.10847187042236	63.66863250732422	20.90449333190918	20.901660919189453	
144.5192461013794	63.000460624694824	20.58436393737793	21.210363388061523	
145.57981777191162	63.389291763305664	19.944337844848633	21.44713592529297	
144.44898509979248	63.60434627532959	20.40129280090332	20.856237411499023	
139.47094249725342	62.31456279754639	22.047090530395508	21.884679794311523	
145.06358528137207	63.54808235168457	21.004940032958984	20.99957275390625	
144.48055458068848	63.50188636779785	20.61880874633789	21.07421112060547	
145.0463047027588	62.951520919799805	20.184436798095703	21.070350646972656	
139.8890323638916	62.54935169219971	21.27426528930664	22.535730361938477	
144.18566417694092	63.021339416503906	20.324464797973633	21.39266586303711	
144.57279586791992	63.55208396911621	20.275283813476562	21.076004028320312	
112.69643020629883	64.86078548431396	17.283618927001953	19.145185470581055	
