144.0	28.0	24.0	29.0	
143.31532644	27.1098862331	23.5356305065	28.9465109211	
143.497097896	29.1695070769	23.1720875962	28.9542269252	
144.030778905	29.1707190132	22.9243488746	28.9518030526	
145.745192766	29.1804046966	22.7577912142	28.9324316859	
145.044829322	29.5870663513	22.5333860782	28.9316743889	
145.085232019	29.5364731434	22.4525806839	29.0328608047	
145.110753333	29.9643249043	22.4015380548	28.9862943998	
144.742545117	30.333737426	22.3303599364	29.0550639068	
145.623441478	30.3045664183	22.1835372883	29.1134059222	
144.881413363	29.9650315646	22.0556317185	28.9864947297	
143.708609203	29.6254923541	21.9953652202	28.8636148776	
142.49588983	28.7543064056	22.0235012582	29.0077849694	
141.296979197	27.9379866061	22.0160472497	29.0369077194	
140.479103003	27.4758869137	22.047638303	29.1590264368	
139.263148326	26.653984033	22.0661744974	29.1939167577	
138.498243232	25.8357625272	21.9854003798	29.2197754654	
138.423158395	26.5907846214	22.1355700547	29.3184637209	
137.608906972	25.736096673	22.1474259467	29.4111926631	
137.574030485	24.9182165031	22.2171789209	29.427093435	
137.136864634	24.5410914872	22.2801988232	29.3700316688	
136.734896143	24.5258395638	22.2726643492	29.4005355156	
137.123460084	24.1569400339	22.3073498489	29.3265211923	
136.256793317	25.3656227943	22.4181807493	29.342909622	
137.917958127	24.5219753288	22.3490895298	29.4035853534	
137.521079744	25.7098965646	22.3297386788	29.4670657322	
137.929906765	25.6726492274	22.325844044	29.5415604065	
139.570820176	26.4474845406	22.3033414641	29.6215519008	
139.623809936	26.3994237065	22.1973619434	29.717673569	
140.924180367	27.5799440179	22.0428581316	29.8028699964	
142.611277034	27.5892191675	21.9253790807	29.7843196971	
142.190012368	27.5743367525	21.9559370673	29.8140845273	
144.243227915	28.8215906546	21.9141286664	29.7583503389	
143.897867824	28.3324672854	21.7934565101	29.9252047396	
145.546197278	28.7563253589	21.7445830351	29.8894349508	
146.31539712	28.4057102864	21.8273855346	29.7800640041	
146.688186668	28.0052258423	21.8921061812	29.7707331505	
148.309985787	30.1169822524	21.8933856258	29.6033174348	
148.633691545	29.3531357608	22.0546703604	29.5136179182	
150.280726219	28.9822645757	22.0004908835	29.4453878207	
149.829844269	30.7144808612	22.0942070656	29.2131461239	
151.465270713	29.8463219775	22.0475264244	29.3373777682	
152.308442453	29.4264056005	21.9755283603	29.3700378139	
153.138019621	29.4881018735	21.9293591749	29.2466452679	
154.771450073	29.4267036127	21.8779348816	29.3694417894	
155.624990642	29.4854850858	21.7806270275	29.2518788433	
155.204015759	30.3283475774	21.8210713354	29.169164777	
157.611626583	29.9250050609	21.8113015735	29.1749411624	
158.831788581	29.9465529695	21.7734878037	29.1318453452	
160.427893585	30.7896106568	21.7795267967	29.0448544712	
161.709421119	32.0199036509	21.6114824229	28.9792791774	
162.466401148	31.2147674902	21.6867021144	29.000371751	
164.015752401	31.5485214265	21.7725659086	29.1290054536	
165.555227596	31.1050871608	21.8916313119	29.2163700364	
165.092530881	30.5937367161	22.0142434685	29.4362896529	
167.075877799	31.698831552	22.0882208376	29.6505027038	
168.246724533	30.8522521589	22.1843402642	29.7184528937	
169.815181354	30.8019365787	22.3082712167	29.819084054	
169.335042565	32.0715885746	22.4497786521	29.7360904913	
170.500563613	33.1863735969	22.5781954868	29.965979377	
170.818304338	32.2384804062	22.7681340753	30.2109256811	
170.661408564	33.0343989221	23.0819256224	30.2835988088	
169.810957174	32.1034348286	23.1058550903	30.4685536828	
169.840069928	33.3581500157	23.0476295812	30.4842151691	
169.013899661	32.44086518	23.017999932	30.6368146574	
167.738988229	31.8664417777	23.0393466025	30.9428360638	
166.489333593	31.4890718969	22.9951592413	30.8497436145	
165.23631893	31.5003237725	22.9641103387	30.8272398632	
162.002959557	31.0391792628	22.6720913948	30.9046866714	
161.309526544	32.0015790649	22.3764876033	30.6623568842	
160.116337084	37.727052596	23.0974557567	29.2038744249	
156.967611236	30.5818769689	22.8170006675	29.5161737632	
155.924979189	29.7587731819	22.4349008612	29.5174720703	
154.762307647	29.2925763119	22.3115098584	29.6336211147	
152.743141295	28.9551392782	22.2698460215	29.4924958738	
151.906727452	28.1073411918	22.3163363273	29.5617546665	
151.42697686	28.0448403595	22.4608540881	29.6867563312	
150.567527566	27.5914407217	22.5412549903	29.7743067637	
150.139505924	26.7734040604	22.5754020765	29.7665876919	
150.341560094	26.678725869	22.9936298859	29.9559440745	
150.767504915	26.1729975954	22.9737877431	30.135353124	
151.167230025	25.7051318889	23.0087987775	30.2366232827	
152.841404602	26.5160605267	23.0067574932	30.2879199423	
152.449622036	25.6646846202	22.9529968409	30.3160201887	
154.639234282	26.047433188	22.758154005	30.387399384	
154.29645668	25.5545111693	22.6089300634	30.538464276	
156.354848921	26.8674184627	22.6653190662	30.4165537807	
157.635911092	26.0291856849	22.6043065528	30.4256114505	
159.241315802	27.3610496515	22.7248689342	30.2604123675	
158.730501325	28.2680111568	22.9141963319	30.1110924693	
158.718482996	27.3994955128	22.9382329896	30.181886044	
158.820808112	27.3970043047	22.7335827579	30.1868684601	
160.133055226	28.5561137925	22.6030605103	30.3626214649	
159.861394443	27.1380548817	22.3145176304	30.7031459512	
159.532372146	28.3751077271	22.1402552373	30.7259612199	
159.180828322	27.4029683843	22.0135533802	31.0106608932	
159.627482693	26.9654273522	21.9522610451	31.05372655	
158.748253738	27.4192100521	22.0474030857	30.9778190849	
158.343957967	26.6332700657	22.0239177458	30.8855452927	
159.592908861	25.8155918737	22.0168952232	30.8603155	
158.784779605	25.5281119398	21.973562876	30.6054799385	
158.760311044	26.4654953399	22.0224999966	30.3811574018	
158.25078832	26.2124093038	22.2189196928	30.0647037203	
158.623922116	25.4879153202	22.2936953505	29.8716051848	
158.575968378	26.2525631862	22.3896028276	29.9809713679	
159.787372051	25.8863289292	22.4344888212	29.8908754349	
158.990660353	27.0070709471	22.3840577939	30.1151730359	
159.82557018	26.1625603619	22.3632688621	30.1551634829	
159.069367643	26.1560880947	22.2261077165	30.1681080173	
159.848557385	26.68131396	22.3131933147	29.9403888276	
159.488817722	26.7629509082	22.2119760519	29.7771149312	
159.990263172	26.2984146343	22.0256411243	29.8896315069	
160.404289653	27.5633632204	22.0128032236	29.805379518	
161.219664954	27.2012425906	22.0095011623	29.7158965069	
160.890972219	27.6495312192	21.8545767238	29.6316291588	
160.88064735	27.3206354391	21.8752264617	29.4809301007	
160.896965913	27.7871408352	21.8425893365	29.3544573413	
160.512232126	27.6923568697	21.8079767709	29.5440252724	
160.143004191	27.637727231	21.7400370848	29.6532845499	
160.218043377	27.5115533781	21.589958713	29.9056322556	
160.23145831	28.2056623724	21.5631288468	30.1340272212	
160.668871682	27.8372293152	21.4996285315	30.0595669077	
161.817716111	28.6508413423	21.6294001407	30.0506498317	
161.414053606	28.2024057971	21.6255718538	30.1363676257	
162.266241189	28.5433863895	21.5459753574	30.2667957761	
161.845102706	28.1588439703	21.5751977504	30.2228260401	
161.43149621	28.634909866	21.5895407547	30.0835642363	
161.441967455	28.2563909887	21.5685982636	30.0296054817	
161.457432464	27.8551192961	21.5376682459	30.0223144864	
161.12246121	28.6977764013	21.3983956599	29.9554304649	
161.643996723	28.2517400354	21.1612346263	30.0415932042	
161.3346514	28.2215866844	20.9766190669	30.1018999063	
161.008136301	27.8294536767	20.82847872	30.0849953765	
161.504748946	27.4553961303	20.6337207243	30.0346431749	
161.115916856	28.2249302164	20.6168988607	30.0845470931	
160.710054777	27.2506588213	20.6336628364	30.4431695185	
160.76433842	28.8090989376	20.5250955492	30.5288589022	
160.337599632	27.833622578	20.5784417827	30.8795489344	
160.761388915	28.2004246301	20.5371557546	30.9522373693	
160.109726542	28.9320962005	20.2270828388	31.1022918907	
160.682554512	28.9134591513	19.8852149986	31.139565989	
160.539766922	29.295548924	19.3721517489	31.1740248738	
161.48146398	28.4848224501	19.0698772239	31.2143582311	
161.220342252	28.5262556257	18.8060379682	31.1314918798	
161.390983536	28.1005549896	18.464755401	31.2024867941	
162.162416976	28.1080186086	18.4732966326	31.1875595561	
163.147293466	28.0831223309	18.8304232303	31.2373521115	
161.668840167	28.9468730216	19.4401496612	31.074637508	
162.93239794	28.6889848698	20.0738980249	30.8001978341	
162.341416565	27.8932934086	20.4591581884	30.7981755826	
161.356696083	28.8336569373	20.8224264087	30.5236212685	
162.840619569	28.4544894808	21.0745113581	30.4769732012	
161.508097329	28.0756896907	21.3142012107	30.426121239	
161.407284251	28.1831050528	21.5158273663	30.2112905149	
160.609709932	27.403778624	21.4875404832	30.1465078518	
160.576187233	27.9414337825	21.5545858826	29.8814686509	
160.89954642	28.1356261643	21.7152261657	29.4930838874	
160.50729598	27.8068035643	21.6956258255	29.3466278677	
161.306812242	29.0689091234	21.6997018226	29.2270795292	
160.958817911	27.8804516935	21.5958870935	29.2045842198	
160.909633843	28.2510467185	21.6942552309	29.2611551287	
160.583757495	28.0795356267	21.5457755592	29.6041773125	
161.383596076	27.9390841475	21.552114498	29.8850802707	
160.487201386	27.5140999653	21.7301583121	29.927675853	
160.438771887	27.5011918002	21.827017311	29.9534921833	
160.389127142	27.07232902	21.9263068007	29.9982911078	
160.795799014	27.3827345629	21.9281993656	30.1927163304	
160.367520936	27.25479885	21.9665374066	30.4485877562	
160.354457846	27.257017954	21.9926635865	30.4441495483	
159.994170765	26.8138823935	21.8901469588	30.5073298803	
160.770373826	25.9241288082	21.9824662178	30.6421116706	
159.911628831	26.6955163883	22.0481089087	30.7511838095	
159.96310132	26.2527811923	21.9451639296	30.8079980168	
160.368593652	25.8906479829	21.962001418	30.704442285	
160.435573921	27.2021499641	21.8280408788	30.5610317942	
158.861939339	26.7201747812	21.6866935128	30.7028280275	
159.477707387	26.2207417325	21.2771291293	30.8797224119	
159.255469922	26.1658032183	20.9037239061	30.9895994403	
159.03510274	26.6112569965	20.5311085295	30.9120416231	
158.864113075	26.6121719714	20.0670937071	30.9102116732	
159.439976754	27.0485697642	19.7136055234	30.8356552624	
159.558283414	27.0717655184	19.4769922043	30.7892637541	
159.336370815	27.4413661747	19.1342501887	30.8366296554	
160.172373393	27.4563709144	19.0253043647	30.8066201762	
160.072189705	27.1336628582	19.2256717408	30.6727838352	
159.558077083	26.3649814199	19.4732810617	30.6489148662	
159.848730835	26.4685986114	19.6763790121	30.4416804833	
158.971460535	26.2040795989	19.8615282945	30.1860228493	
160.441519222	26.6554604728	20.0571970264	30.067207628	
159.640842634	26.2432205008	20.0877187181	30.1062718299	
159.183297651	27.786765032	20.2162983487	30.165224111	
160.433467603	27.2869342226	20.0845572822	30.3753527837	
160.058104522	27.2680297066	20.0447812953	30.4131618158	
159.691370039	27.7184305115	19.9878421131	30.3027683548	
159.799093803	27.6907563789	19.7723945847	30.35811662	
159.879860739	27.6786303406	19.6108607122	30.3823686966	
161.545235012	28.8240019166	19.4109644532	30.4397647588	
161.173390919	27.9932441907	19.374419665	30.5408142637	
162.390040488	28.6676036348	19.2845221406	30.7543631181	
161.6143108	27.8533719801	19.2703386387	30.8171835495	
161.22986814	28.3202261981	19.2557016284	30.6669974431	
162.412448674	28.720211336	19.2336387858	30.6480599087	
161.595611079	27.5240040757	19.3065540361	30.6993345188	
161.166508633	28.3026625728	19.3823907598	30.7067538619	
161.534324894	27.8053862768	19.4305075788	30.9175571116	
161.563118329	28.0782795695	19.37292071	31.1594774813	
161.489237055	27.5726388312	19.5206832571	31.3804034692	
161.045499984	27.660549026	19.6120235543	31.2045830796	
161.416860197	28.0559870882	19.664341785	31.2087456119	
160.997448875	27.6731593461	19.7071870799	31.1784237482	
161.329575769	27.285844337	19.8391747056	31.1568123521	
161.257184443	27.7154199544	19.983957358	31.0957878325	
161.631252288	28.147223589	20.0354545706	31.0318134654	
160.742791849	27.6717942338	20.2133069956	31.1831379497	
160.5668615	27.7022298022	20.565167694	31.122266813	
161.342479239	28.0511487867	20.6333713869	31.2341484287	
160.893954155	27.5863966294	20.7178863846	31.351117573	
161.260677726	27.9936769106	20.800137834	31.3522556034	
160.426437613	27.2593014743	20.8344502596	31.1868386748	
160.82523797	27.7411155337	20.8520169292	31.0383779406	
161.235041898	27.8140886097	20.8456348264	30.8924317887	
160.794049634	26.9131616271	20.9166961895	31.0724394228	
160.749922216	27.013478594	21.0049510252	30.871805489	
160.697109819	26.6944871884	21.1105758201	30.6965340995	
160.25431047	25.8704559074	21.1838135702	30.7198747663	
159.340874728	25.0383191083	21.3828355602	30.75629887	
158.839713893	23.887356171	21.567392434	30.6049303574	
158.413223611	21.9336872262	21.6018491602	30.4196490547	
158.397303703	19.927673758	21.6336889744	30.3502325997	
158.388894667	17.9353641236	21.6505070473	30.2560405953	
159.103713334	16.3984118688	21.8500949847	30.0714945603	
158.258334296	14.8109058128	21.9106606511	29.9861218519	
158.524394864	11.5441950838	22.1933343193	30.0011848727	
157.695758183	10.3020891291	22.2112906421	30.0264212217	
157.613640573	6.8153562716	22.3755258627	30.4371962909	
157.074920118	5.83021019936	22.6236963085	30.7489475097	
156.928656617	5.07691133589	22.9162233118	30.5793940719	
158.552766828	5.13213939877	23.029150837	30.4689379462	
157.634120866	5.59922110371	23.1855418459	30.3752249933	
157.589219623	5.04495124361	23.2753443315	30.6421900196	
157.185068088	7.03107975518	23.2365360779	30.9054896189	
158.451417409	9.16722767252	23.25530537	30.8856403412	
157.67332764	11.4494137932	23.1104973148	30.5737370843	
158.970981347	13.4557560649	23.0453182741	30.7779331639	
158.499484663	16.0246286465	23.1428910613	30.7127114799	
158.100703483	18.0721090533	23.0944307708	30.8478639204	
158.915532974	20.1542195873	23.1593484419	30.9200844832	
158.52914869	21.106550506	23.0826675763	30.7143215126	
158.170823049	22.3100931878	22.9542560253	30.8424246487	
158.210139413	22.8008299072	22.8756232978	30.7058631202	
158.230341273	24.0927569103	22.8352195774	30.6466512705	
158.673809656	24.8980619318	22.7882680926	30.7160117899	
159.080001471	24.4256800039	22.8161560495	30.8205040574	
159.882493256	23.9174944356	22.8958067418	30.9945580632	
159.446676066	23.4756676935	22.9211732099	31.0319436357	
159.53207764	22.9471011559	22.7503700627	31.2418249083	
159.571992636	22.0896112898	22.6705400711	31.2615289645	
158.681613868	21.6204974984	22.7580460598	31.3531307744	
157.803572763	21.7932732099	22.8152227534	31.0075793515	
159.134233652	21.7896300421	22.6893359127	31.0148656871	
158.674209934	21.3710814218	22.766192408	31.0087719876	
157.84847439	21.010908878	22.7289452311	30.8847579433	
158.302363287	22.2851519413	22.6630319049	30.8618652158	
157.443929675	21.4170104943	22.6990272799	30.9172762615	
157.863455611	20.5417325523	22.7018432986	30.9840963625	
158.245831621	21.3730337116	22.7800201945	31.007351874	
157.36943861	21.4599137483	22.8436775705	30.8335918007	
158.748649871	21.8450438806	22.6141558178	30.906298459	
159.826273911	23.6441876372	22.1395257119	30.6692468939	
159.675089438	22.8993485352	21.6129769433	30.5010896701	
161.110132115	24.2671284101	21.1960051111	30.2186434402	
162.139170215	24.003999941	20.7510421663	29.9383437503	
162.36374446	25.6837633212	20.3018936754	29.7587105575	
162.591958521	24.124198661	19.8454655535	29.7385141367	
162.852762593	24.8880227884	19.3238574101	29.7647754497	
163.07614793	24.898060005	18.8770867361	29.7447010164	
163.314852069	24.5208185901	18.3996784576	29.7382830314	
163.606580266	24.5355863833	17.8162220648	29.708747445	
164.700444898	24.0227063475	17.1135796606	29.9919640868	
166.056006655	24.7149652109	16.6070242782	30.0771584486	
166.023695453	23.8495086701	15.9441537935	30.3530857543	
166.632943572	23.8461496093	15.445866201	30.3598038759	
166.875794358	23.4621461361	14.960164629	30.4160846364	
167.035519257	24.2800487489	14.6407148307	30.1885735339	
166.040836163	24.413821821	14.5442496364	29.9210273897	
166.735436318	25.9908254986	14.5344364913	29.5257943612	
166.790953311	25.0266583724	14.4234025042	29.4028866866	
166.045691675	26.1438201633	14.553876546	29.2086369498	
167.023980177	26.314016264	14.6356328936	28.8682447486	
167.046743669	24.5199460779	14.5901059095	29.0770234486	
166.645298	25.3106918192	14.7148528356	28.8518207872	
165.466138522	25.1292397803	15.0421748274	28.537725877	
164.148870359	25.5280532831	15.6426483541	28.4181198051	
163.072204162	24.9034885937	16.4229011767	28.2941696127	
161.666216079	23.8368691762	17.1409539091	28.3334850144	
160.55389362	23.5121937569	17.9442200612	28.27214647	
159.726499541	24.2411029069	18.8757489438	28.2608467202	
158.923412384	23.4272012397	19.7433021959	28.4114079313	
158.577450107	23.7264310058	20.4352267498	28.5682125779	
157.932433445	23.226424193	20.9562140701	28.7991801991	
157.164971058	23.4346002918	21.7100267601	29.1639400839	
156.146249301	23.7135602947	22.1494461069	29.4050321622	
155.55245836	22.8187322947	22.5271590228	29.5749502304	
155.365839695	21.7364092543	22.9003963534	30.1023426308	
156.406131056	22.3391919099	23.318094273	30.5622977468	
155.421192398	21.3356698207	23.5947902793	30.8761606174	
155.799414217	20.7688646377	23.6942387391	31.1538788869	
155.283385652	21.6274098105	23.8645454477	31.1602893838	
154.840977303	20.5324815345	23.8847356287	31.620892902	
154.74748122	20.317585995	24.0717277941	32.0506839811	
154.5257438	19.8067091721	24.5152026346	32.1908559642	
154.261503414	19.24618375	25.043683406	32.4209455671	
154.097792611	18.679140124	25.3711050133	32.6519443007	
153.38686836	18.1841749875	25.8810049305	32.7299259902	
154.019647433	19.5304210607	26.4583067832	32.8017238403	
153.59558841	18.9327092021	26.3745336186	33.0652563475	
153.687474377	19.0105147614	26.1907616848	32.9096452289	
153.33548701	19.0666539183	25.9655261917	32.797366915	
154.859284116	19.5777626775	25.6894370707	32.6989844265	
154.591842496	19.6811468286	25.3064755975	32.4922161242	
154.471554365	20.1784147463	24.6385965193	32.4061356275	
154.695356349	19.7827255204	24.1909925516	32.3012562924	
155.750868035	19.5219318787	23.8546626578	31.9354968364	
156.804732765	19.6315340586	23.499489427	31.7162924767	
156.621305804	20.9117670736	22.999213833	31.7572149966	
157.34937136	20.9937467395	22.402626791	31.5932556647	
158.223370285	21.4481843719	21.501872802	31.5316242614	
158.11020322	21.6019929771	20.8967760661	31.224007051	
157.133123185	22.0931533342	20.4006508338	31.0584481044	
157.306330982	22.6125414929	20.0542352395	30.8256943932	
156.897238862	21.8503520224	20.0756622797	30.7565589332	
157.31747368	22.4250329738	20.031269938	30.4032743257	
157.138483253	21.7928361131	20.3892507931	30.0875985422	
156.557356282	21.6909057703	20.760270309	30.2914592278	
156.276015772	21.1134532252	21.3229513304	30.645910575	
155.997238331	20.5130065799	21.8805062129	31.03169555	
155.78719062	19.8038199234	22.300601634	31.6199272454	
156.07198309	19.1948400195	22.5769822692	31.9919214783	
155.951024705	19.5325535423	22.8188990389	32.1726436618	
155.321990038	19.5169116429	23.2140974353	32.2039274607	
156.066867283	19.0560622505	23.4640416701	32.2557768835	
155.438658339	18.6323979814	23.845717074	32.2283629378	
154.804863718	18.5847767087	24.2327202072	32.3236054832	
155.204837566	19.0012654186	24.3211418971	32.3789974495	
155.29752463	19.0610732893	24.1357677678	32.259381708	
157.684561009	19.8390358349	23.7907253562	32.4750687552	
156.973323746	20.0028189147	23.4463338721	32.1475025956	
156.657157011	20.1465406585	23.2058587739	31.860059108	
157.953946162	20.1739064565	23.2057753738	31.8053275121	
158.82354207	20.6739828304	23.1939160279	31.6688409999	
158.512172463	21.1609349849	22.9552557664	31.5563361668	
158.123319808	20.8326538519	22.8771864699	31.3571238252	
158.535057532	20.9307294009	22.9051806064	31.1609727273	
160.25540964	20.9568020822	22.8602775037	31.1088273646	
159.808209823	22.1530590437	22.9072552897	31.2585789815	
159.838793749	22.1037625841	22.8460874392	31.3571719008	
159.091701724	22.1346617565	22.6383518651	31.2953735559	
160.066001944	22.2288552008	22.3829719003	31.1069866673	
159.780565203	21.8019453308	22.1142893964	31.1212504221	
160.895747001	22.2397140177	21.5546253603	31.0810628274	
161.111180403	22.2815685708	21.1237585565	30.9973537214	
160.923883964	21.5310552294	20.6812367225	30.8641509804	
160.630792032	21.552898266	20.4596518622	30.8204649072	
160.35265882	20.7875497294	20.2124886963	30.7443028024	
160.393188386	20.8717619315	20.131429564	30.5758783982	
159.493954637	20.4601445577	20.3413087511	30.6048189898	
159.036330748	20.4821425686	20.4583358922	30.5608229681	
159.449197953	20.3830245233	20.4321052526	30.7590590588	
158.924559719	20.3996391399	20.6793330976	30.7258298256	
158.477620189	21.2263160001	20.7675563885	30.6837876459	
159.280338303	20.8440077158	20.7750931392	30.6419177247	
158.897988526	20.4081599968	20.7338118182	30.707632288	
158.838210873	21.2290326007	20.8533671247	30.6784587145	
158.922348232	20.7533680892	20.6850924064	30.8219588537	
159.040336621	19.9832921621	20.4491156295	30.7477147751	
160.272983057	21.6834662819	20.3903054871	30.5560101764	
159.968933334	20.8925594298	20.2001037288	30.5412214704	
159.29317258	20.4531425516	19.9617922633	30.6251387407	
159.469967977	20.8710560664	19.6082014696	30.5815192255	
160.434334287	20.5007655937	19.2507735108	30.5364478402	
160.183231513	21.3622035019	18.9739804641	30.3715692147	
160.362285129	20.5495016014	18.6158732318	30.4531816675	
162.082931417	21.3559799433	18.2429772774	30.3744232941	
162.133965751	21.0475657443	18.1409086091	30.2316056576	
161.917436915	20.852690484	17.8181667649	30.6213561783	
162.392942551	21.1734261433	17.6232917711	30.7360211381	
162.152891399	20.7415570808	17.3488616546	30.8452268443	
162.611436768	20.3628185317	17.1832560567	30.8512188033	
161.980219733	19.9884589072	16.9481831651	30.8511845717	
162.907951114	21.8834537466	17.3269496244	30.7849102599	
163.709886948	22.4881102648	17.9737381648	30.3258172934	
163.078042555	22.5307181306	18.4830479827	30.2406015618	
162.876132995	21.3755600495	18.8868671018	30.2658297279	
161.853999744	20.5877625039	19.3934232285	30.3037144439	
161.614294864	21.7391580655	19.8728329887	30.3346318559	
160.880093564	22.0981387975	20.5548697798	30.4030362016	
160.242260807	22.4903777205	21.0318039554	30.4172896929	
160.355128133	22.4364944675	21.612913885	30.525056199	
159.180902744	22.4677538707	22.3252324492	30.4625373926	
159.75320838	21.7147007092	22.8382822573	30.3109826375	
158.287918481	21.3001154833	23.2640854687	30.3052275609	
158.998209947	22.5093092383	23.5270774039	30.412202351	
159.060731726	21.644944112	23.4020338467	30.4455212508	
158.605218019	21.9498638854	23.4668838289	30.6818591362	
159.098112396	21.9236374974	23.3319366596	30.7343119122	
159.188426167	20.9325068823	23.1513091173	31.0176939431	
159.231921011	20.6423194559	23.0643194288	30.7472653237	
157.970492257	21.2051107879	23.0513835626	30.4669471178	
158.920325501	21.7333249529	22.8332836117	30.2513020559	
158.356603922	21.3142630909	22.2928573745	30.2554910826	
158.244949938	21.2787637159	21.6910108614	30.3264898327	
158.552462995	21.6240795311	21.0759847482	30.4522045465	
159.622863888	22.391732717	20.5513870748	30.5331022877	
161.389808083	21.8885570586	20.2200250559	30.7388220115	
162.359086874	22.7992650556	19.8778993631	30.5138379066	
163.308384654	22.3774698366	19.5575822955	30.5682890985	
163.050678641	21.9602988945	19.2883860367	30.6180226984	
163.780303792	22.4465741914	19.3908322073	30.4263203402	
163.75377725	22.7668094868	19.443885291	30.5655448222	
163.277138838	22.3246431156	19.6144959963	30.6672114463	
163.275387196	22.2445832374	19.6179992806	30.8273312028	
163.333282299	22.2220723035	19.5022090744	30.8723530705	
162.586531618	21.8242005847	19.4192462823	30.8798644315	
162.536144733	22.6843867382	19.5200200528	30.7334018228	
162.141669344	22.7030514876	19.5225192115	30.6960723239	
161.739342901	22.0331476653	19.5412372642	30.4640103028	
161.69664098	22.1541696203	19.6266411061	30.2219663928	
161.754446052	22.9530801638	19.5110309631	30.1852887223	
162.588907057	22.9073151179	19.3982947291	30.2768188141	
162.661826867	22.8104695259	19.2524551102	30.4705099981	
163.103240808	22.4334259815	19.1476679751	30.4465563397	
163.184992207	23.1518826901	18.9841651774	30.5614980432	
163.757197548	24.2011683247	18.6146575169	30.7876358409	
164.290839222	22.5338401599	18.3194359663	31.03404498	
163.265384831	22.4903933259	18.0581091224	31.120938648	
164.25352162	22.211059839	18.3846734937	30.9119929721	
164.134419344	22.985145658	18.6228780452	30.90388796	
165.045125773	24.6176352621	19.1232587755	30.734633535	
163.66656584	25.8949190177	19.5409116558	30.5195330099	
163.061101979	24.7491073948	19.9682398026	30.4603575306	
162.899066271	24.522151217	20.2923112179	30.1244276382	
162.769086167	23.8202666622	20.5522714263	29.947834927	
162.260434867	25.0896778016	20.777745278	29.7844988956	
160.828569424	24.0000578335	20.4691110622	29.5844650057	
160.578628649	23.2556652138	20.1840218666	29.5033087549	
159.932860627	22.4112939281	19.9174993577	29.6339927734	
159.527895256	22.7653463755	19.9508512802	29.7024666986	
159.553303344	22.6971819899	19.9000351036	29.8387954696	
161.033767972	23.4173346952	20.0565838884	29.9572290798	
160.590427401	22.974504069	20.1595135246	30.0591388248	
161.804544874	23.9733388934	20.0922604971	30.422451095	
162.631174552	22.6831276149	20.0216768583	30.6288600767	
162.548434208	23.8446203291	20.1871575458	30.6856590643	
162.981062496	22.6195620664	20.1187714112	30.7451642634	
162.130162598	23.0792525526	20.2273217934	30.6224079978	
162.236713714	22.6426389265	20.0142195613	30.699046241	
161.866515598	23.3984820089	19.9604255388	30.7757405855	
163.012756707	23.0339437774	20.0512736411	30.7103736087	
162.14945953	22.3398837437	20.1879123172	30.508537998	
161.341299094	23.56441846	20.2157879475	30.4421364263	
161.811395025	22.8225287952	20.0692844927	30.3385389435	
161.440832424	22.0948182094	20.0207147251	30.2145701752	
161.139216056	23.161396034	19.8369231128	30.4424875668	
160.857416854	22.730803846	19.6131357479	30.5162861731	
160.621022499	21.9348955447	19.3011668063	30.538587474	
161.102908458	21.9040077722	19.117269337	30.6003630191	
162.047783543	21.8680133854	18.7829520406	30.6723517927	
163.010161687	22.2497666755	18.4045490433	30.6820218582	
161.404265811	21.7342366345	17.7816002528	30.9461338315	
163.714691279	20.9443002785	17.7227442077	31.0053415801	
162.450940139	21.8276002488	17.9696142247	30.759163148	
163.063645457	21.6580063943	18.2656951021	30.3376050998	
160.680944257	20.2688418975	18.4742111973	30.078009889	
160.237475708	20.8414021796	18.602025199	29.6920124204	
159.754281703	20.5960361011	18.8129068979	29.4272382663	
159.572397456	19.9253864971	19.1766753913	29.2583856294	
161.255470876	20.7326124949	19.6036021413	29.1611630696	
160.276972558	20.8140661892	20.0320933202	28.998255681	
160.435768928	20.9162091838	20.4833976496	28.7939696918	
160.410169246	21.0669056865	20.5345970139	28.4925766863	
160.40491865	20.7430829615	20.5450982062	28.3706876201	
160.024877526	20.8545937742	20.537321531	28.1476659947	
160.298751746	20.8851671422	20.7539204208	28.0865192585	
160.643250635	20.0377387466	20.8318932941	28.2474347446	
160.570942808	19.489065986	20.9765089485	28.574086201	
160.11178249	19.8488215527	21.1168018094	28.6326028437	
160.881004228	18.9246411184	21.140792101	28.9185299448	
161.186264665	20.0810728118	21.3162246072	28.9635266991	
160.31000902	18.765435476	21.4897075217	29.2262588096	
160.207785782	18.3130843787	21.6941539982	29.3346109568	
159.729475462	17.498178383	21.8494271607	29.3617279931	
158.841278656	17.8194384979	22.0172154363	29.523510432	
158.990929464	17.4566981526	22.5274239598	29.4394809826	
157.981850507	19.6765354725	22.9124525181	29.0826297302	
157.275875321	18.8687042396	23.5070253186	29.0635370508	
156.342571296	18.7213888614	23.7201814553	29.3581678071	
155.130871249	18.1034832165	23.6394821173	29.7592792862	
155.511222715	19.2197946048	23.71832279	30.0452873256	
155.613837691	18.2992129294	23.5130928389	30.1960425237	
156.25732529	17.8830347622	23.0702923009	30.1842241989	
156.166545641	17.3896514216	22.4150705652	30.3342098468	
157.320000708	16.6471392495	21.764867833	30.1625267894	
158.060398578	15.8920921918	21.0991486027	30.0424678858	
158.009762952	17.2431244083	20.3981246154	29.7472891656	
159.088087146	16.9124573947	19.8139818926	29.6223703609	
159.3151694	17.0337839987	19.3598173838	29.3797171529	
161.003488284	18.71760387	19.0371237879	29.0660215822	
161.034665967	17.1755105441	18.9747684223	29.1365975793	
162.358825018	17.2539978011	19.3401399426	28.9796230654	
163.207456612	16.0993083744	19.9143154251	29.0175632467	
162.680904384	16.3726858986	20.20018014	29.2380479404	
163.051370556	15.3676782352	20.2345433363	29.6974721865	
162.102276839	14.8533206324	20.5671453304	29.9433946729	
162.221105556	14.4756847712	21.1214958621	29.90665843	
161.635244406	14.0793405457	21.4926080415	29.8987367597	
162.243350117	13.505563454	21.8895991915	30.239689657	
162.034179647	12.9571754665	22.3079401319	30.5181691002	
161.833542941	14.5151648884	22.7092135423	30.7197564656	
160.872652003	13.9766564424	22.9529282679	30.9577397814	
160.652929398	13.7690173733	23.3923734771	31.3730179197	
160.42403636	13.7936441379	23.8501595524	31.3237643905	
159.657763573	12.9181345073	24.5158195202	31.3410124391	
158.92840785	13.8201065661	25.0965390369	31.2930521797	
158.236263557	13.3937948345	25.5941439703	31.2589919904	
157.856552116	12.6400659237	26.3535668542	30.9780234678	
157.55891369	14.5185420868	26.9488437043	30.829571573	
156.784442145	13.8949993851	27.5884037311	30.2578908471	
156.004936168	12.6448270666	28.2366929504	30.0260672819	
155.864585719	12.7530906911	28.5173938479	29.8095400329	
155.237589616	11.8901441771	28.8529080147	29.6984769797	
155.885107509	13.6406566015	29.4019622622	28.9635871814	
155.175269326	11.9446236611	29.9025025982	28.6791089443	
154.996244285	11.0776691847	30.2605526803	28.5680283584	
155.296331462	10.3145183525	30.5867168131	28.2416530499	
155.620694148	12.3938172173	30.8642384263	27.7880432638	
155.039048948	12.1060875478	31.1041884995	27.4401622768	
155.450629397	13.1690606385	31.2025343649	27.1572296199	
154.954412355	14.3812963081	31.2764691964	26.569756787	
155.883706133	13.717400104	31.2383016518	26.0771291824	
155.829067557	14.8452602155	31.3475788045	25.6247887025	
155.859422598	15.0009043282	31.286868722	25.3135004769	
157.239339442	16.8023820081	31.1973427681	25.2709554293	
156.345336092	16.8431279713	31.2092708142	25.189463503	
156.351160421	17.6450881551	31.197622156	25.3593497605	
156.910644868	17.5938842728	30.9681270789	25.461757525	
156.545205307	18.3806552351	30.8114049197	25.6634181631	
156.105494108	19.5821389242	30.802384259	25.9257799605	
155.987990995	18.6263060072	31.0373904853	26.0523831747	
155.04111453	18.4948147018	31.1347548439	26.3153657855	
155.885173917	19.2672262934	31.2544962945	26.5784028268	
155.381010725	19.2806371347	31.3528129304	26.5515811443	
155.722536062	19.6982029784	31.5808584784	26.627545677	
155.289594333	19.1359469072	31.5309042698	26.8362201535	
154.8005547	19.9068868099	31.5905598514	27.1311877172	
155.605610374	21.1832171061	31.8286186231	27.3507823046	
156.015419849	20.2216713005	31.9402915402	27.4112901811	
156.374037896	21.5858445604	32.1570454642	27.4849137135	
157.358539386	21.0454460339	32.0650878987	27.627188059	
157.306971396	22.7392694976	32.1682238786	27.9970856369	
156.925236406	22.1771011774	31.9847780843	28.1745065043	
158.927600108	21.5787704778	31.7677112122	28.4242527709	
158.366097218	23.4641223229	31.9431777029	28.4437062329	
157.829021188	22.9116494502	32.066754505	28.5980767193	
157.813374518	22.29458267	32.0980478436	28.8772491022	
157.745847695	21.6161522882	32.2331014901	29.2742039232	
157.261638652	20.7558376729	32.2331808357	29.0581556709	
157.201127326	20.8479970669	32.3542034871	28.8738368828	
156.562517945	20.0943143897	32.6675906547	28.4535390499	
156.510552172	20.0773822426	32.7715222006	28.4874033441	
155.90859736	19.5789931896	33.011314297	28.5200639214	
156.340806947	19.0647130545	33.1152476705	28.5802716431	
155.850972074	20.9279482571	33.1239908527	28.7375074976	
155.939326517	20.5004795491	32.9472819659	28.61886056	
157.066385427	19.478125036	32.6310568053	28.7256769268	
157.002826268	19.842107013	32.7581751234	28.9634712954	
156.017514035	19.6849010672	32.7857294551	29.2778831871	
156.122083054	19.0725455431	32.5765914162	29.5256048702	
156.614193888	20.909142637	32.5700619881	29.7631796379	
156.786980844	19.6971419355	32.2244880759	30.224427016	
157.05396088	19.4722744361	31.6905280034	30.6741620147	
156.700866534	18.8680903084	31.4146281987	30.9004417741	
157.737756668	19.7876796931	31.303510597	31.02392567	
156.642401786	19.3050889378	31.5311564386	31.00757522	
157.249078344	18.6190005329	31.3026566098	31.394898743	
157.766012453	19.0871077122	31.2561512022	31.4460471935	
156.794516639	20.585878857	31.2242727027	31.4108100933	
157.270975067	20.0272137683	31.2577340097	31.5417621076	
157.404970598	20.3853645054	30.9897429493	31.8144265475	
157.42218289	19.4097978077	30.9553183645	31.7875184983	
157.393667686	18.5274340593	31.0123487727	31.5761371103	
156.419948865	18.5358219075	30.9885155147	31.559361414	
157.020149112	18.9630847035	30.7731107002	31.6898315021	
156.726538509	17.8417660947	30.3766900115	31.9651849266	
156.859366395	17.7888411964	30.1110342386	32.0710347234	
156.896035578	17.3924843946	30.0376958722	31.884624768	
156.933853962	16.8567660591	29.9620591043	31.9810152291	
156.883476692	16.4198225745	30.0628136452	31.8795502595	
156.999593397	15.8608280449	29.8305802343	32.0221739162	
158.680620343	15.8506343013	29.3902450848	32.0425614035	
158.992707876	15.3235206777	28.7660700185	32.1295683224	
158.979294304	15.2569580796	27.8342765087	32.2626935185	
