125.0	167.0	13.0	44.0	
123.927813807	167.35022949	13.2805601997	44.0271653922	
125.458010975	168.499294469	13.6977859303	43.4678454656	
126.015186411	170.490431937	14.3218195323	42.9623394804	
126.636100456	169.778326337	14.8269315948	42.6396105307	
127.801102284	167.10717592	15.1311906881	42.713385863	
129.686688453	169.789799501	15.7833658668	42.6561557205	
128.513826641	170.776425392	16.3377854236	42.474208005	
130.214896681	167.864540237	16.5477219579	42.8798633924	
130.761662854	169.710928564	16.3668002641	43.7501399971	
130.58060263	168.812495694	16.7289207117	44.6251626366	
132.017389734	167.787187366	16.678066878	45.7348725006	
132.797368765	168.81900912	17.0298706775	45.5829908569	
134.623609924	169.926571515	17.2176098289	45.2879768014	
133.790766582	165.724792144	16.9648884108	46.0179031302	
135.674979069	167.338970921	17.0569160347	45.6848850246	
137.140698707	169.168961659	17.0114852187	44.9109120107	
137.366020011	171.212060575	17.5109317767	43.6749816723	
139.149095721	170.468469214	17.7098849252	43.2796121098	
138.467922676	171.388066755	18.1331060302	43.3186669961	
140.429027188	170.717688818	17.9997266559	43.7122154579	
139.73819043	170.867574966	17.4803627282	44.3629618843	
141.174415355	169.796087026	17.4598007004	44.6046792141	
140.892553192	171.905189139	17.0697884901	44.2014211371	
141.908493411	171.724051536	16.9198155426	43.6227425981	
142.954972193	171.432317632	16.6867637735	43.2762575071	
144.103055436	170.968137799	16.2321916784	43.2838199776	
146.019723454	172.207869566	16.0497957923	42.62982652	
146.549945986	172.52777392	15.8894266512	41.9900178108	
146.968485386	172.242903503	15.940363676	41.6717428204	
147.093606656	173.122454119	15.690121137	41.6813716608	
149.266110601	174.089478671	15.7451326282	41.5073303104	
148.945498682	172.818961838	16.3863564668	41.4128709745	
151.602079702	172.183592999	17.2936526184	40.9063348834	
152.904681568	173.459212432	18.2783639312	40.150053541	
151.247393611	176.078951513	18.881323374	39.4299361637	
152.196547597	174.809266591	18.7908569389	39.2575437024	
152.522906076	176.301421994	19.0379709117	38.9727256876	
154.818330822	175.091718167	18.9469628388	38.6922284899	
156.070371581	175.130988076	18.2314604889	38.6136886722	
157.214987497	175.26128392	17.7036196648	38.3530969836	
158.892530821	171.687167454	16.9515734076	39.4275690034	
159.177843857	175.582120712	16.3809473349	39.4680538228	
160.253693842	174.173431245	15.9502866951	39.7038737607	
160.87196913	172.594386453	15.5699899648	40.293201807	
160.574190114	173.596338216	15.3076217644	40.8630769806	
160.703803113	168.766098831	15.0483957655	41.9096890322	
162.16011521	171.74269347	14.7508255165	42.0582922907	
161.433412076	169.938262688	14.4674155442	43.0619294957	
161.637933834	169.493129784	14.935922374	43.9521953036	
162.19524328	168.411775794	14.720090477	45.2161162889	
161.815768487	166.61160488	14.5662182195	46.0779925852	
161.340371418	169.800819962	14.594780912	46.1551825326	
161.193707188	170.548106981	14.8881093724	45.5844615414	
162.725775882	168.281668847	14.5873942613	46.4327747728	
162.675016265	168.025494885	14.6889134937	46.9451226985	
161.758800776	168.782139599	14.6477552502	47.3054224922	
162.337229886	166.860452762	14.4320399513	48.3253674039	
161.327121842	166.649378587	14.549074601	48.7475157538	
162.332441606	165.458856966	14.4579062963	49.2090877732	
162.417706232	165.682492167	14.2873770437	49.726385904	
161.813986593	164.715572204	14.5261163859	49.7228259571	
162.419233018	166.034443481	14.2887224869	50.0043802586	
163.397482533	164.949047584	14.2775231692	50.2298723412	
163.359116779	163.718636722	14.3542546762	50.7394471953	
161.759289984	165.370873414	14.6011639021	50.3877181754	
162.580869229	167.462799817	14.9257874353	49.1555384033	
160.855318285	165.642865701	15.4594001402	48.9054210591	
162.478595442	166.315648767	16.128084479	48.5386645903	
161.331235274	168.80250757	16.4510463675	48.4943430982	
161.225640548	166.934983452	16.6622358209	48.2647836264	
161.594933316	167.344477455	16.9153809381	47.4457956193	
163.692019433	167.927826376	16.6597706629	47.263738267	
163.550764351	168.898099931	16.9422808263	47.2779943211	
164.472886807	167.130895935	17.0634962026	47.8642118801	
165.918814801	169.04461998	17.1515542205	47.0166777952	
166.944088765	168.09241411	17.0665677085	46.9555281202	
167.499365688	168.296861758	16.936383057	46.546632823	
168.485231066	169.499360533	16.9089830169	46.0859659891	
168.988888113	169.562693681	16.8667469823	45.9592996932	
169.130532704	170.707319028	16.5834577998	45.5950532205	
170.724252983	170.540477075	16.2525270417	44.9765671927	
170.910364054	171.226829213	15.8803048996	44.5411995042	
172.076392642	171.810885082	15.3969878725	44.2974578412	
172.740168208	171.327911629	14.9815479289	44.3512935599	
173.341342268	170.207940917	14.6845048983	43.8753197154	
174.78356086	170.220306844	14.4793648857	43.8505878609	
174.862514725	170.547991736	14.3214571573	44.0842103143	
174.938302728	170.742422675	14.1698811506	43.6953484358	
175.921579076	170.863557327	13.9655455601	43.4530791329	
175.868955569	170.742299096	14.0707925741	42.8216834496	
176.143381871	170.914595705	14.3888115888	42.4770902302	
176.156484923	172.659124953	14.3626054844	42.4591739214	
175.63702038	172.430255954	14.5344827472	42.0498600969	
176.159549557	171.44890041	14.3537767106	42.283866548	
175.815167817	171.509629078	14.1781468011	42.1624092125	
176.537524988	171.630931978	14.4523439171	41.9198034113	
176.122760579	174.068800412	14.420870998	41.3490752273	
176.003172214	174.196533103	14.6600477275	41.0936098464	
176.024488055	173.934444182	14.6174160462	40.7648043122	
176.056211351	172.662090715	14.5539694548	40.7669760919	
176.54416936	173.947235698	14.4244462675	40.7358646222	
175.861253938	172.877899064	14.1030793738	41.1873401512	
175.796213932	173.855715107	14.2331593846	40.9200971705	
175.907660192	173.3006993	14.0102668651	41.1873760682	
176.207859611	174.910705871	14.2523701929	40.4948694252	
175.864353957	173.656124846	14.1023483605	40.4929320531	
176.318809782	173.75144609	14.0277151786	40.3022895643	
177.135483458	173.774208899	14.0547693837	40.2567639456	
177.225078175	173.779832411	13.8755799498	40.2455169228	
177.35820618	173.831094716	13.6093239387	40.1429923134	
177.77510711	175.204450801	13.5958271401	39.8571953267	
178.212077026	174.284378457	13.5378740718	40.06536649	
178.605742475	174.419978659	13.5684378403	39.7941660854	
179.413876264	174.711457101	13.581348164	39.211209201	
178.821108588	175.226465234	13.9603703092	38.9877061446	
179.472829296	175.683418962	14.2773414671	38.884004974	
179.340411692	175.711746931	14.5421766752	38.8273490366	
180.094896814	175.161401428	14.6700516649	39.1096174263	
181.291358865	175.753499171	14.7514418862	38.7501933809	
182.702070458	174.428307442	14.3932625215	38.9373330166	
183.352696112	173.290289101	13.9093248806	39.5787423668	
184.812704642	173.663898239	13.4424746966	39.6492463819	
184.611304693	171.050912338	13.0350491438	40.0138654827	
185.259339763	171.540312161	12.5469348594	40.6509775442	
186.581510947	173.996390836	12.3266144584	40.5868641302	
187.421933515	173.91501019	12.2518140108	40.7496254232	
188.141884336	173.786506152	12.4197921736	41.0066335001	
189.432654568	174.550559471	13.0810194767	40.289218803	
189.76998681	174.429550375	14.0317809676	39.7185240073	
189.687039486	173.801632581	15.0196177303	39.3304753677	
189.354459931	175.141147866	15.6847768392	39.154123803	
190.702698198	176.160677196	16.3627047476	38.8022673627	
192.310146373	174.930295844	16.5501359069	38.7112844361	
192.383951425	173.957878023	16.4025258034	38.9509506126	
193.41863169	174.528983816	16.0400367135	39.5156104687	
195.010923769	172.222546571	15.4208783577	40.707917223	
196.245072122	171.304833814	14.6749824115	41.6821423561	
197.047077876	169.637809523	13.9326312987	42.4312097518	
198.639753126	167.655293946	13.3236396444	42.961095778	
200.52335449	171.555859821	12.9768436614	42.8558792044	
200.365652071	173.709559231	13.2922484993	41.9372599083	
202.542125313	173.813924049	13.9793098357	40.8885289693	
204.1562164	175.479902392	14.9395217495	40.0696087357	
203.888487906	172.419425121	15.4749787372	40.2868768008	
204.886290281	175.134122983	16.0477660467	39.1381345095	
205.882749811	176.654235149	16.6043619018	38.6474250943	
207.661474637	171.241937749	16.4573910076	40.0932033143	
208.176846754	173.491499296	16.2975437851	40.8194622954	
209.168710136	172.156194465	16.0708404314	40.8545368403	
210.369015016	171.926743049	15.4201596055	41.3134396723	
212.330807922	170.497120703	14.9760468378	41.5630795815	
213.319644882	160.830382941	14.7292113246	42.7227518408	
213.821297187	162.631642947	14.6034011734	43.5077041266	
216.030937567	166.610131711	14.6160344161	44.4145546025	
215.696386603	161.664893898	15.2851363431	44.4103361231	
218.45627114	168.785202929	16.1471591694	44.7566709726	
218.942480326	160.821771555	16.1070256568	45.7669759752	
220.288792044	168.168169869	16.2523781835	47.1560431372	
220.920568468	170.849319951	16.9257355868	46.6360185996	
222.1142735	171.453658369	17.458079885	46.4005932192	
221.600362869	167.117083019	17.5064150016	47.2378547583	
223.396395553	164.955864696	16.8914139858	48.5832270523	
225.198593003	163.524054029	16.2883527339	49.4459592863	
224.305840567	163.790029668	16.0704150834	48.9140080097	
226.36908754	165.280033952	15.9045682	48.9044847383	
228.053137514	166.113407305	15.4974199225	48.2247219231	
230.379293154	165.876580529	15.6943404588	47.7285291102	
231.645787126	165.62618371	16.0605825495	47.2629127384	
230.967409475	166.514644332	16.4508565497	46.4524727955	
231.776263445	166.439298685	16.757195794	45.6411404977	
233.643857903	164.697565885	16.8458841055	45.3007288696	
234.897566246	166.264603923	17.1965523841	45.0247377583	
236.245926961	164.302278365	17.3649766977	44.1741459656	
238.23266103	165.939967359	17.1749085332	43.7363179594	
239.154712518	166.338279839	17.2031134924	42.9396929978	
238.498786629	165.94352219	17.5897681798	41.8788141157	
237.814315698	167.298242521	18.0419334369	41.0029266656	
241.496834874	168.035047237	17.9736498775	40.4414115837	
243.443084573	169.093794447	17.6921541588	40.129419003	
244.819434772	166.76538169	17.6192713217	40.3198819164	
246.579366532	168.620569231	17.6784006895	40.1884997229	
245.984815302	169.304758325	17.9736165229	39.7140081615	
249.038315242	169.519603561	18.111963964	39.2843176879	
249.203109	169.904880745	17.7823764483	39.4021346108	
250.548811508	168.649480421	17.7438923796	39.2600143115	
251.878653617	169.26055664	17.728911094	38.9194295171	
253.804433814	167.465079311	17.3827790163	39.8813129377	
255.471991219	166.979500764	16.700339219	40.8524700317	
256.631292847	167.807489944	16.154070249	40.9688259576	
258.205067404	165.388266746	15.6408114488	41.416788499	
259.476831955	168.737687601	15.7232506686	40.8452062107	
261.317351625	167.373912187	15.5166209129	40.9669498506	
261.721207163	169.273312175	15.575547341	41.5013373925	
263.657215422	168.933266938	16.0803321538	41.3060676009	
264.106922127	168.499775168	16.0625433443	41.2914265405	
264.543170506	169.306428336	16.0711420838	41.4403111996	
266.024019046	168.716847338	15.7596107156	41.7360846256	
266.498703163	169.007363657	15.6922813739	42.0370908781	
268.371854595	170.881861364	15.4865440553	41.82866101	
269.135344668	170.126595417	14.8380099344	42.4607468804	
269.29623951	168.282234276	15.3919571704	42.6465214773	
274.489939135	170.90588962	14.7774039072	43.6182945978	
275.813690261	170.767099052	14.803311492	43.0047391217	
275.545118216	170.958125429	15.3404555807	41.7398212454	
276.885241088	171.314202359	16.1583585386	41.0276673861	
276.993288061	174.108143838	16.821284237	39.8348826527	
278.619157154	170.448972677	17.0640564918	39.2905764814	
279.04935527	170.821037333	17.0737073061	39.4164942157	
279.185352684	170.54002501	16.8017124767	39.9785188614	
280.890131776	171.404667475	16.8935780508	39.9999458093	
280.282275737	172.638791822	17.2319965674	39.2862842416	
282.185088905	172.825750178	16.9181563145	38.912367529	
285.985798038	170.74879122	16.2127057031	39.6183016187	
287.145563937	171.761318481	15.612566427	40.1723358799	
289.137046441	168.676680223	15.0574149213	41.1998921404	
290.233604945	166.45021712	14.587690219	42.2060337342	
291.599458511	171.122717809	14.4586284172	42.4040652344	
291.835634906	172.449482268	14.854294934	41.4865749274	
293.459130332	169.83546019	15.0557844339	41.5418985541	
295.240176962	174.332041329	15.8264889227	40.3477722245	
294.548716293	174.821297948	16.3461043403	40.2325649085	
296.450946368	175.81971642	16.8962703899	39.9775784425	
297.739824889	170.356554983	17.8265854978	39.5026668239	
298.52697222	170.306649882	18.0253765359	39.6024770257	
299.02243048	168.454907296	17.9259400259	39.740042157	
302.797722157	169.318953459	17.5092273013	39.79541749	
302.97542678	169.230709412	17.153818055	39.9719055825	
304.589846165	169.84273378	16.5694596242	40.5108437391	
304.722102214	168.211136211	16.3049475256	41.1373004798	
305.37382195	169.367131128	15.8847256164	41.4749633342	
307.979255911	170.448401636	15.9571070101	41.9540469756	
309.356294864	169.898256142	15.8691793834	42.1656212043	
308.470986567	167.271899883	15.8594568504	42.9674859054	
310.710799022	167.323202946	15.8872488869	43.7663631668	
311.31042178	166.218953052	15.6014220747	45.0614442515	
313.525819995	166.445093196	15.8042749312	44.6091639631	
315.369986216	165.123802319	15.8117894522	44.4798604942	
314.55524465	165.831924729	16.5190214893	43.9858667713	
316.159880792	165.223401538	16.0936391337	44.274949843	
316.665346956	164.445314247	16.0071336899	44.9066975416	
318.312184549	166.053262201	16.441027145	44.4864781162	
318.879542712	165.425834494	17.1737708184	43.8738735302	
320.085323155	167.121801672	17.5765430632	43.2962723051	
322.458311193	164.165863881	18.452513813	42.6492099249	
320.392309484	166.805915211	18.8117933725	42.085012088	
324.814402634	163.739805964	19.380939699	41.6278977436	
327.396018606	164.565340916	19.8856969435	41.8661575712	
326.488684838	167.557336491	19.7864748143	41.6238354146	
327.738600117	164.835433124	19.1900096455	42.3092286789	
328.307596184	164.871043283	19.0032470736	42.2380083607	
329.045086201	166.498098395	19.4221019807	41.8246505493	
329.776643496	164.859435477	18.9072354835	42.257232109	
330.798986962	165.906895246	18.7535682144	42.0533322354	
331.934747198	165.91622134	18.3617478213	42.0346800478	
331.682641412	166.435205232	17.9332787783	41.9293928781	
334.500103367	166.525284875	17.8398967103	41.7492335919	
334.625123575	165.439968683	17.5898562936	42.0811997454	
337.890756906	164.725463394	17.4964967037	41.6708083032	
335.631194568	165.091749625	17.4550293554	41.8503542446	
329.263622497	161.159745712	18.3084909035	41.4885818141	
342.472929272	166.296379371	19.6047335885	40.4535999083	
344.6634894	168.594158933	20.8122798909	39.5838184908	
355.330034632	162.863912813	21.0891745491	39.7695358837	
356.93256205	153.87339319	21.6723216541	39.7566159111	
354.506109103	154.007036224	21.7409909067	40.4461771707	
356.439325891	159.705430441	21.7473042574	40.6676295196	
352.082048222	164.196933054	22.6894079379	40.4286324086	
352.384856158	165.755721664	23.067913883	40.263420641	
354.261505577	161.501604029	23.2670567658	40.8667724723	
354.314787972	163.036498557	24.160920993	40.7982704687	
348.490443595	164.413324669	24.6494870211	41.0882880776	
351.89164833	159.364224822	25.036893545	41.942438638	
353.473225704	163.261028452	25.0128170358	42.5197066797	
351.075334114	158.2388468	25.5904699626	43.073276915	
343.28312814	160.399762935	26.1595950289	43.0415266112	
349.783938601	163.440141326	26.1377012183	43.4506333848	
351.683110468	159.458671302	26.688826671	43.8020023557	
350.00396924	163.166212607	26.7414597933	44.1001015212	
351.500634547	165.545124868	28.1769712125	43.7711190321	
352.112066288	160.004838996	28.0804755226	44.7143806487	
350.95570314	163.685242558	28.1154638152	45.3256565321	
350.118372445	164.668600764	28.6415386152	45.6561133014	
350.361342299	166.301293963	29.3179452201	45.8777658449	
350.098963644	157.879074822	29.8427025301	46.244432466	
349.467112053	159.833859279	29.9151633688	47.0998329305	
350.709066371	149.559891122	29.8417802376	48.3635652097	
348.968458079	164.462287248	29.6542527384	50.3545550032	
351.077198732	160.260781633	30.4343476071	51.2612019696	
349.555009973	163.13020965	32.2026754999	50.6265444402	
350.845587507	158.16217557	33.5104354933	50.1921724378	
349.957340477	160.649095661	33.9753391252	50.4646939655	
347.248210907	164.240732291	35.4233667851	49.8984731738	
348.67876744	160.068598898	36.5786781726	50.2098910522	
347.866443998	153.476237128	36.8407969195	51.1318613708	
346.442344388	156.778841406	36.92735891	52.8115645055	
347.441209848	138.221709338	37.7449598095	53.3265149924	
346.769691716	134.766444925	37.6590570351	54.5212876634	
346.268928587	128.922209835	38.6605832936	56.090737939	
344.800527924	131.946762563	38.6257414564	57.4707403879	
339.682685154	123.21357261	39.8251986795	58.3707017101	
343.780181595	122.916405954	39.3276153794	60.5045169386	
351.187130456	130.056824308	40.1466350039	61.8565975763	
348.433148996	128.775660149	40.8629126359	62.8216974667	
356.548322199	137.838796338	42.4926954863	64.1792024561	
344.47474721	120.431729193	43.2434520698	65.5699176127	
330.400662158	116.055869008	44.118744456	65.7988636961	
349.847460024	132.011630261	44.8437460279	68.338295369	
350.484096645	145.802446782	47.1160085381	67.348180463	
345.94432145	121.024093964	47.2178979587	68.4255168641	
350.796194277	126.314557484	48.3950564645	68.7254939831	
350.372541911	133.846331262	49.2423611951	70.1990683864	
348.54057345	125.974138823	49.1588675827	70.9537311239	
351.479070177	120.713722562	48.9330819701	72.0558839076	
348.941663175	131.347520561	50.2146578664	71.6510974993	
351.167276897	119.849283411	51.4985564557	71.7070676653	
349.553452505	127.693835339	52.7924951084	71.4876448709	
332.422137726	121.31356632	51.9258971039	72.5384403901	
327.731499085	104.994565191	51.5404895032	71.9697140402	
328.024716517	112.0294622	50.9540546378	73.4069551626	
320.783095122	116.297871556	51.7841832387	72.671915989	
326.782409093	112.312895751	51.5037084567	72.8297654914	
320.476961888	114.345837355	52.409841486	72.6654694106	
319.128377892	110.309040323	53.1437875385	72.8861757183	
329.199112952	116.014690636	52.7885838653	73.3466349605	
323.862289516	115.553180553	53.5633574004	72.2898804577	
322.483608232	98.9633426062	54.3442719463	71.8699399839	
323.1379999	112.856147414	55.0183177476	71.8439383043	
320.669230449	113.974027906	55.9689904155	71.6016104362	
320.121345571	114.940143219	57.0647601724	71.6745911677	
318.954638197	116.24600703	59.3981749203	71.0869885357	
316.501678575	117.341853733	60.1984496664	70.9481173792	
315.095945015	118.363054282	60.9463517283	70.9692813409	
315.14155714	117.085262183	60.8551274772	71.4489536315	
316.054896329	117.073980302	61.1103074496	71.4715173933	
314.949556453	112.845545734	61.2346790015	71.5831537298	
314.179861594	118.555805169	60.6840371127	72.702824501	
313.171873911	113.226575063	60.6015648551	72.8690465918	
319.501196607	107.955881798	60.5409915866	72.9120396831	
316.162577233	109.159930742	60.920138749	72.6033056587	
315.069488935	118.603020225	61.0055972336	72.6235896884	
314.944237713	112.297673061	61.2560996793	72.6198400113	
313.87062608	115.285600503	61.2969400727	72.9631337418	
312.7281447	116.338824029	61.4695673861	72.9690221352	
327.648719478	125.662335891	61.241301574	73.3588522472	
321.589220934	109.612486238	60.6550650462	73.695467515	
339.687663385	98.8041100417	60.3836570313	74.1795864451	
341.220427811	88.5661276324	59.4344482707	75.6086704333	
334.162966639	75.5327023827	56.5665988015	78.3242096885	
334.347417448	65.6217916232	54.080352135	81.2072708194	
340.876698073	68.3570810998	51.6206880133	84.2158095692	
339.680995001	55.8837366222	49.7646841095	87.9254482818	
338.139562198	54.940677821	48.5526932113	89.811565884	
338.280758544	64.1260455967	46.1156904088	92.9869314497	
338.695512976	67.533801317	45.2861815442	94.8085366366	
340.009388221	72.3534047214	44.8299135285	96.0267422032	
340.463166941	44.7035131968	43.9223560886	96.7946048958	
346.671678533	15.1471612957	42.3881212606	99.3168092546	
345.209573913	25.70643608	40.9401518513	102.245242255	
342.948451925	42.1926513399	41.0571696654	102.312007953	
347.583915994	22.1127653791	40.6088914116	104.975517863	
346.686475189	46.8976549366	40.1678267939	106.832501984	
346.048434334	18.964830974	39.189240669	108.58612187	
