170	41	18	45	
169.17708484174412	40.162607868473835	18.645830316511788	44.705704349819285	
168.89191174014326	40.570659814327925	19.216176519713468	44.865932395802695	
168.16709980366878	40.18380937748602	19.677049830533115	44.65088270735717	
167.95902363891528	40.447319388986394	20.093202160040082	44.123862684356425	
167.48670231239686	40.67389907316256	20.044411946051667	43.67070331600409	
167.53693563772612	40.790915550318985	19.9439452953932	43.436670361691235	
167.19840674772544	40.67725686364278	19.640174331264735	43.66398773504365	
167.31161196866688	40.561037070038324	19.413763889381883	43.89642732225256	
167.504987982906	40.50625859004457	19.02701186090364	44.00598428224008	
167.74061402196537	41.08832334721072	18.555759782784893	43.81481950770599	
168.0744124753608	40.966917672218216	17.88816287599406	44.05763085769099	
168.46870436950957	40.93483583555083	17.099579087696476	44.12179453102576	
168.80629217161115	41.10545330987825	16.42440348349333	43.78055958237093	
169.24021494115578	40.9880360435867	15.556557944404057	44.01539411495401	
169.5625307935081	40.73114231573153	14.911926239699408	44.529181570664356	
169.61601162149447	41.03658233641257	14.804964583726678	44.82486713924496	
169.62266686294188	39.96972557549813	14.791654100831856	45.140949935112005	
170.46796673548846	40.01676431846055	14.927187039840351	45.95993879123799	
172.37908447100784	39.665795494080584	14.813729899087011	46.661876439997926	
172.07038516703827	39.176266119708444	15.431128507026177	46.70585823099157	
171.87764774108217	38.917410039502585	15.816603358938378	47.22357039140329	
172.33107353279382	39.30307605028144	15.871215736661934	47.413702330992436	
173.17777523171975	39.61375398622143	16.108150703498048	47.757515641456436	
173.07915309587915	39.43037084831555	16.30539497517926	48.12428191726821	
174.78142527062175	39.26665235059559	15.850514344384717	48.45171891270812	
174.91270232559742	39.51971703373684	15.587960234433336	48.925145913197376	
174.96161865909255	38.390651621399	15.490127567443073	49.220362121131565	
175.05013703027157	38.2028505451183	15.313090825085052	49.59596427369297	
177.76405027944213	37.701823202895376	14.814773369371256	49.612117149613354	
177.82141942362966	37.324477348421986	14.700035080996205	49.38990901856063	
177.89293796830452	37.40020457727623	14.556997991646464	49.23845456085215	
179.00819456410966	37.78015206491496	14.26013759091996	49.445385981016535	
180.14735964980338	37.30010135881675	13.910254877687798	49.44126366413533	
180.16798658539477	37.295339195206836	13.869001006504998	49.45078799135516	
180.6721132032764	37.407961582839654	13.81774098856816	49.22554321608952	
181.24099176742504	37.85840525819268	13.632840960208698	49.277512965321236	
183.72422680187964	38.10193410365564	13.41700478098396	49.74058205233222	
183.75027618687955	38.0059680247346	13.36490601098416	49.93251421017431	
184.23081222532682	38.37382754608389	13.358152417717722	50.15111365110387	
185.46292874164376	36.70625731355295	13.765721677916925	50.61445182333264	
185.86096238209075	36.9297882953247	13.941111326775044	50.16738985978914	
185.9786219069193	37.995734325584124	14.674240404349288	49.972394053732984	
188.5385937554185	37.54849564497611	14.45121125125512	49.88748850616817	
189.90232518825655	38.2391885406579	14.645838920546566	49.480132893127106	
189.96854221272014	37.92447174470029	14.51340487161939	49.13767135920159	
193.4790103505099	38.866554822166336	14.244605419940504	48.21809617911245	
193.58932968348188	39.15538167599946	14.023966753996575	47.64044247144621	
193.65724136675746	39.32166531929734	13.888143387445401	47.30787518485045	
196.66855907574717	39.24774509342627	13.428072732225443	47.455715636592586	
197.29880494177166	38.55054063536323	13.088183170127284	47.92952238276777	
197.3493330158906	37.99309384378091	12.987127021889423	48.12350201762128	
200.66775178244197	38.23702870139435	12.802516112145284	48.55737896287419	
200.2996602678549	38.52491917857645	12.61432401026469	48.90597313956475	
202.13991987247624	38.62639423399868	12.636689654674434	48.70302302872029	
202.55754455861904	39.338777362715845	12.724732374450667	48.20154886334773	
202.54765631220852	39.32480421427614	12.744508867271668	48.229495160227124	
204.33672529466088	39.999197341087225	12.841049441173375	48.718048176008146	
206.4846598625559	39.42042878240169	13.181988042099398	48.94822374603599	
207.54956810406014	39.51059883895553	12.926215709668067	49.70490570821688	
207.5240497235595	39.949849587805815	12.977252470669336	49.76924838604534	
209.46249479027048	40.16164908227326	12.879213000466203	50.29036206291516	
210.25815718865368	40.38146706950389	13.188251312251424	49.8507260884539	
212.0066692630708	40.194096109172754	13.490586371416589	49.2756282071163	
212.0854491752303	39.67324474192169	13.333026547097582	49.3698992916253	
212.73518936858946	39.11795558231857	12.979345303015744	49.53467846819504	
213.30440484874094	38.34810391248047	12.782368765730162	50.13292738485391	
214.87530867225905	36.64822809911764	12.478971387545059	51.64040549901215	
215.78776747525126	36.959451636643465	12.577091557569474	51.97947731196492	
216.24460176541302	36.20845414503212	12.631563691853883	52.51333158057964	
216.67200969679453	37.13015681250632	12.753407494771078	52.62324557699158	
217.4316577255645	36.71351483172449	13.195157029493679	53.456529538555245	
217.1608160918816	37.520424212491285	13.736840296859462	53.843938695267624	
219.02853379749965	37.33645171202339	14.066724052566201	54.211883696203415	
218.9415699726132	37.71332429207213	14.240651702339136	54.48587826323475	
220.55569388782362	38.77061061397741	14.117033412420787	54.44105864642589	
223.20808826306552	39.11227462692328	13.971801396069681	53.75773062053414	
223.88001809016873	39.29963084912633	13.64750479857752	53.38301817612805	
224.4909813225027	38.991466454776685	13.433743062457442	52.991182236279485	
227.69232562630074	39.120480912486265	13.022732944220776	52.733153320860325	
227.78595015629512	38.77288753369407	12.835483884232021	52.44114985543992	
229.43657355128474	38.55581794654286	12.47283751377317	51.895755556568865	
229.86338327184967	39.667386154544424	12.584197789183118	50.637598857105544	
231.31429337792716	40.621471265910884	12.530761701008947	49.67889000903289	
231.2994556461499	41.38266874626176	12.56043716456342	49.091488569851066	
231.6680680981837	41.20922267727048	12.750520023946656	48.511072944382775	
231.94574724082003	41.58643169995264	13.117904805630877	47.756654899018464	
232.41430378446964	42.15083465614694	13.099828172194254	47.54688544049241	
233.21480531388266	41.869059172512614	13.330308023635165	47.194694952627586	
233.1931552507308	41.930971808802965	13.373608149938871	47.07086968004688	
234.11451750302322	42.497060514489334	13.359191047999067	46.85284596999666	
235.43073897863954	41.28474231974441	13.459169911168928	47.45586781655148	
235.47854144910758	41.120987495094326	13.363564970232863	47.78337746585165	
235.97380204973248	41.27459595651809	13.297061136936495	47.47616054300413	
237.0308612896941	42.11845004509206	13.019822581898998	47.62533229074185	
237.84932028210244	42.707113159146175	13.213595338567547	47.363351433376245	
240.91760302050415	42.98668643944754	13.484035451038142	46.804204872773504	
241.27164645027622	43.20789022992389	13.688399035532614	46.36179729182081	
241.7043020361498	43.99571804271122	13.733092239968546	45.696146042429234	
242.63189070497384	44.3095147329785	13.680751628118447	45.06855266189467	
245.30408523105584	44.30114540157929	13.685747987441163	45.08529132469309	
245.3588084492914	44.45506399921095	13.576301550970069	44.77745412942976	
247.71679513059973	44.01659317839251	13.287866183581219	44.7688881720211	
247.7720305157412	44.06993375304665	13.177395413298322	44.66220702271282	
248.2649044741744	44.04945165541778	13.06812077681808	44.70317121797056	
249.73254246734612	43.43156983928482	12.75790289353907	45.06391548254831	
249.82381253478033	43.92599453116548	12.575362758670687	44.94939293112752	
250.3324813951684	44.01089293453447	12.427321805504162	44.77959612438955	
252.0008974479729	43.62247840167041	12.547009514411528	43.82816528285947	
252.40078529913728	43.52903104265364	12.600180207783545	43.16211360519221	
253.24615534812318	43.26774607912009	12.59850013542982	42.8401535194503	
253.57109114963475	43.633637301550344	12.78857676354462	42.10837107458978	
256.15996715754756	44.1845536754092	12.609564565451407	42.67278493278285	
256.42491764178544	44.42958392746137	12.917451303609344	42.1827244286785	
256.2501148325322	45.21910029765359	13.267056922115925	42.27681618729146	
257.5066673144867	45.538016554631994	13.287015494260437	42.48333818535252	
257.55745772239345	45.944063412020796	13.185434678447017	42.5188962231696	
258.06406363895917	45.15793222292699	13.018503286903305	42.39859771818187	
259.00302302343874	45.73132446013946	12.823564375423128	42.093303172496356	
262.0904394241625	45.41241336613039	12.483636814553407	41.89756746900336	
262.46257034459984	46.71952414028823	12.563859331321114	41.756798993614815	
265.08465202004777	46.585284580813706	12.263584029798292	42.025278112563846	
267.8459729895275	46.08298779714102	12.496329601770164	40.56327703236717	
269.52650957721755	46.70171191462876	12.358572482107604	40.13165781132105	
269.9683215551827	46.53955170174061	12.27211447301599	39.65881229025864	
272.0560884688697	46.52143406840034	12.040915049129573	39.69504755693918	
272.0644139699636	44.98746761509127	12.024264046941726	39.62257054117508	
272.93223525719964	45.63260267182066	11.856157110287715	39.89983606553437	
274.9650869421078	45.693547330769874	11.713318768849764	39.77794674763595	
275.2762516755149	45.64906674487982	11.871183813281156	39.86690791941607	
277.1916591293425	45.27969190334096	11.962300665157244	39.82127125058753	
277.0780517156569	43.70959739531662	12.189515492528493	39.819732950028516	
279.86145303366243	45.02242970504314	12.150050493113895	40.352546980059195	
280.1700819522704	45.34924529869784	12.329225514576839	40.4953486514286	
280.54320068090493	45.48132320173782	12.384762859125653	41.03296764716659	
282.49477001309	45.35122991541592	12.53370165965728	41.293154219810404	
283.5945403977616	45.69847855634767	12.784738023187362	42.23237502652914	
286.5992849804946	45.66116242422814	12.618903966437568	43.14181516344195	
287.52832318464743	45.55924101783406	12.450011003294254	45.03484142139244	
288.0280769372911	45.04801574242569	12.318656562095015	46.925445036297305	
289.48476424129495	43.98094573054228	12.082174255988635	48.16728762609701	
290.28453458456994	42.886790265842706	12.293167924532158	48.545064200402614	
292.53273273198533	42.73792397450601	12.369629912398741	48.842796783076	
292.2916952017546	42.8927095837405	12.851704972860215	48.53322556460702	
293.6516861048483	41.84984315172113	12.906611790594107	48.76903267936495	
293.5095648392316	41.90024411266951	13.190854321827434	48.6682307574682	
296.4055731633004	42.05269287204568	12.99831756808904	48.363333238715846	
296.92066502171417	41.977405751497216	12.89346721112074	48.51390747981279	
298.00462273678414	42.187565455081035	12.5765080969094	49.019066230609425	
298.587784783251	43.97494728003696	12.336778661363642	49.15068121024902	
301.6999965748589	44.338366427685685	12.579653865933697	48.423842914951564	
301.64109217875006	44.45929553240833	12.697462658151338	48.18198470550626	
303.61201665389365	44.48653058511346	12.424070527606846	48.12751460009602	
304.61070019218175	45.29647929039277	12.249074060986985	47.4188024945156	
305.77561015028243	43.744866358875804	11.715089958224086	47.82827463739183	
308.105186943539	44.80178173224909	11.52361414781232	47.50151500108582	
308.6125983527902	43.58137550308126	11.394100158970126	47.286400970440916	
309.1048285896233	44.03830013616917	11.289465292451506	47.25237731141278	
310.952825788944	43.53135037632357	11.102881224115402	47.388924248527644	
311.4120238774707	43.502840835816365	11.060183516287655	47.44594332954206	
313.4717581957034	43.32518945599817	11.319110880158984	47.801246089178456	
313.2182498559354	43.70441603489434	11.826127559694891	47.928398161541736	
313.9420405125216	43.07247373852444	12.172649983006664	48.29523088603951	
314.22414104769894	43.214703616960676	12.517228282992548	48.01077112916704	
316.8620284252609	42.628929830374446	12.709284122133733	47.3597085042511	
317.2155749483961	42.758004056396416	12.907959050267674	48.00732802661161	
317.51340617056053	43.16865836641621	13.230918682579224	48.10464148321238	
317.88692897918594	43.352547010119146	13.409933216130554	48.66292434660856	
318.9449991556641	43.811646119871966	13.168363362707613	49.61929662663639	
318.8236502907333	43.67919907662213	13.41106109256921	49.88419071313605	
319.8498006336395	43.71986752653044	13.26777433046086	49.80285381331943	
320.37884113471165	43.401721392278276	13.16035819399551	50.439146081823765	
322.0471201061553	43.23558913095299	12.69656362565081	50.77141060447433	
322.0589518609048	42.660523351329104	12.672900116151816	50.96806937300318	
322.71497976926406	41.50361977731862	12.31662695838062	51.37031120312954	
326.0325775238039	41.81081160695887	12.363900334121748	51.71056595596629	
325.5925930402447	42.69481640451039	12.283562500481706	51.86316996238016	
325.17781542068207	42.48964336308508	12.15220814382045	52.27351604523079	
326.7915097463638	41.75338390916646	12.781380439249943	51.81775447967158	
326.91782702875815	42.36647517770528	13.498508657616693	50.59157194259392	
326.65793204838087	41.78263138215128	14.018298618371176	49.827042272227516	
327.1432956301525	41.77902475549285	14.012665127222341	49.83425552554438	
328.11644108440515	42.02985652517889	13.99655428332953	50.29768201847848	
327.9290388897695	42.438392225777136	14.371358672600728	49.480610617282	
328.373275060717	42.864716628935795	14.449680685000597	49.594756165259405	
329.64993008689635	42.82826916602157	14.805968607766355	48.6977850993797	
330.1546952284667	44.565068343151324	14.760233668099048	48.115572775540905	
330.0494153967852	44.179988343917884	14.97079333146215	47.93103021733671	
329.8863252354683	44.20401295533674	15.296973654095922	47.88298099449901	
330.2271666623855	45.501825584811925	15.576597480785427	48.1712757771202	
329.75390425633725	44.952880841351686	15.552579904245135	48.29862287540391	
330.36261137992614	44.41427078304557	15.307075711882465	48.40393293720099	
330.91398232600653	45.334372824247	15.173220772157636	48.50150275967001	
331.4310204691479	44.66669418131814	15.106947422990801	48.86905710841181	
332.42872747789096	44.55031208297256	15.055113356281012	49.10182130510297	
332.63075082630314	44.321654932812976	14.651066659456612	49.55913560542215	
333.20869391157044	44.04460966240927	14.468289922259897	50.11322614622955	
333.83502306798545	43.81977146552067	14.193168621254246	50.56290254000676	
333.7419292998187	43.1924862008129	14.379356157587763	50.83872824127296	
334.29368360352544	43.07020430624318	14.26196572796405	51.08329203041241	
334.29733713603457	43.06610090047697	14.254658662945786	51.09149884194482	
334.7463061487409	42.98027379111774	14.344070986210037	51.26315306066329	
336.04250885442497	42.3670391795955	14.726000528660158	51.49817729910167	
335.71753379751004	42.40377522804004	15.375950642489958	51.42470520221259	
335.69383056476767	42.182463815621745	15.423357107974791	51.86732802704919	
335.51875442639573	42.21312513520598	15.773509384718666	51.80600538788072	
336.34101380079727	42.331240612883654	16.18044738583645	51.569774432525364	
336.03747559307965	42.04076785389146	16.787523801271686	51.120818985211756	
335.9433143519167	42.01010048129771	16.975846283597647	51.18215373039926	
335.8364177627145	42.002540853811645	17.189639462002013	51.197272985371384	
335.73878461234074	41.51773251395066	17.384905762749597	51.12375165952576	
335.66027728264686	41.509104507113165	17.541920422137256	51.141007673200754	
335.6258148862344	41.15586840605236	17.610845214962218	50.79871300591657	
336.2795567011128	41.05584318714436	17.348502924965423	50.99876344373257	
336.356762692815	40.95045317295976	17.194090941561072	51.20954347210177	
336.49754520201304	40.776816025235604	16.912525923164957	51.55681776755008	
337.25814799503564	40.47095645360567	16.434500455507372	52.16853691080995	
338.47456020758807	40.78045627101676	16.08783468412202	52.59261660284751	
338.6856257750594	41.335416430800265	15.66570354917937	52.52538421285569	
338.83136648264315	41.85612833513029	15.374222134011895	52.51787179592737	
338.9174402354776	41.84441517500566	15.202074628342936	52.541298116176634	
339.06290592220023	41.86038715071532	14.911143254897773	52.50935416475731	
339.1346936137245	41.77899208004581	14.767567871849172	52.672144306096335	
339.2344007861722	41.18887343363544	14.56815352695374	52.83313893197946	
339.4349005707073	41.08123274339192	14.16715395788352	53.0484203124665	
339.4835821264638	41.75980868010867	14.069790846370616	52.704540793619444	
339.43268451685014	41.44769903271957	14.171586065597975	52.322160206006224	
339.39626494311864	42.571990241446144	14.244425213060937	52.07984281413897	
339.3853528228276	42.569186970064024	14.266249453643024	52.08544935690321	
340.0388897875872	42.57158749579509	13.960752179982372	52.08064830544107	
340.6624617130342	42.07032708293221	13.709375296138647	52.08740216411661	
340.78413015981977	42.5921497223755	13.466038402567513	52.0348822008081	
340.9402942446659	43.69705373834126	13.15371023287528	51.79665769305565	
341.6109535662878	43.59910771132181	12.788925860406389	51.992549747094564	
341.7474845527216	43.77169219770616	12.515863887538837	52.6197383276278	
342.3299923739418	43.85818956669631	12.326790043751945	52.446743589647504	
342.7378998464875	44.211572907272114	12.480881002993147	51.7399769084959	
342.5932322078342	44.41425558473949	12.770216280299724	51.33461155356113	
342.53040742280274	44.526363184537736	12.895865850362652	51.110396353964646	
343.08153163562184	44.15452553576387	12.755629340915394	50.892059735321375	
343.01250591982	44.38665735311804	12.893680772519186	50.42779610061302	
343.4078704626318	43.838277319823675	13.05533750426405	49.61978453246474	
343.2833504754029	43.4589480430208	13.304377478721838	49.43435795931186	
343.2869848586201	44.40762226010429	13.297108712287507	49.429345059196216	
343.29631238257	44.82978348198339	13.278453664387559	49.530983072936536	
343.8866779469245	43.9975644526112	13.044762573802682	49.30134105543279	
344.3373983387974	45.55905036441405	13.082728732321009	48.99659005861958	
344.7496517054821	45.891450573708816	13.19405669927228	49.26762434035071	
345.16350727145874	45.34964328291559	13.308090494907383	49.40949399434886	
345.6860418961941	45.14157264828845	13.208908842824917	49.82563526360313	
346.5989219918798	44.701571080645614	13.282901147091422	49.75576215106982	
346.7807540683841	46.23246955803317	13.869524115423882	49.54482656031768	
347.5159279586124	45.82112202364641	14.315834842132457	49.40919237550872	
347.7231922298544	46.66283594868831	14.866057130023284	48.69051535579978	
348.53536819017353	47.79269997140308	15.171315155479622	48.36039725646486	
348.65015908079766	48.27008055280133	15.90749990314033	47.40563609366836	
351.08085430629785	49.353628557730175	15.874698366367888	47.16997564950186	
351.5733926698028	48.943386152551135	15.851384534774361	47.028697564443476	
351.9800068593408	50.67820939071302	15.997481268368876	46.43702642613129	
355.65597552541357	50.261061309784395	15.320459754945427	46.31776318531396	
355.91897564808966	50.40830394570234	14.794459509593251	46.02327791347807	
356.0209474559744	50.01416916735829	14.59051589382376	45.8858917072121	
359.45659265667007	49.49029757825405	14.158894642714687	46.01368214966597	
359.11323123469225	49.49879753611606	13.931816722102017	45.996682233941954	
359.13738839820417	48.711849625517424	13.883502395078185	45.75186487989957	
359.1935386161502	49.388131861470285	13.771201959186069	45.3042956592385	
359.1496846405509	49.710551540434494	13.85890991038464	44.65945630131008	
362.4313399561155	49.683956268570356	13.519047340795304	44.712646845038364	
361.97191759386925	47.94229695265301	13.554362930245683	44.66184893670487	
363.2227584202414	48.12020658065909	13.703074305724543	44.30602968069272	
363.5589147775128	49.436034350480156	13.911936910036976	43.436724778761146	
363.2813647858512	48.684575875719105	14.467036893360165	42.32155972000933	
362.5488109768735	49.61310447192441	15.0651476399904	41.331499398923924	
363.2957011720401	49.2721620598179	15.29880542358063	41.149665136175265	
364.5716842071527	50.48474749058235	15.342842415533433	41.320497336824474	
369.1403057410942	53.75212956009656	14.891355320812234	41.734337976325406	
385.2046930774348	23.303450403071537	15.683215934645617	42.8547532701252	
384.09684653221035	23.700278100780295	16.105535055483262	42.957784859513296	
386.7457841877148	23.558921446580804	16.242344828465047	43.24049816791228	
386.8745274272683	12.123742028067767	15.984858349358095	44.215732079183184	
386.32092030680246	22.219368284291267	16.17046076843032	44.29993964764291	
386.0036933143841	11.641793941409766	15.878741379391293	45.07927410814003	
386.1035269856243	11.30053522605628	15.679074036910968	45.761791538847	
386.0512546989421	10.611355645111985	15.78361861027536	46.20202029529942	
386.0883652842923	9.733387994898045	15.709397439574854	47.011644388039585	
386.51246754689816	9.474116447322274	15.817679580435147	47.53018748319113	
386.3610700424552	8.83767890851584	16.120474589321116	47.83721491711782	
386.2459225891415	9.814880061067623	16.350769495948473	47.8343230461116	
385.7129208841113	9.023162567663181	16.436855196459042	48.437840323370686	
384.60684449263755	21.233963568448175	16.66883209937522	48.76843682219375	
383.6221997799102	20.464426309827793	16.640059345488652	49.3084802497639	
382.6055716317164	20.419092484418883	16.660916000749566	49.399147900581724	
383.14536437178566	20.728157781166136	16.589202578392804	49.78888936486904	
383.76898757606847	20.48067686565299	16.354065417136358	50.28385119589534	
372.76015542190714	47.35869342165887	16.045278877799426	49.2994291783516	
372.2494476555649	48.198166481311276	16.071514603111154	48.615662866419605	
382.93502571919043	21.374207909371478	16.39101161672536	49.02288593726635	
386.083592554218	21.01460216578227	16.079365899434553	49.742097424444765	
384.44111100236825	20.58399295738207	16.3580412800216	49.60121993354098	
383.2048851844128	20.088101207185176	16.820079969210447	49.5877969605738	
382.74999689541573	21.09912828675814	16.71639084556192	50.606139906355686	
370.6085205526957	48.68425374546717	16.373772699577827	49.81735790833257	
366.96511607533307	49.262230234534755	16.600601542860314	48.66140493019739	
367.1391904930121	49.0796105254945	16.252452707502286	48.030383036543064	
367.29502641459925	49.79992337829916	15.940780864327921	47.57067435913031	
366.28757986388524	50.471393842002314	16.018322378818706	47.196409225192696	
364.6374667800686	50.79912161456983	16.42426102107365	46.540953680057676	
364.0348033861675	50.684834155474206	16.666783445522036	45.80672423489503	
362.4576313583645	50.59250833490896	16.95101274502334	45.034670957323996	
362.33423432149544	51.270845437580476	17.197806818761478	44.62877259767799	
362.3186833167924	51.696359906027446	17.22890882816759	44.72713074866253	
361.2073546522715	52.56972209154078	17.548851274155837	43.93176381916265	
359.6604714423399	52.56197789211127	17.805669214569676	43.00160272487188	
360.32294822426076	53.41076000644624	17.417533676139357	43.17767454702468	
360.33161336124476	53.26123534411461	17.400203402171364	42.54427508803935	
358.5990625202713	53.1590706620875	17.1732547288195	42.74860445209355	
359.2050243004241	52.059226344859724	16.883244198859494	43.10446702585774	
360.5702988574718	51.201315276160855	15.99639545789299	43.898438976691004	
359.99475198288144	50.923668287312296	15.312925271530926	44.45373295438813	
360.19256011685155	49.77833786095046	14.917309003590773	44.91877463022329	
359.921985367699	49.93285376196076	14.54624979533029	45.5219515347683	
359.63919370009813	49.72000001077224	14.19786165300528	45.94765903714534	
359.2861475583441	50.21376690439167	13.990368396223104	45.87371079019668	
358.56235888389233	49.354449836516835	13.620546192635	45.77494537345465	
358.7308563123698	49.66221459750412	13.283551335679991	46.059860154801136	
358.45544162235495	49.09512234607348	12.936181018340129	46.29584496029278	
358.12593408566124	49.55291308941206	12.700156876544806	46.27530268879832	
356.5177641623201	49.48502763850254	12.355194539762994	46.41107359061736	
356.0830981835585	49.02070708298484	12.338775173046571	46.45396337741307	
356.1225308280302	49.383092579061504	12.259909884103031	46.615237795157256	
355.66661114113214	49.00851969248339	12.284922403324668	46.47755671373892	
355.1803109650988	49.19912174729866	12.372160512647206	46.09635260410838	
354.70811149531335	48.61258099695299	12.434917650319164	46.387792302900735	
354.6719404242864	48.668467511993974	12.507259792372965	46.27601927281877	
354.1527210284554	49.446973222172375	12.658986289154882	46.49243244222216	
353.5227859955123	49.30390897747413	13.026245091139055	46.77856093161866	
351.90805899181913	48.243498884410954	13.545102323566425	47.09231660110566	
351.36623030423823	48.11774764915807	13.71110166427985	47.343819071611435	
349.94289566413266	47.85565722084646	13.784855124457593	47.86799992823465	
348.9684622803908	47.3192960570716	13.86755441912133	47.07455478296426	
349.11987777038587	47.28075081416132	13.564723439131184	47.151645268784826	
347.7857402552704	47.262774222925614	13.476413001108916	47.18759845125623	
345.9803963765637	47.44564427551357	13.416215346611985	47.73957969905788	
345.9136379707183	47.05940242881543	13.549732158302824	47.58767836647863	
345.41857944004005	47.04414297291508	13.615111518860411	47.618197278279325	
342.055774977757	46.6950427490204	13.855995111311586	47.390008392909415	
342.5330612219802	46.31932797938934	13.829079320471239	47.21378123456545	
342.51140925232966	46.439542630255346	13.872383259772281	46.973351932833445	
342.46817415532735	46.58769315616685	13.958853453776914	46.677050881010445	
341.90181951274195	46.52067471617967	14.172075544208267	45.891600566245394	
341.52503843542246	46.01621633261964	14.013323214339765	45.98820284885785	
341.08062377963597	45.523513932949555	13.991406285941357	46.06286140822667	
339.01725556167247	45.459069088545036	13.561154824862669	47.10314867643686	
338.93423880823235	45.88996634007921	13.727188331742965	47.15946459616301	
338.86446195119186	45.78824437723496	13.866742045823866	47.362908521851516	
338.9352109353106	46.29440781012107	13.725244077586453	48.20552912800957	
338.45456199971295	46.01486926873759	13.749805647826653	48.764606210776535	
337.8126111406259	45.19461814610664	14.088623053639827	49.4600241436775	
337.1162431116369	44.77056627416332	14.52012958958839	49.3468983655347	
336.889709591519	45.10662067921194	14.973196629824074	49.64246365149081	
336.8123253419491	44.77385139853605	15.127965128963991	50.30800221284259	
336.1519356091576	44.279109386531076	15.456186624644703	50.30492826695032	
335.40841131221316	44.84639170673837	15.944641684291732	50.16895716077761	
334.9600783600958	44.62350125473702	15.835628136011916	50.614738064780305	
334.8607668014731	44.382734225453596	16.034251253257196	51.09627212334716	
334.89941476436746	44.26123180834881	15.956955327468613	51.339276957556734	
334.3314886548439	43.890920358934636	16.0702998903975	51.0573922002669	
332.1311648921475	43.45981376606161	15.367939480355098	50.899003798925904	
332.8031060162314	43.27075089683223	15.029429821797638	51.27712953738465	
332.183911616876	43.46973542033382	15.263384791871658	50.87916049038148	
332.2566386894436	43.190131399924496	16.121083396056438	50.43521578188017	
330.78214339914337	43.308741588514806	16.031953211867307	50.197995404699554	
329.7126466366305	42.27538080509786	16.155549010448773	50.24931924508918	
329.05480102072767	42.547744057083065	15.44983817287833	50.715293775806856	
328.67552004853246	42.526149034866144	15.204111267875017	50.7584838202407	
327.26464738575913	42.69798093082352	15.0248205274785	50.414820028325956	
327.295828091828	42.45872827962408	14.962459115340671	50.893325330724814	
324.9046494584758	42.07354001619507	14.756002831938222	50.66593914756145	
325.00929449251754	42.02150086847324	14.546712763854682	50.770017443005116	
324.46092400826507	42.50690210271573	14.655179332005575	50.78748937487421	
324.2846151060819	42.97464361130865	15.007797136371922	49.85200635768836	
322.407291287479	42.58511455206289	14.826941751460383	49.64718872065054	
322.02645380380443	43.194207516766156	14.610994816239351	49.40662469381416	
319.8972599669254	44.10363040325444	14.988550311005813	48.557986965585485	
319.8813210459958	44.722905848944656	15.020428152865119	47.31943607420506	
317.2313589246735	44.50529969811887	14.631055257784846	47.75464837585663	
314.9500607016106	44.52703423508248	14.457653507385663	47.7111793019294	
315.1092903920716	44.59048421440439	14.139194126463654	47.58427934328559	
314.810542843865	44.66237390784107	13.801019729982528	47.440499956412225	
314.0672623604994	43.97088026927838	13.43288773150715	46.96879426833101	
311.4972386919589	43.891920210110825	13.090015026664267	47.12671438666613	
311.48919407036703	43.54627847242139	13.106104269847975	46.908362570747556	
308.2789498699954	43.5176254724734	13.178586468385486	46.96566857064355	
308.33682593525333	42.66228670738663	13.062834337869614	47.767323166830316	
305.5566187143334	42.96235663850562	13.11432993603826	48.08533644520419	
305.134602546528	43.625768514307424	13.034762532222869	48.605712172452904	
303.81329119996775	43.48115565384519	12.889092958505298	48.894937893377374	
303.73167113594593	44.14106461535872	13.052333086548952	48.50587542848312	
301.02548126501114	43.40993035503324	12.894576290133795	49.03978785941998	
300.9447834854976	43.361943762606586	13.05597184916082	49.1357610442733	
298.74897057853934	43.49203619346048	12.761153194896137	48.87557618256551	
298.0473218005971	43.885228533119744	12.3083133033542	49.01726022696016	
297.2378261057269	43.45725521514957	12.084330316797175	48.95171967475178	
294.47563569485663	43.13545457286371	12.110831359267266	48.679007662778446	
293.9714235393528	42.92101242319532	12.206264084330048	49.10789196211522	
292.079641263151	43.452624145597	12.30654312816785	49.88631127159479	
291.9112792626758	43.007712073254275	12.643267129118303	49.84248943983086	
288.5975418294414	42.827660898880545	12.694780238002371	50.20259178857832	
288.60106340790605	42.65836579906052	12.68773708107317	50.54118198821837	
288.6126362083018	42.43573325826103	12.664591480281663	50.986447069817345	
288.1401637607817	42.8018352557048	12.653653752322779	51.21012569792885	
284.6637209821107	40.48664233162981	12.894853450640529	51.04645021820437	
284.6016628109276	41.482002723882644	13.018969793006745	50.97791953529508	
281.49076186502947	41.22904014778702	13.465864617518893	50.52136017627234	
280.79337883506145	42.642114425565154	13.896124814173858	49.624223347278445	
279.77844722971906	42.60887372223664	14.006094261301946	48.73075787215718	
276.4556744510539	43.029605252177205	14.005883942702948	47.889294812276034	
276.41906066962247	44.05603267943681	14.07911150556571	46.7739428733796	
273.6524987727278	44.17265438127411	14.073698872489445	45.617610065227424	
273.71853477469284	44.56452504430493	13.94162686855944	44.83386873916579	
272.59289905705106	45.291318158593185	13.513705644488462	44.273346730374065	
271.42494707546604	44.194111683639676	13.217980152505119	43.836130225127654	
270.3858171425712	44.315860776112366	12.69961770924206	43.59263204018227	
269.9551737081414	45.01285948912624	12.70843950118848	43.05109969106769	
269.63729859547436	44.08685688826732	12.499214725366823	42.36817988931835	
267.6700682864193	43.86481864793923	12.276528925684136	41.98082708641595	
265.7940100315107	44.26036160262791	11.919590223751989	42.011552219388456	
262.71521638530066	43.43987634782874	12.368062302696575	42.02134695370807	
262.67628440251593	44.40103843807964	12.445926268266067	42.5712834943327	
260.06235806814806	44.2370281346583	12.673925830095293	42.899304101175375	
260.01829376879977	44.14576693654901	12.762054428791858	43.08182649739396	
258.40965089810646	44.14168111794163	12.593715921439607	43.08999813460872	
258.4586637063579	43.63764092219194	12.49569030493667	43.25468796819622	
257.8213859235152	43.280866397672995	12.082463661639915	43.96823701723412	
257.1782287578012	42.38460056933245	11.676320874997987	44.914540114880175	
254.23749252151396	42.917419242575306	11.594502116145218	45.55270026308792	
253.50307809995937	43.133362876351924	11.34469814845735	45.98012940093324	
251.48697503189857	42.46000959019996	11.0740355880573	46.46626223393284	
250.7309524008813	41.71948560023351	10.861622231670859	47.085080904655236	
250.17967486935285	41.02421944510442	11.097350698660355	47.60878661884599	
249.23888918351236	42.17331423962587	11.221583064224388	47.94660553897857	
248.10055777783055	41.84911248884565	11.726695859745655	47.70923403261782	
247.27559374320887	43.17529091901346	12.484536655596354	45.94896444567482	
244.60113811256727	43.199611632447514	12.543368987128169	45.900323018806716	
243.62512502954436	41.75018901303544	12.731195670065999	46.15286903296886	
240.78257989713993	41.74947815046302	13.081190414292255	46.15429075811369	
240.3257407156112	40.92826922646992	13.099113777468402	46.9009536062186	
239.88591719627425	40.18107162268775	13.072138150437965	47.488726148078605	
239.39831881730828	39.80252859680867	13.132932419299742	47.3314097107666	
239.44654585174993	40.20276867443264	13.036478350416417	47.444254656263766	
238.91704794383008	42.712180728485954	13.18236732623405	46.990964748267416	
235.73431734055362	42.57248007168202	13.181675272919648	46.36091559617994	
235.6263747900814	41.979976476709275	13.39756037386405	46.6453743030947	
232.33183034638478	40.96397703095233	13.62648769701444	47.76877868543103	
232.14502285003977	40.64952470487637	14.000102689704505	48.39768333758295	
229.33889991339987	41.06836741051828	13.944880106045105	48.50457600245565	
229.19308868160812	41.121491863326405	14.236502569628591	48.398327096839395	
227.91796223151266	40.51685465519032	13.939788420362035	49.60760151311156	
225.50736803262296	39.36150876195222	13.958329016387195	50.957763739236896	
222.00113480924216	36.99469188300199	15.091337048137024	51.771758553796126	
221.79921923396694	36.523971173902936	15.49516819868743	52.71319997199424	
221.44496223586142	36.659935738714175	16.20368219489845	53.47466886242495	
219.26222036072403	36.16639517902192	16.339869261422656	54.46174998180946	
218.6741193100611	35.492341632796325	16.442250769486645	54.736036480998706	
218.18848087468453	35.74652252494981	16.33392627473061	55.30727606220085	
215.0222683186501	35.55017663554209	16.152330311394056	55.699967841016296	
215.14849957984117	35.95333627200469	15.899867789011916	55.981488666368186	
215.297601645657	35.29597238974981	15.601663657380248	56.20911220236435	
214.91527806358974	35.20253220690298	15.281575905399114	56.395992568058006	
214.48691495493242	35.210585408377895	15.05694143328656	56.379886165108175	
213.971913135153	36.06600407933489	15.010037163172452	56.82286464254008	
213.50390790242	35.42373576824182	14.863791430292679	57.025145066380475	
213.41404126024358	35.588649994752984	15.043524714645521	56.695316613358145	
212.5793298330976	35.8786665665603	15.631854277890266	56.115283469743524	
210.20665244329317	36.68958599542979	16.041298187965516	55.57742232938794	
207.56478222824705	36.23594974854172	15.904841128090089	55.40065532517055	
207.89746655367054	36.39114092968042	16.318470548563333	55.09027296289315	
204.67610356209678	36.653934204328976	16.26731023576366	54.56468641359604	
203.2482750897423	35.61931443017181	15.90117643151773	54.4860654626071	
201.6152693599715	35.49686539759639	14.903144188721196	54.73096352775795	
200.72226156839497	34.12020780560182	14.587556757187121	54.33187418971648	
196.97341041718255	35.028364078991984	14.810515982030424	53.554810654019235	
196.47242828515405	35.637672623306116	14.779988355124937	53.36868545635347	
194.8663243947792	35.68628887503667	14.904307570963681	53.27145295289236	
194.8433403486906	35.91861269378272	14.950275663140951	52.806805315400254	
194.4308732518615	35.84041389287389	14.750650284510137	52.96320291721791	
193.37088286579183	35.50871824144839	14.824570557908212	52.60356397069826	
192.03363381181256	35.595882194747816	14.441043335831797	52.42923606409942	
191.3711399643637	36.15274318271259	14.756330597713438	51.31551408816986	
187.91076018288445	36.44386746429102	14.677875585011757	50.73326552501301	
187.98027357510801	36.11485553594305	14.538848800564601	51.39128938170895	
187.51114687279772	35.59649048315447	14.480206095159252	51.43112337726016	
184.54620408462947	35.64419528283892	14.431922609967554	51.33571377789124	
184.5175915450412	36.001638034203836	14.489147689144112	50.620828275161415	
183.494241440814	36.02900441951567	14.56566042611751	50.56609550453774	
183.00195909292773	35.46080910286889	14.564476615632081	50.716737631573324	
180.0004652553792	35.632932843572576	14.640342552065523	51.36034377327657	
180.05850227097983	35.51966745803901	14.524268520864279	51.5868745443437	
180.1265341553465	35.27359806496358	14.388204752130953	52.07901333049456	
179.0225969666958	34.72854848284454	14.588531385845137	52.16533862293906	
178.9672996909797	34.85275118710169	14.699125937277357	52.9256773086737	
177.02492768616483	34.49232648491687	14.497726199436395	53.646526713043336	
177.0557116927706	34.46512688967215	14.436158186224876	53.70092590353278	
177.0584265432793	34.34224586996189	14.430728485207442	53.94668794295329	
177.1043334670679	34.70211799356731	14.338914637630229	54.25781966664659	
176.09159271926265	35.03355497335946	14.297349036486583	53.59494570706231	
176.09506196999502	34.7619708538935	14.29041053502188	53.11469925960497	
175.71479374668118	34.42891786531854	14.034421919926128	52.76428017503145	
175.6312658697216	34.55233895386604	14.201477673845286	52.51743799793643	
174.63702018119938	34.35828765499771	14.177080945721007	52.9055405956731	
174.00897871361948	33.70834149503206	14.421715406829037	53.19398444155268	
173.39777366803438	33.48235549754211	14.624015149283647	53.64595643653257	
172.8130115804002	33.34288942287863	14.763262826679947	53.924888585859534	
172.73126673986425	32.79974077451669	14.926752507751834	53.974365589556996	
172.7191038101859	32.27495902374396	14.951078367108483	53.98334461167329	
172.08504261314482	32.208994868140266	15.178033712892645	54.11527292288068	
171.90354895339004	31.69662458895084	15.541021032402202	54.09273561842164	
171.30973571201204	32.209646577072085	15.67490515305283	54.12043400428456	
171.16902270127758	32.34057824157557	15.9563311745217	53.8585706752776	
170.00651269521776	31.805971197719426	16.165018336263287	53.86961833780084	
169.86477305364537	31.34427207201822	16.4484976194081	53.73081903037669	
169.15659978273527	31.318744423185542	16.799359348321232	53.78187432804205	
168.56405933594775	31.570581384771256	16.911747965714387	54.35089268105251	
168.07367715866516	31.275197887255658	16.80967722082424	54.9416596760837	
168.19782935779705	30.430861167584716	16.56137282256051	55.54101292841108	
167.78524329911366	30.922208452954198	16.29334330042486	55.651519997174496	
166.90692343804866	30.22866825568795	15.870419772042087	55.94881876645064	
166.81476765214003	29.593975272752353	16.054731343859377	56.13211179471463	
166.93893671556492	29.50661693953454	15.806393217009624	56.30682846115026	
166.6990647339687	28.54091161624855	15.196190740289559	57.14829266780974	
