156	38	17	50	
155.9422075809843	36.258301737335515	16.115584838031413	52.48339652532896	
156.1866619137457	34.762598066035864	15.626676172508633	54.43314975472569	
156.9743258926814	33.91197691664211	15.111495309783606	56.134392053513196	
157.72886329554817	34.01981238940742	14.67689992827202	56.993200532204504	
158.37391264134007	33.59040579323231	14.465160382668246	57.85201372455474	
158.5109848221415	33.5137051681108	14.191016021065398	58.00541497479775	
159.66986123700957	33.211945654213565	14.039954090983182	58.608934002592214	
159.68964209328584	33.25994061269641	14.000392378430679	58.51294408562653	
161.4135872630713	33.24865655210556	13.812975154956629	58.535512206808235	
164.52770389503712	34.03886985540368	14.086104226052798	58.038645989383284	
164.43728294267368	34.126260182832546	14.266946130779655	57.863865334525556	
164.19437624839486	34.386965423167	14.7527595193373	57.34245485385666	
166.66383686477894	34.65124695173055	15.237343158748129	56.81389179672955	
166.7286835795984	34.9564597631095	15.107649729109202	57.28987812701935	
167.84537359816647	34.11874166395857	15.055600460655569	57.874648940979924	
171.41710421409047	34.1192707419898	14.499567868209557	57.87359078491747	
171.44868799899496	33.98898550812383	14.436400298400592	58.134161252649406	
173.22305399238545	33.75577345883137	14.157121049567376	58.60058535123433	
176.43692087925092	33.726491471455276	14.27563815751764	58.659149325986526	
176.4432323159489	32.285783252315696	14.263015284121657	58.258202880139486	
176.5868084616833	33.20725777174772	13.975862992652853	58.591773761238265	
178.1651195286581	32.388537304249056	14.081621599602988	59.14175444926901	
178.5606259853531	33.10849630056685	14.387790994002362	58.79901876442281	
179.46655883364582	33.2359632817797	14.772359617984629	58.54408480199711	
182.69402179497266	34.4841674702385	14.929116043619052	58.25157054117553	
182.3669811469067	34.9050015331322	15.583197339750924	57.409902415388146	
185.68862735830265	33.476228656054964	15.547747307268907	58.06483403943933	
185.47878193796097	34.2732860539038	17.077298637954105	57.580579733743505	
186.53785787302104	33.387060200870465	17.22241227235593	58.22139868754921	
189.52664980778997	32.06882144555899	16.961786473996295	59.714484583936525	
191.87090002104165	31.599589023330303	16.911792093341493	60.652949428393896	
192.48172784693907	31.933604993000237	16.862065851547616	61.156846899055	
195.97673084690874	31.84372733631457	15.762562478943629	61.336602212426335	
196.6832092861531	32.33352571401037	15.509524069746224	61.5169239263261	
197.94095956104093	32.13777948828611	15.309338395753748	61.90841637777463	
201.44575383243046	32.52824319405031	15.255847584066952	61.12748896624622	
202.57728986646526	32.886603903094695	15.287531682944454	61.55814563163104	
206.4839567104354	33.487750247397	15.55235132458054	61.50987484725161	
208.12342815211585	34.150061267805306	15.748520128429293	61.34362336883824	
211.3033615984013	34.048677322063426	15.187410229538632	61.546391260322004	
211.33466127380325	33.77586172365267	15.124810878734703	62.092022457143514	
215.54670622033655	33.40818302381143	14.809611950749284	62.827379856825985	
216.3117985842081	33.00506028084477	14.442126474243246	63.6336253427593	
216.7756905211681	32.4109309209133	14.681278336387699	63.654948326557815	
220.1739235750372	32.04870337422714	14.915748985194174	64.37940341993014	
219.96655012475816	32.50903460447163	15.330495885752256	64.64519162375721	
223.45168674790932	32.77482250273182	15.548858837948725	64.11361582723683	
223.96959602625043	32.90351213743405	15.707866165818327	63.85623655783238	
224.46488449596146	32.77165312684521	15.911534219974014	64.11995457901006	
229.14274303729627	34.616294908414446	16.170344142528638	64.0361186428307	
228.72004043205396	35.221616752465955	17.015749353013238	62.82547495472768	
228.9768603253758	35.5756962459377	17.706601166439967	62.117315967784194	
232.23009914242985	35.28087797991369	18.4448354980893	61.4995005055393	
235.15928937889043	34.15716639627454	18.648767500795124	61.321998682566786	
235.06947023260423	34.764359168148445	18.828405793367526	60.10761313881897	
239.52645979815756	35.049819284573246	18.313313987628113	59.536692905969375	
239.84010995702354	33.70923332675702	17.68601366989619	59.85339727948211	
243.02941239168572	34.91140765100738	17.182837790945644	59.799220227130945	
243.11548574203474	34.947518515472225	17.01069109024761	59.726998498201255	
246.14779478910182	35.460528399477255	16.749656497734808	59.861695430515454	
246.96314395479703	35.623936429117414	16.276694199914687	59.534879371235135	
249.20858110615308	36.06177419094127	16.36287174293329	58.65920384758742	
250.3736229040633	38.28072147693845	16.299863056021234	57.621921638955655	
253.37685553952525	39.32175234655839	16.999764557647126	56.65758769514075	
254.50132135394637	40.167519003687175	16.985105077039997	56.08319045500074	
255.78087887463613	41.51516164682828	17.752192630688686	54.49663936706126	
258.9562251822132	40.43723525544377	18.00375370740592	53.35136530389459	
260.5240049889084	40.73796720682536	18.134257858926176	52.74990140113141	
263.7525815027037	40.46630928828309	18.172096300559016	52.210718660012034	
267.3145182563211	39.21567102282425	17.501208339188313	52.56100000897504	
267.5459188649062	39.538570358964606	17.038407122018196	52.98344915362883	
271.5692654457587	38.311190573207476	16.452066825533223	53.306679335080204	
271.8674914734573	37.486764030127695	15.855614770136125	54.95553242123977	
275.35982957854384	36.736692167691054	15.301703407558321	56.45567614611305	
275.34184754018844	37.01400514663619	15.337667484269135	56.98362961428988	
279.1233606167276	37.198447399627646	15.409463387533144	56.61474510830696	
279.0887230527255	37.72576229486235	15.478738515537358	56.6469597301713	
280.7199830068173	39.59728229910727	15.482016227835288	56.169717342163025	
284.18024893055355	40.465480066399614	15.053103992677707	56.597195011683326	
285.32894719007453	40.453301657833926	14.915494153458713	56.6215518288147	
287.88338323234143	39.806835499060995	14.11718946803657	57.91448414636057	
290.3124914496934	39.63412104674869	13.581633557183993	58.259913050985176	
290.41161799059745	39.457414700575704	13.383380475375924	58.613325743331146	
292.61521205875357	38.723320160835016	13.281872902596845	59.00509468192922	
293.01060261178924	37.934641280813196	13.571038524486552	59.502505714011875	
293.48549303147615	37.322132561470795	13.713712369768402	60.727523152696676	
297.4609251918763	37.49050978273233	13.549086735201827	61.50308852249273	
298.5071497019704	37.27784775039897	13.696610709159742	61.92841258715946	
298.81444264253145	36.5085987836312	14.210793750764914	62.3381415979677	
301.3864481586078	36.39808228423614	14.788694628328582	63.70355697870111	
301.44255270427965	36.388011482927055	15.851046701678097	63.72369858131927	
301.30492762036425	36.269589098443085	16.12629686950896	63.96054335028721	
304.937989569623	36.74306849373925	16.082108180719278	64.21724042798287	
305.70431679402884	37.286820649319885	15.75587399349578	64.33615637840983	
306.62551617087837	37.678736975517786	16.31725063430791	63.55232372601402	
307.16335976739384	37.84667703449093	16.443104278972466	63.216443608067735	
311.5003925258278	37.37973142592256	16.1634435327318	62.95113414368632	
312.2008847338616	37.09704258022873	15.952644079163875	62.3263268725743	
313.5970472107434	36.57566119708831	15.515156493115986	62.19167095499725	
317.92722594782356	35.940140479590674	15.025435087650132	62.2954786658933	
318.0608202983879	35.12275984863386	14.758246386521478	61.61149869035872	
319.41265233971103	37.30441362830323	14.343965055533525	61.82695663433667	
319.9628161781136	37.816561538036666	14.383424011849364	60.80266081486979	
322.2689909561029	37.73607112954531	14.275897215633503	60.96364163185252	
322.7846295374574	38.044291151557	14.371022908466212	60.34720158782913	
323.3086656502836	38.8425343072327	14.44254167528593	59.870306268949804	
323.68266317062336	38.88948176736986	14.808821849948043	59.776411348675474	
324.562600957094	39.29745669045096	15.288809337788532	58.96046150251328	
326.02818760411645	39.560699939464065	15.710353051486408	58.43397500448707	
329.79154478645376	39.78096671992104	16.010452582975123	57.99344144357312	
329.4891055342353	42.04250982268821	16.615331087412034	57.94054808222164	
330.70592608582785	40.47817640221105	16.437924197289753	58.812980710113216	
331.4731852648993	39.02072443346899	16.04051702338247	59.45366227912599	
333.8310327528252	39.28095107490882	15.879547338726631	60.07189031904532	
334.25346196430473	38.73128254232165	16.17903889756426	60.02687740242291	
335.42390895136725	38.75118591454667	16.136857725062086	59.98707065797288	
336.07918158740654	38.86632264603715	15.974315021006255	59.756797194991925	
336.04437984466784	39.59242181353288	16.043918506483735	59.44630126755345	
337.34851322843593	39.438086105559705	15.7129350532593	59.754972683499794	
337.96692449231097	39.825003404679585	15.612862973881008	60.1178885336317	
338.62395430480353	39.62005564702864	15.438766398276073	60.52778404893358	
338.7422487082873	39.06913767018748	15.202177591308473	61.62962000261591	
340.7776793553884	38.68561293995402	14.591522372346653	62.39666946308283	
340.78436456250756	38.77482102656363	14.578151958108208	62.21825328986361	
344.3611115163329	39.412921589166785	14.323132627218229	62.09179792745076	
344.30259793905174	39.37986509899147	14.440159781780658	62.15791090780137	
343.9542364257101	40.555089545063055	15.136882808463788	60.953721677951506	
343.2240364302592	41.34005043162483	16.597282799365697	59.38379990482796	
347.10807239675916	43.04176545915829	16.866220205370702	58.27665823233387	
346.8922301274296	44.50204948948224	17.297904744029815	56.49363296965582	
347.18127107256333	44.570220016510504	17.840161628815927	55.23695314054563	
348.1437568457804	45.31768776489055	18.14021132340794	53.74201764378555	
351.7910338164085	44.99162189640717	17.42612223224112	53.29740523907072	
352.7637703573317	44.95987693803343	16.557995235275186	53.360895155818184	
355.9582182324289	44.592676747357615	15.480435591226428	54.095295537169825	
356.08737353463266	45.40623706111602	15.222124986818887	53.520822800729505	
356.32804495394964	45.2355519923872	14.740782148184973	53.86219293818715	
356.95065209328976	45.22297005702795	14.531082910139297	53.88735680890566	
356.98300943953797	45.344245987214336	14.466368217642913	53.64480494853288	
359.2229196576796	46.435104810385255	14.09573734678577	53.51768208490416	
359.27265921410043	46.170800261780755	13.996258233944118	53.027763330473874	
359.1810806644328	45.6664884046956	14.179415333279394	53.02662566353308	
359.1512298459705	46.424467759798894	15.252313485856465	52.523863468978945	
359.08642524895504	47.39928627307664	16.408123919089988	51.600427681626115	
359.2278911961905	49.99005329854667	17.159723655794032	50.55702015538575	
360.78588335964787	51.15931408841986	18.177632110866313	49.25197177113611	
367.42456406670675	51.34791574065001	19.366602852245613	47.84145902699745	
365.3306955052497	49.776536463412114	19.416846033815595	47.88109712546515	
370.60930473375254	51.035409130175324	19.21802593464449	48.47087129928912	
371.4294197642612	47.64535572726475	18.61857928019645	49.00627766569535	
373.32302036673906	46.50298440115557	17.94456969464573	50.25328977811201	
374.18242036222085	46.643909813381626	17.269186389449118	51.01485563942699	
375.3783574701499	46.35245932886886	16.961299311445657	51.59775660845252	
377.163232738652	45.34258632299819	16.525518144764725	52.57284616341946	
377.6743588724322	47.16466561010629	16.553758911705806	52.080166692707635	
379.18476694442813	47.32326927008832	16.665010431002543	51.76295937274358	
379.06200962023735	46.49913594612985	16.910525079384104	51.32809523720526	
379.73028467438195	46.34966966092102	16.613865918941613	51.62702780762291	
380.72353914755263	46.05629480110191	16.70474598713935	52.213777527261136	
380.9802067188838	45.32843756049846	17.240109148434854	52.620793704510305	
383.8703594868486	46.03289191026033	17.845693712883893	52.27620002171633	
383.3734256161326	44.61113626607765	17.769075759998252	52.978739921446426	
383.48931371283055	43.87255018640443	17.537299566602307	54.45591208079286	
384.0443521685763	44.23820828959444	17.523072545677817	54.82044576497984	
384.8976053463159	45.09585144984773	18.018096188570954	54.205924443659484	
388.54881014210144	44.271478069029456	18.42349223203807	53.652441023856596	
383.1614980356366	10.47475349633806	19.292387992426615	53.00642749617859	
393.4598082783834	-1.161681775071159	18.625079703482974	54.13561782060832	
395.45008211276854	-1.2350795852173384	17.978127541846582	55.39361194327868	
398.72537567266016	-1.088356016505653	17.013893807143877	57.33470615988753	
396.67908323833996	-1.939148514105046	16.598569039703627	57.90931374606616	
398.0054685080935	-2.3958847194884925	16.200525116935868	58.822786156833054	
394.5485766643455	-2.913297639555445	16.31750536644541	58.724811423969214	
395.4847406633378	-2.192259613915482	16.712402688730126	58.41634803282392	
397.21832600249473	-1.8595048633120648	16.655170684687157	58.88748475637409	
395.9063706794296	-1.7317717397782957	16.99462850028033	58.632018509306555	
397.81084990646025	-2.0900957940767135	16.620537202012898	59.34866661790339	
396.70193912762187	-2.6887280359677206	16.54219063875053	59.39784704121582	
396.4939244574124	-3.235407809998481	16.958219979169495	59.34389602408868	
394.86218581034626	-2.477039437002908	17.91303875139955	58.98148853904865	
396.5592880675257	-2.653214662605958	18.019718527590385	59.33383899025475	
395.5743655075196	-3.0050630147024755	17.641710398715688	60.03753569444778	
396.89903408585724	-3.3889911015471093	17.34610371575356	60.80539186813705	
394.94313168487844	-2.5599780183262624	17.711302547758415	60.329567691679586	
397.4473081340869	-2.7403830621016496	17.432101409572418	60.69037777923036	
395.4153984818546	-2.979251159643514	17.94937034451435	59.98593051780656	
397.9369298720384	-2.065011165877639	17.633715755835897	60.521154626119355	
396.37365297109255	-1.7566658443378245	17.20961554894229	61.08801531930145	
397.5853961405136	-1.920825426247177	17.153407856971057	61.41633448312015	
396.1889265894572	-2.3508081407018118	17.571910858246437	61.08908186161073	
398.14469803113434	-3.1324112128319115	17.23163271208471	61.46186642680675	
396.9855881029923	-2.3632661499750895	17.17120357750326	61.11290079652582	
395.71444475601487	-2.166915520712937	17.3469466847886	60.720199538001516	
397.7011325684425	-3.6192456121286867	16.91661657897272	61.2628293748067	
394.19734059757286	-2.9469093457205133	18.021114865637912	59.91815684199035	
396.6849392821646	-2.421507360842096	17.774813861405747	60.04957696347131	
396.1420208793787	-2.433587203772305	17.68114025338201	60.07373664933173	
397.5467869155483	-2.200734737248119	17.227829016578692	60.78614213405126	
395.9786611173313	-3.363946512354353	16.824918301976933	60.753124143573245	
397.226895643185	-3.580520502750815	16.671877164470548	61.18627212436617	
396.4275734932351	-3.2460674409229604	17.09557598197246	60.51736600071046	
397.7421741224984	-2.7238757549033963	16.813287071763632	60.64643880283015	
397.09948314457927	-3.017795978101045	16.92867689052669	60.06428711215025	
397.0842184787979	-3.9445113247758172	16.95920622208954	59.58983139151373	
397.55887173319803	-3.204582171874094	17.16771878728925	59.2677921597103	
395.8644836288431	-3.622563477237133	17.08500764847371	58.94659232126128	
398.3171612884537	-3.1964836393749003	16.78398727669921	59.245516382398485	
396.0401885934557	-3.1506908962708167	16.739188178524365	59.15393089619032	
397.95036143209904	-2.7849434977083227	16.36151189401139	59.569992563323254	
396.3244651578643	-3.335354651998504	16.17425555787773	59.52446524370257	
398.13766219331484	-2.881970677331392	15.974438291063883	59.759889562397404	
395.14264360361216	-2.568439752542954	16.2557342385227	59.13282771282053	
398.196498046306	-3.236376281424654	15.839051051044713	59.33049563100199	
395.9203414226029	-3.1378554026519048	15.858738609808336	59.13345387345649	
398.8702515506376	-3.3645201240932288	15.612688493815739	59.58678331633914	
395.20250298190416	-4.201795068734761	16.153223164800483	58.99634571679482	
398.13188267447566	-3.2256221880662004	15.966255887545366	59.31271679861285	
396.789354274207	-3.0151865863526908	16.380711982745588	58.89184559518583	
397.95697506070803	-2.4975850974630056	16.319773792880646	58.99379430897497	
395.59214531411163	-3.4300338774822094	16.499646056105465	58.58379825402939	
398.5628508087161	-3.0947878803878375	16.23340406888936	59.04834006023924	
395.6003580709141	-2.874565390883099	16.475411035476856	58.60789508122976	
397.9772392869407	-2.4236345736421256	16.26133003646143	58.840953805007246	
394.4907331866107	-3.198530198985207	16.429160816030986	58.12235124866328	
396.96590247551154	-2.8051457179005332	15.987645057728447	58.462787991368685	
396.88836600254643	-2.292960287432326	16.142718003658658	58.562150637685065	
398.1567316399291	-1.9572613481778234	15.86207356003882	59.0187961747488	
397.20695726293195	-2.0487163106209785	15.503216454910875	59.20170609963511	
359.93125929282525	35.57082228028396	15.803742724276287	62.7135512959974	
356.4994583487344	43.572538394914766	15.587137792392122	62.050567176878516	
356.50707215477934	41.399106083451116	15.5719101803022	60.564332094220674	
356.65282159345963	41.6955982183107	15.280411302941568	59.97134782450151	
356.34834915402985	40.630054232372736	14.757741242212695	60.97082085678885	
355.51954019064976	39.52547278112032	14.143948587232316	62.0442784684234	
353.15037589393353	39.03133137901964	14.326315093347525	61.89357075079543	
353.2474292281962	39.45404203044963	14.132208424822089	62.188529863495944	
349.3792712116526	37.330299975274656	15.023833319419058	63.013668404600736	
349.93735846200906	36.655771372385196	15.077059710464257	64.36272561037966	
352.6918425825172	38.130107106549275	14.32531515954392	66.17127783214752	
350.76917686763113	36.81051620412682	14.570255847948594	65.2100688956249	
348.8454993900224	34.78885250593301	14.84332026624958	64.48767557612385	
348.9582510842579	37.038521878137004	14.61781687777864	64.73464467269963	
348.8399464179969	36.04947937089332	14.854426210300595	64.34132732112056	
348.98257238615184	35.86930837380173	14.569174273990722	64.70166931530375	
346.65578276111506	35.706142897385696	14.485532102092883	63.84369491264296	
346.6386631052118	35.21232380401183	14.51977141389948	63.660627070516135	
346.736815302691	36.01490288328015	14.323467018940947	63.224272997580655	
346.2534252981664	37.474583646810515	14.131312832041685	62.62277986241688	
344.6653868644041	36.995678006352264	13.866885705579168	62.43375647867103	
343.4578992546067	36.66342575803868	14.003647519463243	61.959154272442774	
343.4617695923952	36.590510489235406	13.99590684388617	62.10498481004932	
343.4941629642585	38.0426142035223	13.931120100159589	61.47476801645702	
343.67196703453203	38.56435247085808	13.575511959612477	61.558233241766146	
343.60695621893694	39.398317999048075	13.705533590802666	61.011568031005716	
339.7839044629576	39.535103756286055	14.654843751407189	60.73799651652975	
339.4333941078513	40.414575450615786	15.35586446161966	60.109534332535304	
338.4677678646926	41.47622193834517	16.152132416152355	59.12122588886142	
337.4899849155926	41.056675286604424	16.9716011457521	58.82422202374265	
337.22658855300324	41.174835779173414	17.498393870930784	58.58790103860467	
337.1220551140508	40.75707755938057	17.707460748835643	58.26971564035726	
335.060097619118	41.077336715161294	18.372150622225668	57.62919732879581	
334.07001062168075	41.825733351857416	19.196058076756874	57.28867059574684	
331.7182848756901	40.78472872306686	19.233348144610964	58.204139497296126	
331.4364858381516	40.61801038062376	19.79694621968789	58.53757618218234	
331.39944275915667	40.61470514483871	19.87103237767786	58.54418665375244	
330.0716372060711	40.01101289828506	20.133140930861416	58.55481987036592	
327.39656454874614	38.10967169883904	19.474871071937894	59.95413619982858	
326.42194469306645	37.12555449158521	19.00499078247482	60.712810613925015	
325.38047695097697	37.04040275186595	18.664562136423957	62.094796158478445	
323.6770890708014	36.76099684141988	18.396449501987256	62.653607979370584	
322.1964883346213	36.93397302616064	17.67399351128742	63.535541430909085	
321.26158461653336	38.55451761296489	17.09010437555049	62.74814882921339	
321.54124377421647	37.898737085597716	16.530786060184212	62.85491009021192	
316.82688838039024	38.01316944278727	16.393311221879312	62.626045375832796	
316.9989867486072	37.837685294282906	16.049114485445433	62.97701367284154	
317.11251353165295	37.64221094790497	15.82206091935393	63.36796236559741	
313.05057182645265	37.71402139885918	15.618981155730722	63.22434146368899	
313.1820558093957	37.68536536105792	15.356013189844614	63.28165353929152	
313.02647095014095	37.05762965119062	14.487691526396153	63.357633577068114	
311.0690486285197	36.968797500394345	13.746729019391271	63.53529787866066	
308.6117774148648	35.96468867367685	12.900425906611503	64.39134642407774	
308.1504977441928	35.671769209724	12.675301671274045	64.97718535198344	
307.7029619010401	36.03664198681338	12.418930860918806	65.3988822944653	
305.5510868277827	35.35334781411039	12.113528066985783	65.61318240475927	
304.8689893467648	35.453648404458846	12.328452420370079	65.41258122406236	
304.0196366915689	36.01414335573021	12.876453139508591	65.442295912773	
302.5079644019008	36.229408487839535	13.576115077103807	65.01176564855436	
301.59174292963417	35.6110822942278	14.239098508343591	65.07895852248424	
298.2999514249383	35.85427824489392	14.906585318061754	64.592566621152	
298.00524467811005	36.68039467818785	15.495998811718158	64.12959074544148	
294.65701876272755	37.33068875988745	16.222239209587052	64.0230448686215	
294.34641170565413	37.226016841383895	16.843453323733886	64.23238870562861	
290.9690729543928	37.13459669907871	16.271874458332793	64.41522899023897	
290.76746151149894	37.080019471117424	15.462298197574974	64.52438344616155	
290.3625904493705	37.18640879367678	15.07310955755517	64.31160480104283	
289.40947545531503	36.60295309568265	14.602309841031966	64.290001344714	
285.3844103250319	36.018215932722285	14.398124384873858	64.28028771110269	
284.25918887794904	33.60367142344302	14.298311943333445	64.40886605824898	
280.019437901278	35.17842938817269	14.552793356975288	63.6093559972754	
279.9183215867756	35.45133875925586	14.755025985980112	63.063537255109054	
279.7983302206453	34.4491753829244	14.995008718240664	62.737942727780606	
277.4964724573299	34.76680540045403	14.938769248216923	62.102682692721345	
277.01845590473135	34.75041238739751	14.73978578494522	62.13546871883439	
275.71582886453166	35.959463942876454	15.041685368270066	60.869042856413785	
274.64395810872327	37.020905825949185	14.906060046497789	59.885842506962774	
273.64287342600267	37.98465942290756	14.661600980965883	59.08164952853262	
272.5579095510173	37.1738974333193	14.616752585726555	58.488397362499065	
271.93267416262165	37.63501818907565	14.769010401326902	57.56615585098635	
268.0768591782281	38.58868621905174	14.863582871102517	56.74697086232152	
267.9548006861464	38.090951054035074	15.107699855265885	55.58558931339954	
266.4382840335909	39.088231731765035	14.94069068097767	54.657708784406026	
263.0956895886884	38.37806164284021	15.32303090071467	53.97709940556635	
260.51492370912325	38.20245968895959	15.244362995164412	53.28026338039146	
257.44896052917716	39.609180255897726	15.155878478181911	53.57702768495261	
257.3976840049638	39.461208770731716	15.25843152660849	52.83370005481515	
256.8228267104115	37.775909977054816	15.377454215190696	53.112221940601685	
256.3672833055157	39.37002955297196	15.251696375824583	53.034516736240725	
255.9746875271232	40.41191131069018	15.003485652061155	53.0175577819012	
254.48138451133008	40.18755471984812	14.904507958462226	53.466270963585316	
251.94224918910703	41.17306549333021	14.8177537557182	53.56125935549722	
250.1315483562729	40.43770394058824	14.308281536812823	53.99926398983776	
249.82789250852457	40.506400754863556	13.886284105802654	53.86187036128713	
248.81154675802205	40.614038993730084	13.880155735245783	53.646593883554075	
246.7134785372731	40.13877100652244	14.011215734832255	53.580860747491485	
245.71358903442157	40.326918718372156	13.975352362205447	54.22238651295697	
242.57362210115872	37.38447058133326	14.098327043919321	54.97648346635818	
242.65708601776305	37.75875435787475	13.931399210710628	55.266996465756876	
238.92219356862418	36.55456632116322	14.121202083249116	55.595377674683	
238.7582242321397	36.90428653322759	14.449140756218082	55.94414291683768	
237.3031409810095	35.409220037067676	14.181371660529498	56.815652177191566	
237.03001978039237	36.95536712421971	14.727614061763813	56.922783377746455	
233.3098500369836	35.294289688241264	14.619652514524997	58.088280811401546	
233.26137697480274	35.72627709170245	14.71659863888667	58.316958763008685	
232.7158676072909	35.38180433228763	14.709916017168085	59.005904281838326	
229.37662603175227	35.6246808256744	14.744939695785497	59.62739454047477	
229.51771202734776	35.781305575600584	14.462767704594539	60.43077213852538	
225.71812211772388	35.47251608601306	14.204356470592582	61.048351117700435	
225.71455912845332	35.224463810874255	14.211482449133722	61.54445566797804	
224.10044457215594	35.52420325408272	14.039823669132753	62.07827274575967	
223.47010572694055	31.9883451752519	14.163035373984123	63.46265897552422	
222.98901959552433	32.775691326743136	13.96602679788118	64.20632835041262	
219.28713864981341	32.123069393384235	14.375176362003964	64.34580349591393	
219.3140769194447	30.953014542869866	14.32129982274143	65.51031164689928	
218.30492996789113	30.679443712125824	13.957939942896406	66.05745330838737	
217.1299348315349	30.623656711086994	13.925055123741178	66.16902731046503	
216.35114315934138	31.472811799330024	14.290282226672375	65.66307337543479	
213.31712259483174	30.688429788097046	14.39651912847096	66.0394765524566	
212.65813215607588	30.526579627289117	14.514834787393045	66.36317687407247	
212.5094685181061	30.50227815760781	14.812162063332586	66.41177981343507	
211.28512642106733	30.53339029402705	14.835097553245426	66.3495555405966	
208.21769345504148	30.468804139389256	14.907731682815044	65.26628148937577	
205.43802419058898	31.660297772999243	14.473564879630493	65.28069635499162	
204.96565000881577	31.64384608443153	14.227757788356884	65.31359973212705	
203.36038549695147	29.767660641736605	13.879458838711287	66.69341863526742	
199.06044652704162	28.526001132509407	14.087861990490435	66.77917342856738	
199.3152864315673	27.44265319665039	13.578182181439024	67.74185182027026	
197.63905136561115	27.329460208092186	13.308067643339133	67.96823779738666	
195.73995846476976	26.936673767460185	13.490026060338465	67.54840155042284	
193.8512484537307	27.763959039614107	13.658093187784454	67.09694863765901	
189.91800416063467	29.058571336914632	14.323956243284066	65.70782829817338	
189.60311583540368	29.400984347566208	14.953732893745986	65.02300227687023	
189.3661361332552	30.20399744084768	15.427692298042963	64.6131575480444	
