60	31	11	35
61.03111761663395	31.698837482053186	11.0	35.00000000000001
61.87535863943383	32.39911826485182	10.784313725490193	34.31372549019606
62.400612818439996	31.975403953755606	11.219999999999999	35.7
63.52217963207107	32.91810055888416	10.784313725490193	34.31372549019608
64.25841880228297	33.41252996663813	10.784313725490193	34.31372549019608
65.55023921446625	33.68025842553686	10.365545680017476	32.98128170914654
66.2233982149605	32.392110772400514	10.784313725490193	34.31372549019608
65.70512706246107	33.105437552631216	10.784313725490193	34.31372549019608
67.15554251746062	32.26242057246717	10.572856593617843	33.64090734332947
67.67700555037496	32.600668605507096	11.0	34.999999999999986
69.2466589924171	32.91188991523873	10.572856593617843	33.640907343329474
70.5027298861292	33.32399671799756	10.162299686291647	32.334589910927974
70.90991325670116	33.49847229915599	10.162299686291647	32.334589910927974
71.33675800659987	34.312787145692106	9.963038908129079	31.700578344047038
71.89946362809827	34.24057660264345	10.365545680017476	32.981281709146536
72.71182978101245	34.54716136042977	10.365545680017476	32.98128170914654
73.57577326971352	35.84363525368468	9.963038908129079	31.700578344047045
74.23900367381609	34.795794388553915	10.365545680017476	32.98128170914654
74.01302725523537	35.666718175261366	10.572856593617843	33.64090734332946
75.65514796628878	34.2785338184415	10.784313725490193	34.31372549019605
78.02375413454644	34.560168528025116	11.219999999999999	35.69999999999999
77.88214344069081	33.22336801847386	11.444400000000002	36.41399999999999
78.37790447197743	32.013455246929745	11.673287999999985	37.14227999999999
79.04253545277082	33.053081739774115	11.444400000000002	36.41399999999997
80.01626275544524	34.14902803521622	11.0	34.999999999999986
80.51662663734565	33.74131666320308	11.0	34.99999999999997
81.75411507449323	34.674047844488186	11.219999999999999	35.69999999999999
82.3307135472446	34.791470794780764	11.673287999999985	37.142279999999985
83.86779792782973	34.6043694474962	11.673287999999985	37.142279999999985
84.21047938536269	34.54684148836126	11.219999999999999	35.69999999999998
85.68132893152676	35.5269711647957	11.444400000000002	36.41399999999999
87.27445347542435	34.801456426381236	11.906753759999987	37.88512559999997
88.19868023410724	34.61488047604447	11.444400000000002	36.413999999999966
88.99349782793898	35.537267672513394	11.444400000000002	36.41399999999997
89.36923582985791	34.77763690281143	11.444400000000002	36.41399999999998
89.54764269648187	33.892868400349506	11.673287999999985	37.142279999999964
90.70983216397808	34.279049821140816	11.444400000000002	36.41399999999997
91.83535956430096	33.62076522332417	11.219999999999999	35.699999999999974
92.41979581319264	33.93079881779801	11.219999999999999	35.69999999999998
93.07518004963636	33.7045571756942	11.673287999999985	37.142279999999964
95.06024519350802	34.04268628883135	12.144888835199993	38.642828111999975
95.33214375346071	35.18206223018262	11.673287999999985	37.14227999999996
96.58207661333903	36.05092649744883	11.444400000000002	36.41399999999996
98.61043233741047	36.414450837927035	11.906753759999987	37.88512559999995
99.82744291883631	35.977315974321485	12.387786611903977	39.41568467423997
100.70144778697122	34.78041106126372	12.635542344142067	40.203998367724765
102.74140500876369	35.36154730531122	12.387786611903977	39.41568467423997
102.15537144722806	34.78262606155568	12.635542344142067	40.20399836772477
101.78649176690242	33.89444378712117	12.888253191024916	41.008078335079254
102.92037113744489	34.27022240481284	12.635542344142067	40.203998367724765
103.88949780569541	35.74705717092692	12.387786611903977	39.41568467423997
104.06719111337331	36.99011969555016	12.387786611903977	39.41568467423997
104.5987647155471	35.25626060092014	12.888253191024916	41.00807833507925
104.89239709777964	35.325382378461256	13.408938619942319	42.66480469981644
104.93310137569814	33.29177694789752	13.67711739234116	43.51810079381279
106.7492855713592	35.22123295352911	13.146018254845416	41.82823990178083
108.49079253575242	35.33161494756727	13.146018254845416	41.82823990178084
108.95574019320689	35.34663373599916	13.146018254845416	41.82823990178083
109.36522590549215	34.751794927734316	13.146018254845416	41.828239901780826
105.76958267761154	33.41943033515888	13.67711739234116	43.51810079381279
106.67963698069171	34.04714978293751	13.67711739234116	43.51810079381278
105.6575207351461	35.40167251773652	13.146018254845416	41.828239901780826
105.50560901247314	35.15934517237585	13.408938619942319	42.66480469981646
114.35636531655705	33.111602175355486	13.677117392341174	43.51810079381279
115.51216109081254	32.461765198899286	14.22967293499174	45.27623206588282
105.19836806444609	34.086083585259836	13.67711739234116	43.518100793812785
106.50696273091732	35.01972541138587	13.408938619942319	42.66480469981645
106.57679583709877	35.94289845745517	12.888253191024916	41.00807833507925
106.24160202934026	35.11578573532253	13.408938619942319	42.66480469981644
106.48850772023296	34.991478114831224	13.146018254845416	41.82823990178082
106.34127889258475	35.36116079429249	13.146018254845416	41.82823990178082
106.44970655434973	35.343993542246494	12.888253191024916	41.00807833507923
106.18753768396192	35.28338505099272	12.888253191024916	41.00807833507925
106.38927172624301	35.33183503349184	12.888253191024916	41.00807833507923
106.33639532335503	35.45667315818001	12.888253191024916	41.00807833507925
106.48628243179246	35.91243784930464	12.635542344142067	40.203998367724736
106.37895321648051	35.77443799488972	12.635542344142067	40.203998367724736
106.63796626051287	35.335619426613846	13.146018254845416	41.82823990178082
106.70039292974091	35.44928268189267	13.146018254845416	41.82823990178082
106.69872286154973	35.26835538802102	13.146018254845416	41.82823990178082
106.33133219088374	35.42011557384738	12.888253191024916	41.00807833507923
106.73562840473717	35.32645909239966	13.146018254845416	41.82823990178083
106.47579569430336	35.37170821859286	13.146018254845416	41.82823990178083
106.60403074692718	35.4165193518738	13.146018254845416	41.82823990178083
106.46813861904963	35.43975661119411	13.146018254845416	41.82823990178082
106.39514570307574	35.46945308194937	13.146018254845416	41.82823990178082
106.58216813653486	35.417228027438526	13.146018254845416	41.82823990178083
106.3798758472238	35.35791762704625	13.146018254845416	41.82823990178082
106.39378926502874	34.94793822230272	13.408938619942319	42.66480469981645
106.4927591300992	35.40920396710821	13.146018254845416	41.82823990178083
106.45303727869151	35.40481833080129	13.146018254845416	41.82823990178082
106.170623017693	35.399309456751865	12.888253191024916	41.00807833507923
106.39857344247946	35.42991346148314	13.146018254845416	41.82823990178082
106.3159920692981	35.54697612751704	13.146018254845416	41.82823990178083
106.18356843243207	36.01368181167865	12.635542344142067	40.20399836772475
106.17176452863806	35.48844328333746	12.888253191024916	41.00807833507925
106.47629777841102	35.48669048896372	13.146018254845416	41.82823990178083
106.23980061845177	35.62758465581224	12.888253191024916	41.00807833507923
106.40887578266825	35.33326713391793	13.146018254845416	41.82823990178082
106.4987432474828	35.309307773681795	13.146018254845416	41.82823990178082
106.13268810106392	35.54457575697164	12.888253191024916	41.00807833507925
106.41578104170803	35.451504953367845	13.146018254845416	41.82823990178082
106.46730200854473	35.45053261483112	13.146018254845416	41.82823990178083
106.33743341344064	35.47995400093053	13.146018254845416	41.82823990178083
106.40912638996058	35.492277038260255	13.146018254845416	41.82823990178083
106.41990219546854	35.49642415101388	13.146018254845416	41.82823990178083
106.36248900820651	35.513768231912266	13.146018254845416	41.82823990178082
106.33512373955206	35.44775469331009	13.146018254845416	41.82823990178083
106.45132611130913	35.45383817663277	13.146018254845416	41.82823990178083
106.39789059210487	35.4987359178385	13.146018254845416	41.82823990178082
106.46181983351882	35.459286360040224	13.146018254845416	41.82823990178082
106.36410698818175	35.48568140442049	13.146018254845416	41.82823990178082
106.3582551195922	35.578665046146185	13.146018254845416	41.82823990178082
106.50259631741245	35.50378423281086	13.146018254845416	41.82823990178082
106.52546803477505	35.48771286895327	13.146018254845416	41.82823990178083
106.44523078864353	35.57934644484378	13.146018254845416	41.82823990178082
106.48244104648245	35.39539075027017	13.146018254845416	41.82823990178082
106.4336233615572	35.42835148417771	13.146018254845416	41.82823990178082
106.46188389024097	35.59036874353154	13.146018254845416	41.82823990178082
106.463766753945	35.58099289120804	13.146018254845416	41.82823990178082
106.3348251164605	35.48184818575963	13.146018254845416	41.82823990178082
106.4429738375274	35.49458439998509	13.146018254845416	41.82823990178083
106.45161550800772	35.55751649962937	13.146018254845416	41.82823990178083
106.46661167672848	35.535489305067316	13.146018254845416	41.82823990178082
106.43158695899892	35.43249818538281	13.146018254845416	41.82823990178083
106.33635258252399	35.39820578818423	13.146018254845416	41.82823990178083
106.33728807197726	35.49241825311607	13.146018254845416	41.82823990178083
106.38290379354314	35.470104606517495	13.146018254845416	41.82823990178082
106.44691591862666	35.49561353522179	13.146018254845416	41.82823990178083
106.47611939559475	35.5769739184302	13.146018254845416	41.82823990178082
106.34810443378856	35.50433667574015	13.146018254845416	41.82823990178083
106.4183685069163	35.44323133685248	13.146018254845416	41.82823990178083
106.3835401603615	35.51250444587764	13.146018254845416	41.82823990178083
106.44396412342869	35.40058040893784	13.146018254845416	41.82823990178083
106.43857858881836	35.53711734212011	13.146018254845416	41.82823990178082
106.39319897679249	35.49392445917515	13.146018254845416	41.82823990178083
106.44961550440131	35.42768758184137	13.146018254845416	41.82823990178083
106.3733825778664	35.47117850299148	13.146018254845416	41.82823990178083
106.36797973030315	35.60012141304682	13.146018254845416	41.82823990178082
106.38931596452565	35.53412869509826	13.146018254845416	41.82823990178083
106.46562288969359	35.52476333893763	13.146018254845416	41.82823990178082
106.38744256510813	35.49542921610889	13.146018254845416	41.82823990178082
106.51951267928759	35.50710389764092	13.146018254845416	41.82823990178083
106.40213291363938	35.598899946602955	13.146018254845416	41.82823990178083
106.44927973691331	35.71107698735511	13.146018254845416	41.82823990178083
106.46356541877714	35.61980915739399	13.146018254845416	41.82823990178082
106.43875387164464	35.63389235721506	13.146018254845416	41.82823990178082
106.32227302218578	35.131090190701144	13.408938619942319	42.66480469981644
106.45004293830443	35.50236610295731	13.146018254845416	41.82823990178083
106.39777260565688	35.63744082174102	13.146018254845416	41.82823990178082
106.38816169969785	35.12853949863847	13.408938619942319	42.66480469981645
106.36871661386745	35.583795324910696	13.146018254845416	41.82823990178083
106.44732470339757	35.58072183564241	13.146018254845416	41.82823990178083
106.45364278527522	35.50736875683994	13.146018254845416	41.82823990178082
106.41156776044186	35.409858008696375	13.146018254845416	41.82823990178082
106.4165002871092	35.54774578566881	13.146018254845416	41.82823990178083
106.4543704871986	35.476048359526445	13.146018254845416	41.82823990178082
106.40348824791437	35.58794822766542	13.146018254845416	41.82823990178082
106.37501400566562	35.531500169603476	13.146018254845416	41.82823990178083
106.38755162361686	35.469436455568996	13.146018254845416	41.82823990178083
106.39248182929084	35.52425590649155	13.146018254845416	41.82823990178082
106.44748809253322	35.47172959746517	13.146018254845416	41.82823990178082
106.3718636425466	35.53144707019649	13.146018254845416	41.82823990178082
106.35485354376188	35.480952198503715	13.146018254845416	41.82823990178083
106.42676967506708	35.468048279630025	13.146018254845416	41.82823990178083
106.45636554815334	35.48130967152038	13.146018254845416	41.82823990178083
106.42663655136707	35.59826495928496	13.146018254845416	41.82823990178082
106.42153276656664	35.62739132679317	13.146018254845416	41.82823990178083
106.40516432818217	35.62578250760437	13.146018254845416	41.82823990178083
106.46073872414871	35.62341317252118	13.146018254845416	41.82823990178082
106.49593443301976	35.645131031171175	13.146018254845416	41.82823990178083
106.44213532822128	35.694390364462066	13.146018254845416	41.82823990178083
106.4201664115819	35.610447529532976	13.146018254845416	41.82823990178082
106.4557217786605	35.55757750510479	13.146018254845416	41.82823990178083
106.43207481522579	35.532878414793515	13.146018254845416	41.82823990178082
106.38083059606593	35.57855860012526	13.146018254845416	41.82823990178082
106.47853356983062	35.46722653839488	13.146018254845416	41.82823990178083
106.41122519098548	35.5561096394421	13.146018254845416	41.82823990178083
106.45545178028809	35.401985926493154	13.146018254845416	41.82823990178082
106.44165488707162	35.43341368885669	13.146018254845416	41.82823990178082
106.3656663373862	35.453734945272274	13.146018254845416	41.82823990178083
106.36697211178542	35.5061640963884	13.146018254845416	41.82823990178082
106.29994483500046	35.440183154310645	13.146018254845416	41.82823990178083
106.29776528846594	35.48437798008172	13.146018254845416	41.82823990178082
106.3187438147596	35.60663505703917	13.146018254845416	41.82823990178082
106.22075560841921	35.628581922398965	13.146018254845416	41.82823990178083
106.12130449308636	35.66011374785191	13.146018254845416	41.82823990178083
106.22218316973373	35.59867708383537	13.146018254845416	41.82823990178082
106.36550741720649	35.62216786341894	13.146018254845416	41.82823990178082
106.20593075183083	35.732391428671704	13.146018254845416	41.82823990178083
106.48807635871077	35.66583692746613	13.146018254845416	41.82823990178082
106.69492324325502	35.732332863714205	13.146018254845416	41.82823990178082
106.81233776681132	35.64403131261341	13.146018254845416	41.82823990178082
106.85956523418346	35.559379035310485	13.146018254845416	41.82823990178082
106.57346838885219	35.35591907366124	13.146018254845416	41.82823990178082
106.37561633167381	35.31015413807279	13.146018254845416	41.82823990178083
106.07675245829829	35.34389946582435	13.146018254845416	41.82823990178082
105.71100045209823	35.01446712720495	13.146018254845416	41.82823990178083
105.19400887412935	34.602759389893905	12.888253191024916	41.00807833507923
105.23333003484494	34.75968915955248	12.888253191024916	41.00807833507923
105.29913613858221	34.73414327330117	13.408938619942319	42.66480469981644
105.67785932387541	35.39795667721863	12.888253191024916	41.00807833507925
106.32517501015296	35.40648865391674	13.146018254845416	41.82823990178082
106.55672804856071	35.36782493994488	13.146018254845416	41.82823990178083
106.6338787849671	35.41746963075788	13.146018254845416	41.82823990178082
106.63444028479157	35.50191990080661	13.146018254845416	41.82823990178082
106.54634064959733	35.393215397297666	13.146018254845416	41.82823990178082
106.49402378340001	35.46089338375448	13.146018254845416	41.82823990178082
106.54743222617319	35.44022731845362	13.146018254845416	41.82823990178083
106.59157983854664	35.447330232919995	13.146018254845416	41.82823990178083
106.38977170257306	35.57456797032701	13.146018254845416	41.82823990178083
106.49305885095582	35.56599220428777	13.146018254845416	41.82823990178082
106.5029876437368	35.63568078770045	13.146018254845416	41.82823990178082
106.31943427009627	35.65793301112079	13.146018254845416	41.82823990178083
106.37368979038033	35.695054482745974	13.146018254845416	41.82823990178082
106.36720578965668	35.73055912483136	13.146018254845416	41.82823990178083
106.40652593199074	35.65165682983742	13.146018254845416	41.82823990178082
106.36128925803717	35.72979295675866	13.146018254845416	41.82823990178082
106.38277834211974	35.53395228270608	13.146018254845416	41.82823990178082
106.3748115182791	35.58983377992895	13.146018254845416	41.82823990178083
106.4021218757235	35.619832199008954	13.146018254845416	41.82823990178082
106.33599503431354	35.69359830824014	13.146018254845416	41.82823990178082
106.33033415901662	35.59526164239149	13.146018254845416	41.82823990178083
106.358106426274	35.676092914555056	13.146018254845416	41.82823990178082
106.38478702942022	35.68463317084823	13.146018254845416	41.82823990178083
106.35696814418198	35.59105244547217	13.146018254845416	41.82823990178082
106.35448682429636	35.70775496591946	13.146018254845416	41.82823990178083
106.35797899942114	35.6282615925726	13.146018254845416	41.82823990178083
106.36117860420696	35.58569903505692	13.146018254845416	41.82823990178082
106.38068222486909	35.59415996366701	13.146018254845416	41.82823990178083
106.34820559382054	35.6534882992909	13.146018254845416	41.82823990178083
106.40621748076451	35.64725923409307	13.146018254845416	41.82823990178082
106.34244499893946	35.665897797967574	13.146018254845416	41.82823990178083
106.3818362470472	35.64721468895689	13.146018254845416	41.82823990178083
106.37969947452073	35.6187276239346	13.146018254845416	41.82823990178083
106.40385940574936	35.601828042317294	13.146018254845416	41.82823990178082
106.35714374969257	35.600674844629765	13.146018254845416	41.82823990178083
106.26546839254736	35.49539907963789	13.146018254845416	41.82823990178083
106.40836744589792	35.48021886621008	13.146018254845416	41.82823990178083
106.38264145016232	35.37567526457046	13.146018254845416	41.82823990178083
106.33258550925252	35.43536491654899	13.146018254845416	41.82823990178082
106.39374250458297	35.56251136770844	13.146018254845416	41.82823990178082
106.26795558864333	35.095924957554395	13.408938619942319	42.664804699816436
106.38922762140785	35.573106813157324	13.146018254845416	41.82823990178082
106.36155058168431	35.574004672129234	13.146018254845416	41.82823990178083
106.37909620208006	35.47861881124706	13.146018254845416	41.82823990178083
106.38478001030812	35.45389582841831	13.146018254845416	41.82823990178082
106.33016770391053	35.48767179113055	13.146018254845416	41.82823990178083
106.38983319067175	35.6593980916811	13.146018254845416	41.82823990178082
106.49453259827489	35.61401622319046	13.146018254845416	41.82823990178082
106.32137002845907	35.63298751949797	13.146018254845416	41.82823990178082
106.37495991332591	35.565005293169776	13.146018254845416	41.82823990178083
106.34190599216636	35.49821671853309	13.146018254845416	41.82823990178083
106.35245540936987	35.520400194717794	13.146018254845416	41.82823990178082
106.39062062248904	35.47378170073928	13.146018254845416	41.82823990178082
106.39037706294623	35.47706177404237	13.146018254845416	41.82823990178083
106.36525359413808	35.485647246456026	13.146018254845416	41.82823990178083
106.40973149377159	35.43187396328173	13.146018254845416	41.82823990178083
106.42157422927603	35.47699700041099	13.146018254845416	41.82823990178082
106.40035496363717	35.50635340345144	13.146018254845416	41.82823990178083
106.4063795108897	35.45407445798058	13.146018254845416	41.82823990178082
106.35138799300866	35.569885256628226	13.146018254845416	41.82823990178082
106.46873262408663	35.46868907381146	13.146018254845416	41.82823990178083
106.35216120017542	35.498664568087605	13.146018254845416	41.82823990178083
106.38828296356378	35.4834279939806	13.146018254845416	41.82823990178083
106.38298453668067	35.44224890869698	13.146018254845416	41.82823990178083
106.35232490040542	35.54381933879043	13.146018254845416	41.82823990178082
106.30113973472909	35.110117035462025	13.408938619942319	42.66480469981644
106.37549990441576	35.376928533716764	13.146018254845416	41.82823990178083
106.31104182989982	35.50669906368903	13.146018254845416	41.82823990178082
106.37669862600221	35.55185786138945	13.146018254845416	41.82823990178083
106.43160765546138	35.48101594102383	13.146018254845416	41.82823990178082
106.37984924692415	35.40904839303194	13.146018254845416	41.82823990178083
106.32929687779254	35.45138951797057	13.146018254845416	41.82823990178083
106.41784168175012	35.503360353706796	13.146018254845416	41.82823990178083
106.40072243749094	35.48309074180335	13.146018254845416	41.82823990178082
106.36972139630615	35.525886328434595	13.146018254845416	41.82823990178082
106.44680966921787	35.42796426923863	13.146018254845416	41.82823990178083
106.24897664614393	35.15201548510334	13.408938619942319	42.664804699816436
106.42888146479078	35.48748339280856	13.146018254845416	41.82823990178083
106.37062249085557	35.495124525851736	13.146018254845416	41.82823990178083
106.40246298276284	35.5557622847855	13.146018254845416	41.82823990178082
106.26264765998971	35.04895525814111	13.408938619942319	42.66480469981645
106.44049948275811	35.49567238541775	13.146018254845416	41.82823990178082
106.42737490250141	35.582010777198036	13.146018254845416	41.82823990178082
106.37307350962003	35.45480984516219	13.146018254845416	41.82823990178083
106.36757053943799	35.45561250632555	13.146018254845416	41.82823990178082
106.41215748470086	35.5024503883638	13.146018254845416	41.82823990178082
106.48167605826441	35.54101407502745	13.146018254845416	41.82823990178083
106.38125250079366	35.48614280434583	13.146018254845416	41.82823990178082
106.45488208619878	35.500748443258004	13.146018254845416	41.82823990178083
106.40900210154416	35.51751214428322	13.146018254845416	41.82823990178082
106.39821803938624	35.51364256930579	13.146018254845416	41.82823990178083
106.38734706456297	35.559708058873085	13.146018254845416	41.82823990178083
106.45500225047304	35.42893209301681	13.146018254845416	41.82823990178082
106.35275789169577	35.52988406666837	13.146018254845416	41.82823990178083
106.34712473473205	35.47821142664458	13.146018254845416	41.82823990178083
106.39573887106867	35.428678010007474	13.146018254845416	41.82823990178082
106.42273131409924	35.58075152784998	13.146018254845416	41.82823990178083
106.35774228031254	35.48204057271586	13.146018254845416	41.82823990178083
106.41272832577482	35.48743924464641	13.146018254845416	41.82823990178082
106.4050494395318	35.45172844657539	13.146018254845416	41.82823990178082
106.45272190738427	35.57369817417434	13.146018254845416	41.82823990178083
106.30173328913945	35.49015627839185	13.146018254845416	41.82823990178083
106.43350270063728	35.44264422875467	13.146018254845416	41.82823990178083
106.45825536722693	35.49036622445128	13.146018254845416	41.82823990178082
106.34450657410248	35.52122738668605	13.146018254845416	41.82823990178083
106.37628940374915	35.50469619833167	13.146018254845416	41.82823990178083
106.39057734470245	35.449540093228265	13.146018254845416	41.82823990178083
106.44936473705881	35.5030116491116	13.146018254845416	41.82823990178083
106.35532669017361	35.562347574765155	13.146018254845416	41.82823990178082
106.37292076353363	35.54839533078672	13.146018254845416	41.82823990178082
106.33478498579885	35.53994818399357	13.146018254845416	41.82823990178082
106.38790771504966	35.47409147904483	13.146018254845416	41.82823990178083
106.37079713136069	35.48406232404598	13.146018254845416	41.82823990178083
106.31133285237259	35.54287891890975	13.146018254845416	41.82823990178083
106.41799326849869	35.52957589396871	13.146018254845416	41.82823990178083
106.31236614656764	35.56450667301195	13.146018254845416	41.82823990178082
106.32900615367663	35.624287415738934	13.146018254845416	41.82823990178082
106.36471985508929	35.66811018237621	13.146018254845416	41.82823990178082
106.38125076415542	35.640458836949264	13.146018254845416	41.82823990178082
106.3817404611745	35.61754951818749	13.146018254845416	41.82823990178082
106.35958656100522	35.54371104676096	13.146018254845416	41.82823990178082
106.3816608385904	35.51337484725326	13.146018254845416	41.82823990178083
106.3939910635418	35.60565585565412	13.146018254845416	41.82823990178082
106.39410122584654	35.683351009054235	13.146018254845416	41.82823990178083
106.3364269402911	35.62384925997854	13.146018254845416	41.82823990178082
106.26206127472254	35.62738630118179	13.146018254845416	41.82823990178082
106.34905721410435	35.63053894083335	13.146018254845416	41.82823990178082
106.37057865796686	35.71425066273474	13.146018254845416	41.82823990178082
106.28570238455931	35.663891951832724	13.146018254845416	41.82823990178082
106.29394759309486	35.651913334419135	13.146018254845416	41.82823990178082
106.26930746602818	35.63210645871925	13.146018254845416	41.82823990178082
106.25193912066814	35.56852255741791	13.146018254845416	41.82823990178083
106.3294729377837	35.51515281549193	13.146018254845416	41.82823990178083
106.24529656398414	35.60301732726046	13.146018254845416	41.82823990178083
106.29193485806107	35.72193674604358	13.146018254845416	41.82823990178082
106.25568299054565	35.65064581250735	13.146018254845416	41.82823990178082
106.27959143426683	35.753172957092104	13.146018254845416	41.82823990178082
106.29241234203187	35.701847248294456	13.146018254845416	41.82823990178082
106.30841121275844	35.61776395299432	13.146018254845416	41.82823990178083
106.34985677992293	35.65935993753398	13.146018254845416	41.82823990178082
106.29733912793179	35.75631984426151	13.146018254845416	41.82823990178082
106.38193035868267	35.68523629453317	13.146018254845416	41.82823990178083
106.3191391113758	35.64346087292756	13.146018254845416	41.82823990178083
106.37811349279605	35.608504864831446	13.146018254845416	41.82823990178083
106.15734635757235	35.19685197305949	13.408938619942319	42.66480469981645
106.29755565727824	35.68768299338592	13.146018254845416	41.82823990178082
106.24861079952183	35.68227317185395	13.146018254845416	41.82823990178082
106.32172707630085	35.643430639592665	13.146018254845416	41.82823990178082
106.32512898882355	35.69304813045726	13.146018254845416	41.82823990178083
106.37838675627174	35.707490075415905	13.146018254845416	41.82823990178082
106.40798180150901	35.66510285835892	13.146018254845416	41.82823990178082
106.34397399606473	35.65605522236763	13.146018254845416	41.82823990178082
106.26942119747945	35.64327858008433	13.146018254845416	41.82823990178082
106.23792691622194	35.67284585534114	13.146018254845416	41.82823990178083
106.34260660132271	35.58359210392521	13.146018254845416	41.82823990178083
106.26922375492768	35.542220349396544	13.146018254845416	41.82823990178083
106.2089596835253	35.19569929223102	13.408938619942319	42.664804699816436
106.35205799634805	35.69548523387441	13.146018254845416	41.82823990178083
106.39286434103512	35.62652655424675	13.146018254845416	41.82823990178083
106.42653153295825	35.69564378587758	13.146018254845416	41.82823990178083
106.4006555184394	35.72940727728523	13.146018254845416	41.82823990178082
106.37848418676876	35.65748524892858	13.146018254845416	41.82823990178082
106.37463164214613	35.6670817601224	13.146018254845416	41.82823990178082
106.28249376809383	35.684695680019445	13.146018254845416	41.82823990178083
106.2971341351322	35.685175756999925	13.146018254845416	41.82823990178082
106.35168189691088	35.69336730812833	13.146018254845416	41.82823990178083
106.34597078192458	35.71270724918533	13.146018254845416	41.82823990178082
106.27984136657807	35.660955206835126	13.146018254845416	41.82823990178082
106.29742262973936	35.683230020108496	13.146018254845416	41.82823990178082
106.32328243448258	35.72298690869982	13.146018254845416	41.82823990178082
106.38223712280715	35.70933590283096	13.146018254845416	41.82823990178082
106.29943180150478	35.688977890769905	13.146018254845416	41.82823990178083
106.30898440142897	35.713957414435356	13.146018254845416	41.82823990178082
106.3574250275607	35.64414863738456	13.146018254845416	41.82823990178082
106.43141456647277	35.704578646386324	13.146018254845416	41.82823990178082
106.42240227279216	35.68447764392377	13.146018254845416	41.82823990178083
106.35082050149808	35.734586907309435	13.146018254845416	41.82823990178082
106.40142031985822	35.73279751287126	13.146018254845416	41.82823990178083
106.43415974311351	35.7010641567894	13.146018254845416	41.82823990178082
106.43865472975133	35.6302935037057	13.146018254845416	41.82823990178082
106.45530855802653	35.754248813476735	13.146018254845416	41.82823990178083
106.5283397629649	35.74720235484361	13.146018254845416	41.82823990178083
106.32954504941024	35.2774557612189	13.408938619942319	42.66480469981644
106.55303047058683	35.60115869322871	13.146018254845416	41.82823990178083
106.49598664974933	35.723623661835106	13.146018254845416	41.82823990178083
106.68411059892566	35.537213230663525	13.146018254845416	41.82823990178083
106.58199074265248	34.9989142932978	13.408938619942319	42.66480469981644
106.72862339528345	35.712437143597626	13.146018254845416	41.82823990178082
106.43019929995863	35.67511892615006	13.146018254845416	41.82823990178083
106.25784160744604	35.756011286460605	13.146018254845416	41.82823990178082
105.66247334236965	35.07105718879739	13.408938619942319	42.66480469981645
106.2853415502605	35.550769397669285	13.146018254845416	41.82823990178083
106.30928536381802	35.445884985651375	13.146018254845416	41.82823990178082
106.42997603684879	35.595501465727594	13.146018254845416	41.82823990178082
106.38826361276615	35.78125688772877	13.146018254845416	41.82823990178082
106.42075403090058	35.276734393127015	13.408938619942319	42.66480469981644
106.4260186769212	35.543089136454824	13.146018254845416	41.82823990178082
106.47286858885528	35.73431462355404	13.146018254845416	41.82823990178082
106.39415250241423	35.73115962836482	13.146018254845416	41.82823990178082
106.19628105371224	35.916992293841545	13.146018254845416	41.82823990178082
106.21146718908871	35.82830546050579	13.146018254845416	41.82823990178083
106.03840401232965	35.77955688518358	13.146018254845416	41.82823990178083
106.00578490533128	35.75470969086969	13.146018254845416	41.82823990178083
106.05266922650986	35.808837001965045	13.146018254845416	41.82823990178083
106.16079436513928	35.797820709413045	13.146018254845416	41.82823990178083
106.25270882388551	35.67074388651078	13.146018254845416	41.82823990178083
106.2329443850941	35.622987395077786	13.146018254845416	41.82823990178082
106.3010275960321	35.666516120294744	13.146018254845416	41.82823990178083
106.33386191911924	35.60770102875084	13.146018254845416	41.82823990178082
106.28243566827153	35.67206976227182	13.146018254845416	41.82823990178082
106.299196760818	35.66786093801143	13.146018254845416	41.82823990178083
106.24010049425016	35.710803104130875	13.146018254845416	41.82823990178082
106.2822546467472	35.71606815751299	13.146018254845416	41.82823990178083
106.26024268074937	35.734358089539796	13.146018254845416	41.82823990178082
106.27583224169807	35.71600654433932	13.146018254845416	41.82823990178083
106.30191753802204	35.80051021257819	13.146018254845416	41.82823990178082
106.32819183608714	35.77354562897574	13.146018254845416	41.82823990178083
106.2706187358136	35.77060247715917	13.146018254845416	41.82823990178083
106.38473098542303	35.710916286147594	13.146018254845416	41.82823990178082
106.20946540015845	35.799374934558756	13.146018254845416	41.82823990178082
106.31215007050298	35.7693201022106	13.146018254845416	41.82823990178082
106.27886742165894	35.72991660829754	13.146018254845416	41.82823990178082
106.26954261213264	35.76304347611719	13.146018254845416	41.82823990178083
106.31443710698693	35.758423040438885	13.146018254845416	41.82823990178082
106.25545479652301	35.702516052276536	13.146018254845416	41.82823990178082
106.37025068939701	35.76302769532769	13.146018254845416	41.82823990178083
106.2918843528028	35.696227246888185	13.146018254845416	41.82823990178082
106.25265912819302	35.76006287119934	13.146018254845416	41.82823990178082
106.31440350221504	35.789923651935	13.146018254845416	41.82823990178083
106.26130919579704	35.71514082006662	13.146018254845416	41.82823990178082
106.29479574407353	35.71517629579054	13.146018254845416	41.82823990178083
106.24118979802537	35.74441952235365	13.146018254845416	41.82823990178082
106.26874944250069	35.75987406904255	13.146018254845416	41.82823990178083
106.21412229752048	35.72849221207673	13.146018254845416	41.82823990178083
106.19327605603293	35.69411822062335	13.146018254845416	41.82823990178083
106.18164062869256	35.7313059344759	13.146018254845416	41.82823990178082
106.27843239695487	35.76924431461691	13.146018254845416	41.82823990178082
106.26878320145161	35.64694941811506	13.146018254845416	41.82823990178083
106.2626003230644	35.692765031590966	13.146018254845416	41.82823990178083
106.25976911889352	35.782771510285315	13.146018254845416	41.82823990178082
106.2562502234487	35.734988301008144	13.146018254845416	41.82823990178083
106.32421380826446	35.70254000400489	13.146018254845416	41.82823990178082
106.26599503529246	35.776303596991525	13.146018254845416	41.82823990178082
106.32164735180824	35.70292604679264	13.146018254845416	41.82823990178083
106.22945760680821	35.75307828015785	13.146018254845416	41.82823990178083
106.29064158671069	35.66708479121496	13.146018254845416	41.82823990178082
106.28099353386624	35.67461427870285	13.146018254845416	41.82823990178082
106.30620625945024	35.76684197154931	13.146018254845416	41.82823990178082
106.30671033030127	35.81126361115463	13.146018254845416	41.82823990178082
106.28441251409393	35.80009595428831	13.146018254845416	41.82823990178083
106.29418940303887	35.75015555935546	13.146018254845416	41.82823990178083
106.26264279950777	35.74826525260133	13.146018254845416	41.82823990178082
106.27984369637919	35.71860017511915	13.146018254845416	41.82823990178082
106.28960543084064	35.6332656003365	13.146018254845416	41.82823990178082
106.30886891617888	35.758518923964814	13.146018254845416	41.82823990178083
106.28328730083079	35.77710701628861	13.146018254845416	41.82823990178083
106.28517963233539	35.76795669328074	13.146018254845416	41.82823990178082
106.30350400770172	35.73624690398282	13.146018254845416	41.82823990178082
106.26741998486264	35.67179034809858	13.146018254845416	41.82823990178083
106.32864425541779	35.80362282483635	13.146018254845416	41.82823990178082
106.26711051598298	35.684733161835666	13.146018254845416	41.82823990178083
106.26468900535404	35.72525857692244	13.146018254845416	41.82823990178082
106.25200071357867	35.72688521711585	13.146018254845416	41.82823990178082
106.28654820030623	35.76353739919935	13.146018254845416	41.82823990178082
106.28779663953145	35.727315240886725	13.146018254845416	41.82823990178083
106.31198661469877	35.8061155493544	13.146018254845416	41.82823990178082
106.34874353608168	35.7533938752068	13.146018254845416	41.82823990178083
106.30976824808504	35.698358499884804	13.146018254845416	41.82823990178083
106.2864529661164	35.73854434397171	13.146018254845416	41.82823990178083
106.26749978855908	35.6967568208584	13.146018254845416	41.82823990178082
106.30907159058522	35.79643294712062	13.146018254845416	41.82823990178083
106.32643345487031	35.72126757183686	13.146018254845416	41.82823990178083
106.2972426351707	35.73562014526273	13.146018254845416	41.82823990178083
106.22887098549657	35.69400184631253	13.146018254845416	41.82823990178083
106.3041228820562	35.74737327207421	13.146018254845416	41.82823990178082
106.27897472362557	35.63520754129043	13.146018254845416	41.82823990178082
106.25439849225903	35.71083212104028	13.146018254845416	41.82823990178083
106.2476196135217	35.67548217006181	13.146018254845416	41.82823990178083
106.24766550502093	35.70892828441295	13.146018254845416	41.82823990178082
106.2486287830279	35.82334947533788	13.146018254845416	41.82823990178082
106.3046423827009	35.780122824738925	13.146018254845416	41.82823990178082
106.28440441159125	35.745333471702324	13.146018254845416	41.82823990178082
106.2936376152986	35.809501756787355	13.146018254845416	41.82823990178082
106.29483073588707	35.80073876420272	13.146018254845416	41.82823990178082
106.23478681294121	35.73674832906805	13.146018254845416	41.82823990178083
106.25681354804425	35.78886008251135	13.146018254845416	41.82823990178083
106.32420039786867	35.80406252244762	13.146018254845416	41.82823990178082
106.26848813566276	35.7127393690444	13.146018254845416	41.82823990178083
106.28602687918091	35.684569948903416	13.146018254845416	41.82823990178083
106.3168984966489	35.69074008303939	13.146018254845416	41.82823990178083
106.2527753392834	35.68443827600433	13.146018254845416	41.82823990178083
106.30075892136013	35.743332657629324	13.146018254845416	41.82823990178082
106.28070418454367	35.73899489598945	13.146018254845416	41.82823990178083
106.20465158288596	35.75146044617114	13.146018254845416	41.82823990178082
106.41588177599667	35.797304296558025	13.146018254845416	41.82823990178082
106.31097850192924	35.73517708819682	13.146018254845416	41.82823990178083
106.298040218305	35.77914302573244	13.146018254845416	41.82823990178083
106.24561051291035	35.76742458519632	13.146018254845416	41.82823990178083
106.28625050491723	35.77879290016405	13.146018254845416	41.82823990178083
106.22952114184646	35.743624523835294	13.146018254845416	41.82823990178082
106.30906847278757	35.814131028659546	13.146018254845416	41.82823990178083
106.25211905986976	35.688718023194426	13.146018254845416	41.82823990178082
106.25467867135312	35.73586819817693	13.146018254845416	41.82823990178083
106.24418763612294	35.7643381908741	13.146018254845416	41.82823990178083
106.20508717136921	35.77120382470984	13.146018254845416	41.82823990178083
106.27796257866825	35.73340314475193	13.146018254845416	41.82823990178082
106.29527156784881	35.80513300702215	13.146018254845416	41.82823990178082
106.32445091450235	35.79485968527062	13.146018254845416	41.82823990178083
106.29649649696212	35.744158529110564	13.146018254845416	41.82823990178083
106.24728139481248	35.77840830017905	13.146018254845416	41.82823990178082
106.1889551985999	35.74524004944453	13.146018254845416	41.82823990178083
106.29767915596801	35.78752885246716	13.146018254845416	41.82823990178082
106.27598788884735	35.69084232495803	13.146018254845416	41.82823990178083
106.24753914860617	35.781824364889744	13.146018254845416	41.82823990178083
106.15425376249972	35.31425982205691	13.408938619942319	42.66480469981644
106.24492232037393	35.74066906150665	13.146018254845416	41.82823990178083
106.11530689246936	35.750413045654426	13.146018254845416	41.82823990178082
106.18758032168388	35.6931337810565	13.146018254845416	41.82823990178082
106.1285477498173	35.78387449416972	13.146018254845416	41.82823990178083
106.19216256120582	35.800707862950034	13.146018254845416	41.82823990178082
106.1357382029195	35.73120072534567	13.146018254845416	41.82823990178083
106.17855874376511	35.777984138428465	13.146018254845416	41.82823990178082
106.1251700552227	35.73709539798992	13.146018254845416	41.82823990178083
106.13857271888372	35.76042839446809	13.146018254845416	41.82823990178083
106.17220127129428	35.76788639363066	13.146018254845416	41.82823990178083
106.228428436175	35.81202025393222	13.146018254845416	41.82823990178083
106.21639358246405	35.72480629054988	13.146018254845416	41.82823990178082
106.14264438029157	35.765017092458265	13.146018254845416	41.82823990178082
106.22698180236527	35.816594017065654	13.146018254845416	41.82823990178082
106.17756851132037	35.78679789848866	13.146018254845416	41.82823990178083
106.25295936534084	35.79748320445037	13.146018254845416	41.82823990178083
106.20928642991778	35.79377780824022	13.146018254845416	41.82823990178083
106.16091454248651	35.77148208841567	13.146018254845416	41.82823990178083
106.15431387945083	35.80798711560672	13.146018254845416	41.82823990178082
106.19478679084487	35.80661656712513	13.146018254845416	41.82823990178083
106.1741403830322	35.731691931259064	13.146018254845416	41.82823990178083
106.19149109121459	35.86107773555507	13.146018254845416	41.82823990178083
106.14498125317053	35.73914896900813	13.146018254845416	41.82823990178083
106.14477161092601	35.806550574500775	13.146018254845416	41.82823990178083
106.12462635298938	35.7952604246053	13.146018254845416	41.82823990178083
106.14320309847126	35.74811469456699	13.146018254845416	41.82823990178082
106.08623554705173	35.891477116199184	13.146018254845416	41.82823990178082
106.09294078263942	35.801272156472706	13.146018254845416	41.82823990178083
106.14048630244308	35.703064633772726	13.146018254845416	41.82823990178082
106.1468298520339	35.72503442800031	13.146018254845416	41.82823990178082
106.16780233808564	35.70927652469511	13.146018254845416	41.82823990178082
106.16270239235426	35.797869753217284	13.146018254845416	41.82823990178083
106.24789178518166	35.74177458383224	13.146018254845416	41.82823990178083
106.25283109454335	35.740403259420134	13.146018254845416	41.82823990178082
106.18689167547	35.74880703253997	13.146018254845416	41.82823990178082
106.23230035987149	35.75419205643571	13.146018254845416	41.82823990178083
106.17364017459501	35.732325946560394	13.146018254845416	41.82823990178082
106.22813118164262	35.791476769303145	13.146018254845416	41.82823990178082
106.15033581322803	35.72656820883546	13.146018254845416	41.82823990178083
106.14244112143243	35.77096092718898	13.146018254845416	41.82823990178082
106.17008824051607	35.742964290711285	13.146018254845416	41.82823990178082
106.15569284353673	35.73425453411136	13.146018254845416	41.82823990178082
106.13815679600754	35.70329312087489	13.146018254845416	41.82823990178082
106.19002339037914	35.73639820242103	13.146018254845416	41.82823990178083
106.17364288397494	35.761203679019346	13.146018254845416	41.82823990178083
106.22657592835135	35.692947554790436	13.146018254845416	41.82823990178083
106.17272428563426	35.74415481140137	13.146018254845416	41.82823990178082
106.15109995864266	35.74071835529331	13.146018254845416	41.82823990178083
106.1271112926602	35.78980794810653	13.146018254845416	41.82823990178082
106.19372074289092	35.761514956855336	13.146018254845416	41.82823990178082
106.23860775098531	35.75745721485295	13.146018254845416	41.82823990178083
106.14662560860812	35.765151912730005	13.146018254845416	41.82823990178082
106.2239577722486	35.75073230073326	13.146018254845416	41.82823990178083
106.18048814349775	35.759267248282654	13.146018254845416	41.82823990178083
106.13697052364871	35.796611814176046	13.146018254845416	41.82823990178083
106.18485931234824	35.809018304354325	13.146018254845416	41.82823990178082
106.17633789614538	35.784833103683226	13.146018254845416	41.82823990178083
106.18429792210281	35.77935900200387	13.146018254845416	41.82823990178082
106.2100662616852	35.797826580381056	13.146018254845416	41.82823990178083
106.13240289918654	35.735165667558334	13.146018254845416	41.82823990178083
106.1914366055434	35.71369749419148	13.146018254845416	41.82823990178083
106.19337533899545	35.699971846353364	13.146018254845416	41.82823990178083
106.18503386871309	35.74782511858869	13.146018254845416	41.82823990178083
106.17122697908594	35.739534331845164	13.146018254845416	41.82823990178083
106.15938659403369	35.76163141078082	13.146018254845416	41.82823990178083
106.17588128491376	35.753015601033084	13.146018254845416	41.82823990178082
106.20713580268088	35.75814217313146	13.146018254845416	41.82823990178082
106.21389603712844	35.71707560157303	13.146018254845416	41.82823990178083
106.25528664241718	35.755603304544806	13.146018254845416	41.82823990178083
106.22815292307197	35.72149060343931	13.146018254845416	41.82823990178083
106.2578695088082	35.758316294472806	13.146018254845416	41.82823990178082
106.28526790903499	35.71590390641376	13.146018254845416	41.82823990178082
106.18388524158306	35.710761969206814	13.146018254845416	41.82823990178082
106.22153996099406	35.69698901808492	13.146018254845416	41.82823990178082
106.16993782013435	35.7273385160986	13.146018254845416	41.82823990178082
106.17978119653739	35.83509702009222	13.146018254845416	41.82823990178083
106.25101433054834	35.776752740158145	13.146018254845416	41.82823990178082
106.17256453497943	35.732097921437614	13.146018254845416	41.82823990178083
106.22322781308766	35.73756555012352	13.146018254845416	41.82823990178082
106.13782183235377	35.79261668637611	13.146018254845416	41.82823990178082
106.17521593235159	35.73348370776547	13.146018254845416	41.82823990178082
106.19151614493332	35.68072855208018	13.146018254845416	41.82823990178082
106.21149272278925	35.75468747453813	13.146018254845416	41.82823990178082
106.23068769500071	35.82279095206397	13.146018254845416	41.82823990178082
106.19430191121572	35.768147252643416	13.146018254845416	41.82823990178082
106.11316697935543	35.78644216172147	13.146018254845416	41.82823990178083
106.23500753772493	35.839692241240826	13.146018254845416	41.82823990178083
106.15378999845879	35.72771000192586	13.146018254845416	41.82823990178082
106.14367546777105	35.754195713941286	13.146018254845416	41.82823990178083
106.17507429479316	35.775468660246375	13.146018254845416	41.82823990178083
106.175905630926	35.77008397732955	13.146018254845416	41.82823990178082
106.12301149756031	35.83706533497407	13.146018254845416	41.82823990178083
106.1988552480832	35.85038377988636	13.146018254845416	41.82823990178083
106.24509174263927	35.8033552065114	13.146018254845416	41.82823990178082
106.2959512590553	35.75978952201304	13.146018254845416	41.82823990178082
106.2706019707179	35.82134750618761	13.146018254845416	41.82823990178082
106.2583777763879	35.811770129848824	13.146018254845416	41.82823990178082
106.13092571715693	35.750647941474966	13.146018254845416	41.82823990178083
106.24321426111251	35.80049360890244	13.146018254845416	41.82823990178083
106.1767388550103	35.73381027666002	13.146018254845416	41.82823990178083
106.25245780552464	35.68073780641622	13.146018254845416	41.82823990178083
106.18412179273555	35.78784496710978	13.146018254845416	41.82823990178082
106.20499325687275	35.694603011334124	13.146018254845416	41.82823990178083
106.21332348711339	35.76719929541507	13.146018254845416	41.82823990178083
106.22290207571685	35.764446059955844	13.146018254845416	41.82823990178083
106.15860305049969	35.715721427991994	13.146018254845416	41.82823990178082
106.20353673595159	35.743253866828894	13.146018254845416	41.82823990178082
106.1827110420066	35.76535497787734	13.146018254845416	41.82823990178082
106.18406753941335	35.74902177388951	13.146018254845416	41.82823990178082
106.13938291906813	35.74332070134774	13.146018254845416	41.82823990178083
106.16107703837997	35.74813807133354	13.146018254845416	41.82823990178083
106.14937920687748	35.762595831833806	13.146018254845416	41.82823990178082
106.15700837142978	35.78956684225541	13.146018254845416	41.82823990178083
106.1169072858015	35.84118468771648	13.146018254845416	41.82823990178082
106.14875665107695	35.79790818400237	13.146018254845416	41.82823990178082
106.10627764228236	35.855169514355495	13.146018254845416	41.82823990178082
106.10231359112794	35.83157459660271	13.146018254845416	41.82823990178082
106.13198543933801	35.82919610517642	13.146018254845416	41.82823990178083
106.14880605561345	35.86020735926614	13.146018254845416	41.82823990178082
106.12264958657714	35.83172084289809	13.146018254845416	41.82823990178083
106.12082338986303	35.82520109130368	13.146018254845416	41.82823990178083
106.16442076202891	35.74426357418888	13.146018254845416	41.82823990178083
106.1268064032424	35.76561089081311	13.146018254845416	41.82823990178083
106.1572295780823	35.77792770804484	13.146018254845416	41.82823990178083
106.14106527738956	35.81344820407192	13.146018254845416	41.82823990178082
106.13815554037768	35.76850362611191	13.146018254845416	41.82823990178083
106.11194660014544	35.792647337403906	13.146018254845416	41.82823990178082
106.08600983081058	35.74180751177343	13.146018254845416	41.82823990178083
106.09628587072022	35.78520694979646	13.146018254845416	41.82823990178082
106.22591068811452	35.70592516034655	13.146018254845416	41.82823990178083
106.16859029740992	35.781775766468925	13.146018254845416	41.82823990178083
106.11360217862439	35.750847760664755	13.146018254845416	41.82823990178083
106.16324994408852	35.795052501397606	13.146018254845416	41.82823990178083
106.13549339490501	35.80261511855758	13.146018254845416	41.82823990178082
106.21324584904599	35.77043348119034	13.146018254845416	41.82823990178082
106.08771015930363	35.39310936883748	13.408938619942319	42.66480469981645
106.14763421546033	35.833699176520014	13.146018254845416	41.82823990178083
106.16265535311318	35.748537245094624	13.146018254845416	41.82823990178083
106.14900668277323	35.77608029548584	13.146018254845416	41.82823990178082
106.1386360926124	35.75753350663325	13.146018254845416	41.82823990178082
106.12577272569533	35.78425262841429	13.146018254845416	41.82823990178082
106.14775111350569	35.788805616090386	13.146018254845416	41.82823990178082
106.0941960942324	35.81084965250214	13.146018254845416	41.82823990178083
106.13353570531174	35.82695076885106	13.146018254845416	41.82823990178083
106.14043577717564	35.789162454890615	13.146018254845416	41.82823990178082
106.15269389893842	35.78720072482069	13.146018254845416	41.82823990178082
106.16626717425574	35.78894216572354	13.146018254845416	41.82823990178082
106.16828692286293	35.76581665146992	13.146018254845416	41.82823990178082
106.13090675175883	35.87126696131193	13.146018254845416	41.82823990178083
106.07476995588432	35.77071025396192	13.146018254845416	41.82823990178083
106.21466246165537	35.84598407317573	13.146018254845416	41.82823990178083
106.11496241907936	35.77014899240913	13.146018254845416	41.82823990178082
106.19783494848102	35.778794864833216	13.146018254845416	41.82823990178083
106.16222394891273	35.727406176259265	13.146018254845416	41.82823990178083
106.17272341376493	35.79717442075339	13.146018254845416	41.82823990178082
106.17370425710189	35.80493288745714	13.146018254845416	41.82823990178082
106.21973527984089	35.76387901848446	13.146018254845416	41.82823990178082
106.17822005167994	35.7848043413027	13.146018254845416	41.82823990178082
106.19365442156614	35.72106294114336	13.146018254845416	41.82823990178082
106.14561672283672	35.76307313505883	13.146018254845416	41.82823990178083
106.14551486041066	35.73141892777717	13.146018254845416	41.82823990178082
106.14995984205378	35.79270149325973	13.146018254845416	41.82823990178083
106.17184320670624	35.688809873621295	13.146018254845416	41.82823990178082
106.15198325177508	35.74517796460192	13.146018254845416	41.82823990178083
106.1965053804962	35.77628317372141	13.146018254845416	41.82823990178082
106.1952452530624	35.766451912243355	13.146018254845416	41.82823990178083
106.17801897141977	35.736635087575706	13.146018254845416	41.82823990178082
106.11214199136215	35.72855299463839	13.146018254845416	41.82823990178082
106.18451274363268	35.79429818751463	13.146018254845416	41.82823990178083
106.18668900344933	35.69136904027451	13.146018254845416	41.82823990178082
106.12412651675244	35.75111147316882	13.146018254845416	41.82823990178082
106.12331713078582	35.74478211456983	13.146018254845416	41.82823990178083
106.1249219527658	35.73887107958103	13.146018254845416	41.82823990178083
106.16912646531637	35.735387223012964	13.146018254845416	41.82823990178083
106.16453231901176	35.78264660658019	13.146018254845416	41.82823990178082
106.16361198204484	35.78401481733803	13.146018254845416	41.82823990178082
106.17149003571406	35.705291806365906	13.146018254845416	41.82823990178083
106.19203087386494	35.75138046361455	13.146018254845416	41.82823990178083
106.2256056900247	35.70548096710239	13.146018254845416	41.82823990178082
106.16238171643494	35.761736374712925	13.146018254845416	41.82823990178082
106.15695068824716	35.759814058594756	13.146018254845416	41.82823990178083
106.14269733456518	35.84045653722906	13.146018254845416	41.82823990178082
106.10036383106572	35.77010005555401	13.146018254845416	41.82823990178082
106.17031431911286	35.78079117117679	13.146018254845416	41.82823990178083
106.16885157975118	35.77561336618356	13.146018254845416	41.82823990178083
106.16545657710647	35.79569470359975	13.146018254845416	41.82823990178083
106.11158543440527	35.80778756940843	13.146018254845416	41.82823990178083
106.17474433554968	35.80695194133553	13.146018254845416	41.82823990178082
106.17092186338893	35.79495376294416	13.146018254845416	41.82823990178083
106.22166734957081	35.832647528419486	13.146018254845416	41.82823990178082
106.09786406162469	35.78821995341575	13.146018254845416	41.82823990178082
106.1896021485954	35.783604184225695	13.146018254845416	41.82823990178082
106.18073563965203	35.741048995796376	13.146018254845416	41.82823990178083
106.18354056608908	35.776916479348316	13.146018254845416	41.82823990178082
106.11005805324181	35.815780292829544	13.146018254845416	41.82823990178082
106.15506878079775	35.70427066890875	13.146018254845416	41.82823990178082
106.04988412348814	35.32810843769471	13.408938619942319	42.66480469981644
106.07998384548299	35.80893887532736	13.146018254845416	41.82823990178082
106.10034109759584	35.831211259685304	13.146018254845416	41.82823990178082
106.11336438839233	35.78256645598796	13.146018254845416	41.82823990178082
106.06087697894753	35.76845087294528	13.146018254845416	41.82823990178082
106.00699700213077	35.303589870303114	13.408938619942319	42.66480469981644
106.04240388379516	35.3122606583469	13.408938619942319	42.66480469981644
106.06614635559997	35.72616449270156	13.146018254845416	41.82823990178082
106.08765368730576	35.76307664832558	13.146018254845416	41.82823990178082
106.00019299981861	35.34307935312715	13.408938619942319	42.66480469981644
106.08938461662852	35.73242778950461	13.146018254845416	41.82823990178083
105.9183529145992	35.280445640658904	13.408938619942319	42.66480469981645
105.9617452466064	35.26950151272872	13.408938619942319	42.66480469981644
106.00145125365776	35.81942562213959	13.146018254845416	41.82823990178083
105.8785572089001	35.26700756282456	13.408938619942319	42.66480469981644
106.0060132393774	35.686806447981766	13.146018254845416	41.82823990178082
106.04498977126023	35.7008505817944	13.146018254845416	41.82823990178082
105.98596671872649	35.735715905173876	13.146018254845416	41.82823990178083
105.93532605168231	35.75270168479372	13.146018254845416	41.82823990178083
105.94446716646767	35.776931905304934	13.146018254845416	41.82823990178082
105.83714745727845	35.39748343972176	13.408938619942319	42.664804699816436
105.84790734049942	35.83025847764688	13.146018254845416	41.82823990178083
106.07468002916397	35.83157043850588	13.146018254845416	41.82823990178082
106.0923569255254	35.88581662418292	13.146018254845416	41.82823990178082
106.1559844571247	35.68733220730181	13.146018254845416	41.82823990178083
106.02888000850605	35.8865667716254	13.146018254845416	41.82823990178082
105.9495693577767	35.9508829828348	13.146018254845416	41.82823990178082
106.02671458230355	35.715696123729415	13.146018254845416	41.82823990178083
105.92849594587271	35.51561040798143	13.146018254845416	41.82823990178082
105.80999254023806	35.254054180545594	13.146018254845416	41.82823990178083
105.10989522134417	34.10725564399862	13.67711739234116	43.518100793812785
106.07684799682457	35.382574550666504	13.146018254845416	41.82823990178082
106.26065957829447	35.540246394486374	13.146018254845416	41.82823990178082
106.24900417899921	35.748117140708445	13.146018254845416	41.82823990178082
106.45400966141955	35.61328505608023	13.146018254845416	41.82823990178083
106.33418762567443	35.54483268228819	13.146018254845416	41.82823990178082
106.19403908465065	35.39888910869685	12.888253191024916	41.00807833507923
106.3775257709584	35.114962357405545	13.408938619942319	42.66480469981644
106.24666545288332	35.18995610173325	13.408938619942319	42.66480469981645
106.28869514333539	35.56014521362596	13.146018254845416	41.82823990178082
106.23195107045497	35.590096211538366	13.146018254845416	41.82823990178083
106.15265550038605	35.73212077323559	13.146018254845416	41.82823990178083
106.0885951500919	35.364576371466335	13.408938619942319	42.66480469981645
106.2220839476814	35.7531978593411	13.146018254845416	41.82823990178083
106.20142887339361	35.8373234917823	13.146018254845416	41.82823990178082
106.16813752595817	35.72564314386028	13.146018254845416	41.82823990178083
106.09323095997253	35.2916896553212	13.408938619942319	42.664804699816436
106.13881880125922	35.76512142712704	13.146018254845416	41.82823990178083
106.09614259362525	35.83330634900757	13.146018254845416	41.82823990178083
106.0250923541138	35.35635529945636	13.408938619942319	42.66480469981645
105.99944938735422	35.3278003053695	13.408938619942319	42.664804699816436
106.06930350825	35.753023153346376	13.146018254845416	41.82823990178083
106.14847148319738	35.72697691760659	13.146018254845416	41.82823990178083
106.16446512924277	35.72650022849305	13.146018254845416	41.82823990178082
106.05555905982588	35.34722863202102	13.408938619942319	42.66480469981645
106.08756441512182	35.76450097672608	13.146018254845416	41.82823990178083
106.08705085670186	35.745508512500166	13.146018254845416	41.82823990178083
106.05630886450014	35.253660575546974	13.408938619942319	42.66480469981644
106.1041515376312	35.27742530820472	13.408938619942319	42.66480469981645
106.16167475875557	35.70194201774268	13.146018254845416	41.82823990178082
106.12119379620412	35.710659353707044	13.146018254845416	41.82823990178083
106.13164011149719	35.739435861995744	13.146018254845416	41.82823990178083
106.09569159517766	35.70558241888284	13.146018254845416	41.82823990178083
106.07780658812081	35.762724092900285	13.146018254845416	41.82823990178082
106.12857219033137	35.7222525880034	13.146018254845416	41.82823990178082
106.03603925419861	35.3253007719244	13.408938619942319	42.664804699816436
106.03264850870954	35.33049132069419	13.408938619942319	42.66480469981644
106.09262326505709	35.75489624891428	13.146018254845416	41.82823990178083
106.13949035178435	35.77087175671764	13.146018254845416	41.82823990178082
106.05124437238969	35.33677651142951	13.408938619942319	42.66480469981645
106.1423826001188	35.76728122848084	13.146018254845416	41.82823990178082
106.13712606857064	35.71431949668407	13.146018254845416	41.82823990178082
106.02463741243068	35.27315613512196	13.408938619942319	42.664804699816436
106.12285594226117	35.31911423913708	13.408938619942319	42.66480469981644
106.16432263316449	35.78405779131117	13.146018254845416	41.82823990178083
106.15825281666991	35.79567532771581	13.146018254845416	41.82823990178083
106.1731289100956	35.736700255403946	13.146018254845416	41.82823990178082
106.22693461979507	35.83081307505948	13.146018254845416	41.82823990178083
106.15712070511047	35.75335085094004	13.146018254845416	41.82823990178082
106.14789077875648	35.743674639868516	13.146018254845416	41.82823990178083
106.19430641709528	35.734529162031635	13.146018254845416	41.82823990178082
106.08299458798076	35.7170467837154	13.146018254845416	41.82823990178082
106.08590526725995	35.67138050334947	13.146018254845416	41.82823990178082
106.16362054501822	35.74076642034565	13.146018254845416	41.82823990178082
106.06758844445577	35.68213080888384	13.146018254845416	41.82823990178082
106.01480023310042	35.22574909033604	13.408938619942319	42.66480469981644
106.02488486010138	35.284794327950074	13.408938619942319	42.664804699816436
106.1211346137302	35.74102493194967	13.146018254845416	41.82823990178083
106.07351611606595	35.76382299393855	13.146018254845416	41.82823990178082
106.08963934290858	35.647450754836655	13.146018254845416	41.82823990178083
106.15853586082758	35.745801930748925	13.146018254845416	41.82823990178083
106.11289911602735	35.75148715794529	13.146018254845416	41.82823990178083
106.05380106595267	35.730418996712146	13.146018254845416	41.82823990178082
106.05509416316961	35.67040970538446	13.146018254845416	41.82823990178083
106.11160295578738	35.67866130796543	13.146018254845416	41.82823990178083
106.11714274248708	35.74719911341222	13.146018254845416	41.82823990178083
106.08159317290172	35.724652230831694	13.146018254845416	41.82823990178083
106.08701364301167	35.68989677300979	13.146018254845416	41.82823990178082
106.12910636431019	35.72030222876184	13.146018254845416	41.82823990178082
106.05530180639127	35.776350504260094	13.146018254845416	41.82823990178082
106.09957788117661	35.75119365104136	13.146018254845416	41.82823990178082
106.17757007504109	35.747830454687374	13.146018254845416	41.82823990178082
106.10899755199969	35.69855997737531	13.146018254845416	41.82823990178083
106.12787093215763	35.762873554059766	13.146018254845416	41.82823990178082
106.16377748718983	35.75585420165204	13.146018254845416	41.82823990178082
106.10150317993472	35.75817368578335	13.146018254845416	41.82823990178082
106.0740638115698	35.73649807674305	13.146018254845416	41.82823990178083
106.16417650565491	35.74996955100809	13.146018254845416	41.82823990178082
106.18173495010366	35.72257451240077	13.146018254845416	41.82823990178083
106.12737419998658	35.77649035170555	13.146018254845416	41.82823990178082
106.1632358008157	35.808983210761355	13.146018254845416	41.82823990178083
106.09003844399689	35.79105721988911	13.146018254845416	41.82823990178082
106.15084747641531	35.75718797490505	13.146018254845416	41.82823990178082
106.13505541508322	35.7372478350148	13.146018254845416	41.82823990178082
106.0983385818298	35.72898792933081	13.146018254845416	41.82823990178082
106.20409594055613	35.75561209869804	13.146018254845416	41.82823990178083
106.16338231533226	35.78360534875797	13.146018254845416	41.82823990178083
106.15176808600151	35.75900911463165	13.146018254845416	41.82823990178082
106.15605380241213	35.77433269271698	13.146018254845416	41.82823990178083
106.19158212969275	35.697985088078354	13.146018254845416	41.82823990178082
106.0981873844435	35.72911795809246	13.146018254845416	41.82823990178082
106.08429840192493	35.7401446057234	13.146018254845416	41.82823990178082
106.11999437400527	35.69681091579879	13.146018254845416	41.82823990178082
106.07048406429618	35.73231029467303	13.146018254845416	41.82823990178082
106.11055927466103	35.71195895572488	13.146018254845416	41.82823990178083
106.16147044609221	35.66652652579161	13.146018254845416	41.82823990178083
106.0614663571312	35.754408062014676	13.146018254845416	41.82823990178082
106.0820658373039	35.76190241712453	13.146018254845416	41.82823990178083
106.07854389325837	35.750421689173734	13.146018254845416	41.82823990178082
106.08509007516777	35.711030784986704	13.146018254845416	41.82823990178083
106.09225857062333	35.7686532873838	13.146018254845416	41.82823990178083
106.06938193745164	35.74615099087087	13.146018254845416	41.82823990178082
106.12694190165548	35.79190825860171	13.146018254845416	41.82823990178083
106.0548707150068	35.775854296780395	13.146018254845416	41.82823990178083
106.00699436744337	35.322479242399965	13.408938619942319	42.66480469981644
106.06256056663567	35.69182834027984	13.146018254845416	41.82823990178083
106.15286686529161	35.767629303350645	13.146018254845416	41.82823990178082
106.03696462901055	35.67645226177511	13.146018254845416	41.82823990178083
106.04928639563282	35.75366376443952	13.146018254845416	41.82823990178083
106.11655250111478	35.7923519307534	13.146018254845416	41.82823990178082
106.088056753668	35.69769690678892	13.146018254845416	41.82823990178082
106.07107746263145	35.7178002019713	13.146018254845416	41.82823990178083
106.06189275078482	35.76662453093897	13.146018254845416	41.82823990178082
106.12371910715382	35.71081051159162	13.146018254845416	41.82823990178083
106.06736815989775	35.741956237785146	13.146018254845416	41.82823990178082
106.12986295795953	35.70997899884749	13.146018254845416	41.82823990178082
106.045101040716	35.788894944398066	13.146018254845416	41.82823990178082
106.08615689321631	35.723004491081355	13.146018254845416	41.82823990178083
106.06210375564497	35.78157068462586	13.146018254845416	41.82823990178082
106.0814361041222	35.73272896159962	13.146018254845416	41.82823990178082
106.05790800869951	35.7102796035703	13.146018254845416	41.82823990178082
106.05096780340824	35.721046458118394	13.146018254845416	41.82823990178083
106.06451984710434	35.751470129299705	13.146018254845416	41.82823990178082
106.10369053791761	35.75741249836531	13.146018254845416	41.82823990178083
106.12225366048835	35.768686979688425	13.146018254845416	41.82823990178082
106.1124635105817	35.70882472799782	13.146018254845416	41.82823990178083
106.02985601162321	35.74043041903508	13.146018254845416	41.82823990178083
106.09248586694835	35.77215578083403	13.146018254845416	41.82823990178082
106.09593883734892	35.77276913619177	13.146018254845416	41.82823990178083
106.17347637125538	35.75429248468738	13.146018254845416	41.82823990178082
106.06405485020385	35.750103531667776	13.146018254845416	41.82823990178082
106.0915238696037	35.77308040273162	13.146018254845416	41.82823990178082
106.09664877329867	35.76741711537076	13.146018254845416	41.82823990178083
106.11072210230101	35.6978798697713	13.146018254845416	41.82823990178083
106.13248334077159	35.756471138978085	13.146018254845416	41.82823990178083
106.03483931362354	35.728955720097034	13.146018254845416	41.82823990178083
106.16009868291779	35.788957833782575	13.146018254845416	41.82823990178082
106.09456919525955	35.66236679712321	13.146018254845416	41.82823990178082
106.141582774832	35.76351623448477	13.146018254845416	41.82823990178083
106.12976667237612	35.73969166336262	13.146018254845416	41.82823990178082
106.1206535351557	35.69386500018351	13.146018254845416	41.82823990178083
106.15172517379953	35.738644198599076	13.146018254845416	41.82823990178083
106.09297004368632	35.70336894160113	13.146018254845416	41.82823990178083
106.12296360734385	35.79312882048998	13.146018254845416	41.82823990178083
106.1083724751321	35.72552536383657	13.146018254845416	41.82823990178083
106.08670615819965	35.7888295769646	13.146018254845416	41.82823990178083
106.10581000391555	35.7790085959996	13.146018254845416	41.82823990178083
106.0754889155657	35.773103433498875	13.146018254845416	41.82823990178082
106.08921447104927	35.76377044412908	13.146018254845416	41.82823990178083
106.05814149354713	35.72367847466046	13.146018254845416	41.82823990178083
106.12331886833907	35.76644735020908	13.146018254845416	41.82823990178083
106.19528027657296	35.742311020535254	13.146018254845416	41.82823990178083
106.1380832320801	35.743945130764004	13.146018254845416	41.82823990178082
106.08939738587573	35.71164234327945	13.146018254845416	41.82823990178083
106.06692038447831	35.70772610969283	13.146018254845416	41.82823990178082
106.0829969344284	35.693507206288515	13.146018254845416	41.82823990178082
106.11946793105213	35.67329642983775	13.146018254845416	41.82823990178082
106.1298100828967	35.71060081857232	13.146018254845416	41.82823990178083
106.15808209649353	35.71154304984438	13.146018254845416	41.82823990178082
106.09173759826665	35.71460742188151	13.146018254845416	41.82823990178083
106.15054231880264	35.67181543092599	13.146018254845416	41.82823990178083
106.08397870927705	35.77078781144171	13.146018254845416	41.82823990178082
106.16920190873182	35.757874870050756	13.146018254845416	41.82823990178083
106.06203118707366	35.27625543366978	13.408938619942319	42.664804699816436
106.13215396993643	35.67170787514715	13.146018254845416	41.82823990178082
106.08408095727995	35.716116193079614	13.146018254845416	41.82823990178083
106.12176992196198	35.73615979403647	13.146018254845416	41.82823990178083
106.07078610052744	35.66708788853495	13.146018254845416	41.82823990178083
106.0972983653349	35.68106134323973	13.146018254845416	41.82823990178083
106.10691755092094	35.65262357370919	13.146018254845416	41.82823990178083
106.09549489153305	35.70844533834578	13.146018254845416	41.82823990178083
106.04000513962652	35.64123221146269	13.146018254845416	41.82823990178082
106.06904536733003	35.7304762674373	13.146018254845416	41.82823990178082
106.08027981740028	35.66471568857561	13.146018254845416	41.82823990178082
106.15176333421263	35.67021391799541	13.146018254845416	41.82823990178082
106.03215715844262	35.697103654541195	13.146018254845416	41.82823990178082
106.09139227626108	35.689003467641896	13.146018254845416	41.82823990178082
106.04867941896262	35.65981004789943	13.146018254845416	41.82823990178083
106.12192897139585	35.75042062374044	13.146018254845416	41.82823990178083
106.08876132291887	35.703706119046174	13.146018254845416	41.82823990178083
106.1170739961067	35.69148602437939	13.146018254845416	41.82823990178082
106.20477824161951	35.76712033375139	13.146018254845416	41.82823990178083
106.1414449997211	35.73138585687042	13.146018254845416	41.82823990178083
106.06522545855206	35.67958145896647	13.146018254845416	41.82823990178082
106.12485715238145	35.73178537127309	13.146018254845416	41.82823990178083
106.09173000260287	35.72598875911325	13.146018254845416	41.82823990178083
106.09250734571758	35.70794726226838	13.146018254845416	41.82823990178082
106.10317423441327	35.77609314951704	13.146018254845416	41.82823990178083
106.1629711257328	35.76711642187891	13.146018254845416	41.82823990178082
106.0910014698287	35.766607261339786	13.146018254845416	41.82823990178083
106.09989397427196	35.72762475405746	13.146018254845416	41.82823990178082
106.12129186728268	35.80789542864936	13.146018254845416	41.82823990178083
106.05638547061623	35.684951893918324	13.146018254845416	41.82823990178082
106.13155442549332	35.67595189905789	13.146018254845416	41.82823990178083
106.39149247200267	35.72562588468608	13.146018254845416	41.82823990178082
106.21671324693416	35.22636843356918	13.408938619942319	42.66480469981644
106.33180542515363	35.6901526978464	13.146018254845416	41.82823990178082
106.20471429455688	35.22361050844041	13.408938619942319	42.664804699816436
106.24977625922445	35.73694674288039	13.146018254845416	41.82823990178082
106.42246588327453	35.53887022000386	13.146018254845416	41.82823990178082
106.50291035806323	35.62020680394501	13.146018254845416	41.82823990178083
106.00289307541014	35.53293453522578	13.146018254845416	41.82823990178083
105.44486102214297	34.917846715783554	13.408938619942319	42.66480469981644
105.47239037199323	35.37159370933149	12.888253191024916	41.00807833507925
105.52694779406085	35.390798402069166	13.146018254845416	41.82823990178082
105.74493449598202	35.63128539494093	13.146018254845416	41.82823990178082
105.93971826620533	35.814862298024806	13.146018254845416	41.82823990178082
106.10649945091807	35.25932741399129	13.408938619942319	42.66480469981644
106.05311135370596	35.32066755877319	13.408938619942319	42.664804699816436
106.14906959964621	35.39481016353012	13.408938619942319	42.664804699816436
105.95765685147	35.73678430905282	13.146018254845416	41.82823990178083
105.9759627739384	35.663766270481375	13.146018254845416	41.82823990178082
105.97197579781354	35.7770698721706	13.146018254845416	41.82823990178083
105.89844190076289	35.683663047668986	13.146018254845416	41.82823990178083
105.87122194896762	35.78324834501656	13.146018254845416	41.82823990178083
105.90990094859046	35.75148032420023	13.146018254845416	41.82823990178083
105.91619235578702	35.32151291221421	13.408938619942319	42.66480469981645
105.94177442007765	35.71212958627892	13.146018254845416	41.82823990178082
105.96964034424342	35.7067181515789	13.146018254845416	41.82823990178083
106.02606695181971	35.70774208587771	13.146018254845416	41.82823990178083
106.04511395670079	35.709755805784624	13.146018254845416	41.82823990178083
106.01481079291963	35.7147299294175	13.146018254845416	41.82823990178082
106.07373091967321	35.6887117201309	13.146018254845416	41.82823990178083
106.00857772720302	35.636865991219125	13.146018254845416	41.82823990178082
106.05257619200317	35.67814548804746	13.146018254845416	41.82823990178082
106.0174448185123	35.722718047517986	13.146018254845416	41.82823990178083
106.05628472155455	35.73498542684574	13.146018254845416	41.82823990178082
106.04279952592788	35.6737120422284	13.146018254845416	41.82823990178082
106.12977521257957	35.64242910612515	13.146018254845416	41.82823990178082
106.05140911792813	35.69249603617253	13.146018254845416	41.82823990178082
106.0382280260695	35.70435116584852	13.146018254845416	41.82823990178083
106.08725289656476	35.67859360436654	13.146018254845416	41.82823990178082
