83	150	92	104
92.68214777892061	151.68954338891766	88.42752787389463	99.96155324875048
100.60176122153172	151.4581029060843	88.42752787389463	99.96155324875048
111.76253467104675	150.8246911413408	88.42752787389463	99.96155324875048
120.63351041309653	152.56343552727847	84.9937791944393	96.07992430675745
129.52216074270947	154.41085828749615	81.69336716112963	92.34902374736396
140.03854021222628	156.03626875593736	78.52111414949024	88.76299860377156
147.33919452785028	156.4587765015599	76.98148446028455	87.02254765075645
154.74733331383032	157.78970805993401	73.99219959658262	83.64335606570205
161.3090635206872	158.6214336719963	71.11899230736503	80.39538260832569
168.34732786688983	159.84469376945034	68.35735515894373	77.27353191880593
174.6882134766317	161.15035210058915	65.70295574677402	74.27290649635324
182.67005547939493	161.96531229146638	64.41466249683731	72.81657499642478
188.19347333520034	161.4878195818199	64.41466249683731	72.81657499642478
193.48684579029407	162.20082496935527	63.15162989886005	71.38879901610267
198.36146743140372	162.25787848513613	61.91336264594125	69.98901864323796
203.82906274697027	163.58286645471836	59.50919131674473	67.27125974936365
208.78458227016424	164.68966351304906	57.19837689037368	64.65903474563981
215.2400763256792	165.49769479402414	54.97729420451142	62.148245622491174
220.2732582526738	166.5617105339919	53.89930804363863	60.92965257106971
225.0102017264547	166.97397300812554	51.8063322218749	58.56367990298901
228.5077193643819	166.82379463371427	51.80633222187487	58.56367990298895
233.4936260782538	168.4627535791859	49.79462920210963	56.28958083716742
235.3748147988461	166.46484647373768	51.80633222187487	58.56367990298901
241.03214068306372	168.10449063561344	49.79462920210963	56.28958083716742
243.7847115014563	167.95784320813863	48.81826392363689	55.18586356585041
247.47903928573382	168.84051507096444	47.861043062389086	54.10378780965726
251.36150043711208	169.5832781100659	46.0025404290553	52.00287178936685
254.64017555132486	170.08734098756284	44.21620571804621	49.98353689866093
258.19502055376125	170.1557369789422	43.349221292202174	49.003467547706805
260.62657144185005	169.58127910113103	44.21620571804624	49.98353689866093
263.4870213307987	169.93314643258302	43.349221292202174	49.003467547706805
265.6589839660237	169.60114001032974	43.349221292202174	49.003467547706805
270.18039103718996	170.85378200871142	41.66591819704172	47.10060317926451
272.7470325703126	171.16624490431948	40.047979812612084	45.27162935338765
274.7485002586744	170.59295257554407	41.66591819704172	47.10060317926451
276.8783862948268	170.83817507352535	40.047979812612084	45.27162935338765
279.31949977540216	171.50219749282317	38.49286794753186	43.5136768102534
281.4831725510759	171.69088074781405	37.73810583091358	42.66046746103274
285.02649937132213	172.81568751635953	36.27268918772927	41.00390951656357
286.5433272005399	172.41813601363683	36.99814297148396	41.823987706894854
288.3809027040323	173.02298064526528	35.5614599879699	40.19991129074862
289.9169457536686	172.56255767305552	36.27268918772927	41.00390951656357
291.97102762985736	173.31280521694646	34.86417645879408	39.411677736028025
293.402313733187	173.26510899000397	34.86417645879408	39.411677736028025
295.0637758373779	173.01004417723877	34.18056515568048	38.63889974120394
296.74111791533954	173.17680304011355	33.51035799576516	37.88127425608229
297.8843323103954	172.71780369108768	34.18056515568048	38.63889974120394
299.65142393563974	173.15344221610712	33.51035799576516	37.88127425608229
301.4781850057653	173.7390705709742	32.209109953638176	36.41029820846052
302.58067949652326	173.6648117644623	32.85329215271088	37.13850417262972
304.1967165528592	173.71630038145983	31.57755877807665	35.69637079260832
305.7530773624132	174.5578094744111	30.35136368519477	34.31023720935059
306.65835916822135	174.47878110851482	30.35136368519477	34.31023720935059
307.66220893031675	174.40906900282727	30.35136368519477	34.31023720935059
309.6278285573323	175.18034300309097	29.75623890705367	33.63748746014761
311.4511921487575	175.93923469973637	28.600767884519087	32.33130282597807
312.21270482012744	175.59901968942353	28.600767884519087	32.33130282597807
313.0910693182915	175.38411215193614	28.039968514234374	31.697355711743228
314.26963146302063	175.89515684232626	26.951142362778114	30.466508757923123
315.5990581242169	175.91377615175483	27.49016521003375	31.07583893308157
316.51072256982525	175.70552091688938	27.49016521003375	31.07583893308157
317.33568050006113	175.4575479170199	26.951142362778114	30.466508757923123
318.9390776551965	176.4357452796155	25.904596657802927	29.283457091429398
319.63507941181535	176.6877456421844	24.898689598041983	28.146344763004038
320.2949109587008	176.60760964371312	24.898689598041983	28.146344763004038
321.6680076933233	176.4034322221515	25.904596657802927	29.283457091429398
322.24228777657675	176.50693987824909	24.898689598041983	28.146344763004038
323.86917522131904	177.47473577811195	23.9318431353729	27.053387892160742
324.33514673192127	177.76444416034445	23.00254049920511	26.002871868666602
324.8325461953033	177.22894876381775	23.46259130918918	26.52292930603994
325.8601645982743	177.24669120302687	23.00254049920511	26.002871868666602
327.32993889961955	178.0756207385359	22.55151029333831	25.493011635947653
327.2601926208177	177.38164066280763	23.00254049920511	26.002871868666602
328.34776378719715	177.99695715584016	22.55151029333831	25.493011635947653
329.04824575547724	177.7805182474367	22.55151029333831	25.493011635947653
329.64268956359376	177.75310464459668	22.55151029333831	25.493011635947653
330.8889184975415	178.10605739826602	21.675807663723845	24.503086924209583
331.53596762522125	178.07981661952869	20.83410963449046	23.551602195510952
331.8091983565426	178.25187833911014	20.83410963449046	23.551602195510952
333.0338665370282	178.6468926317245	20.025095765561787	22.63706477846108
333.3055103395848	178.09169360765964	20.83410963449046	23.551602195510952
334.1248559899741	178.19885871385986	21.25079182718025	24.022634239421166
334.654393379007	178.3683965432552	20.42559768087301	23.08980607403032
335.4893815424456	178.24165904482473	21.25079182718025	24.022634239421166
335.51034902227764	178.34092157787362	20.42559768087301	23.08980607403032
336.53937038970673	178.69555998605597	19.632446828982097	22.193200763197126
336.6689475296916	178.22742193482384	20.42559768087301	23.08980607403032
337.2500732037792	178.10656848120615	20.42559768087301	23.08980607403032
338.14968946888894	178.536496996467	19.632446828982097	22.193200763197126
338.855728967522	178.52601393574437	19.247496891158903	21.758039963918748
339.3613544694511	178.4984596655461	19.247496891158903	21.758039963918748
340.2184296822132	178.9018548745081	18.500093128757158	20.913148754247175
340.5041884436628	178.78615515597932	18.500093128757158	20.913148754247175
340.85184542386196	178.27200067901452	19.247496891158903	21.758039963918748
341.5175416493699	178.63534237702711	18.87009499133228	21.331411729332103
342.4956467079947	179.0679951609151	18.1373462046638	20.503087013967843
342.83252100971475	178.83360392469518	18.500093128757158	20.913148754247175
344.08722532034034	179.60814825040453	17.78171196535675	20.101065699968444
344.4942510995405	179.71028000176648	17.78171196535675	20.101065699968444
344.98157481261137	179.5957215429291	17.78171196535675	20.101065699968444
345.5716174485397	179.5408077314574	17.78171196535675	20.101065699968444
346.1298168404764	179.89830322512174	17.091226418066753	19.320516820423336
346.5460410308464	179.9916204168209	17.091226418066753	19.320516820423336
346.8760143544762	179.82694818413333	17.091226418066753	19.320516820423336
346.99590387354795	179.11861695180585	17.78171196535675	20.101065699968444
347.6230892512117	179.59282403438797	17.091226418066753	19.320516820423336
347.8382913188315	179.48388667543895	16.42755326611575	18.570277605174283
348.47892343122794	179.53148055844542	16.42755326611575	18.570277605174283
348.97147690032614	179.51249756487866	16.42755326611575	18.570277605174283
349.5029853247777	179.75388050751667	16.105444378544803	18.206154514876744
349.80533204761224	179.8775896027305	16.105444378544803	18.206154514876744
350.1833625368435	179.8411813164548	16.105444378544803	18.206154514876744
351.304273202129	180.7300054703814	15.4800503446221	17.499187346094516
351.1249368655659	180.01695757624648	15.789651351514522	17.849171093016423
351.4394308617419	180.02607702088153	15.789651351514522	17.849171093016423
352.4950406943169	180.76424653179956	15.4800503446221	17.499187346094516
352.2995021529934	180.15957649654896	15.789651351514522	17.849171093016423
353.2381131253173	180.82502275909448	15.176519945707923	17.156066025582902
353.74602298413157	180.8247956878932	15.176519945707923	17.156066025582902
354.1063594802983	180.97802402802412	14.878941123243067	16.819672574100878
354.24435382082606	180.62382751069657	15.176519945707923	17.156066025582902
354.92377562847736	180.919506145129	14.878941123243067	16.819672574100878
355.3440065800927	180.91855060921415	14.878941123243067	16.819672574100878
355.62408222197666	180.86625501648575	14.878941123243067	16.819672574100878
356.02704944167556	180.84350384251005	14.878941123243067	16.819672574100878
356.26243346700517	180.89262359474606	14.878941123243067	16.819672574100878
356.19938164980044	180.74409487048743	14.301173705539327	16.16654418887049
356.837315021392	181.13393133440476	13.745841700825963	15.538777574846677
357.2189286070022	181.36638810154912	13.476315392966626	15.23409566161439
357.56944968453433	181.26520912014715	13.476315392966626	15.23409566161439
357.71888490292207	181.27895129713937	13.476315392966626	15.23409566161439
358.0116209645304	181.2790205781846	13.476315392966626	15.23409566161439
358.58982574207954	181.27600904300675	14.020758534842457	15.849553126343608
358.8998960058644	181.13456690607435	14.020758534842457	15.849553126343608
358.9779599200647	181.13646586726531	13.476315392966626	15.23409566161439
359.20273898743244	181.15362733277877	13.476315392966626	15.23409566161439
359.4644115983424	181.09077821430589	13.476315392966626	15.23409566161439
359.84275858992504	180.9892422624351	13.476315392966626	15.23409566161439
360.0833640212525	180.99781216780175	13.476315392966626	15.23409566161439
360.3465861128572	181.0481286276962	13.476315392966626	15.23409566161439
361.3202922411506	181.83139614108475	12.953013641836378	14.642537160336815
361.27616886780476	181.46526045108607	12.699032982192534	14.355428588565474
361.5158980662091	181.46257516452818	12.699032982192534	14.355428588565474
361.7332283909291	181.419393206379	12.699032982192534	14.355428588565474
362.04007506953496	181.43718488567336	12.699032982192534	14.355428588565474
362.40887195312706	181.4184515023598	12.699032982192534	14.355428588565474
362.70293524317424	181.35424609666563	12.699032982192534	14.355428588565474
362.8180041515163	181.32223277143612	12.699032982192534	14.355428588565474
363.77403528613866	181.88549641580437	12.450032335482888	14.073949596632815
363.6029974794346	181.681848488776	11.966582406269595	13.527440981000382
363.6440273670895	181.50043132133135	12.205914054394952	13.797989800620428
363.9438147169014	181.15432948845364	12.699032982192534	14.355428588565474
364.1590246136754	181.03589192856694	12.699032982192534	14.355428588565474
364.3218505596777	181.05604214701668	12.699032982192534	14.355428588565474
364.7711798689002	181.40118716048343	12.205914054394952	13.797989800620428
364.95739386494773	181.63097162066893	11.966582406269595	13.527440981000382
365.79382456523064	182.24096126316047	11.731943535558457	13.262197040196497
366.0448368767434	182.23207826369696	11.731943535558457	13.262197040196497
366.25569870556166	182.26936180534727	11.731943535558457	13.262197040196497
366.6597260289922	182.5248168438153	11.276377869625549	12.747209765663683
366.438731073525	182.2630632124225	11.055272421201494	12.497264476140856
367.06573894044834	182.57845345816835	11.276377869625549	12.747209765663683
366.62861395350404	181.90787396836762	11.501905427018073	13.002153960976955
367.57020757662815	182.53464221131833	11.276377869625549	12.747209765663683
367.0835768976883	181.93303793410635	11.501905427018073	13.002153960976955
367.69524088842655	181.9862945375341	11.731943535558457	13.262197040196497
368.15958497706015	182.42490439875593	11.276377869625549	12.747209765663683
367.84145058618583	182.02916558640382	11.055272421201494	12.497264476140856
367.9227682851451	182.01857652473515	11.055272421201494	12.497264476140856
368.05285443005585	181.9034006846065	11.055272421201494	12.497264476140856
368.2484007984647	181.86984562206638	11.055272421201494	12.497264476140856
368.4504757259402	181.90575956958153	11.055272421201494	12.497264476140856
368.6807882904521	181.91882790650718	11.055272421201494	12.497264476140856
368.76667157729867	181.8408271914852	11.055272421201494	12.497264476140856
368.849813011086	181.83935963976867	11.055272421201494	12.497264476140856
369.137887687146	181.9825355958067	10.83850237372701	12.25222007464788
369.2741022916029	181.7619714599659	11.055272421201494	12.497264476140856
369.5495235369183	181.73662648698587	11.055272421201494	12.497264476140856
369.7117095824271	181.9852232414826	10.83850237372701	12.25222007464788
369.86946595926287	181.93948368037798	10.83850237372701	12.25222007464788
370.0606333122321	181.9346135155828	10.83850237372701	12.25222007464788
370.1911100121474	181.78137777624298	11.055272421201494	12.497264476140856
370.50486600755767	181.66187898070348	11.055272421201494	12.497264476140856
370.7351650693662	181.66782995323788	11.055272421201494	12.497264476140856
370.8346207315434	181.87632716898702	10.83850237372701	12.25222007464788
371.1659085048124	182.1448095438662	10.417630117000158	11.776451436608909
371.2811691034707	182.13916609183124	10.417630117000158	11.776451436608909
371.47264204207556	182.133288501403	10.417630117000158	11.776451436608909
372.0874886838116	182.48119165932204	10.625982719340186	12.011980465341082
371.8629050799746	182.02517005720154	10.417630117000158	11.776451436608909
372.03797659780133	182.10999335560174	10.417630117000158	11.776451436608909
372.14758133344725	182.14423716229663	10.417630117000158	11.776451436608909
372.445842275394	182.40893093014316	10.013100842945164	11.319157474633698
372.38546622636954	182.12384238794618	10.417630117000158	11.776451436608909
373.07606839467934	182.64678110382326	10.213362859804079	11.545540624126374
372.5685491126169	182.2672983113496	10.013100842945164	11.319157474633698
372.47270546404553	182.05838440596364	10.417630117000158	11.776451436608909
372.68090043154933	182.01034513382862	10.417630117000158	11.776451436608909
372.97371379091487	182.42882166266665	10.013100842945164	11.319157474633698
373.07839952587074	182.38512087247673	10.013100842945164	11.319157474633698
373.28488076843104	182.2817781966079	10.013100842945164	11.319157474633698
373.4671679675114	182.32218907257482	10.013100842945164	11.319157474633698
373.42230123046596	182.39592814856445	10.013100842945164	11.319157474633698
373.62859705401456	182.45011652766297	10.013100842945164	11.319157474633698
373.98621317969895	182.62801544108487	9.624279933626667	10.879620794534503
374.0955137838435	182.47727374627232	9.624279933626667	10.879620794534503
374.68443496089776	182.8315975124966	9.8167655322992	11.097213210425195
374.8867970959656	183.21580772538985	9.435568562379103	10.666294896602437
374.6465274390895	182.939646208459	9.250557414097102	10.457151859414182
375.07910109077164	183.15722072544247	9.435568562379103	10.666294896602437
375.1481469935956	182.9741309963056	9.8167655322992	11.097213210425195
375.3080646899632	183.2899282976876	9.435568562379103	10.666294896602437
375.4623381144175	183.25822147683306	9.435568562379103	10.666294896602437
375.6978520526145	183.58735144936367	9.069173935389358	10.25210966609228
375.3894648766934	183.2448151793068	8.891346995479807	10.051087907933606
375.92682439616	183.59873590652836	9.069173935389358	10.25210966609228
375.5413004893055	182.8847048640576	9.250557414097102	10.457151859414125
375.60575430665295	182.6332031806003	9.624279933626667	10.879620794534503
375.8291322550093	182.76491645919464	9.250557414097102	10.457151859414125
375.88679269740635	182.77215465157235	9.250557414097102	10.457151859414125
375.971717222096	182.7916537238317	9.250557414097102	10.457151859414125
376.08975150147216	182.674961923067	9.250557414097102	10.457151859414125
376.25653686107523	183.01325337393476	8.891346995479807	10.051087907933606
376.39139708925006	182.9624681611804	8.891346995479694	10.051087907933606
377.08815082549023	183.53765612930815	8.717006858313425	9.8540077528761
377.2945717536085	183.49207387823668	8.717006858313425	9.8540077528761
377.27644712207774	183.35504029928885	9.069173935389358	10.25210966609228
377.5833354716961	183.55581671724147	8.717006858313425	9.8540077528761
377.64452789607003	183.56188646093733	8.717006858313425	9.8540077528761
377.78559387305756	183.48420866503125	8.717006858313425	9.8540077528761
377.9739420085996	183.5257369647605	8.717006858313425	9.8540077528761
377.4930449469466	182.97071671090927	8.891346995479694	10.051087907933606
378.17880967198	183.50653301252612	8.717006858313425	9.8540077528761
378.16364736049945	183.20220798986725	8.378514858048334	9.471364622141607
378.30501792368017	183.19535032294394	8.378514858048334	9.471364622141607
378.31714616771626	183.18146346747648	8.378514858048334	9.471364622141607
378.7686128699784	183.4858592628401	8.717006858313425	9.8540077528761
378.8699982040884	183.52631312462427	8.717006858313425	9.8540077528761
378.9822742057887	183.50576393425908	8.717006858313425	9.8540077528761
378.91932749911894	183.17703831612897	8.378514858048334	9.471364622141607
379.20032482182586	183.39834398151496	8.053166914694657	9.103579990524395
379.3689693149941	183.49963589958796	8.053166914694657	9.103579990524395
379.54858949594876	183.51459300837587	8.053166914694657	9.103579990524395
379.7474981808597	183.43634503097402	8.053166914694657	9.103579990524395
380.38367179276605	183.70837831303288	8.2142302529885	9.285651590334908
380.1732926337822	183.48858185667044	8.053166914694657	9.103579990524395
380.48940254887685	183.37319384538102	8.053166914694657	9.103579990524395
380.9860788648694	183.7296876155972	8.2142302529885	9.285651590334908
381.3357241725998	183.87843074363408	7.89526168107318	8.92507842208272
380.98573555222447	183.32275165921965	8.053166914694657	9.103579990524395
381.2371974751736	183.21244281281486	8.053166914694657	9.103579990524395
381.31316252375325	183.32370326407985	8.053166914694657	9.103579990524395
381.5102841452932	183.36014722323713	8.053166914694657	9.103579990524395
381.8766109066398	183.49865264333758	7.740452628503135	8.750076884394844
382.0956337895385	183.25653593425307	8.053166914694657	9.103579990524395
382.552265964927	183.4120613442961	7.740452628503135	8.750076884394844
382.57346279716154	183.34794561370745	8.053166914694657	9.103579990524395
382.9411312056547	183.46506978918868	7.740452628503135	8.750076884394844
383.149627269156	183.52022735348058	7.588679047552091	8.5785067494067
383.69984878957763	183.72650602246725	7.89526168107318	8.92507842208272
383.923164637741	183.74429176726548	7.89526168107318	8.92507842208272
383.66196723265017	183.11561984278092	8.053166914694657	9.103579990524395
384.1286515325857	183.46097616364796	7.740452628503135	8.750076884394844
384.2202477813995	183.16908461192818	8.053166914694657	9.103579990524395
384.6446677977671	183.40397498449454	7.740452628503135	8.750076884394844
385.33391181826784	183.68296330183296	7.89526168107318	8.92507842208272
385.3433163221037	183.47959540403005	7.588679047552091	8.5785067494067
386.1092761415242	184.00734334494678	7.439881419168728	8.41030073471245
385.87693320513284	183.6196547291205	7.294001391341908	8.245392877169081
386.3593755302429	183.6892179676247	7.294001391341908	8.245392877169081
386.43412448629357	183.4741077593958	7.588679047552091	8.5785067494067
386.8156711068044	183.6038117410839	7.294001391341908	8.245392877169081
387.2119383272486	183.56585365670554	7.294001391341908	8.245392877169081
387.3912900366909	183.615899445601	7.294001391341908	8.245392877169081
387.6509965200359	183.60897291536793	7.294001391341908	8.245392877169081
388.25126482212005	183.9283090375251	7.439881419168728	8.41030073471245
388.04057628112093	183.25709505989144	7.588679047552091	8.5785067494067
388.4697106874408	183.5860619096945	7.294001391341908	8.245392877169081
388.70446312440055	183.51633729488765	7.294001391341908	8.245392877169081
389.158763502876	183.4052929760718	7.294001391341908	8.245392877169081
389.77198803880094	183.83992556798358	7.439881419168728	8.41030073471245
390.26490721647264	183.98994194660452	7.150981756217561	8.083718507028493
390.63499778891423	184.02620066844813	7.150981756217561	8.083718507028493
390.790940826898	183.707670340036	7.439881419168728	8.41030073471245
390.5831011973361	183.42719971141386	7.294001391341908	8.245392877169081
391.310301803631	183.99375899773995	7.150981756217561	8.083718507028493
391.4183656400353	183.7978989099648	6.873300419278621	7.769817865271534
391.8528336220924	183.82018069228724	6.873300419278621	7.769817865271534
392.095723974962	183.73607221224697	6.873300419278621	7.769817865271534
392.3806673978471	183.71712739049835	6.873300419278621	7.769817865271534
393.1990345152503	184.28059344857695	6.7385298228222155	7.617468495364278
392.9349281973233	183.7722657837766	6.873300419278621	7.769817865271534
393.02022170412386	183.6630472645493	6.873300419278621	7.769817865271534
393.5032094924299	183.66498586342843	6.873300419278621	7.769817865271534
394.4081547394486	183.9472323119907	7.150981756217561	8.083718507028493
393.9939455842799	183.29678266900785	7.294001391341908	8.245392877169081
394.2384883018676	183.2944853934055	7.294001391341908	8.245392877169081
394.8592496403148	183.56872407331682	7.010766427664294	7.925214222576983
395.7506747966774	184.28866463939528	6.7385298228222155	7.617468495364221
395.6939114178134	183.90280844697065	6.4768644971378535	7.321672909808001
396.0453729528134	183.89323585376886	6.4768644971378535	7.321672909808001
396.79497680434713	184.50840541141008	6.34986715405671	7.1781106958902114
396.7193972627883	183.80965883533153	6.4768644971378535	7.321672909808001
396.8942492511348	183.77247470005955	6.4768644971378535	7.321672909808001
397.4176034191686	183.88288004757962	6.4768644971378535	7.321672909808001
397.9005517106022	183.93236698190833	6.4768644971378535	7.321672909808001
397.9493068821995	183.82865562928652	6.4768644971378535	7.321672909808001
398.1632541902331	183.7735577994649	6.4768644971378535	7.321672909808001
398.76360180125505	183.8141601730539	6.4768644971378535	7.321672909808001
399.20313137539	183.76044138908043	6.4768644971378535	7.321672909808001
399.4885075151805	183.721491592726	6.4768644971378535	7.321672909808001
399.9081897917629	183.71143808036237	6.4768644971378535	7.321672909808001
399.9777593808758	184.0139505276944	6.225359954957526	7.037363427343337
400.72151834074424	184.42937897398073	6.34986715405671	7.1781106958902114
401.0374736364229	184.45163532901623	6.34986715405671	7.1781106958902114
401.44042135366703	184.38582267699573	6.34986715405671	7.1781106958902114
400.96918013167243	183.88254416685714	6.4768644971378535	7.321672909808001
401.9330812781618	184.4151161401349	6.34986715405671	7.1781106958902114
402.2629831991945	184.28220181025827	6.34986715405671	7.1781106958902114
402.2074005424626	184.02123609246811	6.103294073487859	6.899375909160142
402.37308869995684	184.16421191721565	6.103294073487859	6.899375909160142
402.6942184294443	184.03530704053583	6.103294073487859	6.899375909160142
402.83996312738213	183.96325083174256	6.103294073487859	6.899375909160142
403.03954904508373	183.88462224065765	6.103294073487859	6.899375909160142
402.97448641532236	184.02549624278416	6.103294073487859	6.899375909160142
403.1189412820002	183.8077609973754	6.103294073487859	6.899375909160142
403.50354846708876	183.93884310494886	6.103294073487859	6.899375909160142
404.2538632728959	184.38715479281302	6.34986715405671	7.1781106958902114
402.19304017715746	184.39013741655427	6.4768644971378535	7.321672909808001
401.92870580542467	184.61281205796476	6.225359954957526	7.037363427343337
402.41971450160577	184.53823878555798	6.103294073487859	6.899375909160142
402.6965839082183	184.87355039980406	6.34986715405671	7.1781106958902114
402.23217178449073	184.37244857684874	6.4768644971378535	7.321672909808001
402.94153124463645	184.7456568755195	6.34986715405671	7.1781106958902114
402.8881866080947	184.75508198181276	6.34986715405671	7.1781106958902114
