41.0	24.0	37.0	46.0	
39.5941896264	27.0204112682	36.2012924867	46.7901622451	
39.0939268066	30.1351180949	34.5932384893	47.0821976845	
37.927864773	31.5822824209	33.0779747101	48.0352568788	
38.7910357481	34.8731301903	31.35163276	49.0851579085	
38.7012042052	35.9893677261	30.2722943731	50.629687255	
36.3219596591	37.0034846705	29.9750914842	51.1292993568	
35.7251919537	36.3403370927	29.9023003634	51.1892679807	
36.7187053488	37.2910168306	30.4472433718	50.5538934043	
34.9358757228	37.7202037598	31.4814116179	49.6955195459	
33.7766960535	38.7721537574	32.5294644399	48.8619260673	
33.9086124299	39.6545317027	33.5409180435	48.3724565334	
35.4818782271	42.5548556825	34.248418053	47.7105173787	
34.051302392	44.5034716547	34.5369061959	47.6722807252	
36.649326098	45.2976974748	34.5028380533	47.3743239024	
36.5207186366	47.2911849087	34.760052976	47.2435933301	
37.1072888837	47.8546897279	34.8745621305	47.4042333402	
37.784109857	47.1879898263	34.8128877681	47.4456655591	
41.1038346541	46.4809085003	34.6313662424	47.5682425975	
44.2463756053	46.6065323413	34.7986234717	47.3169949156	
44.6792682653	46.0683685174	35.2222353266	47.1039253883	
47.7709137744	44.2800201255	35.5044189867	46.8013373653	
50.4062837979	43.2163176864	35.4060699359	46.3425467452	
52.9820357317	42.1160016054	35.3925518294	45.9741860268	
55.4243275832	41.00384747	35.6225848029	45.6411859593	
57.3874498648	39.9133024559	35.5282724109	45.2676545402	
58.7802601224	39.3317536042	35.2827791921	45.1606885954	
60.8336503827	38.7299542165	34.9693076704	45.0998510378	
60.5668350018	40.0360348205	34.2445324402	45.0045018136	
60.4080107312	39.4344907003	33.3170438529	44.9624529253	
60.1397522924	42.5644370811	32.6242278207	44.8492247124	
59.7700218904	41.956768851	32.1474375343	44.8483100824	
58.5586887181	42.9954891578	32.1533033793	45.1876699685	
57.9118796015	43.4464526788	32.2332854394	45.4993790997	
57.1357737537	44.5566507161	32.5658255841	45.7183261268	
56.8492161688	44.9787534115	33.1389407539	46.1025844233	
56.2139488444	45.0239610501	33.165759194	46.0121691461	
57.2746718133	44.9327339117	33.5298868392	46.194623423	
56.822446222	46.7826104666	33.1828005682	46.2494826736	
58.5630224009	47.5355294684	33.4416391783	45.9903083259	
57.5655053541	48.362018369	32.9426967457	45.5843187879	
58.3036101682	50.451294992	32.699120412	45.1036654256	
57.3094572914	51.1748744682	32.2447434619	44.8778478252	
57.7566535616	53.2069775043	32.5607994968	44.4449874792	
56.7029379217	53.1281957798	32.2500831842	44.6025509282	
56.5982695043	54.9954767871	32.4594200189	44.4870782072	
56.328908073	55.0938427614	32.9981428814	44.2903462586	
55.5451180038	55.292935483	33.3518335254	43.8921608153	
55.5229752752	55.9652742008	33.3961189825	43.761089673	
54.8149018356	58.2872337768	33.5999357254	43.966491066	
55.442984277	59.5200417562	33.5625590326	43.9384514872	
56.691988882	61.2669509357	33.5000513671	44.0978854453	
57.2784585615	62.3533354071	33.5462742489	44.3634409838	
57.2434824546	63.1058683707	33.6162264627	44.0823396773	
58.2677164996	65.6056364643	34.0094005995	43.9660879436	
58.7826944624	66.3762255085	34.2048998729	43.6503650541	
60.4107366229	67.6623407794	34.6202434946	43.5257531409	
59.2901182608	67.8005579027	34.4041877895	43.2493188943	
60.3725931677	68.4286272005	34.6810479345	43.214085278	
59.2204208775	69.0152173222	34.5356853875	43.2657585984	
58.6167305982	70.1853800846	34.5197762191	43.3720125275	
58.6122105345	70.2673962986	34.5288163466	43.2079800995	
58.0786588561	69.7831470998	34.3736271768	42.9541859704	
57.4964616982	69.1571464551	34.3221363683	42.9903021355	
56.3303078392	69.1735086607	34.2232358962	42.9575777243	
56.2891223575	69.2484462956	34.3056068596	42.8077024546	
56.3448452711	69.3198340831	34.1941610323	42.6649268796	
56.4875503642	68.6672023093	33.9087508463	42.761650237	
55.4797899538	67.9787512485	33.5134837223	42.9331583864	
54.9474756299	67.4195241642	33.3765152226	42.8500154074	
55.5094294081	67.5543870062	33.4507055625	42.5802897235	
54.2975519989	67.6393528095	33.4841032224	42.4103581169	
54.1355690747	67.2033544783	33.8080690707	42.0892348413	
54.6034790626	67.2116048896	34.0657022422	42.0727340186	
53.5915389107	66.0820670849	33.6948390232	41.9370661054	
53.3551156132	65.3395987546	34.1676856181	42.2327186115	
52.6494610625	64.7083798615	34.3775158351	42.293677513	
52.5390659745	64.231476046	34.598306011	42.0416747659	
52.0010408563	64.1254820075	34.4688513056	42.2536628428	
52.4546601255	63.9603486381	34.7682854088	42.5839295815	
51.7816992193	63.4147238378	34.8976176048	42.4585895659	
50.9821047542	64.0312554166	35.2800541946	42.4422787487	
52.2354551555	65.7838610095	35.218701044	42.605089041	
52.7139559557	65.293612076	35.4858901344	42.361396217	
53.3571806863	66.5746988497	35.4241862378	42.2487137989	
53.5029308796	66.0103547276	35.1326858511	42.15538769	
53.6963027029	65.9161805619	34.7459422046	42.3437360215	
54.3971898083	65.8508466172	34.5567037188	42.4744039109	
54.5296041816	67.696065086	34.2918749722	42.4184226595	
54.0923646335	67.6855202221	33.9600137832	42.4395123873	
54.1103618061	67.1739553457	33.924019438	42.2613540426	
54.2326938553	67.8175172863	33.6793553397	42.1722024231	
55.4973625544	67.3268358503	33.5352966814	41.9609259251	
55.0739379744	66.7782525304	33.1950814331	41.8710281563	
55.5525743267	66.6553653236	33.4179766313	40.9366346671	
55.5604465715	67.9046147722	33.4022321417	40.7770181531	
57.3825210456	68.6563601341	33.2582821644	40.4402604195	
57.4907216353	68.6549080698	33.0418809852	40.4431645481	
59.1637258375	68.7446476691	33.1632019915	40.2636853496	
60.3612196198	68.7053873168	33.0781674593	40.3422060542	
61.417593401	68.6354564315	33.2750413969	40.4820678247	
61.5569600088	69.1469968967	32.9963081814	40.6191290854	
63.6590768871	69.8916875478	33.4230478997	40.287491152	
65.3105649174	69.8551377439	33.5986822741	40.3605907597	
66.8999168832	70.515389869	33.9104643868	40.2035818577	
68.4262272385	71.0217605122	34.3561376075	40.3569385482	
67.9928339948	71.94875389	34.0472893651	40.8542212525	
70.2044769109	74.2631722734	34.3373355173	40.9387164698	
70.7979894487	73.0216760245	34.3346199399	41.0530899711	
73.6925011993	73.0232122069	34.4757405243	41.0500176065	
73.0575685867	72.3433745381	34.5573507814	41.2214379758	
73.6253600806	72.2508411522	34.6139803483	41.4065047475	
74.7019352829	72.1830029505	34.8527852869	41.542181151	
73.6062683747	72.4957869895	34.6402856193	42.1185298149	
74.6678236397	71.3040804552	34.9319054878	42.0872124851	
75.1271110475	70.9331981863	35.2249208992	41.6173867959	
75.1253088217	71.7595515746	35.2285253508	41.1737478261	
75.1245654439	70.6072075217	35.2300121063	41.0738871749	
75.7662146541	69.9275470466	35.1474685404	41.2324532706	
75.2232540504	69.4178979988	35.0315109928	41.0498726113	
76.8590461257	69.1431752443	35.3515103331	40.4021236233	
76.2375247803	68.503733407	35.4022454536	40.4886997275	
76.178947225	68.3856724846	35.5194005641	40.7248215722	
79.1460766264	68.1293612871	35.58512487	41.2374439672	
78.5624240959	68.0337557332	35.5434446293	41.428655075	
80.9677266996	68.4647633736	35.5779311994	41.7779127386	
82.0600802975	68.5501779226	35.8276713678	41.6070836406	
83.7701047988	69.7095329455	36.063409008	41.72556469	
86.3058755832	69.6531592249	35.8887139922	41.8383121313	
88.5889084304	70.8188117998	36.2152516949	41.95330868	
91.0137292686	70.4254585004	36.2862960978	41.5098437588	
92.7878658142	70.4600473489	36.411359364	41.4406660619	
94.7260358588	70.1799008179	36.2111485337	42.0009591239	
95.8840330105	70.4771316826	36.3568397098	42.6373401343	
97.0719282978	70.206785069	36.4670881303	43.1780333616	
98.3472028193	69.9129284203	36.4228196091	43.765746659	
99.5094090923	69.2182644588	36.6213825752	43.8935868259	
101.619282031	69.058809286	36.2016126006	44.2124971715	
101.433550598	69.0469160263	36.5730754665	44.236283691	
104.206293087	68.4059226709	36.112218496	44.2471133999	
104.295341913	67.6167307532	35.9341208432	44.5616180631	
104.860839475	67.5006600151	36.0689535836	44.7937595392	
105.479226366	68.1450613065	36.1037539015	44.7765310563	
103.10012453	67.6733117318	37.0463377105	44.4481569179	
105.157896347	68.355217362	36.776955488	44.3663994615	
104.573306696	67.6991204729	36.6696847903	44.4021432388	
106.361172878	67.9934527683	36.9197597031	43.813478648	
105.718570559	69.1768756481	36.9347340422	43.987093485	
106.308890523	69.3086584212	37.0272431572	43.7235279389	
107.068960245	68.6524401562	36.7776758351	43.7653923463	
107.078426606	69.224853419	36.7587431135	43.8877666535	
106.552069804	68.5513429695	36.5426740877	43.9660049232	
108.073173291	68.3498546277	36.0334773381	44.3689816068	
108.804543289	67.0858719183	35.8352155507	44.3679906092	
108.871228901	67.6495384881	35.7018443279	44.5019118179	
109.562746284	66.963789994	35.5799587068	44.6122596605	
112.294092793	66.8420256225	35.1607271266	44.8557884035	
112.12648528	65.8261516355	35.4959421521	44.37196016	
112.583781545	64.7104514185	35.8371685806	44.0917226771	
114.5660138	64.2146608722	35.6438344792	43.8262603002	
115.543388234	63.2819190567	36.1887616651	43.1920678772	
114.95129643	62.6845394529	36.1240703237	43.1379521346	
114.941266476	62.1840585174	36.1441302308	42.891915544	
115.00732945	62.0937519612	36.0120042842	43.0725286563	
116.488431283	61.4806262467	35.5381691151	43.0545958366	
116.668540332	62.0444346711	35.1779510176	43.1632444502	
116.112387714	61.4218049173	35.0581399225	43.1763876271	
113.604011653	62.1906741426	35.1533704882	42.8690295655	
114.923612863	61.6546198062	34.9685607045	42.7139419201	
115.565850702	61.7963707742	34.9059103853	42.4304399841	
114.969860965	62.4294208464	34.8814365887	42.3807931102	
115.766038594	62.3868027162	34.5043756092	42.4660293706	
118.236546205	62.3829804354	34.4054009531	42.4736739322	
119.604409313	61.8058034691	34.0877269816	42.4190017436	
117.964070827	63.0065902463	33.7592745379	42.4235144652	
121.452767585	61.9971296687	33.968607008	42.0468602919	
121.645188736	62.5541036805	33.5837647056	42.1283151151	
124.009291732	63.0508350083	33.6172245988	42.3252689306	
125.198892899	63.4668494297	33.6259774095	42.6872176609	
126.232244937	63.4199630516	33.9585989304	42.780990417	
128.805626899	63.1922373346	33.6378319089	43.236441851	
129.416909783	62.6488066303	33.6235230826	43.1150463176	
131.862469074	61.9944546898	33.5570773935	43.2175819752	
132.29369466	61.3805433275	33.9012807398	43.2387501826	
134.176362382	60.9086049039	33.7736753149	42.9700503568	
135.157608737	61.0467191279	34.2239652502	42.6938219088	
135.736099597	60.5088015213	34.2764499174	42.5601907339	
135.753475185	59.9137068636	34.241698742	42.5421134996	
136.222785068	60.9725063838	34.5105052701	42.8393670483	
136.657400896	60.3848723274	34.857615139	42.7982936366	
137.37635345	60.3416824866	34.6410383133	42.8846733181	
136.819143964	60.2269484838	34.53630671	43.1141413239	
136.858731697	60.1515369205	34.4571312441	43.2649644503	
136.91335495	59.6147718963	34.3478847392	43.11649092	
137.479952648	60.1850204158	34.4326453335	43.1939498727	
136.421767355	59.4416799055	34.1079799719	43.4601129191	
137.447248378	59.4408672715	34.4956642277	43.4617381872	
137.99428945	58.9287860364	34.6272260889	43.2602566515	
137.850422271	59.0161674424	34.9149604468	43.0854938394	
137.69834496	59.7228681565	35.2191150696	42.8987600976	
137.528665476	59.765467431	35.5584740378	42.8135615486	
138.670065408	59.9586046926	35.7414391484	42.4272870254	
140.060084873	59.3060619516	35.4211549443	42.5024951442	
140.162109901	60.0361836512	35.2171048895	42.2681284157	
140.273550557	60.9258674051	34.9942235765	41.7077370949	
142.191560566	60.9057421948	34.778446402	41.7479875155	
142.921138624	61.6517953494	34.5231808393	41.4597717584	
144.244864183	63.4823601889	34.2663991673	41.3846462491	
146.123300044	63.550190383	34.0796350065	41.2489858609	
146.150949418	63.5147908571	34.0243362582	41.3197849128	
146.186514763	65.243259288	33.9532055696	41.4182386918	
146.146929168	65.8132339519	34.0323767591	41.4637849134	
146.089481662	65.7633264547	34.1472717721	41.5635999079	
147.166007752	64.4217380584	34.3759521257	41.865044165	
146.03576622	64.8293974577	34.238041968	42.248921978	
145.919150964	63.8935691254	34.4712724788	41.7148459096	
145.893550014	64.5560230874	34.5224743799	41.5883629026	
145.916013955	63.8697471473	34.4775464981	41.7636109052	
146.503794143	64.4949992971	34.5012628177	41.7123833006	
146.971324364	64.5891793733	34.7650734192	41.5240231483	
146.933744051	64.0548624004	34.8402340458	41.392433356	
148.08147762	64.1042615472	34.9435776047	41.2936350623	
149.200517017	63.4294695219	35.104587607	41.4436747156	
149.706635494	63.53514484	35.2968012877	41.2323240793	
152.00672675	63.6315089078	35.5137248906	41.0395959438	
152.056839877	63.6237070493	35.4134986368	41.0551996608	
153.269137801	63.7052906389	35.3957264576	40.8920324817	
155.018638367	63.8284427849	35.4985321191	40.6457281896	
155.679665529	64.912594559	35.3749148881	40.8742988269	
157.562689515	64.7811513339	35.2088488694	41.1371852771	
156.975197537	65.3052649208	35.1824395986	41.2903513297	
157.578279559	65.3906784374	35.1796107739	41.1195242966	
158.132195742	66.6153369674	35.2724289624	41.0715083429	
158.622739279	66.0511965134	35.4927411827	40.9983899559	
158.670088422	65.6536802201	35.3980428964	40.5896181383	
158.061453074	67.9459652959	35.4193559356	40.7888786135	
158.039300903	66.7920531831	35.4636602789	40.6979334293	
157.45769418	66.7613823299	35.4281868863	40.7592751359	
156.075055037	66.1434367451	35.7953291567	40.7960982973	
156.741332667	65.5283216798	35.6682952049	40.8208071191	
155.361680756	65.4929750574	36.0198603153	40.891500364	
154.525062056	64.9146444108	36.4825027667	40.837566709	
153.800870986	64.9818104182	36.7137289853	40.7032346943	
153.202365421	64.9958403089	36.6919801067	40.6751749129	
152.542484865	64.9168230267	36.7937645754	40.8332094773	
153.167961696	64.2286065222	36.7648690989	40.9875843015	
153.230950302	64.1970429403	36.6388918865	41.0507114654	
152.655674115	63.4104550078	36.5664792225	41.4009222933	
155.28027114	62.6028111854	36.2262566368	41.7889670722	
153.896608606	64.3651345745	36.5379713645	41.9477358035	
154.51719426	65.4202737255	36.5320612154	42.3079798208	
155.075772569	64.848571841	36.6556467941	42.2106413941	
154.386832629	67.2444331414	36.7923083381	42.3837921376	
154.994868967	66.6275306059	36.8223258288	42.3715070407	
156.169693621	65.902406679	36.965439149	42.5753735803	
156.191491728	65.8372978271	36.9218429354	42.7055912841	
156.205492638	65.0457675032	36.8938411158	43.0355038377	
157.604877849	64.8890936416	36.6106717506	43.348851561	
156.815829457	64.2848759927	36.9306817064	43.2992000309	
158.186396397	63.7156125874	36.7144822035	43.1752596525	
158.716292678	62.5657698686	36.9117668664	42.9607906395	
158.581781871	61.9189796357	37.1807884804	42.9974376755	
159.773790977	61.2908274227	37.3204068545	42.9919238087	
160.446540649	60.5983388999	37.2388799676	43.1129283981	
161.146878069	59.9343988581	37.1027423448	43.1762712646	
161.162953946	59.300181585	37.0705905907	43.1813742163	
162.969240442	59.2158164191	37.2467001429	43.3501045481	
164.927121685	59.8535267853	37.1359302281	43.3430146729	
165.003520165	60.4159760928	36.9831332683	43.4845582793	
165.18264912	59.7276213502	36.6248753585	43.5950944728	
167.25642192	60.300433165	36.2636713255	43.7115846983	
166.626029918	62.8016870843	36.2663685867	43.7414238252	
168.062747536	62.6301932121	35.9101127615	44.0844115695	
168.063276027	62.5847019385	35.9090557805	44.1753941167	
169.48464751	62.5403640482	35.585296186	44.2640698973	
168.864286137	64.4329962213	35.5704068439	44.2456418175	
169.46696173	63.7822917022	35.6201438022	44.2919627109	
170.100058071	63.2777836079	35.6105556845	44.0443743344	
170.748150579	63.4069580308	35.5670199716	43.7860254884	
169.576136954	63.8946794955	35.4150924682	44.0585599355	
170.062629685	63.9923670378	35.6918087189	43.8631848509	
170.068466037	65.2654398831	35.6801360149	43.819401693	
169.439142105	64.7192205426	35.688464101	43.6615205975	
169.914136716	64.1668153338	35.9865029152	43.5183029802	
169.35071195	66.1063712599	35.8627136075	43.3911076422	
169.411353519	65.537167747	35.7414304711	43.2828315241	
169.43913899	65.5485611138	35.6858595286	43.2600447906	
168.814299283	66.8988930809	35.6937276482	43.0430034455	
169.493807191	66.9243250182	35.5733092626	42.9921395708	
169.453384464	68.7804738545	35.6541547161	42.9874559706	
169.002568467	68.1861794418	35.3186829976	42.9389410836	
169.046525772	69.3393449459	35.2307683884	43.0944940809	
169.616699958	69.8842717757	35.3223335919	43.2365539978	
169.504349619	70.4164183806	35.5470342694	43.4078381418	
168.321124434	72.8353400908	35.4298001258	43.5373637494	
168.334881833	73.3692018499	35.4022853287	43.7115779435	
169.008314555	74.4799649782	35.2995883526	43.9783886258	
168.482892441	75.7600738338	35.1038321715	43.9113717356	
168.585319522	76.2837867037	34.8989780094	44.1063458444	
168.689928574	76.771622379	34.6897599039	44.3727387489	
168.065365975	76.5969041904	34.6961430227	44.7221751261	
169.848281076	75.9782685215	34.8748771646	44.711258349	
167.807187008	75.3294776628	35.2042767061	44.757910535	
167.015921595	74.939550083	35.5298094224	44.2807675858	
166.218190371	74.4810697495	35.8703026172	43.9427589985	
165.526149467	73.8894884557	35.9990940597	43.8706312208	
166.02292262	73.2617291268	36.2618106552	43.8698869776	
165.325944439	72.67518909	36.395273261	43.7824732965	
164.706676926	72.1398849547	36.3725071272	43.5917804074	
165.257554041	72.0809539137	36.5287493614	43.7096424893	
165.073885957	72.1942374043	36.896085529	43.4830755082	
165.603190837	72.3787340117	37.1022262889	43.1140822934	
166.829786162	72.3740456589	37.1737590594	43.1234589989	
168.078482238	72.9288309913	37.2036769245	43.2775433428	
168.139978713	73.4689832305	37.080683973	43.4637569904	
168.849152988	73.4343106539	36.9297556529	43.5331021434	
168.332312066	74.0002833825	36.6973730929	43.6672210902	
169.628921411	73.3223628088	36.6329417619	43.7586685581	
171.086171932	73.0952220223	36.2479720738	44.2129501311	
171.914155454	72.9558724671	35.8575531122	44.4916492415	
172.062109871	74.120265712	35.5616442792	44.6898909128	
172.08931854	74.0378771057	35.5072269418	44.8546681254	
172.169013964	73.3052376906	35.3478360927	45.0565473989	
171.580735756	72.5218969203	35.2604915538	45.3593279847	
170.932619008	72.5003313269	35.2896142576	45.4024591715	
170.889371869	71.3391487238	35.3761085347	45.188336446	
170.179422672	71.3878533574	35.5296301877	45.0909271788	
170.041816565	70.7901587393	35.8048424023	45.0189354578	
168.673010939	68.2955744882	36.0009617614	44.9251201739	
167.247791369	67.1541586641	36.3064253472	44.662976267	
167.137609405	66.5328201194	36.5267892743	44.6322435348	
166.328012465	65.3260835864	36.8694826519	44.4927155954	
165.655290151	64.1587070638	36.9350396132	44.2676933073	
165.052903416	63.7069313286	36.8623339831	43.8937656779	
164.386490819	62.6049996492	36.9246153187	43.5565413187	
163.073337529	62.0707383254	37.0182347829	43.3587204088	
162.93132507	61.516386622	37.3022597008	43.202629954	
164.069678576	60.977400631	37.5594366323	43.0136599645	
164.224382421	60.9692252434	37.2500289421	43.0300107396	
165.625748882	62.269558152	36.9741623073	42.9562112094	
165.05778985	61.6554262755	36.8522159418	42.9266105327	
165.858276426	61.5756956999	36.5066914838	43.0860716838	
166.010364681	62.2058526098	36.2025149752	43.0781161343	
167.393955255	63.3937306926	35.9300128933	43.1970390348	
167.586115797	63.3423499413	35.5456918082	43.2998005374	
166.57062531	64.503041716	35.0963543003	43.4587354708	
166.655608902	63.7242725491	34.9263871154	43.7809393736	
164.994942255	64.7658689383	34.5351513854	44.1727926112	
163.733157215	65.9650274325	34.5843815724	44.2488155157	
161.827565692	65.3231131826	34.6781650213	44.293510816	
160.017799341	67.1405769688	34.5736726125	44.3826083538	
158.228723486	66.439356826	34.4288096691	44.5440437545	
155.650613055	67.0157696367	34.6205747282	44.6323320838	
152.435932492	67.6741872434	34.8220102784	44.5610819853	
149.323668392	66.5509950065	34.8076725415	44.3119200842	
147.424264824	65.4785315053	34.8752945739	43.9693903505	
143.762089747	64.972147025	34.7621524968	43.7425772727	
141.194830401	62.6263092048	34.9595869763	43.4971687001	
139.426470461	62.3102508345	34.7951790636	42.8955761767	
138.028254958	61.1719184808	35.147984549	42.7286153625	
135.427601862	61.2437597157	35.4494919115	42.5849328928	
134.568902801	61.4228619245	35.9392865014	42.2267284751	
134.447433113	61.5771457218	36.1822258763	41.9181608806	
133.7591149	61.0744493349	36.3297644932	41.6944558451	
134.300424799	61.0631430949	36.4751462609	41.7170683251	
133.316284757	60.9579896877	35.9820633335	41.9273751397	
133.840752322	60.7218595985	36.1591550769	42.399635318	
135.308107266	59.9241890792	35.6967853543	42.7588062739	
135.935876345	59.969163277	35.6755163646	42.6688578784	
135.454956825	60.0053556428	35.4048151913	42.5964731467	
136.61102786	58.9570111794	35.5467947307	42.2390404641	
137.40261802	58.4424288412	35.1874542797	42.0443652731	
138.860278099	57.9828639559	34.702234419	41.7484448947	
137.930816768	57.9796683378	34.1558198244	41.754836131	
138.568207838	58.0247602405	34.0749827105	41.6646523255	
137.460746011	58.062411108	33.9074021848	41.5893505905	
137.937526297	57.4186528633	34.1412271673	41.6894815251	
136.061674687	57.4503980844	34.3148171356	41.6259910829	
136.632589872	56.8359161316	34.3675186105	41.6604231442	
135.705722021	57.4908972416	35.0253417809	41.5463734571	
134.262285748	56.806543637	35.5026941551	41.7103205813	
132.471951111	57.2833360005	35.4384529155	41.9717060257	
134.139282993	57.2143452374	35.7577043079	42.1096875519	
133.435370689	57.1003437257	35.9402911983	42.3376905753	
134.157798157	58.7878830129	35.7271307473	42.6576954511	
133.59277598	57.384236651	35.6239752403	42.9985884546	
134.780871274	58.5264062469	35.7213610598	43.1878256692	
133.575212724	58.0296776396	35.6501324341	42.9400100218	
135.845669116	58.6260334699	36.0544525638	42.9836065896	
136.910126098	57.3461364687	36.4125335291	43.0564056625	
136.481624922	57.443438932	36.0191504076	42.8618007358	
137.610000245	57.6110567622	36.2445011528	42.5265650755	
138.314761967	57.0826852989	36.0744803272	42.3438053835	
139.89996241	56.5133453903	35.3719726308	42.2485386059	
140.665106847	56.4916862563	35.0628541921	42.2918568739	
141.465575623	56.4630568618	34.6787704794	42.349115663	
143.047378703	56.4252461903	33.9382305055	42.4247370059	
143.34601775	56.356746155	33.3409524112	42.5617370765	
146.002111447	55.0189532294	32.8012085187	42.8511011774	
146.143861708	55.6109208994	32.5177079964	42.8559098182	
147.306996975	53.8820493696	32.5598204929	42.7610783332	
148.035004093	54.2976447804	32.2872392723	43.113320528	
147.867823932	55.2164369422	32.6215995935	43.6444293216	
148.334231129	53.226141615	32.8866848107	44.0313211467	
147.850041692	53.2134376699	32.6469393158	44.0567290367	
147.857764841	53.7846344654	32.6314930184	44.1189216056	
147.14973305	53.3547671749	32.8422779578	43.7733775441	
147.067828013	53.9301822763	33.0060880308	43.8260191243	
147.594185532	53.9670294505	33.1603242531	43.7523247758	
148.623442214	54.6960416161	33.5185068936	43.5026484469	
150.190921008	54.8087617789	34.0146929118	43.2772081213	
149.693579648	55.8787968991	33.7943673494	43.5671544472	
151.707387063	55.6541750032	33.4143295762	44.0163982391	
152.241375674	55.5557371915	33.5628729199	44.2132738624	
152.840861949	54.7836054656	33.5858472816	44.5355904022	
153.354455367	54.064721444	33.7858944281	44.7461244643	
153.109590283	56.1363702305	34.2756245956	44.3039566117	
152.48762524	54.7717250341	34.2846028538	44.563343352	
151.962482748	52.7186566374	34.0958284074	44.9523018529	
152.520404491	52.7345695802	34.2218988037	44.9204759673	
152.428595416	52.5888556983	34.4055169524	45.2119037309	
152.206512275	51.5003788577	34.8496832361	44.8870033432	
150.839334902	52.2234885468	35.0776256474	44.6939901316	
150.781072117	51.8094123242	35.1941512174	44.2681807044	
151.180486333	51.2227360454	35.6446566839	44.1921993639	
150.203763998	51.2659362916	36.342630745	44.1057988713	
152.040073082	51.1584861223	36.4662991807	44.3206992099	
154.427233171	52.3573375526	36.77490737	44.4644605331	
153.845501753	53.5348857149	36.6604436405	44.6652173409	
154.596985245	52.8635511548	36.4366438028	44.7287193131	
156.650409204	52.137154061	36.1593739001	44.9049874957	
158.532839766	50.8936208801	36.2187491051	44.8425629721	
159.123680599	52.9594856599	36.3118162396	44.5350798159	
159.008799324	52.3611185617	36.5415787899	44.4602821114	
158.269421364	51.7596949939	36.7462396397	44.3890341769	
157.360020441	51.9623304104	37.2887386238	43.9837633439	
156.369296265	52.2633432942	37.9913911846	43.3817375764	
156.213550573	53.1387973205	38.3028825676	42.9115930336	
156.710054554	52.0715448678	38.5883277942	42.4891915618	
156.565568809	54.1192964344	38.8772992849	42.223013899	
156.491535112	54.1634300609	39.0253666794	42.134746646	
156.395537045	54.2326158191	39.217362814	41.9963751297	
155.84897526	54.1755615819	39.0317170865	42.110483604	
157.884421287	54.7751163694	38.793624901	42.1889739853	
157.216435925	54.1959164335	38.8545593675	42.0723375993	
157.171539681	54.7616731462	38.9443518547	42.2150116134	
156.52133126	54.1169612256	38.9669279697	42.2265947276	
157.279604325	54.6815430818	38.7287623581	42.3758115329	
157.317264688	54.0524405696	38.653441632	42.357102044	
157.243561	53.9699226355	38.8008490071	42.5221379123	
157.329416924	53.9465606221	38.6291371589	42.5688619392	
156.820953349	53.7210520693	38.3677320075	43.0198790447	
156.94655701	53.6440373205	38.1165246867	43.1739085423	
157.098551959	54.1099468254	37.812534787	43.5216343176	
156.00084761	54.589337369	37.4478155742	43.8429171866	
156.083499257	53.2901413687	37.2825122801	43.8829526209	
154.710753639	53.8805493927	37.4737249942	43.979275833	
154.106493103	55.2502091309	37.4005448688	43.803358754	
154.134353793	55.3276244407	37.3448234876	43.6485281345	
153.511753021	56.0418735805	37.3155053265	43.4945495604	
152.429053661	56.5549779979	36.9375662794	43.7400096095	
150.198304316	55.1113545583	36.3215311542	44.0884895815	
147.270547819	55.2462039547	35.852934872	43.8187907885	
146.321492114	55.9000052913	35.2448381985	43.7642921569	
145.337071184	59.1103135863	34.7288228444	43.5558186027	
143.750766627	57.8633135689	34.2088273306	43.5880822189	
142.048332396	57.4861136439	33.9449351009	43.1195618384	
140.81664773	57.584820619	33.9853802007	42.9221478881	
140.161248385	58.9444354694	34.0870826672	42.6211106335	
139.392972586	62.1998514376	34.4175016406	42.1409418203	
138.054462592	62.2076369347	34.6863015964	42.1253708261	
139.087114267	63.3594780877	35.0374253963	42.2381156711	
136.601244467	63.9686441757	35.1467005145	42.2353996157	
135.963567897	63.9875204962	35.204716864	42.1976469748	
134.848957123	63.9766827419	34.9985572679	42.2193224834	
134.235557803	64.0198963955	35.010656217	42.132895176	
134.048169694	64.0364656211	35.3854324345	42.0997567248	
132.950795999	65.1840127148	35.1419931179	42.2428492446	
132.892536642	65.2280825838	35.2585118322	42.1547095066	
131.195723969	65.1361200446	34.9984493903	42.338634585	
131.26644215	65.2771805911	34.8570130277	42.056513492	
130.227746502	64.6636935883	34.5145856918	42.0735781816	
129.808065076	64.038354016	34.1493052183	42.1196140009	
129.285668383	64.012709404	33.9946539867	42.1709032248	
128.814677138	63.4923497129	33.7389078992	42.0138940293	
127.085763139	63.4898029655	33.6232055336	42.018987524	
125.280708539	62.8576974197	33.6651752674	42.0938187934	
124.126684589	62.2727998045	33.5908078587	42.0724063691	
122.321846243	62.9878136769	33.631463645	41.8320522592	
121.259850548	62.2878410782	33.3821624607	42.0453511691	
120.161251842	61.5442196611	33.207610733	42.3467194341	
118.984902233	62.6411246167	33.1850022552	42.52821722	
116.664847611	61.9666092468	33.0648620617	42.6871856006	
116.524723868	61.4675708298	33.3451095482	42.4947252678	
112.775581698	61.6383810848	33.6904746712	42.1531047578	
113.425644811	61.544702583	33.582875294	42.3404617614	
113.93399689	60.8869026784	33.7598240635	42.4624086432	
115.030342365	60.7835046282	33.9639183241	42.6692047436	
112.634567358	61.3168132424	33.9359778487	42.8074601373	
113.139648724	60.6903091975	34.1323527333	42.8539306101	
114.214245437	60.7077136275	34.4040310709	42.8191217501	
112.471690785	60.1169483746	34.2462218351	42.7863460759	
111.9331769	61.2873919237	34.1120034953	42.8679511988	
113.019970073	61.8972912169	34.3590584931	42.8584732841	
112.996597951	61.3164689922	34.4058027368	42.805936621	
112.388852475	62.4677698018	34.4071610938	42.9316001907	
112.222118815	62.5133301172	34.7406284127	42.8404795599	
112.123579624	64.3145628156	34.9377067954	42.8982658701	
112.217759447	66.1277695802	34.7493471495	42.9443312422	
111.722009786	65.4453810432	34.5190267202	43.0872885649	
111.825527873	67.9741658187	34.3119905473	42.9108513482	
111.846314978	66.8830584885	34.2704163359	42.6646231029	
111.302543623	65.5760850738	34.1481878651	42.8590275691	
109.570475252	64.2670845969	33.9800120764	43.0554868358	
112.189131972	65.2212340279	33.5869024918	43.5692899016	
111.079349757	64.596043662	33.3814406455	43.607157495	
111.902169706	65.703394988	32.9455430555	43.811939459	
112.444002439	64.4540173182	33.0676248237	43.8992003286	
112.447775641	65.6743533227	33.0600784194	43.8766715374	
111.725455112	65.1683103797	33.2961143526	43.6801522978	
112.185823364	67.0960524921	33.5848418985	43.4530602253	
113.905992068	67.7692196865	33.7766177328	43.3174302506	
112.803566743	66.4713687168	33.5579623853	43.4896261921	
111.217257141	66.262547533	33.0981062639	43.9072685598	
114.398890542	66.1081422549	32.7833026002	44.2160791158	
113.165466493	66.2480626035	32.8316657244	43.9362384187	
112.686270803	66.7613814905	32.5842798667	44.1153778825	
114.154370978	65.8772155878	33.2614331193	43.4748072859	
114.289268995	65.6970546153	32.9916370854	43.8351292311	
115.94399209	66.8756328985	33.302752393	43.8916803293	
114.350054009	68.8496702245	34.0650331082	43.5819988466	
114.742855026	67.7172910965	34.4999206268	43.4057779996	
97.0180377184	72.8674482902	35.6535967587	42.904308893	
94.2603147636	71.7844931905	36.2257854663	42.5985904915	
93.466594968	72.5152444214	36.5729109482	42.3774021389	
90.8642429316	73.8344100517	36.8077283319	42.2240142229	
92.5021866974	75.2278268594	37.2634311755	41.9249075242	
96.6181422874	71.5971211176	37.7571612233	41.7071979554	
97.4520472152	70.5525715775	38.5913926811	41.2942557224	
96.5514872353	70.026514152	39.1346509644	41.0885088968	
96.1383108624	70.7715773363	39.9610037102	40.8616456983	
110.912405605	68.7958975526	39.6867052803	40.9946716498	
118.21965491	67.81293183	39.048049033	41.6900719711	
117.606072652	68.9298261369	39.003917278	41.998875902	
113.24119246	70.0307357129	38.8057618888	42.347889828	
112.572675529	70.6822497789	38.865089861	42.3225675846	
113.417693406	69.2866194756	38.4533100162	42.557316373	
113.596889433	69.7396014853	38.0949179633	42.9267009132	
114.176415325	68.7304950902	36.9358661795	43.6695500419	
111.839202381	67.2536647291	36.5372167918	44.0866731264	
110.369678237	66.3647615514	35.6714393942	44.5962042537	
113.123870545	66.8019717037	35.2114646865	44.9838864261	
111.411303747	66.7921557	34.8548806249	45.0035184334	
112.763848436	66.0973997167	34.659933647	45.1379592001	
110.932241333	65.6660892502	34.5613024679	44.7466316716	
113.590085801	66.4420395407	34.231078448	44.4410973196	
111.664489935	66.150088205	34.3733078213	43.7886792047	
114.109826504	66.127188565	34.3972858073	43.8344784849	
113.656345388	67.5402257187	34.0744947781	43.4679107013	
114.394238902	68.3426856657	33.8176059553	43.0818890129	
116.187546155	67.8517157952	33.8574413694	42.8550121139	
115.312292649	67.4401840813	34.4019574405	42.4720846014	
115.731019388	66.9651993336	34.7734499509	42.2131081094	
116.191158636	65.8051974496	35.0641421382	42.1111705111	
117.925390443	65.8034986256	35.2379542367	42.1145681593	
117.486167664	65.1570486766	34.8994538337	42.1905220962	
120.042073045	65.6813852378	34.6382717491	42.3545061428	
120.130091478	65.6565795664	34.4622348835	42.4041174856	
120.088213658	65.0883994707	34.5459905234	42.3316002948	
120.715117253	64.9811212243	34.50130095	42.5461567877	
121.183693998	65.5916882883	34.7758385838	42.5367137833	
120.777423701	66.1844439484	34.3723932206	42.5671884214	
121.344074754	66.8159193288	34.4490186926	42.5141652392	
120.680444731	66.1101125122	34.5659249479	42.7154250819	
121.237167006	66.5807444187	34.6678166539	42.9894975251	
120.046976487	66.5899764587	34.605811355	42.9710334451	
119.677850704	67.0630861378	34.1241572765	43.2447197327	
119.401068495	66.7386718278	33.4614324986	43.8935483527	
119.622165146	67.0948938631	33.0192391965	44.3965203564	
119.090498711	67.0043052143	32.8667221271	44.5776976539	
117.924419874	67.583252232	32.7666675495	44.6359097444	
119.131249644	67.5346799582	32.7837082267	44.7330542921	
117.542484886	67.4093992839	32.3099227226	44.9836156406	
118.295985028	67.2176607299	32.0160459006	45.3670927488	
117.914596656	66.3327680363	31.5647334159	45.9227889066	
117.292584846	65.6716781422	31.5937295389	46.0299411988	
117.811989059	64.0413650434	31.7720446063	45.6391969162	
115.081742552	64.8221917626	32.3758382371	45.2917183234	
115.042810489	64.7010120423	32.4537023648	45.5340777641	
112.720776844	64.1507152141	32.2024587482	45.4108436939	
112.877620672	65.9419595023	31.8887710922	45.4818266148	
114.029833219	63.7880183904	32.011794915	44.9348110015	
112.64052806	64.7469839774	31.1679724682	45.4318350045	
113.227100739	65.5891089084	29.9948271105	46.1496976031	
113.395164687	63.7717266072	29.6586992149	46.2073810641	
112.358867468	66.7214887387	29.3560650051	46.2459284174	
111.557693758	66.6136939236	29.7752808839	45.2783865057	
112.675631455	67.2742750268	29.8906591443	45.1328511261	
110.595193679	66.7224897672	30.525451838	43.8856997406	
110.614378414	68.5695032539	30.4870823683	43.6929655431	
109.940886174	69.2821307766	30.6705142227	43.4312631239	
109.865074929	69.7693341978	30.8221367132	43.6194796221	
110.047944683	70.2570115806	30.456397204	43.8120950262	
109.023387919	72.366248326	30.1758205375	44.2530019256	
106.212150151	73.6060476235	31.1308779931	44.1071123705	
103.971698286	71.5256946677	32.0704721974	44.7265087573	
102.44338978	72.9026681547	32.7165120537	44.3831389403	
101.274269094	72.9846634746	33.8440658379	44.2191483006	
98.7255878077	73.9924154664	34.0349301822	44.6568934312	
97.3785321417	74.4241732351	34.2562100937	45.0297936041	
94.158705856	74.392249677	34.4672957912	45.0936407203	
94.5691694913	73.8896202495	34.8964996753	44.8487684204	
91.5958146183	74.0907953487	34.5762912837	44.4464182221	
90.29833539	73.6054368199	34.6872037992	44.1751123091	
88.5611217781	73.8609164663	34.442599491	43.6641530164	
87.9844884921	72.735247181	34.3679835012	43.4597264634	
86.2502593468	72.784518731	34.1658196339	43.3611833633	
85.6020452413	74.0621810145	34.2434989969	43.2433564924	
83.7016783921	73.0236961455	34.3896146503	42.8839142003	
82.9961614442	72.8716062331	34.5855820344	43.1880940251	
82.303828576	73.588531903	34.7473399761	42.9771504801	
81.0696233124	73.0180120845	34.7711682055	42.8958989682	
80.358868854	73.7065377172	34.9712479304	42.7402768944	
79.3342911476	73.6568625786	34.5758560116	42.8396271716	
77.5608885226	74.2352346407	34.4704499574	42.9002868155	
75.2953328986	74.0778735691	34.1350513719	43.2150089586	
74.1014661129	74.6494529835	34.0907625561	43.2878613236	
72.4516410961	75.8168604383	33.7411909061	43.3858608697	
70.0807009009	75.6884322523	33.6341801494	43.6427172416	
68.8271021928	75.7158476917	33.712568278	43.5878863629	
67.5823009846	75.8711221936	33.772482694	43.2773373591	
65.803938821	75.9109888278	33.6959889565	43.1976040905	
64.6125265876	75.2760435637	33.6615948298	43.2588853221	
64.4956220741	75.1821106507	33.8954038567	43.446751148	
63.9487114254	74.6785615147	33.7735626094	43.2381868753	
64.3247598184	74.0830765135	34.231957375	43.2186653264	
63.7800712494	72.8914413241	34.1036940366	43.1666547524	
65.5256799618	72.3880378285	34.2567613914	42.9587001506	
65.0468322848	71.2649803252	34.0003972343	42.776696135	
64.4385264392	69.5766055503	34.009897276	42.5321107363	
64.1807359923	69.1293473559	34.5254781698	42.2231104682	
64.0766975716	67.9962306854	34.7335550112	42.0751068968	
63.9273610435	65.5879434913	35.0322280673	42.0588689118	
62.7703398205	63.7860971823	34.9207272693	42.0242466638	
62.6910009104	61.6696135636	35.0794050895	42.6258931416	
63.8364545217	60.3606393992	35.2330217359	42.7993176014	
63.4827820054	58.8454681196	34.7129560836	43.3748387912	
63.6465305966	57.4339748631	34.3854589012	43.7421528619	
63.7629730216	55.3695329647	34.1525740514	44.1865918886	
63.4158454816	54.7020745182	33.6156739998	44.2903536501	
63.3638741658	52.8427260582	33.7196166315	44.3370986595	
63.4697805387	50.380904797	33.5078038855	44.3551677156	
63.5383431288	49.1374451432	33.3706787053	44.3956667439	
64.1425704953	47.7567896525	33.3838101439	44.7138053823	
64.038797412	45.8399766195	33.5913563105	44.8674999936	
63.380108974	44.6654795286	33.6763549578	44.7517377181	
63.2706044976	43.4880665124	33.8953639106	44.6425529063	
64.329407979	42.369171326	34.2455953561	44.4125048708	
65.3213254383	39.7873852571	34.7340018094	44.6315942646	
64.7037237856	39.2510056921	34.7217853332	44.456933613	
66.4527428703	38.1506683753	34.9573987388	44.1685071965	
67.1744921145	36.3021764438	34.7578649462	44.1335969723	
67.9021383079	35.1560832309	34.5427624527	43.9454036112	
69.7916895799	34.0193101124	34.4651042523	43.751320286	
69.2940626159	33.2430397909	34.2307756592	44.0742784078	
72.3181287564	32.5335625204	34.3362044966	44.2625207252	
71.8346274742	30.854922427	34.0679020519	45.1491908936	
72.4083813462	30.0885003377	34.1648524501	45.4375769299	
74.0961625263	29.3571925753	34.5405956027	45.6497572839	
72.9411945476	28.5445950928	34.3309175203	46.0151452289	
74.1048175122	27.1485034145	34.527557755	46.2834424215	
72.9726637868	26.380287615	34.2533787493	46.5506307922	
72.3821837766	25.4433469776	34.1655240297	47.155697327	
74.2012460971	24.7377087194	34.3570730893	47.2904159431	
73.0399110296	23.2342786309	34.1162472106	47.7337801065	
72.4536185296	22.43367032	34.0043229338	48.0504874515	
71.7863812348	21.7544596256	34.0513376076	48.1214489247	
70.5095407566	20.4409692401	34.0264016599	48.1698127915	
70.3302488342	19.6718432824	34.3849855047	48.4184356627	
70.2527221679	18.9188678908	34.5400388373	48.6250858404	
69.5969071494	18.4338556523	34.5466861425	48.2901275854	
70.7564853607	17.1984850556	34.8275706707	48.1608278281	
71.3928536209	15.9500955217	34.8575143568	48.0522464828	
71.9694794793	14.7895880752	35.0057879691	47.7702107176	
73.827947079	13.7142605916	35.1878885495	47.3215084981	
72.6123726964	13.1030879487	35.0273506253	47.2480104393	
75.1448663454	11.8744589335	35.1307507244	47.121074771	
74.059996365	11.5165625682	34.7167726638	46.545008491	
76.556347703	10.3001151311	34.8293477728	46.4252644726	
75.4321005169	10.5772892686	34.5251652839	45.8709161977	
76.0994224057	10.0458215238	34.4534457294	45.670927464	
76.750182129	9.71390476173	34.410632188	46.3347609882	
76.2960785146	11.5732697874	34.0507295051	46.4203606723	
76.3511978276	10.0197326123	33.940490879	47.0004094138	
75.1329917852	10.1156346487	33.8358930123	46.808605341	
74.5092646658	10.1874955868	33.8174697472	46.6648834648	
77.5233897032	8.93760995436	34.106195203	46.6378645174	
76.2571998846	10.3232967543	34.1031236745	46.4019420832	
75.0771755016	9.21299798353	33.9349878825	46.0943550667	
73.8411761551	9.16762259505	33.8936612985	46.1851058436	
75.6271668283	8.45602208747	34.0937707789	46.3509432499	
74.356526848	9.87813466836	34.1087224014	46.033046426	
74.2813741814	8.62604873109	34.2590277346	46.0200629297	
74.8678558154	8.05669821073	34.3469057943	45.8979226429	
74.3320898954	8.20048784597	34.1580169015	45.6103433724	
76.0427560421	7.46048713066	34.4955461266	45.8373909635	
75.5114274869	8.85731443859	34.2962737234	45.5675953747	
76.0914429649	8.19833660587	34.3908062064	45.6309876011	
74.9783074591	7.55048304078	34.1029293524	45.6696207985	
76.7318776486	9.11818126382	34.3546535543	45.040134073	
75.6300310604	8.58060012048	34.0633918255	44.8678189071	
78.0127521477	8.46733438742	34.2583354433	45.0943503732	
76.9252358913	11.0683344447	33.9399032131	44.8792797446	
78.1165677987	9.63827916944	34.033748637	45.2628810564	
77.5663502243	11.3167913451	33.8885521105	45.6427517312	
76.4669658197	9.79289848864	33.5892466682	46.1924631927	
75.8897904678	11.5068301112	33.4911178089	46.5220386367	
78.1843694546	10.1502282436	33.9254205413	46.7235120192	
76.9225793703	10.2039682111	33.9168852031	46.6160320841	
75.7279761189	9.5625453029	33.7775180759	46.6345910856	
75.0117537272	9.61972866831	33.9476835999	46.5202243547	
76.1563015158	9.59759613932	34.1852647427	46.5644894127	
74.8319155911	11.4932062902	34.2982198274	46.576994258	
76.6274810898	10.8280047882	34.5169400717	46.6374468481	
76.0408435669	10.9453692487	34.4157616682	46.4027179272	
75.3876565394	10.8073274374	34.4529083882	46.6788015498	
77.2691291391	12.9128951699	34.5120618933	46.2897647893	
76.9141175327	12.6538410355	33.9529992682	46.8078730582	
80.0983079724	13.8945446195	33.9235710626	46.8620469597	
78.9489254518	14.7875705873	33.6860785885	46.3441237817	
80.8170590263	17.8943374605	33.718924087	46.412444448	
79.7303127637	19.2186210804	33.3765228388	46.2797709816	
82.3339336791	19.6090590835	33.1705153295	46.7492035559	
81.8888273001	20.9438738866	32.8066995469	46.5876310312	
82.1321877143	22.8667200968	32.3199787183	46.4786989706	
81.7236906857	22.9341345525	31.901066876	46.3438700591	
83.4753594384	23.6532015852	32.0785632866	46.1326806325	
82.1599713288	24.9926844893	32.2559560856	45.9070982445	
81.4437851329	27.4497001878	32.4621164572	45.8979149281	
81.4340170503	26.8573342826	32.4816526225	45.8531737694	
80.6778003119	28.8160696682	32.7649680666	45.6230570959	
79.950258808	28.7544213549	32.9897528195	45.7463537227	
79.7689214739	30.4604263927	33.3524274877	46.0419341709	
79.2176112603	32.3385903374	33.2087418203	46.024524565	
78.3842757128	31.1706118168	33.6317321878	45.8731201511	
77.6540235793	32.9967616054	33.8439073067	45.9658080182	
77.0942176341	33.1452180736	33.7103028091	45.6688950816	
76.4994043873	35.0104673429	33.6534146551	45.6779404855	
77.1227700151	34.5992613065	33.6524031197	45.254632838	
76.4524511272	36.4641048177	33.7537731341	45.2427490997	
76.3781448759	36.5227128883	33.9023856369	45.1255329585	
75.8218987357	38.2990786564	33.7734852406	45.296979452	
76.4848636827	38.8982148902	33.68944921	45.3406008477	
76.4983959181	40.1362623837	33.6623847391	45.3468695146	
77.6892494457	41.3414916947	33.7623456986	45.4180789073	
76.994809201	40.7692641665	33.9076724719	45.3189802479	
78.4449148142	42.7017370249	34.7407337194	45.1873070049	
80.0444368399	42.7695740929	35.3097457742	45.0516328689	
81.737341084	43.9139591162	35.713557203	45.2892761003	
83.6022609418	43.2871458439	35.8039321687	45.269497751	
85.7358377567	45.1540056241	35.3604873763	45.3594870278	
86.9829232128	44.4208015704	35.4037967878	45.5571549734	
88.8911347104	45.6324633474	35.4047735265	45.6787645755	
91.0013483245	47.4175479702	35.0073690838	45.9316181155	
93.5957146671	47.3818996686	34.9055323104	46.0029147187	
93.7376441725	48.5000247865	34.6216732996	46.3089623887	
95.7221769932	47.7451571285	34.4661220554	46.5475262391	
96.4889199128	48.3057920875	34.204890152	46.6985102568	
97.8147156654	49.6101209737	34.093830042	46.6303838796	
99.6979075176	50.6101745634	34.1296736677	47.1650949202	
100.279759058	49.088109738	34.2420819652	47.6570018134	
102.024882957	48.4606786845	34.6080839742	47.6264473183	
101.965994152	47.7049441542	34.7258615844	47.8469476695	
102.074964512	48.2776374688	34.5079208651	47.9978094464	
102.741894241	48.2814725383	34.4690151757	47.9901393074	
104.008435188	47.6372860697	34.5243285192	47.984314626	
103.833442426	49.7318847816	34.8743140424	47.6801744614	
104.848578647	49.2465827008	35.4363505188	47.3546241638	
105.270018867	50.1114516307	35.8938831906	46.9252994145	
106.406338233	48.2502007941	36.2239312953	46.7437708334	
105.751939428	48.7476666259	36.2287792629	47.0527888103	
106.440156854	50.6739266577	36.1610929783	47.1265144486	
106.391120649	49.7737566413	36.259165389	47.6180835873	
106.869809052	48.4022557395	36.6196585921	47.725345373	
107.530310091	49.8367018119	36.6240426571	47.5072255143	
108.187266584	49.126506352	36.6322572826	47.6054888234	
107.458651959	50.5276309946	36.7657246782	47.4507632446	
108.721937627	49.3128536425	36.8862984732	47.2331728175	
107.934000137	50.9532040862	37.1399650352	46.5968887687	
107.29814239	51.071451088	37.0950940167	46.3603947651	
108.708454626	49.750511273	36.89893598	46.3778079585	
110.61094683	52.407354922	37.0219091843	46.3013974764	
111.40336265	51.0149727441	36.7472197092	46.4658775023	
109.017597095	50.2308932452	36.2859260726	46.7258303131	
110.320218463	48.4376791389	36.2900525664	46.3982046788	
109.65631748	47.934640483	36.3181119354	46.1045393928	
110.458193021	50.8675782431	36.0100659637	46.7171894296	
111.225837701	48.718903993	35.7748372347	47.1143560366	
113.280503448	49.2278178666	35.572358754	47.3988126267	
111.435729246	47.1543885398	35.3519769275	47.6357410501	
111.548180905	50.3906587002	35.127073609	47.6797461618	
112.169158812	48.432963992	35.1854110229	47.6942558947	
110.979942441	48.5847130006	34.9609039714	47.3907578774	
111.448602877	49.9221690463	35.3167612481	47.3022020847	
110.862147659	49.2673694216	35.192012829	47.3141424775	
110.179714203	49.9266104435	35.2610809172	47.2914592564	
109.424499042	51.3082545421	35.4749269839	47.1213395694	
108.940121448	50.6639873088	35.1461902537	47.1123821174	
