326.0	60.0	55.0	166.0	
320.248462752	61.1138765898	55.3967300402	166.141028306	
320.167474821	60.7259333057	55.5587059016	166.916914874	
318.394652138	58.0556658202	55.7122954999	165.473338312	
318.378006355	60.9412645682	55.7455870658	163.076456093	
317.029588305	61.7224550958	55.1016458567	161.514075038	
317.272195383	60.8029051738	54.6164317001	160.046408145	
317.562914124	61.4702376032	54.0349942186	158.711743287	
317.946719328	65.3231942982	53.267383811	157.500579952	
314.951681851	59.4020412981	52.8252412975	156.478451018	
316.806712721	63.3206141354	52.308655091	155.02825641	
318.353065187	66.0236345703	52.3793359904	152.785601372	
315.100051474	66.086783034	52.619918729	152.659304444	
316.634068102	65.544149137	52.6871911896	150.609266523	
316.602104142	64.9805213269	52.7511191091	148.629236928	
316.578072778	65.8747530738	52.799181836	146.840773435	
316.653097435	68.2640447867	52.649132523	145.117679738	
315.153893375	66.9827411728	52.6194065428	144.652152866	
313.85921223	67.5366713748	52.1878316409	143.544292462	
313.973186166	67.838995973	51.9598837688	142.939643266	
313.68571496	68.5467555271	52.5348261814	141.524124158	
313.283185892	70.6043632096	53.339884318	140.383540719	
312.913221719	71.3151585468	54.0798126635	138.961950044	
311.168664377	74.7770484734	54.6032808247	137.969463235	
310.761378072	73.2297656812	55.4178534358	138.103282396	
309.530300386	75.0647706847	54.9027889972	137.4104922	
309.939940501	75.7152369955	54.0835087666	136.109559578	
309.982352638	74.8579190082	53.9986844927	134.899495878	
307.337263017	73.4603719574	53.4773248277	134.788820526	
309.453591259	72.210195452	52.1395339987	134.39430788	
306.77257035	71.0794705547	51.7710740427	133.790506788	
308.664672575	73.2475003405	50.8368414353	132.304419058	
308.903552925	72.4048794819	50.3590807339	131.177789016	
308.945984986	75.6381975854	50.2742166127	130.285397113	
309.023747353	76.1047389465	50.1186918784	129.352314391	
309.156737875	77.9432614369	49.8527108339	128.431865515	
309.196700624	78.488000571	49.7727853356	127.342387247	
309.137049993	78.8310915346	49.8920865985	126.65620532	
310.626559294	80.8115702869	49.6268571771	125.409036996	
309.378840327	78.3097014094	49.4311860066	125.030556542	
311.057382605	79.274121775	48.7562683132	123.101715811	
312.66418798	79.8035691377	48.1850137234	122.042821085	
311.185093043	80.1649287494	48.5262914662	121.320101862	
311.269130502	80.3340284734	48.3582165481	120.981902414	
310.093445794	80.4349396799	48.1048441335	120.780080001	
310.404563252	78.7994891078	47.4826092161	121.453668326	
311.872780032	77.7443301441	47.1420482499	120.968113659	
311.737977706	79.7297929235	47.4116529016	119.579983112	
311.675766552	78.9223722063	47.5360752103	118.627164174	
312.819911511	83.2029604241	47.8039550235	117.734496931	
312.597230611	81.0707249956	48.2493168238	116.902791027	
311.362753013	81.9288604238	48.1742510649	115.186520171	
313.012677113	85.1542581865	47.3923195931	113.771558102	
313.026461618	83.8965999503	47.3647505825	113.803262485	
311.944232146	84.2560123336	47.0456291501	113.084437719	
312.327960973	85.6862908137	46.2781714974	112.691419771	
313.779196627	85.3066037235	45.8239316821	113.450793951	
313.974503875	82.3770882935	45.4333171868	114.407648005	
314.194202003	81.0196974801	44.9939209318	114.664537254	
315.571335482	81.0198953136	44.6933834887	114.664141587	
314.073911415	82.4045475384	45.2398890585	114.343179702	
315.541996161	80.924806465	44.7572274779	114.849153938	
315.642605187	83.510578403	44.5560094256	114.58189979	
316.164642127	82.1872610103	43.5119355463	114.783835008	
316.624658093	83.3601959892	42.5919036143	114.866821583	
316.388322467	82.5011384808	43.0645748653	114.171459744	
316.290815535	80.4559595753	43.2595887294	113.437763568	
316.535025543	84.2039437985	42.7711687133	113.156823174	
317.670982371	82.0172791717	42.8914532779	112.745755985	
316.22873244	81.9499717433	43.3874883437	112.880370842	
314.832426077	81.6019893484	43.7807951239	113.576335632	
313.565430164	81.7434716692	43.898430621	113.29337099	
314.826802272	81.9890945971	43.790088604	112.802125134	
315.026085455	85.8519194773	43.3915222384	112.292685056	
315.183050561	84.9186975991	43.0775920263	111.768189157	
313.856657963	86.7442268066	43.3526009122	110.494907052	
314.107147411	87.6770534472	42.8516220155	108.629253771	
314.257966169	88.3194010992	42.5499845	107.344558467	
313.073527925	88.7548173427	42.6141114357	106.47372598	
314.684760191	86.6604218947	41.6850096844	106.075791314	
313.75772953	88.0287622857	41.2680371744	105.610144365	
315.072317082	88.3690824095	40.8957381446	104.929504118	
313.893462093	89.6248494314	41.0130217526	104.658396444	
314.991034696	87.3595591185	41.0565066472	104.711716868	
312.653697685	88.3489413283	41.2508307216	104.973127423	
314.002786369	86.0099512302	40.8000642562	105.156285813	
313.095023052	87.4550027103	40.3736206127	104.508153132	
315.379318213	87.9775700614	40.2550593971	103.46301843	
313.057986601	88.4914153891	40.481970729	102.435327774	
315.524321259	87.6552475473	39.9436286438	101.910499842	
313.576477785	86.6718661258	39.479343398	101.697276587	
317.935276285	87.3364685242	39.4361693261	100.36807179	
315.380638301	88.1047993375	40.2479864899	98.8314101639	
313.063367493	87.4440496697	40.6003288728	98.0118098828	
314.321053063	87.684334786	40.220503771	97.5312396502	
313.322753362	87.9799956452	40.0952399932	96.9399179318	
314.531916144	88.6384349459	39.78802044	97.734145342	
313.733165703	88.8321960014	39.2684265957	97.346623231	
314.187814461	87.5238744637	38.3591290801	97.8610130664	
314.428004507	89.6335800236	37.8787489884	97.8284237922	
314.689472382	91.0207506617	37.3558132382	97.1384191644	
313.751354528	89.925444887	37.1670016695	97.263983438	
313.874790856	88.9209675433	36.9201290129	97.2094785432	
315.071997734	90.9433071262	36.5839564798	97.2812818193	
314.042962954	91.4775273037	36.5888027479	96.2128414642	
312.963417705	93.1521645716	36.7099056797	94.9015544943	
312.03223278	91.1762601878	36.5509367368	94.8106856762	
312.529917667	87.5688562661	35.5555669631	95.9739461599	
312.921201525	86.6658789134	34.7729992471	95.7639426032	
314.962865988	86.1521560956	34.6873036207	94.7925715888	
314.140382765	87.0897840497	34.348900855	94.9006848928	
315.094008094	88.3556382188	34.4204469586	94.3477733164	
314.150965712	86.1935873527	34.334350374	94.7275123509	
317.061191216	91.373410411	34.4420696124	94.2481499783	
315.194639424	89.2705519817	34.2328799488	94.5115735901	
317.027735868	91.4281355805	34.5089517829	94.1386711149	
315.158345096	90.9617810688	34.3061567629	93.100591856	
317.200953969	90.5138560273	34.1254706697	92.0441761133	
314.267434723	91.3570545934	34.1908774844	92.2916562065	
316.297843897	92.7377876239	34.0072623846	93.407393393	
316.05660657	88.2596362643	34.4897370373	94.5586690476	
317.095092759	90.6108278536	34.3892161425	93.8091888326	
315.123098582	90.4724243271	34.4053855826	94.0859958855	
315.237488805	88.3021434382	34.1766051357	94.4902312593	
315.468689875	89.3683304935	33.7142029947	94.3276659392	
315.669531747	88.6455996685	33.3125192523	93.8140178962	
315.861812874	87.8424699717	32.9279569984	93.4757908236	
315.775737829	90.4590396325	33.1001070881	92.1080022132	
314.828471683	89.8345552201	33.0783823252	91.4407139839	
314.938296442	90.077019031	32.8587328069	90.9557863622	
314.972934431	89.2074910044	32.7894568303	90.7994297134	
314.960317547	88.3341166902	32.8146905985	90.654255452	
313.884972539	90.1764815502	33.0750770935	90.7501327725	
313.039725345	89.2053532957	32.8691867815	90.7960045815	
313.167412269	87.2486730078	32.6138129338	90.9227313524	
313.975956948	87.5922284641	32.8872283707	90.2356204397	
312.895909776	87.6406250417	33.1616955886	90.1388272844	
314.801887824	88.7676322776	33.1281409725	89.7740135527	
313.984348796	90.6267089882	32.8798472369	89.8226037168	
312.862691641	90.4478979879	33.2435779381	88.300642108	
312.9123326	90.8167983593	33.1442960193	87.5628413652	
313.927116489	94.2603996629	32.9667040091	86.2315660632	
312.806809673	95.2803067757	33.3776334843	84.1917518376	
314.834205758	94.8804210196	32.9383152139	83.1837864	
312.992618502	94.1438663452	33.0507208165	82.8715112934	
313.145542511	95.2605696506	32.7448727985	82.4210041503	
313.315209936	93.1797588908	32.4055379484	83.0407187259	
312.575457492	93.5157670448	32.1112483076	82.368702418	
312.74381079	92.5741918274	31.7745417115	82.4929869329	
312.003165111	93.4396451462	31.5012183879	82.5166949779	
312.317714673	92.9671923238	30.8721192626	83.4616006228	
312.439022269	92.8724665553	30.6295040713	83.6510521598	
312.179886061	97.5112990646	31.1477764882	81.3757841918	
312.406182888	94.6285540283	30.6951828332	81.9592972982	
311.725977224	94.145763811	30.3280394472	82.9248777328	
312.485483789	94.3480400823	30.5437859216	82.5203251902	
311.863935403	90.8639920495	30.0540192927	82.5569676532	
312.929880022	94.0760648494	29.646672132	83.030990367	
312.333817549	91.4056679147	29.1148526353	83.1999509076	
311.510859545	93.4777454447	29.0440659398	82.4892012536	
311.565630312	91.9240447294	28.9345244068	82.1860612698	
310.617907515	93.5846389028	29.1310169936	80.5638259304	
311.47976832	92.9050064539	29.0866311655	80.2437550468	
309.189882329	93.4338367154	28.6445380111	80.8600495688	
310.897767563	91.7628328779	28.5782727479	80.8525520401	
311.110022073	93.2272103708	28.1537637273	81.2706824879	
310.364091677	92.320230634	27.9739312783	81.4129487211	
310.961919322	95.0987506747	28.4487225782	80.8672484083	
309.183867667	95.4711951801	28.6622260104	80.1223593974	
309.01410703	95.1399146461	29.0017472842	79.1203863371	
310.504433483	97.5048007046	29.3337894767	77.7033093196	
308.821713497	94.6087562919	29.4151644109	78.5693005881	
307.868396639	96.1089614597	29.6658858837	77.2248024966	
309.635741246	94.9996480494	29.4134667549	77.8022942742	
308.311745681	92.9865316726	28.7716869808	78.5387561234	
308.418922561	94.6498357094	28.5573332219	78.4998815849	
308.920950196	95.1135179803	29.192714039	77.572517043	
309.39893524	96.0737970786	29.8743622959	77.2895771919	
310.695962742	97.3593187052	30.5719185204	76.3643395524	
309.501467105	96.8807389049	31.3159280713	75.6765174307	
310.056852237	97.4031368302	31.853474852	74.6317215799	
309.86935759	98.23931309	32.2284641464	74.6021237006	
308.573643161	96.4075309018	33.1709385359	73.3188246721	
308.303288536	94.9143188119	33.7116477858	73.0113709965	
306.763269255	99.1796404092	33.487798029	72.7404485989	
307.347920348	97.7509288148	32.3184958426	73.9537857664	
308.305420706	96.9272677064	32.0446503344	73.9599527761	
307.034130597	94.6359991459	31.3144042284	75.2696635748	
306.53869654	94.5489943861	30.6628540264	75.4436730943	
309.034455531	97.1518436778	30.5713628549	75.1380013209	
307.441033841	94.7797149901	30.5035908731	76.627643334	
307.705010746	96.140398121	29.9756370625	77.2013801131	
307.698389958	98.2169141331	29.9888786393	76.341057039	
307.047002273	96.9398041613	29.6574268155	77.2610497889	
309.217833892	96.5661594505	30.2402742424	76.366835655	
310.23500945	98.379839642	29.8450171724	76.0176633644	
309.316965057	97.4922132452	30.0541026893	74.5389096179	
309.578896479	97.801237639	29.5302398449	73.9208608303	
309.162424797	98.4148923276	28.7719696239	74.284765038	
311.150341463	97.7536868651	27.9618959591	74.0242961293	
311.406315551	96.7478396589	27.4499477828	74.4713978786	
311.672511866	96.9012745228	26.917555153	75.7263015315	
314.542526289	97.6367741716	27.4578721908	74.2553022339	
312.82239752	99.7754524688	27.7804856073	73.0955897608	
315.036449696	99.0132544037	27.9964103603	71.523966488	
313.329987663	99.9253911242	28.3507045135	69.6996930471	
311.828547829	100.483190045	28.3348141673	70.0934802136	
312.537039255	99.8975107007	28.4326071629	69.7500630536	
313.269968066	100.509099243	28.4783188864	68.5268859687	
311.160655557	99.7301211133	28.2127257255	68.5901028357	
310.623093889	100.039137083	27.7969167501	67.9720708973	
311.652546807	99.1173553212	27.2126346075	68.3410107279	
311.18032841	99.7062856391	26.6875502479	68.632671245	
310.784959821	98.5652941835	26.0139663623	69.4503330922	
310.890287622	98.5479422121	25.8033107601	69.4850370349	
310.820333353	100.033257168	25.9432192974	69.4357150883	
312.993968335	100.025536475	25.9833570269	69.4511564727	
312.384596567	101.423356332	25.7386869129	68.1189304081	
313.223190474	102.617852876	25.5014093233	67.169847544	
313.295696598	102.848702037	25.3563970754	66.7081492224	
314.114623365	101.110042553	25.1313437467	67.3598677772	
314.22545607	99.9668471263	24.9096783362	68.2281650392	
313.49764285	99.6901170796	24.9387786605	67.355099016	
314.422587016	99.8812727273	24.5034435107	66.9727877207	
314.578995716	99.7966530498	24.190626111	67.1420270757	
314.70846839	100.761812258	23.9316807622	66.6096911224	
314.852941976	99.9738538542	23.6427335898	66.7999255045	
316.321943448	98.7538443357	23.4710531473	66.4736220413	
316.801672062	100.642109779	23.8869806448	65.4478606063	
317.221634294	100.414285339	24.4153133806	64.5352522882	
317.685373161	101.741593366	24.852545987	64.6100569138	
317.407369468	102.112752721	25.408553373	63.867738205	
317.242401605	102.492633259	25.7384890983	63.1079771287	
316.05794959	98.6469973874	25.3716604521	63.9599171831	
315.855813321	102.359503319	25.7759329909	63.4028651374	
315.283413424	102.422855767	25.5479495435	63.2761602418	
314.823334743	101.799901738	25.1012115162	63.1551729111	
315.741904184	102.213004265	24.6212536122	62.3289678574	
315.174493064	101.885547546	24.4193589428	62.983881295	
315.310397401	103.183787284	24.1475502686	63.0724334874	
314.844612562	101.363380386	23.740209478	64.0354263466	
315.104120669	99.2276229367	23.2211932636	65.6161678423	
315.060050042	101.333541962	23.3093345191	65.4801408996	
315.150158289	99.1874534372	23.1291180236	65.6975382932	
315.034809027	98.9165366528	23.3598165475	64.8812780905	
315.104379237	102.134854501	23.2206761289	65.1977220477	
316.541145916	100.216516189	23.0523768299	64.9765475839	
317.166371306	99.9403616909	23.1483304797	64.1824521501	
317.726600218	100.189522813	23.364667738	63.6841299055	
317.551829664	101.846395836	23.7142088464	63.0375404016	
317.331035237	102.915924973	24.1557977	62.2291008527	
317.740645628	103.116719203	24.6635255821	61.8275123934	
316.788969727	104.777236102	25.2366198858	61.1669935936	
318.913748188	99.6747774024	24.9799119362	62.0552633902	
316.385732422	100.62501288	24.6792135481	62.8331573951	
317.692848851	102.472124583	24.7549886475	63.1739459243	
317.656623844	98.8293874404	24.8274386622	63.7031230893	
318.266770753	102.144238813	24.9673072231	62.514069867	
316.807151414	106.182426435	25.1954194539	62.5110739694	
316.845185738	102.206736075	25.119350806	62.36491366	
320.203344121	104.643643143	25.1336773627	61.5294855183	
319.150639734	103.760032937	24.5703936464	61.9623596857	
316.540425709	104.11432871	24.4686849979	61.2537681398	
318.553246731	102.399354466	24.398604917	60.7281546628	
318.002403007	103.685531096	24.1905894398	60.7752072554	
317.529986294	104.332123762	23.8287558195	60.78868897	
317.4453636	106.100271244	23.9980012078	61.1535671477	
316.454159783	104.900049445	24.6717431061	60.9366792757	
316.255444134	105.99753791	25.0691744032	60.0592786561	
315.453262116	101.717887962	25.3615490879	60.7466424473	
314.974836116	100.691451714	24.9912993799	61.4724132341	
316.200303486	102.720334495	25.2023420654	61.4076138098	
316.375235011	102.29529623	24.8524790158	62.2576903395	
318.09780216	102.660917411	24.0869904697	64.206093729	
316.808541848	99.6631912308	23.9573472289	64.7852183633	
317.600745777	100.697972753	23.7329817311	65.4357400364	
319.422942355	99.8304480237	24.1844856168	64.4401914658	
315.458319632	99.2295264381	23.9585721612	64.2828414866	
318.648391155	101.028778673	24.3427702536	63.3900734713	
316.176735475	99.3902926201	23.8981816964	63.9730956195	
317.043012259	101.631775734	23.5129697068	63.5321541289	
317.431793168	102.884630843	24.0694873732	62.3605233965	
316.765231887	101.29008344	24.0753212318	62.895040792	
317.284964289	101.330775897	24.3709237153	62.8136558779	
314.101730365	102.121183146	25.3805825008	62.572043645	
316.71656497	100.64345224	25.5659881768	62.8199680136	
312.313675853	107.660585854	27.5685473161	61.0314951565	
314.391317421	103.625482896	27.5237787797	60.8806718739	
313.009655801	103.606249264	27.5527110712	60.9191391373	
314.800830612	100.852408147	26.7068851794	62.3220357773	
314.673246871	99.6088219829	26.9620526597	63.4355103767	
314.094810171	101.708829652	26.7246122912	63.4184363458	
314.979135298	101.612895499	26.3458237407	63.6103046509	
315.068544001	102.297949511	26.1670063343	63.6261079213	
312.653940273	105.63833287	26.8473302394	62.4771859373	
311.906703452	100.664204356	26.9633789883	62.776468706	
315.601707952	100.590456526	26.497399924	62.9239643648	
315.270858066	99.559963048	25.780408623	63.6062602486	
315.79016396	98.892851292	26.1175906735	63.5646899234	
314.112542274	104.621078908	26.7104407556	64.5390044921	
314.073691597	100.68444445	26.7881421099	63.9775359559	
316.591986314	100.044284919	25.9487446087	65.2578550182	
314.234918289	99.6404916544	26.4551469028	66.0654415474	
315.866346022	99.8364592484	26.0387785884	65.6735063593	
318.7537396	102.186494565	25.904659437	65.2039367307	
317.641796379	101.324821601	26.7275313946	64.1252536874	
320.338365404	102.349634427	26.9348791034	63.4757494749	
320.36813644	100.946785354	26.8753370303	63.4926187739	
320.756016569	103.105728557	27.4931806755	61.9619401757	
320.391933869	103.051554308	28.2213460764	60.6879384528	
317.842928072	105.049380019	29.1895262979	59.445507944	
319.29017664	102.962238181	29.0457217695	59.4937527113	
318.57698333	102.595569038	29.0985524882	60.2270909971	
317.02682324	103.644659453	29.428503585	59.5140947092	
318.685726678	102.473138264	28.8716819205	60.4766444811	
315.217004701	104.904374685	28.884733699	59.7688069441	
315.841505852	102.848206247	29.0105078268	59.7568145266	
316.617216484	103.660764631	28.8358738035	60.8852722362	
317.828077081	104.383376927	29.1945777173	60.8302601987	
319.127528976	105.109699787	29.3869906014	60.7732728163	
321.056384789	105.92280543	29.7237985998	60.5452347391	
319.709398925	101.404011932	29.6163892794	61.1786785896	
331.578613632	82.795286869	31.2234013673	58.9698863781	
328.946831562	79.9719953276	32.2765750147	57.599151973	
335.900864178	82.5182791828	32.3810176573	56.7103366254	
331.23393683	83.9280552651	31.9857589785	56.6705311396	
330.602835097	78.2743208309	31.8653961929	56.9174700032	
329.215533104	81.3707206706	31.8716600469	56.2613505896	
329.817362465	81.3216941887	32.0425720517	56.3594035533	
329.726350832	81.9079992797	32.2245953164	56.5657205605	
328.558554605	83.5455870261	31.7900382871	57.4457692941	
327.699426232	81.7479223233	32.1176024998	56.8690210991	
328.22594181	80.5800820955	31.0645713424	59.2047015546	
329.10054014	79.8115508189	30.7195636017	59.3375751896	
330.895067687	81.8151376399	31.3311277361	58.1308143673	
328.678813522	83.1380982348	31.5847675096	58.2708055487	
329.991565151	81.9916320205	31.7579846051	57.765017624	
330.965580773	82.9483343299	32.5996719564	57.2464723028	
326.847408731	80.4168896107	32.4268520459	58.1047797442	
330.924192496	82.2000425519	32.7409960003	57.3610443564	
332.31110696	82.9400092023	32.7784162717	57.2867356552	
329.680703002	83.3414544711	32.4185870624	57.8890043986	
336.607797305	84.6305441717	32.6439449606	58.1267342981	
329.887420989	83.8239459434	31.9316296262	59.7399307546	
331.481162825	84.0153982056	31.5980350669	60.7839707871	
331.426650109	80.50496659	31.7070604996	60.6219877152	
334.057055925	84.1965937148	30.7544427107	61.8551211533	
330.178709002	79.0767188652	31.322579217	62.0308905776	
337.298646479	81.1090709332	31.5838284324	62.3165236924	
328.905626436	80.411783067	30.8641353171	63.7110994247	
331.078811799	77.4515457034	32.3847445711	62.2978491774	
328.941530876	79.0317244213	32.2422753691	63.5545227907	
326.712923727	78.3485807686	32.2345072258	64.920810096	
329.915633026	80.5131608235	33.370101005	63.6080549368	
325.874739004	79.4487908598	33.9091822926	62.7197121612	
326.042858365	79.2761064884	33.5729435688	63.0650809039	
324.180961608	78.5121362474	32.7846264691	64.593021386	
324.462390415	79.9723478046	32.221768855	66.2113428316	
326.560878039	80.128522748	31.0784915804	67.4258419308	
328.343750785	74.8062925586	32.0866042921	67.3979664997	
326.083552317	75.5244750646	31.9815518163	67.503417958	
328.599711959	77.3078132707	31.5738016225	68.5613106364	
323.266897251	78.3757260342	31.3908080992	69.5250916639	
320.205175836	95.6936748786	31.2718415516	69.2224455522	
325.139218241	78.6749095733	30.7284722833	70.6234717664	
322.131592765	78.2650258437	30.48422201	71.4432392257	
323.298672778	80.1254788851	29.7224851529	72.4396026488	
324.138664321	79.074792783	29.6158008876	72.9676760319	
324.764776381	78.4200091106	29.9425887391	72.698231405	
324.745446739	76.7540006671	29.9812480233	72.8683625105	
323.632743538	77.5121562663	30.6225702579	72.9361354784	
322.131397901	77.6472395735	30.432362833	74.2624182135	
325.267851	77.1640996832	30.6083026423	73.6164864925	
323.45572601	79.0232990468	31.0205130383	73.1101273494	
322.798801462	78.5283138385	30.7283480823	74.100097766	
323.788440707	80.3927941447	30.3642009294	75.216531167	
325.383862739	79.0888336199	30.4228528815	74.5749562	
325.305822074	77.7653417698	32.1954823282	72.3722955494	
322.186155494	77.785712118	31.9705599322	73.947618742	
322.951785779	77.8528034645	32.0742258478	73.8134360491	
322.802105108	77.5546054708	32.3735871908	74.4098320364	
322.721455044	76.5947357518	32.5348873184	74.6808392796	
325.439512904	77.0529484636	32.065279187	75.4199163858	
321.781147207	76.5810515841	32.7504141447	74.7058110355	
322.035435746	76.2707073099	32.2418370676	75.3264995841	
323.538586084	75.2484726349	32.5548800072	75.7112971254	
321.936576873	74.6411261675	32.4173537597	75.2552177246	
321.426403727	76.0185811117	31.7759572003	75.8237935362	
321.119309727	75.0934559608	32.3901452002	76.0154349201	
321.407285083	75.4419610471	31.8141944879	76.9906831658	
323.382743509	75.7095405087	31.2155408896	78.1316558688	
321.744760945	75.727502136	32.8095949473	76.4138215452	
323.704335975	77.1067854196	32.2613216155	77.0261317054	
322.645699669	76.2289504356	32.6940129818	75.4126391815	
321.791383827	78.612538729	32.7337375652	75.652183897	
323.790382257	77.4993632645	32.0818931263	76.2054586152	
