306	160	11	12
306	160	11	12
306	159	11	12
307	157	11	12
308	157	11	12
308	157	11	12
309	158	10	11
309	158	10	11
309	158	11	12
309	158	11	12
308	158	11	12
307	158	12	13
306	158	12	13
306	157	12	14
306	157	12	14
305	156	12	14
305	156	12	14
303	155	13	14
303	155	13	14
304	155	12	13
304	155	12	13
304	155	12	13
304	156	11	12
304	156	11	12
304	156	11	12
303	156	11	12
303	156	11	12
303	156	11	12
303	156	11	12
303	155	12	13
303	155	12	13
303	155	12	13
303	155	12	13
303	156	11	12
303	156	11	12
303	155	12	13
303	156	11	12
303	154	12	13
304	154	12	13
305	154	12	13
305	154	12	13
306	155	12	13
307	159	12	13
309	166	12	13
308	168	11	12
307	169	11	12
306	169	10	11
305	169	10	11
305	169	9	10
305	169	10	11
304	169	10	11
303	169	9	10
302	169	9	10
301	170	9	10
301	170	9	10
301	169	9	9
300	169	8	9
300	169	8	9
300	169	8	9
300	169	8	8
300	170	8	8
300	170	8	8
300	169	8	8
300	170	8	8
300	170	8	8
299	170	8	8
298	170	8	8
298	170	8	8
298	170	8	8
298	170	8	8
297	170	8	8
297	170	8	8
297	170	8	8
297	170	8	8
297	170	8	8
297	170	8	8
297	170	8	8
297	170	7	8
297	170	7	8
298	170	7	8
297	170	7	8
297	170	7	8
297	170	7	8
297	170	7	8
297	170	7	8
297	170	7	8
297	170	7	8
297	170	7	8
297	170	7	8
297	170	7	8
297	170	8	8
297	170	8	8
297	170	8	8
297	170	8	8
297	170	8	8
297	170	8	8
297	170	8	8
297	170	8	8
297	170	8	8
297	170	8	8
297	170	8	8
297	170	8	8
297	170	8	8
297	170	8	8
297	170	8	8
297	170	8	8
297	170	8	8
297	170	8	8
297	170	8	8
297	170	8	8
297	169	8	8
297	170	8	8
297	170	8	8
297	170	8	8
297	170	8	8
297	170	8	8
297	170	8	8
297	170	8	8
297	170	8	8
297	170	8	8
297	170	8	8
297	170	8	8
297	170	8	8
297	170	8	8
297	170	8	8
297	170	8	8
297	170	8	8
297	170	8	8
297	170	8	8
297	170	8	8
297	170	8	8
297	170	8	8
297	170	8	8
297	170	8	8
297	170	8	8
297	170	8	8
297	170	8	8
297	170	8	8
297	170	8	8
297	170	8	8
297	170	8	8
297	170	8	8
297	170	8	8
297	170	8	8
297	170	8	8
297	170	8	8
297	170	8	8
297	170	8	8
297	170	8	8
297	170	8	8
297	170	8	8
297	170	8	8
297	170	8	8
297	170	8	8
297	170	8	8
297	170	8	8
297	170	8	8
297	170	8	8
297	170	8	8
297	170	8	8
297	169	8	8
297	170	8	8
297	170	8	8
297	170	8	8
297	170	8	8
297	170	8	8
297	170	8	8
296	170	8	8
295	169	7	8
293	169	7	8
293	166	7	8
292	164	7	8
291	161	7	8
291	159	7	8
291	161	7	8
289	162	7	8
288	162	7	8
287	162	7	8
286	161	7	8
284	160	7	8
284	159	7	8
283	159	7	8
282	159	7	8
282	159	7	7
281	161	7	7
281	161	7	7
