228	61	32	37
228	60	32	37
228	60	31	36
227	60	31	36
227	60	31	36
228	60	31	36
227	60	31	36
227	60	31	36
227	60	31	36
227	60	31	36
226	60	31	36
226	60	31	36
226	60	31	36
226	60	31	36
226	61	31	36
226	61	31	36
226	61	31	36
226	61	31	36
225	61	31	36
225	62	31	36
224	62	31	36
222	64	30	35
217	65	30	35
215	64	30	35
213	64	31	36
211	66	31	36
210	67	32	37
209	67	32	37
208	66	33	38
208	67	33	38
207	68	33	38
205	69	33	38
205	70	33	38
204	71	33	38
204	72	33	38
203	72	33	38
203	72	33	38
202	72	33	38
201	72	33	38
200	72	33	38
200	72	33	38
198	73	33	38
197	73	33	38
194	73	33	38
193	73	33	38
191	73	33	38
190	73	33	38
189	74	33	38
187	74	33	38
186	74	33	38
185	76	33	38
184	76	33	38
183	77	33	38
182	77	33	38
181	77	33	38
180	77	33	38
179	77	33	38
178	77	33	38
177	78	33	38
176	79	33	38
175	79	33	38
175	79	33	38
173	80	33	38
172	80	33	38
171	80	32	37
170	80	32	37
168	80	32	37
168	80	32	37
167	80	32	37
164	80	32	37
163	81	32	37
162	81	32	37
161	80	32	37
160	80	32	37
159	80	32	37
157	80	32	37
156	80	32	37
154	80	32	37
152	80	32	37
151	80	32	37
149	80	32	37
147	80	32	37
146	80	32	37
143	80	33	38
141	79	33	39
139	79	34	40
137	79	34	40
136	80	34	40
134	80	34	40
132	81	34	40
130	81	34	40
126	81	34	40
123	81	34	40
120	82	34	40
118	83	34	40
118	83	34	40
118	83	34	40
120	83	34	40
122	84	34	40
124	84	34	40
126	84	34	40
129	84	34	40
131	85	34	40
133	86	33	39
137	86	33	39
140	86	33	39
143	86	33	39
146	86	33	39
149	86	33	39
152	85	33	39
157	85	33	39
160	84	33	39
164	83	33	39
168	83	33	39
173	83	33	39
177	83	33	39
181	83	33	39
184	83	33	39
189	83	33	39
192	83	33	39
195	83	33	39
198	82	33	39
202	80	33	39
205	79	33	39
209	78	33	39
212	78	33	39
213	77	33	39
215	77	33	38
217	77	33	38
218	77	33	38
220	77	33	38
221	77	33	38
223	76	33	38
225	75	33	38
227	75	33	38
229	74	33	38
230	74	32	37
232	73	32	37
235	72	32	37
237	72	32	37
240	71	32	37
244	71	32	37
246	69	33	38
249	69	33	38
252	69	33	38
255	69	32	37
258	68	32	37
261	67	32	37
263	66	31	36
264	66	31	36
265	64	31	36
266	62	31	36
268	59	31	36
269	57	31	36
271	54	32	37
271	53	32	37
272	52	32	37
272	51	32	37
272	50	32	37
272	50	32	37
273	49	32	37
274	47	32	37
276	43	32	37
277	41	32	37
277	39	32	37
277	37	32	37
275	38	31	36
275	37	31	36
275	35	31	36
274	34	31	36
274	33	31	36
274	34	31	36
273	35	31	36
273	35	31	36
273	36	31	36
273	36	31	36
273	36	31	36
273	36	31	36
273	37	31	36
273	37	31	36
273	37	31	36
274	38	31	36
274	38	31	36
274	40	31	36
273	41	31	36
273	42	31	36
273	43	31	36
274	43	31	36
275	43	31	36
275	43	31	36
275	44	31	36
275	44	30	35
275	44	30	35
275	45	30	35
275	45	30	35
276	46	30	35
276	48	30	34
276	49	30	34
277	51	29	34
277	52	29	34
277	53	29	34
277	54	28	33
277	54	28	33
277	55	28	33
277	56	28	32
277	56	27	32
277	57	27	32
277	58	27	31
277	58	27	31
277	59	27	31
277	60	27	31
276	61	26	30
277	62	26	30
277	62	26	30
277	62	26	30
277	62	26	30
275	66	26	30
274	67	26	30
274	67	26	30
274	68	26	30
274	68	26	30
275	68	26	30
275	68	26	30
275	68	26	30
276	69	25	29
275	69	25	29
276	67	25	29
276	69	24	28
276	69	24	28
276	68	24	28
276	68	24	28
276	68	24	28
276	68	24	28
276	68	24	28
274	68	24	28
274	67	24	28
273	68	24	28
273	68	24	28
270	67	24	28
262	75	24	28
260	77	24	28
259	77	24	28
257	78	24	28
256	80	24	28
256	81	24	28
253	81	24	28
253	80	24	28
252	80	24	28
251	80	24	28
250	80	24	28
250	80	24	28
249	79	24	28
249	80	24	28
248	80	24	28
247	80	24	28
246	80	24	28
243	80	24	28
242	81	24	28
242	81	24	28
242	81	24	28
241	81	24	28
241	81	24	28
240	81	24	28
240	81	24	28
240	81	24	28
240	81	24	28
240	81	24	28
240	81	24	28
241	81	24	28
242	81	24	28
242	81	24	28
243	80	24	28
244	79	24	28
245	80	24	28
246	80	24	28
246	80	24	28
246	80	24	28
246	79	24	28
246	79	24	28
247	79	24	28
246	79	24	28
246	79	24	28
247	78	24	28
247	79	24	28
247	79	24	28
247	79	24	28
247	80	24	28
247	80	24	28
247	80	24	28
247	80	24	28
247	80	24	28
247	80	24	28
248	80	24	28
248	79	24	28
248	79	24	28
248	79	24	28
248	80	24	28
248	80	24	28
248	80	24	28
248	80	24	28
247	80	24	28
247	80	24	28
247	80	24	28
247	80	24	28
247	80	24	28
246	80	24	28
246	80	24	28
246	80	24	28
245	80	23	27
245	80	23	27
245	80	23	27
245	81	23	27
245	81	23	27
245	81	23	27
245	80	23	27
245	80	23	27
245	82	23	27
245	82	23	27
245	81	23	27
245	82	23	27
244	81	24	28
245	82	23	27
245	81	23	27
245	80	23	27
244	80	23	27
246	81	23	26
241	81	23	26
243	75	23	26
245	67	23	27
243	67	23	27
239	69	23	27
237	70	23	27
235	70	23	27
236	67	23	27
234	67	23	27
233	67	23	27
231	70	23	27
232	70	23	27
231	69	23	27
231	69	23	27
232	68	23	27
232	69	23	27
231	69	23	27
232	69	23	27
232	68	23	27
233	68	23	27
233	69	23	27
232	70	23	27
232	70	23	27
231	69	23	27
232	69	23	27
232	69	23	27
231	70	23	27
231	70	23	27
232	69	23	27
231	70	23	27
231	71	23	26
231	70	23	26
231	71	23	26
231	71	23	26
231	71	23	26
231	71	23	26
231	71	23	26
231	71	23	26
231	71	23	26
231	71	23	26
231	71	23	26
231	71	23	26
231	71	23	26
231	71	23	26
231	71	23	26
232	71	23	26
232	70	23	26
232	69	23	26
232	70	23	26
232	70	23	26
232	70	23	26
232	70	23	26
232	70	23	26
232	70	23	26
232	70	23	26
232	70	23	26
232	70	23	26
232	70	23	26
232	70	23	26
232	70	23	26
232	70	23	26
232	70	23	26
232	70	23	26
232	70	23	26
232	70	23	26
232	70	23	26
232	70	23	26
232	70	23	26
232	70	23	26
232	70	23	26
232	70	23	26
232	70	23	26
232	70	23	26
232	70	23	26
232	70	23	26
232	70	23	26
232	70	23	26
232	70	23	26
232	70	23	26
232	70	23	26
232	70	23	26
232	70	23	26
232	70	23	26
233	69	23	26
233	70	23	26
233	70	23	26
233	69	23	26
233	70	23	26
233	70	23	26
233	70	23	26
233	70	23	26
233	70	23	26
233	70	23	26
233	70	23	26
233	70	23	26
233	70	23	26
233	70	23	26
233	70	23	26
233	70	23	26
233	70	23	26
233	70	23	26
233	70	23	26
233	70	23	26
233	70	23	26
233	70	23	26
233	70	23	26
232	70	23	26
232	70	23	26
232	70	23	26
232	70	23	26
232	70	23	26
232	70	23	26
232	70	23	26
232	70	23	26
232	70	23	26
232	70	23	26
232	70	23	26
232	70	23	26
232	70	23	26
232	70	23	26
232	70	23	26
232	70	23	26
232	70	23	26
232	70	23	26
232	70	23	26
233	70	23	26
233	70	23	26
233	70	23	26
233	70	23	26
233	70	23	26
233	70	23	26
233	70	23	26
233	70	23	26
233	70	23	26
233	70	23	26
232	70	23	26
233	70	23	26
233	70	23	26
233	70	23	26
233	70	23	26
233	71	23	26
233	71	23	26
233	71	23	26
233	71	23	26
233	71	23	26
233	71	23	26
233	71	23	26
233	71	23	26
233	71	23	26
234	70	23	26
234	70	23	26
234	70	23	26
234	70	23	26
235	70	23	26
236	70	22	26
235	69	22	26
235	70	22	26
236	71	22	26
237	71	22	26
238	71	22	26
240	72	22	26
240	72	22	26
239	71	22	26
240	71	22	26
240	72	22	26
239	72	22	26
238	72	22	26
238	72	22	25
238	72	22	25
237	71	22	25
236	70	22	25
235	70	22	26
236	70	23	26
235	70	23	26
235	70	23	26
235	70	23	26
235	70	23	26
235	70	23	26
235	70	23	26
235	70	23	26
235	70	23	26
235	70	23	26
235	70	23	26
235	70	23	26
235	70	23	26
235	69	23	26
235	69	23	26
235	69	23	26
236	69	23	26
236	69	23	26
236	70	23	26
236	69	23	26
235	70	23	26
235	69	23	26
235	69	23	26
235	69	23	26
235	69	23	27
235	70	23	27
235	70	23	27
235	70	23	27
235	69	23	27
235	69	23	27
234	69	23	27
235	69	23	27
235	69	23	27
235	69	23	27
235	69	23	27
235	69	23	27
235	69	23	27
235	69	23	27
235	69	23	27
235	69	23	27
235	69	23	27
235	69	23	27
235	69	23	27
235	69	23	27
235	69	23	27
235	69	23	27
235	69	23	27
235	69	23	27
235	69	23	27
235	69	23	27
235	69	23	27
235	69	23	27
235	69	23	27
235	69	23	27
