395	181	9	13
394	180	9	13
394	180	8	12
394	180	8	12
394	180	8	12
394	179	8	12
394	179	8	12
394	179	8	12
394	179	8	12
394	179	8	12
393	179	8	12
393	179	8	12
393	179	8	12
393	180	8	12
393	180	8	12
393	180	9	13
393	180	8	12
393	180	8	12
393	181	8	12
393	181	8	12
393	181	8	12
393	181	8	12
393	181	8	12
393	181	8	12
393	181	8	12
393	181	8	12
393	181	8	12
393	181	8	12
393	181	8	12
393	181	8	12
393	181	8	12
393	181	8	12
393	181	8	12
393	181	8	12
393	181	8	12
393	181	8	12
393	181	8	12
393	181	8	12
393	181	8	12
393	181	8	12
393	181	8	12
393	181	8	12
393	181	8	12
393	181	8	12
393	181	8	12
393	181	8	12
393	181	8	12
393	181	8	12
393	181	8	12
393	181	8	12
393	181	8	12
393	181	8	12
393	181	8	12
393	181	8	12
393	181	8	12
393	181	8	12
393	181	8	12
393	181	8	12
393	181	8	12
393	181	8	12
393	181	8	12
393	181	8	12
393	181	8	12
393	181	8	12
393	181	8	12
393	181	8	12
393	181	8	12
393	181	8	12
393	181	8	12
393	181	8	12
393	181	8	12
393	181	8	12
393	181	8	12
393	181	8	12
393	181	8	12
393	181	8	12
393	181	8	12
393	181	8	12
393	181	8	12
393	181	8	12
393	181	8	12
393	181	8	12
393	181	8	12
393	181	8	12
393	181	8	12
393	181	8	12
393	181	8	12
393	181	8	12
393	181	8	12
393	181	8	12
393	181	8	12
393	181	8	12
393	181	8	12
393	181	8	12
393	181	8	12
393	181	8	12
393	181	8	12
393	181	8	12
393	181	8	12
393	181	8	12
393	181	8	12
393	181	8	12
393	181	8	12
393	181	8	12
393	181	8	12
393	181	8	12
393	181	8	12
393	181	8	12
393	181	8	12
393	181	8	12
393	181	8	12
393	181	8	12
393	181	8	12
393	181	8	12
393	181	8	12
393	181	8	12
393	181	8	12
393	181	8	12
393	181	8	12
393	181	8	12
393	181	8	12
393	181	8	12
393	181	8	12
393	181	8	12
393	181	8	12
393	181	8	12
393	181	8	12
393	181	8	12
393	181	8	12
393	181	8	12
393	181	8	12
393	181	8	12
393	181	8	12
393	181	8	12
393	181	8	12
393	181	8	12
393	181	8	12
393	181	8	12
393	181	8	12
393	181	8	12
393	181	8	12
393	181	8	12
393	181	8	12
394	181	8	12
392	179	8	12
392	179	9	13
393	177	8	12
395	177	8	12
397	175	8	12
394	170	8	12
393	159	8	12
394	159	8	12
394	158	8	12
394	159	8	12
394	158	8	12
394	158	8	12
394	158	8	12
394	158	8	12
394	158	8	12
394	157	8	12
394	158	8	12
394	157	8	12
394	157	8	12
394	157	8	12
394	157	8	12
394	157	8	12
394	158	8	12
394	158	8	12
394	158	8	12
394	158	8	12
394	158	8	12
394	158	9	13
394	158	9	13
394	158	9	13
394	158	9	13
394	158	9	13
394	158	9	13
394	158	9	13
394	158	9	13
394	158	9	13
394	158	9	13
394	158	9	13
394	158	9	13
394	158	8	12
394	158	9	13
394	158	9	13
394	158	9	13
394	158	9	13
394	158	9	13
394	158	9	13
394	158	8	12
394	158	8	12
394	158	8	12
394	158	9	13
394	158	9	13
394	158	8	12
394	158	9	13
394	158	8	12
394	158	8	12
394	158	9	13
394	158	8	12
394	158	9	13
394	158	9	13
394	158	9	13
394	158	9	13
394	158	9	13
394	158	9	13
394	158	9	13
394	158	9	13
394	158	8	12
