94.500000 72.500000 17.000000 19.000000 
94.500000 72.500000 17.000000 19.000000 
94.500000 72.500000 17.000000 19.000000 
94.500000 72.500000 17.000000 19.000000 
94.500000 72.500000 17.000000 19.000000 
94.500000 72.500000 17.000000 19.000000 
94.500000 72.500000 17.000000 19.000000 
94.500000 72.500000 17.000000 19.000000 
94.500000 72.500000 17.000000 19.000000 
94.500000 72.500000 17.000000 19.000000 
94.500000 72.500000 17.000000 19.000000 
94.500000 72.500000 17.000000 19.000000 
94.500000 72.500000 17.000000 19.000000 
94.500000 72.500000 17.000000 19.000000 
94.500000 72.500000 17.000000 19.000000 
94.500000 72.500000 17.000000 19.000000 
94.500000 72.500000 17.000000 19.000000 
94.500000 72.500000 17.000000 19.000000 
94.500000 73.673030 17.000000 19.000000 
94.500000 73.673030 17.000000 19.000000 
94.500000 73.673030 17.000000 19.000000 
94.500000 73.673030 17.000000 19.000000 
95.673030 74.846061 17.000000 19.000000 
94.500000 74.846061 17.000000 19.000000 
94.500000 74.846061 17.000000 19.000000 
93.326970 76.019091 17.000000 19.000000 
94.500000 76.019091 17.000000 19.000000 
93.326970 76.019091 17.000000 19.000000 
94.500000 76.019091 17.000000 19.000000 
93.033712 76.019091 17.000000 19.000000 
91.860682 77.192121 17.000000 19.000000 
89.514621 78.365151 17.000000 19.000000 
87.168561 80.711212 17.000000 19.000000 
84.822500 81.884242 17.000000 19.000000 
82.183182 83.057272 17.000000 19.000000 
78.664091 87.749393 17.000000 19.000000 
78.164091 87.249393 18.000000 20.000000 
75.145001 87.749393 17.000000 19.000000 
71.332652 86.576363 17.000000 19.000000 
69.579603 88.582462 18.000000 20.000000 
65.507191 88.582462 18.000000 20.000000 
68.013291 87.329413 18.000000 20.000000 
68.013291 88.582462 18.000000 20.000000 
69.579603 87.329413 18.000000 20.000000 
72.085702 88.582462 18.000000 20.000000 
74.905064 87.016150 18.000000 20.000000 
77.753642 83.984081 18.000000 21.000000 
80.573004 84.484081 18.000000 20.000000 
83.392365 83.231031 18.000000 20.000000 
85.898465 81.977981 18.000000 20.000000 
85.898465 80.411669 18.000000 20.000000 
87.571495 80.911669 17.000000 19.000000 
88.744525 80.911669 17.000000 19.000000 
89.917555 80.911669 17.000000 19.000000 
91.383843 80.911669 17.000000 19.000000 
93.729904 82.084700 17.000000 19.000000 
92.556873 83.550987 17.000000 19.000000 
90.803824 85.557087 18.000000 20.000000 
92.056873 84.304037 18.000000 20.000000 
93.309923 73.653115 18.000000 20.000000 
94.575958 75.685185 18.000000 21.000000 
91.727379 88.978552 18.000000 21.000000 
94.233479 89.478552 18.000000 20.000000 
95.799791 90.731602 18.000000 20.000000 
95.799791 89.478552 18.000000 20.000000 
98.619152 89.478552 18.000000 20.000000 
99.872202 89.478552 18.000000 20.000000 
101.125252 89.478552 18.000000 20.000000 
102.378301 89.478552 18.000000 20.000000 
102.378301 89.478552 18.000000 20.000000 
103.631351 89.478552 18.000000 20.000000 
103.631351 87.712517 18.000000 21.000000 
102.365316 87.712517 18.000000 21.000000 
103.631351 87.712517 18.000000 21.000000 
102.365316 86.446482 18.000000 21.000000 
103.631351 86.446482 18.000000 21.000000 
102.365316 86.446482 18.000000 21.000000 
101.099281 86.446482 18.000000 21.000000 
98.932948 85.113415 19.000000 21.000000 
96.266814 83.780349 19.000000 21.000000 
94.933748 82.447282 19.000000 21.000000 
91.934348 83.780349 19.000000 21.000000 
89.268214 82.447282 19.000000 21.000000 
89.268214 82.447282 19.000000 21.000000 
86.602081 82.447282 19.000000 21.000000 
85.269015 81.114215 19.000000 21.000000 
85.269015 79.781149 19.000000 21.000000 
83.935948 79.781149 19.000000 21.000000 
85.269015 78.448082 19.000000 21.000000 
85.269015 79.781149 19.000000 21.000000 
86.602081 78.448082 19.000000 21.000000 
85.269015 79.781149 19.000000 21.000000 
85.269015 78.448082 19.000000 21.000000 
85.269015 79.781149 19.000000 21.000000 
86.602081 78.448082 19.000000 21.000000 
87.935148 79.781149 19.000000 21.000000 
89.268214 79.781149 19.000000 21.000000 
90.601281 79.781149 19.000000 21.000000 
90.601281 81.114215 19.000000 21.000000 
90.601281 81.114215 19.000000 21.000000 
91.934348 82.447282 19.000000 21.000000 
93.267414 82.447282 19.000000 21.000000 
94.600481 82.447282 19.000000 21.000000 
94.600481 81.114215 19.000000 21.000000 
97.266614 82.447282 19.000000 21.000000 
99.932748 82.447282 19.000000 21.000000 
99.932748 82.447282 19.000000 21.000000 
101.265814 82.447282 19.000000 21.000000 
103.348358 83.713317 18.000000 21.000000 
105.880428 83.713317 18.000000 21.000000 
107.146463 83.713317 18.000000 21.000000 
108.412498 83.713317 18.000000 21.000000 
110.944567 83.713317 18.000000 21.000000 
110.944567 83.713317 18.000000 21.000000 
112.210602 83.713317 18.000000 21.000000 
113.476637 82.447282 18.000000 21.000000 
114.742672 84.029826 18.000000 21.000000 
114.742672 84.029826 18.000000 21.000000 
116.008707 84.029826 18.000000 21.000000 
117.274742 84.029826 18.000000 21.000000 
119.806812 84.029826 18.000000 21.000000 
119.806812 84.029826 18.000000 21.000000 
121.072847 85.295861 18.000000 21.000000 
122.338882 85.295861 18.000000 21.000000 
123.604917 85.295861 18.000000 21.000000 
124.870952 85.295861 18.000000 21.000000 
126.453495 85.295861 18.000000 21.000000 
130.251600 85.295861 18.000000 21.000000 
131.834144 85.295861 18.000000 21.000000 
134.366214 84.029826 18.000000 21.000000 
135.632249 84.029826 18.000000 21.000000 
134.366214 82.763791 18.000000 21.000000 
133.100179 84.029826 18.000000 21.000000 
131.834144 84.029826 18.000000 21.000000 
130.568109 84.029826 18.000000 21.000000 
130.568109 85.295861 18.000000 21.000000 
130.568109 85.295861 18.000000 21.000000 
129.302074 85.295861 18.000000 21.000000 
129.302074 84.029826 18.000000 21.000000 
129.302074 84.029826 18.000000 21.000000 
129.302074 84.029826 18.000000 21.000000 
129.302074 84.029826 18.000000 21.000000 
129.302074 84.029826 18.000000 21.000000 
129.302074 84.029826 18.000000 21.000000 
129.302074 84.029826 18.000000 21.000000 
129.302074 84.029826 18.000000 21.000000 
129.302074 85.295861 18.000000 21.000000 
129.302074 86.878404 18.000000 21.000000 
127.719530 86.878404 18.000000 21.000000 
