49.000000 57.500000 8.000000 25.000000 
49.000000 57.500000 8.000000 25.000000 
49.000000 57.500000 8.000000 25.000000 
50.055946 57.500000 8.000000 25.000000 
50.055946 57.500000 8.000000 25.000000 
50.055946 57.500000 8.000000 25.000000 
51.111892 57.500000 8.000000 25.000000 
51.111892 57.500000 8.000000 25.000000 
51.111892 58.555946 8.000000 25.000000 
51.111892 58.055946 8.000000 26.000000 
52.233161 58.055946 8.000000 26.000000 
52.233161 56.934677 8.000000 26.000000 
53.354430 56.934677 8.000000 26.000000 
53.354430 56.934677 8.000000 26.000000 
54.475700 56.934677 8.000000 26.000000 
54.475700 56.934677 8.000000 26.000000 
54.475700 58.490623 8.000000 25.000000 
55.531646 58.490623 8.000000 25.000000 
54.475700 58.490623 8.000000 25.000000 
56.587592 58.490623 8.000000 25.000000 
55.531646 58.490623 8.000000 25.000000 
56.587592 58.490623 8.000000 25.000000 
56.587592 58.490623 8.000000 25.000000 
57.643538 58.490623 8.000000 25.000000 
57.643538 58.490623 8.000000 25.000000 
57.643538 58.490623 8.000000 25.000000 
58.699484 58.490623 8.000000 25.000000 
58.699484 58.490623 8.000000 25.000000 
58.699484 58.490623 8.000000 25.000000 
59.755430 58.490623 8.000000 25.000000 
59.755430 58.490623 8.000000 25.000000 
60.811376 58.490623 8.000000 25.000000 
60.811376 58.490623 8.000000 25.000000 
60.811376 58.490623 8.000000 25.000000 
61.867323 58.490623 8.000000 25.000000 
61.867323 58.490623 8.000000 25.000000 
62.923269 58.490623 8.000000 25.000000 
62.923269 58.490623 8.000000 25.000000 
62.923269 57.434677 8.000000 25.000000 
63.979215 57.434677 8.000000 25.000000 
63.979215 57.434677 8.000000 25.000000 
63.979215 58.490623 8.000000 25.000000 
63.979215 58.490623 8.000000 25.000000 
65.035161 57.434677 8.000000 25.000000 
65.035161 58.490623 8.000000 25.000000 
65.035161 58.490623 8.000000 25.000000 
65.035161 58.490623 8.000000 25.000000 
66.156430 56.869354 8.000000 26.000000 
66.156430 56.869354 8.000000 26.000000 
67.277699 56.869354 8.000000 26.000000 
67.277699 56.869354 8.000000 26.000000 
68.398968 56.869354 8.000000 26.000000 
68.398968 56.869354 8.000000 26.000000 
69.520237 56.869354 8.000000 26.000000 
68.398968 56.869354 8.000000 26.000000 
69.800555 55.748085 8.000000 26.000000 
69.800555 55.748085 8.000000 26.000000 
69.800555 55.748085 8.000000 26.000000 
70.921824 55.748085 8.000000 26.000000 
70.921824 55.748085 8.000000 26.000000 
70.921824 55.748085 8.000000 26.000000 
70.921824 56.869354 8.000000 26.000000 
70.921824 55.748085 8.000000 26.000000 
72.043093 55.748085 8.000000 26.000000 
72.043093 55.748085 8.000000 26.000000 
72.043093 55.748085 8.000000 26.000000 
73.164362 55.748085 8.000000 26.000000 
73.164362 55.748085 8.000000 26.000000 
74.285631 55.748085 8.000000 26.000000 
75.341577 56.248085 8.000000 25.000000 
75.341577 56.248085 8.000000 25.000000 
76.397523 56.248085 8.000000 25.000000 
76.397523 56.248085 8.000000 25.000000 
77.453470 56.248085 8.000000 25.000000 
77.453470 56.248085 8.000000 25.000000 
78.509416 56.248085 8.000000 25.000000 
77.453470 57.304031 8.000000 25.000000 
78.509416 57.304031 8.000000 25.000000 
78.509416 57.304031 8.000000 25.000000 
78.509416 57.304031 8.000000 25.000000 
78.509416 57.304031 8.000000 25.000000 
79.565362 56.248085 8.000000 25.000000 
79.565362 56.248085 8.000000 25.000000 
79.565362 56.248085 8.000000 25.000000 
80.621308 56.248085 8.000000 25.000000 
80.621308 56.248085 8.000000 25.000000 
80.621308 56.248085 8.000000 25.000000 
81.677254 56.248085 8.000000 25.000000 
81.677254 56.248085 8.000000 25.000000 
81.677254 56.248085 8.000000 25.000000 
82.733200 56.248085 8.000000 25.000000 
82.733200 56.248085 8.000000 25.000000 
83.789146 56.248085 8.000000 25.000000 
83.789146 56.248085 8.000000 25.000000 
84.845092 56.248085 8.000000 25.000000 
84.845092 56.248085 8.000000 25.000000 
84.845092 56.248085 8.000000 25.000000 
85.901039 56.248085 8.000000 25.000000 
85.901039 56.248085 8.000000 25.000000 
85.901039 56.248085 8.000000 25.000000 
86.956985 56.248085 8.000000 25.000000 
86.956985 55.192139 8.000000 25.000000 
86.956985 55.192139 8.000000 25.000000 
88.012931 55.192139 8.000000 25.000000 
88.012931 55.192139 8.000000 25.000000 
89.068877 55.192139 8.000000 25.000000 
89.068877 55.192139 8.000000 25.000000 
89.068877 55.192139 8.000000 25.000000 
90.124823 56.248085 8.000000 25.000000 
90.124823 56.248085 8.000000 25.000000 
90.124823 56.248085 8.000000 25.000000 
91.180769 56.248085 8.000000 25.000000 
92.236715 56.248085 8.000000 25.000000 
92.236715 56.248085 8.000000 25.000000 
92.236715 56.248085 8.000000 25.000000 
93.292661 56.248085 8.000000 25.000000 
93.292661 56.248085 8.000000 25.000000 
94.348608 55.192139 8.000000 25.000000 
94.348608 55.192139 8.000000 25.000000 
95.404554 55.192139 8.000000 25.000000 
95.404554 55.192139 8.000000 25.000000 
95.404554 55.192139 8.000000 25.000000 
96.460500 55.192139 8.000000 25.000000 
96.460500 55.192139 8.000000 25.000000 
96.460500 56.248085 8.000000 25.000000 
97.516446 56.248085 8.000000 25.000000 
96.460500 56.248085 8.000000 25.000000 
97.780432 56.248085 8.000000 25.000000 
97.780432 56.248085 8.000000 25.000000 
97.780432 56.248085 8.000000 25.000000 
97.780432 56.248085 8.000000 25.000000 
98.836379 55.192139 8.000000 25.000000 
98.836379 55.192139 8.000000 25.000000 
98.836379 55.192139 8.000000 25.000000 
98.836379 55.192139 8.000000 25.000000 
99.892325 55.192139 8.000000 25.000000 
99.892325 55.192139 8.000000 25.000000 
99.892325 55.192139 8.000000 25.000000 
100.948271 55.192139 8.000000 25.000000 
100.948271 56.248085 8.000000 25.000000 
100.948271 56.248085 8.000000 25.000000 
102.004217 55.192139 8.000000 25.000000 
102.004217 55.192139 8.000000 25.000000 
102.004217 55.192139 8.000000 25.000000 
103.060163 55.192139 8.000000 25.000000 
103.060163 55.192139 8.000000 25.000000 
103.060163 55.192139 8.000000 25.000000 
104.116109 55.192139 8.000000 25.000000 
104.116109 55.192139 8.000000 25.000000 
105.172055 55.192139 8.000000 25.000000 
105.172055 55.192139 8.000000 25.000000 
105.172055 55.192139 8.000000 25.000000 
106.228001 55.192139 8.000000 25.000000 
106.228001 55.192139 8.000000 25.000000 
106.228001 56.248085 8.000000 25.000000 
107.283948 56.248085 8.000000 25.000000 
107.283948 56.248085 8.000000 25.000000 
108.339894 56.248085 8.000000 25.000000 
108.339894 56.248085 8.000000 25.000000 
108.339894 56.248085 8.000000 25.000000 
109.395840 56.248085 8.000000 25.000000 
109.395840 56.248085 8.000000 25.000000 
109.395840 56.248085 8.000000 25.000000 
109.395840 56.248085 8.000000 25.000000 
109.395840 56.248085 8.000000 25.000000 
109.395840 56.248085 8.000000 25.000000 
110.451786 56.248085 8.000000 25.000000 
110.451786 56.248085 8.000000 25.000000 
110.451786 56.248085 8.000000 25.000000 
110.451786 56.248085 8.000000 25.000000 
111.507732 56.248085 8.000000 25.000000 
111.507732 56.248085 8.000000 25.000000 
111.507732 56.248085 8.000000 25.000000 
111.507732 56.248085 8.000000 25.000000 
112.563678 56.248085 8.000000 25.000000 
112.563678 56.248085 8.000000 25.000000 
112.563678 56.248085 8.000000 25.000000 
113.619624 56.248085 8.000000 25.000000 
113.619624 56.248085 8.000000 25.000000 
114.675570 56.248085 8.000000 25.000000 
114.675570 56.248085 8.000000 25.000000 
114.675570 56.248085 8.000000 25.000000 
115.731517 56.248085 8.000000 25.000000 
115.731517 56.248085 8.000000 25.000000 
116.787463 56.248085 8.000000 25.000000 
116.787463 57.304031 8.000000 25.000000 
117.843409 57.304031 8.000000 25.000000 
117.843409 57.304031 8.000000 25.000000 
117.843409 57.304031 8.000000 25.000000 
117.843409 57.304031 8.000000 25.000000 
118.899355 57.304031 8.000000 25.000000 
118.899355 57.304031 8.000000 25.000000 
118.899355 57.304031 8.000000 25.000000 
118.899355 57.304031 8.000000 25.000000 
118.899355 57.304031 8.000000 25.000000 
118.899355 57.304031 8.000000 25.000000 
118.899355 57.304031 8.000000 25.000000 
119.955301 57.304031 8.000000 25.000000 
119.955301 57.304031 8.000000 25.000000 
119.955301 57.304031 8.000000 25.000000 
119.955301 57.304031 8.000000 25.000000 
119.955301 57.304031 8.000000 25.000000 
119.955301 57.304031 8.000000 25.000000 
119.955301 57.304031 8.000000 25.000000 
121.011247 57.304031 8.000000 25.000000 
121.011247 56.248085 8.000000 25.000000 
121.011247 56.248085 8.000000 25.000000 
121.011247 56.248085 8.000000 25.000000 
121.011247 57.304031 8.000000 25.000000 
122.067193 57.304031 8.000000 25.000000 
122.067193 57.304031 8.000000 25.000000 
122.067193 57.304031 8.000000 25.000000 
122.067193 57.304031 8.000000 25.000000 
122.067193 57.304031 8.000000 25.000000 
122.067193 57.304031 8.000000 25.000000 
123.123139 57.304031 8.000000 25.000000 
123.123139 57.304031 8.000000 25.000000 
123.123139 57.304031 8.000000 25.000000 
123.123139 57.304031 8.000000 25.000000 
123.123139 57.304031 8.000000 25.000000 
123.123139 57.304031 8.000000 25.000000 
123.123139 57.304031 8.000000 25.000000 
123.123139 57.304031 8.000000 25.000000 
123.123139 57.304031 8.000000 25.000000 
123.123139 57.304031 8.000000 25.000000 
123.123139 57.304031 8.000000 25.000000 
124.179086 57.304031 8.000000 25.000000 
124.179086 57.304031 8.000000 25.000000 
124.179086 57.304031 8.000000 25.000000 
124.179086 57.304031 8.000000 25.000000 
124.179086 57.304031 8.000000 25.000000 
124.179086 57.304031 8.000000 25.000000 
124.179086 57.304031 8.000000 25.000000 
125.235032 57.304031 8.000000 25.000000 
125.235032 57.304031 8.000000 25.000000 
125.235032 57.304031 8.000000 25.000000 
125.235032 56.248085 8.000000 25.000000 
125.235032 56.248085 8.000000 25.000000 
126.290978 57.304031 8.000000 25.000000 
126.290978 57.304031 8.000000 25.000000 
126.290978 57.304031 8.000000 25.000000 
126.290978 57.304031 8.000000 25.000000 
126.290978 57.304031 8.000000 25.000000 
127.346924 57.304031 8.000000 25.000000 
127.346924 57.304031 8.000000 25.000000 
127.346924 57.304031 8.000000 25.000000 
127.346924 57.304031 8.000000 25.000000 
127.346924 57.304031 8.000000 25.000000 
127.346924 57.304031 8.000000 25.000000 
127.346924 57.304031 8.000000 25.000000 
127.346924 57.304031 8.000000 25.000000 
127.346924 57.304031 8.000000 25.000000 
127.346924 57.304031 8.000000 25.000000 
127.346924 57.304031 8.000000 25.000000 
127.346924 57.304031 8.000000 25.000000 
127.346924 57.304031 8.000000 25.000000 
128.402870 57.304031 8.000000 25.000000 
128.402870 57.304031 8.000000 25.000000 
128.402870 57.304031 8.000000 25.000000 
128.402870 57.304031 8.000000 25.000000 
128.402870 57.304031 8.000000 25.000000 
128.402870 57.304031 8.000000 25.000000 
128.402870 57.304031 8.000000 25.000000 
129.458816 57.304031 8.000000 25.000000 
129.458816 57.304031 8.000000 25.000000 
129.458816 57.304031 8.000000 25.000000 
129.458816 57.304031 8.000000 25.000000 
129.458816 57.304031 8.000000 25.000000 
129.458816 57.304031 8.000000 25.000000 
129.458816 57.304031 8.000000 25.000000 
129.458816 57.304031 8.000000 25.000000 
129.458816 57.304031 8.000000 25.000000 
129.458816 57.304031 8.000000 25.000000 
129.458816 57.304031 8.000000 25.000000 
129.458816 57.304031 8.000000 25.000000 
129.458816 57.304031 8.000000 25.000000 
129.458816 57.304031 8.000000 25.000000 
129.458816 57.304031 8.000000 25.000000 
129.458816 57.304031 8.000000 25.000000 
129.458816 57.304031 8.000000 25.000000 
129.458816 57.304031 8.000000 25.000000 
129.458816 57.304031 8.000000 25.000000 
129.458816 57.304031 8.000000 25.000000 
129.458816 57.304031 8.000000 25.000000 
129.458816 57.304031 8.000000 25.000000 
129.458816 57.304031 8.000000 25.000000 
129.458816 57.304031 8.000000 25.000000 
129.458816 57.304031 8.000000 25.000000 
129.458816 57.304031 8.000000 25.000000 
129.458816 57.304031 8.000000 25.000000 
129.458816 57.304031 8.000000 25.000000 
129.458816 57.304031 8.000000 25.000000 
129.458816 57.304031 8.000000 25.000000 
129.458816 57.304031 8.000000 25.000000 
130.514762 57.304031 8.000000 25.000000 
129.458816 57.304031 8.000000 25.000000 
130.514762 57.304031 8.000000 25.000000 
129.458816 57.304031 8.000000 25.000000 
130.514762 57.304031 8.000000 25.000000 
129.458816 57.304031 8.000000 25.000000 
130.514762 57.304031 8.000000 25.000000 
129.458816 57.304031 8.000000 25.000000 
130.514762 57.304031 8.000000 25.000000 
129.458816 57.304031 8.000000 25.000000 
130.514762 57.304031 8.000000 25.000000 
129.458816 57.304031 8.000000 25.000000 
