325.500000 60.000000 55.000000 166.000000 
325.500000 60.000000 55.000000 166.000000 
325.500000 60.000000 55.000000 166.000000 
325.500000 60.000000 55.000000 166.000000 
325.500000 60.000000 55.000000 166.000000 
319.934391 60.000000 55.000000 166.000000 
320.434391 61.500000 54.000000 163.000000 
320.934391 63.000000 53.000000 160.000000 
320.934391 63.000000 53.000000 160.000000 
320.934391 63.000000 53.000000 160.000000 
320.934391 63.000000 53.000000 160.000000 
321.434391 65.000000 52.000000 156.000000 
321.934391 66.500000 51.000000 153.000000 
321.934391 66.500000 51.000000 153.000000 
321.934391 66.500000 51.000000 153.000000 
321.934391 66.500000 51.000000 153.000000 
321.934391 66.500000 51.000000 153.000000 
321.934391 66.500000 51.000000 153.000000 
321.934391 66.500000 51.000000 153.000000 
321.934391 66.500000 51.000000 153.000000 
321.934391 61.232743 51.000000 153.000000 
316.667134 61.232743 51.000000 153.000000 
316.667134 66.500000 51.000000 153.000000 
316.667134 66.500000 51.000000 153.000000 
316.667134 66.500000 51.000000 153.000000 
316.667134 66.500000 51.000000 153.000000 
316.667134 66.500000 51.000000 153.000000 
317.167134 68.000000 50.000000 150.000000 
317.167134 68.000000 50.000000 150.000000 
317.167134 68.000000 50.000000 150.000000 
317.167134 68.000000 50.000000 150.000000 
317.167134 68.000000 50.000000 150.000000 
317.167134 68.000000 50.000000 150.000000 
317.167134 68.000000 50.000000 150.000000 
317.167134 68.000000 50.000000 150.000000 
317.167134 68.000000 50.000000 150.000000 
317.167134 68.000000 50.000000 150.000000 
317.167134 68.000000 50.000000 150.000000 
317.167134 68.000000 50.000000 150.000000 
317.167134 68.000000 50.000000 150.000000 
317.167134 68.000000 50.000000 150.000000 
317.167134 68.000000 50.000000 150.000000 
317.167134 68.000000 50.000000 150.000000 
317.167134 68.000000 50.000000 150.000000 
317.167134 68.000000 50.000000 150.000000 
317.167134 68.000000 50.000000 150.000000 
317.167134 68.000000 50.000000 150.000000 
317.167134 68.000000 50.000000 150.000000 
317.667134 69.500000 49.000000 147.000000 
317.667134 69.500000 49.000000 147.000000 
317.667134 69.500000 49.000000 147.000000 
317.667134 69.500000 49.000000 147.000000 
317.667134 69.500000 49.000000 147.000000 
317.667134 69.500000 49.000000 147.000000 
317.667134 69.500000 49.000000 147.000000 
317.667134 69.500000 49.000000 147.000000 
317.667134 69.500000 49.000000 147.000000 
317.667134 69.500000 49.000000 147.000000 
317.667134 69.500000 49.000000 147.000000 
317.667134 69.500000 49.000000 147.000000 
317.667134 69.500000 49.000000 147.000000 
317.667134 69.500000 49.000000 147.000000 
317.667134 69.500000 49.000000 147.000000 
317.667134 69.500000 49.000000 147.000000 
317.667134 69.500000 49.000000 147.000000 
317.667134 69.500000 49.000000 147.000000 
317.667134 69.500000 49.000000 147.000000 
317.667134 69.500000 49.000000 147.000000 
317.667134 69.500000 49.000000 147.000000 
317.667134 69.500000 49.000000 147.000000 
317.667134 69.500000 49.000000 147.000000 
317.667134 69.500000 49.000000 147.000000 
317.667134 69.500000 49.000000 147.000000 
317.667134 69.500000 49.000000 147.000000 
317.667134 69.500000 49.000000 147.000000 
317.667134 69.500000 49.000000 147.000000 
317.667134 69.500000 49.000000 147.000000 
317.667134 69.500000 49.000000 147.000000 
317.667134 69.500000 49.000000 147.000000 
317.667134 69.500000 49.000000 147.000000 
317.667134 69.500000 49.000000 147.000000 
317.667134 69.500000 49.000000 147.000000 
317.667134 69.500000 49.000000 147.000000 
317.667134 69.500000 49.000000 147.000000 
317.667134 69.500000 49.000000 147.000000 
317.667134 69.500000 49.000000 147.000000 
317.667134 69.500000 49.000000 147.000000 
317.667134 69.500000 49.000000 147.000000 
317.667134 69.500000 49.000000 147.000000 
317.667134 69.500000 49.000000 147.000000 
317.667134 69.500000 49.000000 147.000000 
317.667134 69.500000 49.000000 147.000000 
317.667134 69.500000 49.000000 147.000000 
317.667134 69.500000 49.000000 147.000000 
317.667134 69.500000 49.000000 147.000000 
317.667134 69.500000 49.000000 147.000000 
317.667134 69.500000 49.000000 147.000000 
317.667134 69.500000 49.000000 147.000000 
317.667134 69.500000 49.000000 147.000000 
317.667134 69.500000 49.000000 147.000000 
317.667134 69.500000 49.000000 147.000000 
317.667134 69.500000 49.000000 147.000000 
317.667134 69.500000 49.000000 147.000000 
317.667134 69.500000 49.000000 147.000000 
317.667134 69.500000 49.000000 147.000000 
317.667134 69.500000 49.000000 147.000000 
317.667134 69.500000 49.000000 147.000000 
317.667134 69.500000 49.000000 147.000000 
317.667134 69.500000 49.000000 147.000000 
317.667134 69.500000 49.000000 147.000000 
317.667134 69.500000 49.000000 147.000000 
317.667134 69.500000 49.000000 147.000000 
317.667134 69.500000 49.000000 147.000000 
317.667134 69.500000 49.000000 147.000000 
317.667134 69.500000 49.000000 147.000000 
317.667134 69.500000 49.000000 147.000000 
317.667134 69.500000 49.000000 147.000000 
317.667134 69.500000 49.000000 147.000000 
317.667134 69.500000 49.000000 147.000000 
317.667134 69.500000 49.000000 147.000000 
317.667134 69.500000 49.000000 147.000000 
317.667134 69.500000 49.000000 147.000000 
317.667134 69.500000 49.000000 147.000000 
317.667134 69.500000 49.000000 147.000000 
317.667134 69.500000 49.000000 147.000000 
317.667134 69.500000 49.000000 147.000000 
317.667134 69.500000 49.000000 147.000000 
317.667134 69.500000 49.000000 147.000000 
317.667134 69.500000 49.000000 147.000000 
317.667134 69.500000 49.000000 147.000000 
317.667134 69.500000 49.000000 147.000000 
317.667134 69.500000 49.000000 147.000000 
317.667134 69.500000 49.000000 147.000000 
317.667134 69.500000 49.000000 147.000000 
317.667134 69.500000 49.000000 147.000000 
317.667134 69.500000 49.000000 147.000000 
317.667134 69.500000 49.000000 147.000000 
317.667134 69.500000 49.000000 147.000000 
317.667134 69.500000 49.000000 147.000000 
317.667134 69.500000 49.000000 147.000000 
317.667134 69.500000 49.000000 147.000000 
317.667134 69.500000 49.000000 147.000000 
317.667134 69.500000 49.000000 147.000000 
317.667134 69.500000 49.000000 147.000000 
317.667134 69.500000 49.000000 147.000000 
317.667134 69.500000 49.000000 147.000000 
317.667134 69.500000 49.000000 147.000000 
317.667134 69.500000 49.000000 147.000000 
317.667134 69.500000 49.000000 147.000000 
317.667134 69.500000 49.000000 147.000000 
317.667134 69.500000 49.000000 147.000000 
317.667134 64.439302 49.000000 147.000000 
317.667134 69.500000 49.000000 147.000000 
317.667134 64.439302 49.000000 147.000000 
318.167134 70.407038 48.000000 145.000000 
318.167134 70.407038 48.000000 145.000000 
318.167134 70.407038 48.000000 145.000000 
318.167134 70.407038 48.000000 145.000000 
318.167134 70.407038 48.000000 145.000000 
318.167134 70.407038 48.000000 145.000000 
313.199398 70.407038 48.000000 145.000000 
313.199398 70.407038 48.000000 145.000000 
313.199398 70.407038 48.000000 145.000000 
313.199398 70.407038 48.000000 145.000000 
313.199398 70.407038 48.000000 145.000000 
313.199398 70.407038 48.000000 145.000000 
313.199398 70.407038 48.000000 145.000000 
313.199398 70.407038 48.000000 145.000000 
313.199398 70.407038 48.000000 145.000000 
313.199398 70.407038 48.000000 145.000000 
313.199398 70.407038 48.000000 145.000000 
313.199398 70.407038 48.000000 145.000000 
313.199398 70.407038 48.000000 145.000000 
313.199398 70.407038 48.000000 145.000000 
313.199398 70.407038 48.000000 145.000000 
313.199398 70.407038 48.000000 145.000000 
313.199398 70.407038 48.000000 145.000000 
313.199398 70.407038 48.000000 145.000000 
313.199398 70.407038 48.000000 145.000000 
313.199398 70.407038 48.000000 145.000000 
313.199398 70.407038 48.000000 145.000000 
313.199398 70.407038 48.000000 145.000000 
313.199398 70.407038 48.000000 145.000000 
313.199398 70.407038 48.000000 145.000000 
313.199398 70.407038 48.000000 145.000000 
313.199398 70.407038 48.000000 145.000000 
313.199398 70.407038 48.000000 145.000000 
313.199398 70.407038 48.000000 145.000000 
313.199398 70.407038 48.000000 145.000000 
313.199398 70.407038 48.000000 145.000000 
313.199398 70.407038 48.000000 145.000000 
313.199398 70.407038 48.000000 145.000000 
313.199398 70.407038 48.000000 145.000000 
313.199398 70.407038 48.000000 145.000000 
313.199398 70.407038 48.000000 145.000000 
313.199398 70.407038 48.000000 145.000000 
313.199398 70.407038 48.000000 145.000000 
313.199398 70.407038 48.000000 145.000000 
313.199398 70.407038 48.000000 145.000000 
313.199398 70.407038 48.000000 145.000000 
313.199398 70.407038 48.000000 145.000000 
313.199398 70.407038 48.000000 145.000000 
313.199398 70.407038 48.000000 145.000000 
313.199398 70.407038 48.000000 145.000000 
313.199398 70.407038 48.000000 145.000000 
313.199398 70.407038 48.000000 145.000000 
313.199398 70.407038 48.000000 145.000000 
313.199398 70.407038 48.000000 145.000000 
313.199398 70.407038 48.000000 145.000000 
313.199398 70.407038 48.000000 145.000000 
313.199398 70.407038 48.000000 145.000000 
313.199398 70.407038 48.000000 145.000000 
313.199398 70.407038 48.000000 145.000000 
313.199398 70.407038 48.000000 145.000000 
313.199398 70.407038 48.000000 145.000000 
313.199398 70.407038 48.000000 145.000000 
313.199398 70.407038 48.000000 145.000000 
313.199398 70.407038 48.000000 145.000000 
313.199398 70.407038 48.000000 145.000000 
313.199398 70.407038 48.000000 145.000000 
313.199398 70.407038 48.000000 145.000000 
313.199398 70.407038 48.000000 145.000000 
313.199398 70.407038 48.000000 145.000000 
313.199398 70.407038 48.000000 145.000000 
313.199398 70.407038 48.000000 145.000000 
313.199398 70.407038 48.000000 145.000000 
313.199398 70.407038 48.000000 145.000000 
313.199398 70.407038 48.000000 145.000000 
313.199398 70.407038 48.000000 145.000000 
313.199398 70.407038 48.000000 145.000000 
313.199398 70.407038 48.000000 145.000000 
313.199398 70.407038 48.000000 145.000000 
313.199398 70.407038 48.000000 145.000000 
313.199398 70.407038 48.000000 145.000000 
313.199398 70.407038 48.000000 145.000000 
313.199398 70.407038 48.000000 145.000000 
313.199398 70.407038 48.000000 145.000000 
313.199398 70.407038 48.000000 145.000000 
313.199398 70.407038 48.000000 145.000000 
313.199398 70.407038 48.000000 145.000000 
313.199398 70.407038 48.000000 145.000000 
313.199398 70.407038 48.000000 145.000000 
313.199398 70.407038 48.000000 145.000000 
313.199398 70.407038 48.000000 145.000000 
313.199398 70.407038 48.000000 145.000000 
313.199398 70.407038 48.000000 145.000000 
313.199398 70.407038 48.000000 145.000000 
313.199398 70.407038 48.000000 145.000000 
313.199398 70.407038 48.000000 145.000000 
313.199398 70.407038 48.000000 145.000000 
313.199398 70.407038 48.000000 145.000000 
313.199398 70.407038 48.000000 145.000000 
313.199398 70.407038 48.000000 145.000000 
313.199398 70.407038 48.000000 145.000000 
313.199398 70.407038 48.000000 145.000000 
313.199398 70.407038 48.000000 145.000000 
313.199398 70.407038 48.000000 145.000000 
313.199398 70.407038 48.000000 145.000000 
313.199398 70.407038 48.000000 145.000000 
313.199398 70.407038 48.000000 145.000000 
313.199398 70.407038 48.000000 145.000000 
313.199398 70.407038 48.000000 145.000000 
313.199398 70.407038 48.000000 145.000000 
313.199398 70.407038 48.000000 145.000000 
313.199398 70.407038 48.000000 145.000000 
313.199398 70.407038 48.000000 145.000000 
313.199398 70.407038 48.000000 145.000000 
313.199398 70.407038 48.000000 145.000000 
313.199398 70.407038 48.000000 145.000000 
313.199398 70.407038 48.000000 145.000000 
313.199398 70.407038 48.000000 145.000000 
313.199398 70.407038 48.000000 145.000000 
313.199398 70.407038 48.000000 145.000000 
313.199398 70.407038 48.000000 145.000000 
313.199398 70.407038 48.000000 145.000000 
313.199398 70.407038 48.000000 145.000000 
313.199398 70.407038 48.000000 145.000000 
313.199398 70.407038 48.000000 145.000000 
313.199398 70.407038 48.000000 145.000000 
313.199398 70.407038 48.000000 145.000000 
313.199398 70.407038 48.000000 145.000000 
313.199398 70.407038 48.000000 145.000000 
313.199398 70.407038 48.000000 145.000000 
313.199398 70.407038 48.000000 145.000000 
313.199398 70.407038 48.000000 145.000000 
313.199398 70.407038 48.000000 145.000000 
313.199398 70.407038 48.000000 145.000000 
313.199398 70.407038 48.000000 145.000000 
313.199398 70.407038 48.000000 145.000000 
313.199398 70.407038 48.000000 145.000000 
313.199398 70.407038 48.000000 145.000000 
313.199398 70.407038 48.000000 145.000000 
313.199398 70.407038 48.000000 145.000000 
313.199398 70.407038 48.000000 145.000000 
313.199398 70.407038 48.000000 145.000000 
313.199398 70.407038 48.000000 145.000000 
313.199398 70.407038 48.000000 145.000000 
313.199398 70.407038 48.000000 145.000000 
313.199398 70.407038 48.000000 145.000000 
313.199398 70.407038 48.000000 145.000000 
313.199398 70.407038 48.000000 145.000000 
313.199398 70.407038 48.000000 145.000000 
313.199398 70.407038 48.000000 145.000000 
313.199398 70.407038 48.000000 145.000000 
313.199398 70.407038 48.000000 145.000000 
313.199398 70.407038 48.000000 145.000000 
313.199398 70.407038 48.000000 145.000000 
313.199398 70.407038 48.000000 145.000000 
313.199398 70.407038 48.000000 145.000000 
313.199398 70.407038 48.000000 145.000000 
313.199398 70.407038 48.000000 145.000000 
313.199398 70.407038 48.000000 145.000000 
313.199398 70.407038 48.000000 145.000000 
313.199398 70.407038 48.000000 145.000000 
313.199398 70.407038 48.000000 145.000000 
313.199398 70.407038 48.000000 145.000000 
313.199398 70.407038 48.000000 145.000000 
313.199398 70.407038 48.000000 145.000000 
313.199398 70.407038 48.000000 145.000000 
313.199398 70.407038 48.000000 145.000000 
313.199398 70.407038 48.000000 145.000000 
313.199398 70.407038 48.000000 145.000000 
313.199398 70.407038 48.000000 145.000000 
313.199398 70.407038 48.000000 145.000000 
313.199398 70.407038 48.000000 145.000000 
313.199398 70.407038 48.000000 145.000000 
313.199398 70.407038 48.000000 145.000000 
313.199398 70.407038 48.000000 145.000000 
313.199398 70.407038 48.000000 145.000000 
313.199398 70.407038 48.000000 145.000000 
313.199398 70.407038 48.000000 145.000000 
313.199398 70.407038 48.000000 145.000000 
313.199398 70.407038 48.000000 145.000000 
313.199398 70.407038 48.000000 145.000000 
313.199398 70.407038 48.000000 145.000000 
313.199398 70.407038 48.000000 145.000000 
313.199398 70.407038 48.000000 145.000000 
313.199398 70.407038 48.000000 145.000000 
313.199398 70.407038 48.000000 145.000000 
313.199398 70.407038 48.000000 145.000000 
313.199398 70.407038 48.000000 145.000000 
313.199398 70.407038 48.000000 145.000000 
313.199398 70.407038 48.000000 145.000000 
313.199398 70.407038 48.000000 145.000000 
313.199398 70.407038 48.000000 145.000000 
313.199398 70.407038 48.000000 145.000000 
313.199398 70.407038 48.000000 145.000000 
313.199398 70.407038 48.000000 145.000000 
313.199398 70.407038 48.000000 145.000000 
313.199398 70.407038 48.000000 145.000000 
313.199398 70.407038 48.000000 145.000000 
313.199398 70.407038 48.000000 145.000000 
313.199398 70.407038 48.000000 145.000000 
313.199398 70.407038 48.000000 145.000000 
313.199398 70.407038 48.000000 145.000000 
313.199398 70.407038 48.000000 145.000000 
313.199398 70.407038 48.000000 145.000000 
313.199398 70.407038 48.000000 145.000000 
313.199398 70.407038 48.000000 145.000000 
313.199398 70.407038 48.000000 145.000000 
313.199398 70.407038 48.000000 145.000000 
313.199398 70.407038 48.000000 145.000000 
313.199398 70.407038 48.000000 145.000000 
313.199398 70.407038 48.000000 145.000000 
313.199398 70.407038 48.000000 145.000000 
313.199398 70.407038 48.000000 145.000000 
313.199398 70.407038 48.000000 145.000000 
313.199398 70.407038 48.000000 145.000000 
313.199398 70.407038 48.000000 145.000000 
313.199398 70.407038 48.000000 145.000000 
313.199398 70.407038 48.000000 145.000000 
313.199398 70.407038 48.000000 145.000000 
313.199398 70.407038 48.000000 145.000000 
313.199398 70.407038 48.000000 145.000000 
313.199398 70.407038 48.000000 145.000000 
313.199398 70.407038 48.000000 145.000000 
313.199398 70.407038 48.000000 145.000000 
313.199398 70.407038 48.000000 145.000000 
313.199398 70.407038 48.000000 145.000000 
313.199398 70.407038 48.000000 145.000000 
313.199398 70.407038 48.000000 145.000000 
313.199398 70.407038 48.000000 145.000000 
313.199398 70.407038 48.000000 145.000000 
313.199398 70.407038 48.000000 145.000000 
313.199398 70.407038 48.000000 145.000000 
313.199398 70.407038 48.000000 145.000000 
313.199398 70.407038 48.000000 145.000000 
313.199398 70.407038 48.000000 145.000000 
313.199398 70.407038 48.000000 145.000000 
313.199398 70.407038 48.000000 145.000000 
313.199398 70.407038 48.000000 145.000000 
313.199398 70.407038 48.000000 145.000000 
313.199398 70.407038 48.000000 145.000000 
313.199398 70.407038 48.000000 145.000000 
313.199398 70.407038 48.000000 145.000000 
313.199398 70.407038 48.000000 145.000000 
