393.0	179.0	12.0	12.0	
392.06571572894313	175.9933819984092	12.011883053870948	12.023584706160491	
392.3650512437823	174.51432882449694	12.12554932772381	11.954929110751653	
393.1723807802617	174.19345839334892	12.246613181556128	11.920952554338538	
394.5424293437305	173.93284744894174	12.48402767665175	11.911868638593525	
394.9914689972447	173.93392919068793	12.681082665557303	11.90586492335644	
395.44036536902325	175.02364209338535	12.828444096851719	11.901198299180201	
396.2432954368373	175.53681171360648	12.930219179014678	11.901560447648128	
395.9725753131295	175.37999782507197	13.066067515798963	11.886131327681724	
394.2593057126665	175.1151335592725	12.946746431800776	11.941125466404717	
393.6790367049922	174.7505188594204	12.785890831829018	12.018097184884986	
392.3470146471121	175.43144036151443	12.605702235898175	12.06606977207904	
392.27408490530297	175.20783319631857	12.417624518626148	12.16454833448295	
391.536238609395	174.68854543249108	12.286146926619208	12.259966077606883	
390.4823237818227	174.2799330611289	12.185173562039381	12.358778004138717	
389.51128439070857	174.27291181672715	12.179470149852321	12.385258160707611	
390.045674136421	173.0583826655709	12.136049503031142	12.424462827696246	
388.75099458516917	172.16920757688203	12.144741515070294	12.423165121488417	
388.7867966989943	171.46283317956812	12.168058110535187	12.481312401968374	
388.39827983244464	171.23456036035572	12.095838459771734	12.535936516241918	
387.1820992085877	170.6498782315799	12.053015918174822	12.552902701841688	
387.07841312189896	170.42512781378684	11.971553500991673	12.602948016167584	
386.45969902392443	170.1067567360415	11.927769155186068	12.60009765785654	
387.2974344524489	170.26398936092738	11.844833527881669	12.562629199974541	
386.79007346659483	169.66572776330676	11.787910262467852	12.609204504987053	
386.1222248024181	170.4139924156248	11.751158902491753	12.591379949548463	
386.16806169944067	170.10006630830708	11.762229350222812	12.57771631636836	
386.0674600360017	170.71524900542602	11.748094406326034	12.467638878881974	
386.18179780533194	170.65691415438937	11.72086219608444	12.36828823178206	
386.13739883293096	171.8221832296517	11.701820996887715	12.319482883721388	
387.2148105346808	172.36907403860687	11.691476282202665	12.258519060698385	
386.3612891307832	172.56287776966715	11.69451848899811	12.231629105447494	
386.9854146524493	173.31223540988577	11.647370729383496	12.254329427046454	
387.18296598134174	173.2533524438847	11.633244049186725	12.221944529416081	
387.6023517959771	173.25132446380326	11.582032074633574	12.268642717059691	
387.1272706581031	173.04201145870817	11.529294074676086	12.341578062261238	
387.8123081457497	172.4699406758629	11.508191433499212	12.370964189446372	
388.0431190732596	171.7965296968335	11.503831115396755	12.3059617719095	
388.64192277533766	171.8275225656633	11.453052353693245	12.210647198882418	
389.3232917554362	170.99765559237025	11.463214315187251	12.11665522864081	
390.03676486438246	171.64901586241214	11.418835348468647	12.020763469710044	
390.8422334245833	172.2803077365343	11.374617918673419	11.958116338733035	
391.9798676146217	174.48352353332197	11.345753647064695	11.989811001176541	
393.0831572786011	178.04215489884922	11.432913443525102	12.012704317361443	
394.4830745256448	184.26925089063693	11.535112763419946	12.176677469158328	
395.43680913322925	193.5263988379947	11.570724556646699	12.130421472840837	
397.1876346450449	203.96462740280174	11.510587982911524	12.147471492336546	
399.42566718554144	214.22405545870998	11.41636190866024	12.10318320264507	
401.13189926867926	209.54405089081922	11.369655670131532	12.018334469338615	
401.86573769221394	200.64079943890093	11.343079988062094	11.96271732111685	
403.1516702552201	193.6975196623644	11.358244430874986	11.893234541725636	
405.239549294088	187.3295708279653	11.315978428482689	11.88499272302711	
407.26776415438457	181.2087397732317	11.262061148834114	11.835703537813458	
408.3966651824043	177.1714559738474	11.186881094051094	11.749335418193628	
412.5653997164747	174.6352977738085	11.686924029488159	11.920006548807706	
410.7804457591663	171.34822473891273	11.61931494024888	12.278057985101867	
413.21847348158286	171.3987322214625	12.124761639769936	12.58221769160587	
413.3903761887603	170.75050910779592	12.828074275373968	13.074511787567564	
416.63680016540303	167.95337131142784	13.77528207264849	13.576422892921535	
420.11922145915145	169.00934254856222	13.752903564886843	14.07714373397236	
420.29749536707243	168.98209461119546	13.898231696674896	14.528973322723651	
420.33940919590816	169.4058454347672	13.969698049719682	15.11554365539676	
421.0103942040984	172.4473529163426	13.874061747518551	15.808572908416984	
420.95134336678944	167.80691083505727	13.923863911715511	15.717532023465363	
420.56722375096587	169.67940847862417	14.28732800427536	16.053092748570595	
420.8295532791718	170.13898492229006	14.399627633430088	16.26922721003054	
422.63489198486576	168.24836807266195	14.468301534621887	16.332439937068784	
422.27202809040836	168.09115200620738	14.565094836541228	16.619037926116505	
421.9499043778806	168.24880637082595	14.660142289053544	16.419961636188674	
420.03573398088724	164.13472071008826	14.696780722916762	16.315685022332143	
418.2584706655307	163.27684295060556	14.779147843156217	16.154876143561783	
418.4479152916469	170.14868490439784	15.211712206054333	15.906474465743173	
416.4424342516776	170.7718849533144	16.143193881557057	15.713395616100172	
416.502120928605	171.19200692656054	17.361019926585925	16.80263997325822	
417.7307390305102	169.05743232502422	17.48905144699411	18.087420546768037	
416.7408055211237	166.4973667317662	17.71376509270835	19.230645983413268	
413.81981846707356	163.66001120187508	18.642279711061352	18.44675964806403	
412.9551742420631	164.98967150472947	19.815429816617396	17.93591496866855	
407.52039307034005	163.83084481846385	20.045525024810413	17.769753295711205	
400.33423218721083	167.2134434567726	19.882945053305342	17.62486334965096	
402.290779452473	172.09197381215682	19.705617339320806	17.42444198719559	
402.5510414184172	169.31643734422926	19.387513387436535	18.070418644837773	
410.72944222862975	172.81383229005306	19.15386762386617	18.351897718415486	
416.2668254806659	170.6086235302134	19.0491394555824	18.6995479595433	
418.7276073213569	170.5215077755231	18.843021953951848	18.946767316890345	
418.4816541512107	168.50763836972018	19.004748683091186	18.599506528689176	
417.54784555921367	166.75053037650392	18.7973801430569	19.459771520196956	
417.85692120979485	166.89730773372247	18.742320286204517	19.792109273480172	
419.68018549516535	166.98203350962356	19.08344893244974	20.061606140606557	
419.8882854855961	168.42067492336045	19.064701645711928	19.818765086118155	
419.49440640478605	167.55400938269153	19.16047493149807	19.69650376220229	
418.0343131389291	168.60767143235776	19.287949314310943	19.22978568598905	
412.5102488688925	167.3663121537827	19.788694541443927	18.770463742270795	
410.6683580896617	167.48535700282176	20.513024636488908	18.624159834826084	
409.679975827451	166.6603994406891	21.910775526683256	18.328807269059368	
407.3726582138399	165.4966731725337	23.381974735815422	18.059222087372355	
405.23806130417404	165.03748696548504	24.244228766700907	18.24691310124158	
408.0687187314801	168.3868244520355	25.850933816881565	18.76126227290065	
409.8824455361265	170.6402902149167	26.870382802698266	18.546576006658952	
408.8274444260092	172.7128139783904	27.98615820061124	18.021773720876215	
404.40063080263894	171.73766741687874	28.37724612567162	17.86193310393349	
405.6732116051133	171.8900189239545	28.639444140142345	18.525555646516793	
404.42755814098496	171.10973576153611	28.46922483172238	19.392460692343555	
403.94662140143714	170.60023033319678	28.894116243500257	20.68747715734817	
405.88399528458655	170.3325650433335	27.311237029608836	22.079522742702487	
406.7769607576605	166.77685761173865	25.805753791804257	23.143086123584006	
406.4409867328051	161.8294133170181	25.40098153332789	23.77777500455553	
407.8889732206976	160.35485206225687	24.716090410955037	24.556825500319285	
406.30220048781393	160.91266599485746	24.06820497925519	25.009494740013	
405.2962671358921	159.4556842629009	23.941151479850376	25.909319475159215	
403.5468330724701	161.47983841541145	23.782540339205077	26.737075320063376	
403.08317669176824	160.9214768882964	23.52081660858947	26.43522862040819	
405.2228174658098	166.09405239923976	23.24852936159892	26.621641456463752	
405.58294136187084	168.28013739011067	22.821558301759453	27.291601350292368	
403.6300723809774	167.10445329730263	22.84339821705951	27.493268735757205	
402.606138016717	165.74443105074997	22.708736798455696	27.95038120675072	
400.6495203758043	161.4265727829633	22.958849138971125	28.552262383085406	
400.1374532604017	164.69911334254073	23.128268670576396	28.674132506209695	
399.76216915630795	168.15996679168737	23.17248254687339	27.568811537611904	
399.3626242974934	169.47093357031065	22.98413786800345	26.313747899198454	
399.5169935744997	171.35606272461507	22.845734608204822	25.688208284544373	
399.8575818392783	172.37024084372743	22.856780759911402	25.079398886738815	
401.1509741733615	173.4373902414815	22.917923868417816	23.66205184914954	
400.0408252830394	169.29125766036324	22.31273155334657	23.469638336781166	
400.14938566251647	170.03353751257657	21.77691712837755	23.536869743528275	
403.36149323348917	173.86103933682443	21.29806876789806	23.993964668324963	
403.4041986818174	172.8080502879786	21.51853475385486	24.410911172751	
406.28940791180423	169.2761370753941	21.60607454051231	23.957193464231004	
408.1031235499409	169.39483167491545	21.680268642180863	23.911433119488844	
408.0972330937384	168.28058688034193	22.33228064739035	24.12012280594393	
408.0961003676448	166.9920329921371	22.83478149558642	24.005168607024807	
407.0120134487415	170.5894679871151	23.374561275766546	23.79586193174447	
406.4032975364928	170.6782685331646	23.745342843126068	24.06371918472604	
407.95788477449975	171.6601684271229	24.060939979275545	24.757105958712373	
410.0202842308183	170.36755832401985	24.45627387309053	24.66959328901885	
409.8608304411246	170.89200590775846	24.526191951929576	24.282984016041794	
409.18152467913086	174.17349729292633	24.08406850419406	24.5090114333398	
410.18076461753896	174.72119780403827	23.62321954391554	24.89731584288561	
409.0229644972551	174.61737669111199	23.190329927835123	24.43310230478741	
409.1215115860156	177.67415455655458	23.264782004103864	24.012957398212713	
407.45535190279054	173.54083164938584	23.1724728190352	24.200403629024763	
408.3768351145135	169.11863390762622	23.12331780592895	24.825052914283376	
408.3638698705383	166.98021145263135	23.14431918150095	24.970577332200545	
408.82988387984267	170.18676952140746	22.55174117852994	24.18563996024313	
408.17266434519104	170.97871940551147	22.344750846839318	23.674943127902747	
407.33289798413523	174.39183098860875	22.72857458891387	23.48268884853234	
409.03471459471257	175.58649015538003	22.15320483620549	22.490744567557066	
410.13925546748794	178.90260888938593	21.95578452395009	23.008714289989733	
408.5972580849927	179.5820557795326	21.947672795702516	23.670419766268317	
408.5510354919883	179.4054950425738	21.587489081257385	24.381311643678302	
408.56980701751354	178.95929723628518	21.682803913701854	24.433247443388435	
409.65072106936765	181.68442929357082	22.28634031627971	23.31559238469152	
409.2165214725302	176.25885134037495	22.031953949528262	23.404281728138713	
408.48161563608653	172.75355773667533	21.572328495551346	24.286526959143423	
406.78257868598143	173.8792519069807	21.394841917493046	24.566660316980467	
405.2016884400588	172.92152556243786	21.190729000052492	24.81625899890829	
406.2638712575647	174.47739859509502	21.527168814766185	24.327587576817344	
404.2728506935526	174.90199810050322	21.753216638682165	24.250044797722346	
402.10269289777574	175.45272172966074	21.918446531562367	24.239174681025904	
399.3180040021652	174.41760327784704	22.075975351494975	24.51831243595936	
398.1087874879355	175.04737245573224	22.01660145583914	25.020935780694856	
395.4653161924075	175.90306949120165	21.68901639921596	25.713238087207017	
396.14684159975644	182.32094720937982	21.8404808821394	25.357249734504784	
396.3070344605308	186.27600876894675	22.25902614045258	24.632229978781968	
395.1581369812364	187.29385950137566	23.069700315743884	23.583287921434113	
393.3685051654486	188.07884116071503	23.23342276769582	22.661160308346773	
392.20476544909934	189.26752643784266	23.133791118848933	21.84026402196842	
391.1716744339068	189.3361968846102	22.908290422791026	21.406968735995818	
386.9858544587845	188.18940941893055	22.809320849720326	22.27718843620883	
385.4897644025346	188.77766003556104	22.50932088977357	22.710417268671137	
381.12201968518383	186.19519726421842	22.49449985203994	23.015151785856737	
380.13899418738083	188.04365172935064	22.377613668654895	23.241573049253194	
379.9907277705003	189.38070267332375	22.242931088073473	23.46021717659379	
375.9776968375596	188.39742835809585	22.320923560489483	23.916765015647435	
368.21062566621697	178.3263984556384	22.213288338316875	24.05458756795027	
368.36715930049706	173.1214908489336	22.30785614593325	24.748824090634002	
366.3140648694316	169.24583970636104	22.775150511119655	24.64454546307808	
363.3556419865715	168.1594539120818	22.775163775270357	24.805870085172497	
365.83954519403187	171.15857345560676	23.048505736566398	25.16730236970942	
365.6828703832115	170.99779429516735	23.338830726141055	25.08326620277397	
364.2297840143156	171.23529997110637	23.739964821317585	24.150616844139286	
361.85272184644754	172.710541370822	23.86327106475465	24.649934241075805	
361.205743938677	171.2549073538385	23.877185400561096	25.102368139878212	
359.9601464595239	172.41937523760257	24.332967703501886	24.451310782366136	
357.94527969064427	173.1086236241583	24.482429821689315	24.338105158059754	
358.01446500061695	173.62481981092452	24.644060900514294	23.525147161146663	
