49.0	58.0	8.0	25.0	
48.433341777725445	57.59759544582318	10.0	25.61209330688503	
47.99613881827005	57.018279178906525	10.0	26.24727613905302	
48.56872571511297	57.18437247644129	10.0	26.708799911558042	
49.066975696889216	56.46137186154719	10.0	27.17600895682319	
49.44325933451872	56.5746970207306	10.0	27.26600165869816	
49.908144754016305	56.37022741862771	10.0	27.349962635289906	
49.513485898246806	56.175938751866155	10.0	27.494564992429936	
49.335257872751384	55.88813426621486	10.0	27.610512372153778	
50.44683012796775	55.78275263135262	10.0	27.167237433128825	
51.23672087557066	56.481604545933806	10.0	26.68191905250808	
51.633182377176176	56.02589508402045	10.0	26.486238288392197	
51.37480943060789	56.2227758272645	10.0	26.07234825061633	
52.340754796116094	56.44293939005577	10.0	25.805122409794453	
52.52919083220626	54.907981877518	10.0	26.252130204685365	
52.3515779024733	55.20189490650438	10.0	26.475176857041564	
53.24882671908937	55.9112432081003	10.0	26.8616962328839	
52.86699915204365	54.732796061793834	10.0	26.83994587406562	
54.08950179075914	55.02435339316405	10.0	27.27593412937832	
54.345606064806894	55.76609595221425	10.0	27.076429616315334	
54.68208954933276	55.66620981504235	10.0	27.099576329755482	
54.953784183001666	55.95093282097993	10.0	27.388968449813348	
55.61332077195283	55.00568012025866	10.0	27.45057854616732	
56.12820694502187	55.56815921074244	10.0	27.33359910853698	
56.5793940081555	56.1994179042339	10.0	27.256950412070246	
56.990790600145935	55.22917790986216	10.0	27.23828939254235	
57.91795484928446	55.32723501675496	10.0	26.98157273040574	
58.505509413725036	56.14860943731404	10.0	26.874738133857093	
58.783102657567625	55.88995389533957	10.0	26.833716747844477	
59.56834929395616	55.94727992546383	10.0	26.738150917802415	
59.63005438183728	55.1224743361231	10.0	27.27470529551512	
59.61686346021965	54.92087010990454	10.0	27.264605646431725	
60.1964038699187	55.11974733240943	10.0	27.290265010143457	
61.48272790399801	55.27031466917576	10.0	26.772457168548677	
61.394142041671174	55.56611467307879	10.0	26.419454575220342	
62.085599254060995	56.047310276757884	10.0	26.275396886692697	
62.380819318494176	55.55031238699146	10.0	26.50350217650076	
62.68366188564136	55.70163713784913	10.0	26.58621565196274	
63.016631413371286	55.845487811333854	10.0	26.51282111339924	
62.88264864041818	55.52622888612323	10.0	26.208216732732563	
62.91817726453594	54.9390102371214	10.0	26.295156053463344	
63.584551218400904	55.98377751739136	10.0	25.981162189067078	
63.798722785750414	56.04725771466225	10.0	26.195553178539747	
63.808655393458835	55.259308825214845	10.0	26.470183449514458	
64.25369582215266	55.75158895798473	10.0	26.72719358247822	
65.1496874156974	55.16876483678434	10.0	26.55220812154631	
65.25128894077162	55.49442353797034	10.0	26.81619686357415	
64.8292422599989	55.80085498904276	10.0	26.546119713556102	
65.84910255415704	55.71718379109443	10.0	26.366687647273807	
66.2078695700091	55.98131376038784	10.0	26.020956181042195	
67.02670278522676	56.068923514661755	10.0	25.60931970203141	
67.53948512846074	56.48689320961236	10.0	25.419696530637715	
67.82779215171621	56.467116802490146	10.0	25.41746761075315	
68.94706412704	56.346667954961326	10.0	25.121211363856034	
69.48366145765378	56.02368356720109	10.0	25.126732700784714	
69.8326918838672	56.17324128903084	10.0	24.92702778147657	
69.1716000897774	55.48040561186219	10.0	25.3503674817229	
70.13649404751631	56.243412052513165	10.0	25.16069821873811	
69.99799900958683	55.90923269490543	10.0	25.366538895023005	
70.54921556464667	56.03089308096094	10.0	25.179467585535637	
70.13380989509912	56.27412339847846	10.0	24.925573723853105	
71.48954243931722	56.475136016155716	10.0	24.63388992056833	
71.39128666661011	57.094204035691675	10.0	24.643664703691197	
71.44929105147497	56.98698569904808	10.0	24.530968037697967	
72.11630069123032	56.80029770882211	10.086035462433722	24.31640152250746	
72.40751125430498	57.27409735887417	10.337686354583235	24.166659603233107	
72.65994216878863	57.1894668541981	10.562524675467223	24.09559867175639	
73.3946664352813	57.14671633229034	10.834317665850584	23.80455164997389	
73.0418887524035	57.075635911385945	11.19316559691493	23.867415727729174	
72.23766151739066	57.12303993516635	11.123894631822358	23.770248198729455	
73.38647590457347	57.0419147249984	10.894312111256781	23.59763886518086	
73.46510462307548	57.578315556576555	11.045481813784537	23.565234698802463	
73.55597692463961	57.176958609519794	11.210098401757003	23.44255399025589	
73.4335892801682	57.285035528740195	11.277817133446941	23.291929488626714	
74.56121978423427	57.557484787262204	10.71778216995846	23.471602499137656	
75.8949331863958	57.674111037879086	10.347896568472487	23.319913505259084	
75.63689512781124	57.14585304322429	10.0	23.417072446165456	
76.48756337752154	57.44444458977052	10.0	23.27964272473601	
78.14950485490535	57.39225648383783	10.0	23.386961421825745	
78.02472172851938	56.55350330773235	10.0	23.621441378926292	
78.38816497022776	56.18203680044595	10.0	24.010184133501852	
79.53784950834537	56.08795078682861	10.0	24.190961680932148	
78.89287577851935	55.82188876314463	10.0	24.34971696369786	
79.70097696654612	56.04508848058393	10.0	24.274562145047156	
79.81886070884325	55.80330233959471	10.0	24.48537665045095	
80.6431778338373	54.92621188770309	10.0	24.43993299542376	
80.66836822470758	55.03307963046632	10.0	24.23876925153414	
80.14565732753996	56.102635581783474	10.0	24.2244110442145	
80.89903983792613	56.23341186937415	10.0	24.09287383794657	
81.09124093103487	56.16336083941573	10.0	24.270291994619733	
81.68090411856858	55.880429472656814	10.0	24.59662559074325	
82.2542033590682	55.2506624786126	10.0	24.562332374601148	
82.51321715857013	55.80620846040458	10.0	24.545043613405632	
83.10275635066496	55.10507559286799	10.0	24.735687543840378	
82.84745717023911	55.23257998301846	10.0	24.63522373923918	
83.65680390848995	55.789957608954154	10.0	24.349084090775502	
83.08499266351745	56.248769957484186	10.0	24.096703997031057	
84.29512829493753	56.10133644313565	10.0	24.074291705430532	
84.7825468961349	55.911683686754664	10.0	23.985556552068157	
85.2047961340469	55.747338764405704	10.0	23.924609773400064	
86.043600958796	54.84519260952629	10.0	23.893641550962062	
86.5168572201697	54.745578377251	10.0	24.023578885397324	
86.67281385222222	54.69482319696611	10.0	23.90475905515331	
86.87779661275806	54.41813023988552	10.0	24.100448090438917	
87.93058100903511	55.30962303411597	10.0	24.21157935010276	
88.02481588787838	54.880471998030664	10.0	24.047799188510922	
88.63790164381675	54.63977539242238	10.0	24.081510508107502	
88.51182660705435	54.471585798579184	10.0	24.084251081616394	
89.00099551806073	54.42071838958569	10.0	24.02531948144152	
89.72966440888284	55.572390298644905	10.0	23.741904211119987	
90.2642189773325	55.39321749975994	10.0	23.627661603829406	
90.32314264000935	55.18089316181204	10.0	23.667899324212417	
90.62421303767502	54.87678444337617	10.0	23.699106765533465	
91.34018347391732	55.36704178419205	10.0	24.082013941330228	
92.33528063390801	55.48151774398103	10.0	24.16182659619755	
92.7845352321303	54.26782513962401	10.0	24.087373172288217	
92.74873559090737	54.67751967142929	10.0	24.23404284986212	
93.0148192478002	54.06404536837579	10.0	24.30740731436816	
93.26811664367496	54.76237652810154	10.0	24.444584951341366	
93.29629460375847	54.221850222947275	10.0	24.82716668356777	
94.65892566867336	55.177045324110615	10.0	24.55883656941863	
95.29901446144613	55.67999467885417	10.179916914832779	24.239800359117485	
95.00140812259325	55.927365795566224	10.17421205310488	23.604889298044146	
94.82240723282533	54.96351739879017	10.0	23.696236717267382	
95.90264974828922	55.062635855028475	10.0	23.714769590476543	
96.04480955338033	54.738867835547474	10.0	24.034706837790377	
96.05355810360416	53.92948440623172	10.0	24.25150592509135	
96.2998862432328	54.243761442467374	10.0	24.558688464986353	
96.60100625143585	54.4348735286967	10.0	24.88888659649544	
98.10452877098838	55.236720475551266	10.0	24.51391005597204	
99.19131477352074	54.81036696336618	10.292161866337953	24.388868507835838	
98.99360374552099	54.38727378674234	10.0	24.203270223258706	
98.8826486878302	54.97507950125998	10.0	24.20386554223778	
99.36163889004085	54.26645817666678	10.0	24.189891030344217	
100.4648353290032	55.740358924995675	10.0	24.01768139161613	
100.97461699240469	55.474648584451984	10.0	23.635530761605047	
101.38605031084906	55.991788741327795	10.0	22.986791435444708	
101.66205847446271	56.52724276086739	10.0	22.552967515871458	
101.12551693402088	57.127175967102474	10.0	22.32849997266979	
101.32075232682038	55.925986251673805	10.0	22.162089384430747	
101.95408112283248	55.66555470633183	10.0	22.261383482687254	
102.31698003757215	55.82538635552148	10.0	22.32384166940442	
101.5471785738272	55.77999928499188	10.0	22.227037871489284	
102.10664725744891	56.196465573367725	10.0	22.038351493786067	
102.57585862208734	55.80996411280243	10.0	22.246197992387913	
102.61783383957534	55.414362681137504	10.0	22.5593617074465	
103.40498633433464	54.88886565382296	10.0	22.79475296374276	
104.30165271117596	54.96378362080795	10.0	22.68515929852059	
103.75666661806157	54.579927586479236	10.0	22.769046923398793	
103.98027473840696	54.670204448598966	10.0	22.685056522543874	
104.9284029454833	54.79882467318396	10.0	22.934924283454535	
104.67025854526317	55.494511008857614	10.0	22.92801485268103	
104.52213890378992	55.62781011644883	10.0	23.063291904389498	
104.76264884748004	55.72181670086004	10.0	23.02040681612685	
105.36701450484553	56.18147494071787	10.0	23.022767617835978	
106.33440302115123	56.11958025720241	10.0	22.805490448319954	
106.22399006024396	56.11846410148878	10.0	22.65132473371986	
105.93808017821236	55.975490029634365	10.0	22.602149391668476	
107.25415775960316	55.693015337818196	10.0	22.737419413176607	
107.00122856456814	54.859682142889	10.0	23.08061406021366	
107.64434468421963	55.7865609747064	10.0	23.371851960908334	
107.93605822603858	55.33982595519142	10.0	23.448602058930035	
108.74515584564908	54.82430220306749	10.0	23.311548569314972	
108.40829900664058	55.29287389404527	10.0	23.687881194847083	
108.64345338347303	54.82070455129157	10.0	23.28458172043275	
108.63074672068522	55.85627210719168	10.0	23.049390635264626	
108.86439856687687	56.49433548958265	10.0	22.415915563767072	
109.93717795968985	56.936556836506114	10.0	21.76367395115244	
109.34376660885954	56.581461918777954	10.0	22.076001601688954	
110.03678693297489	56.29001904209021	10.0	21.950734602492272	
110.17557841012497	57.21690464415901	10.0	21.839393140053303	
110.33771580544082	56.90757694678422	10.0	21.947592171251046	
110.7962093093517	56.84787612647018	10.0	21.794835254606966	
110.61566276536325	56.5585317927065	10.0	21.566664316153297	
111.83527769865971	56.90670479184925	10.0	21.336723420144494	
111.06005325956332	56.69987069517822	10.0	21.248337458176874	
111.04873040661515	56.531185114193846	10.0	21.028406823081234	
111.83941465334696	56.33928460929559	10.582573847634576	20.830997140625612	
111.63498009832304	56.82665784872549	10.523949700498829	20.995346106319918	
114.1373245409453	56.63937879359878	10.158314167911533	20.879594973379362	
114.75130754215047	57.33980720228419	10.0	21.051902267634894	
115.43613905871683	57.10283319662766	10.0	20.888787502680096	
116.11207019073389	57.41596171871528	10.0	21.167257959037805	
115.78227422092802	58.387223962355506	10.0	21.3628889551629	
117.03039597234282	57.87129684808683	10.0	20.79654206662436	
116.80133249252616	58.1915824277418	10.0	20.91796094913472	
117.30039306723828	57.52609320549972	10.0	20.888358106208983	
118.21352872387214	57.90693882612153	10.0	20.878289516925037	
118.0006764683841	58.11183215003747	10.0	21.222244972607164	
117.32068874957032	57.85244033770647	10.0	21.1842954728967	
117.83966467016806	58.01993593678307	10.0	21.6965750590792	
118.22772180937558	57.633226394170464	10.0	21.934286865570694	
118.46852259381807	57.1276702057761	10.0	22.238334837471008	
118.27778040050062	56.88964943483822	10.0	22.193651078153998	
118.6323594530137	57.41389529937559	10.0	22.42502164673651	
118.85925219637619	57.25482049386112	10.0	22.203369969337963	
118.72664429008869	57.85734078292853	10.0	22.096302074285287	
118.49083838352585	57.60696667617678	10.0	22.012149242561314	
119.40639270807155	57.564699526505734	10.0	21.68918582734735	
119.73020943388482	58.19472907830292	10.0	21.65519753823277	
119.45844120422034	57.078095961910826	10.0	21.60992211871418	
119.21765899048518	58.17751684958584	10.0	21.692055313907282	
119.69517793970323	57.51782521184696	10.0	21.331602243549508	
119.76897766975412	57.128899694256404	10.0	21.312057064650872	
120.04255524441352	57.3749809572949	10.0	21.333450072459147	
119.6380258074687	56.26495623555112	10.0	21.637143790106858	
120.17753859733534	56.20998145065471	10.0	21.78672987714861	
120.48351635422753	57.640223911113765	10.0	21.830876141688236	
120.86613170911744	56.912315922033464	10.0	21.646752556105458	
120.9386440546917	57.65991223068332	10.0	21.737278837837152	
120.56509950704616	57.0268773108147	10.0	21.40687415028409	
120.77083995303184	58.01573432240382	10.0	21.31107585977635	
121.48401279478405	58.054188831532066	10.0	21.132243364505015	
121.55042878294365	58.06277201474834	10.0	21.033388384907017	
121.21794835183238	57.37334252371463	10.0	21.111541279644133	
121.9637622071192	57.778915951794914	10.0	21.133702623936806	
122.65340433997798	57.612936503764615	10.0	21.17376967022318	
122.13712777003653	57.36342436624993	10.0	21.25696531450609	
121.69763874342678	57.97399554170088	10.0	21.530212591617943	
122.24087413897969	57.672492604607264	10.0	21.525136836928127	
121.95360692812649	57.145262406965216	10.0	21.505551205264513	
122.32462033033144	57.998545129533554	10.0	21.198280234804947	
121.90481668853029	57.78865382227966	10.0	21.058668216833052	
121.7623052305849	57.98883307474917	10.0	20.791758386568354	
122.1058924408427	58.21211255879592	10.0	20.560168230440947	
122.37551264694788	57.87465186534715	10.0	20.74211966823074	
123.31762100285641	58.27354448781437	10.0	20.55893779973964	
122.42836140638912	58.02159504966028	10.0	20.576117354116683	
123.07662070916393	57.70712809848266	10.0	20.30559806313464	
122.57584075067916	58.69100736134415	10.0	20.378787309319446	
123.50683069721805	58.66012259610715	10.0	20.61180280314808	
123.53595866373178	58.52559940606175	10.0	20.46287294388186	
123.9228065739268	58.122442699480565	10.0	20.582329212614138	
124.37845754744237	57.74894888690679	10.0	20.887324844090475	
124.51726324242833	57.09736260142019	10.0	21.099343130005224	
123.98741475208618	56.941325995787786	10.0	21.18204942145026	
124.72087824838891	57.15251248850163	10.0	20.959611456609565	
124.73346111659677	56.913118402610365	10.0	21.22334589008844	
125.28713375392977	57.63847368499353	10.0	21.314860379433043	
125.05898588327742	57.431697385048146	10.0	21.217283372346845	
125.38810282750418	57.01467027354898	10.0	21.07127972331857	
126.61734302749198	57.20264871327101	10.0	21.192091282534406	
126.39103697424218	58.1143025364675	10.0	21.4716692136147	
126.8223459041186	57.932633591566585	10.0	21.514872294634948	
126.92776843832957	57.755527324144836	10.0	21.61438258521929	
126.94531284749209	57.43033686319225	10.0	21.66735072296288	
127.0397275714304	57.25582351684125	10.0	21.767590617829974	
126.66018495065603	57.88148631147807	10.0	21.575780643751212	
126.73569644406237	57.688880344414095	10.0	21.527629057992396	
128.5018297081791	57.60132899216268	10.096219414285029	21.36277548164916	
127.5247186399782	57.43186384319268	10.01184438607584	21.414640631922552	
128.0168888382112	57.378268324926836	10.0	21.552038308830866	
126.69248201037544	57.551012178069044	10.0	21.55366013670809	
127.91277236684024	56.87009127833822	10.0	22.05023359890959	
128.5893610531454	58.17360204672414	10.0	21.6947529104171	
128.38181009477623	58.235973972800494	10.0	21.36571985555687	
128.60870844348486	58.66657692647782	10.0	21.51862137095641	
128.72354404446895	58.053259092883856	10.0	21.60613348484783	
128.96259403543075	58.440358340566675	10.0	21.48887842975481	
129.35005215788067	57.33329531577219	10.049612176106782	21.495265287052014	
128.83590602158765	57.749318202914544	10.0	21.560501595995234	
129.37644735070717	57.44042107739341	10.0	22.099338457054834	
129.22765687725146	58.42941131387423	10.0	21.93898912789963	
129.58716996853036	58.398265151151506	10.0	21.66675942887113	
129.60906921164468	56.795025235324886	10.0	21.856478696108944	
128.48010637846076	56.81942074689998	10.0	22.178623351697528	
129.36774444101965	57.07921486592143	10.0	22.283388886312956	
128.72428271791276	57.00516002998217	10.0	22.322465679692144	
129.44376371526414	56.80648169435868	10.0	22.200324076592324	
129.58808799350814	57.111141782076004	10.0	22.212236344243163	
129.53247108643106	56.584442752589865	10.0	22.27896200681294	
129.33742709670105	57.35704899489919	10.0	22.38790188620632	
129.3787683499727	56.70482047886034	10.0	22.47612363941957	
129.51206420098782	57.81893402078735	10.0	22.6628080066273	
129.59670502854553	56.7811879898443	10.0	22.62552776247938	
129.40920812195867	56.62198483721438	10.0	22.93679527955449	
129.54283082191796	56.537784993254164	10.0	22.989320780160377	
128.76941676849074	57.00955594465985	10.0	23.140661612578242	
128.9115654816323	55.937612613021585	10.0	23.43642377049918	
129.3697947233605	56.47832981497251	10.0	23.551494823908854	
129.17183753234625	56.668016310009904	10.0	23.553278770449342	
129.5424614357268	55.980338336313345	10.0	23.566191523394924	
130.2674068469543	56.6538812809155	10.0	23.46956449135422	
136.82065827875232	57.00432621666071	10.468261353879988	23.31359255448397	
145.3394327091137	59.55301304200104	12.018797444610653	22.396436489676724	
148.2394427132673	59.285144612253795	12.420068747102317	22.38177302436715	
148.54603816986094	59.55858644651738	13.007776464880681	22.25915858822159	
146.56526928939113	59.07716906625287	13.823376458988669	22.525251461568825	
146.4899683629108	58.655347305270986	14.277664079380617	22.8363953527758	
146.177047142243	58.400888553797856	14.980871618589418	23.045169784663525	
145.12652640710104	59.195369123000546	15.83966907607343	23.05206789281926	
144.23430937602865	58.46944093217189	16.26202438685543	23.619975505481843	
143.7472256200484	57.896085392257895	16.786902749290093	23.82261027338619	
143.69039999911695	58.32610735780047	17.35805690520377	23.719662739787367	
143.90379098968194	57.53255560035889	17.36011375281344	24.235643458662334	
144.52901439853648	57.11777308038739	16.912293329563113	25.138971648412635	
143.94317125030065	57.65578091582776	17.306243926785125	25.11773109209887	
144.02635390933776	57.35621287662771	17.049434359991743	25.74718316806345	
143.98297706358267	57.59915587454162	16.900233560926566	25.894650415890137	
143.65244610299962	56.81529763890767	17.357221936490465	25.49172127225277	
143.2017386634928	57.40672627439979	17.59121422080988	25.54664615007338	
143.9211866300574	56.99631143990048	17.647659979757233	25.689525397158526	
144.44415700532016	56.59364087271257	17.266175685433627	26.003568835127712	
143.63284768825923	56.9752647392975	17.181714368423886	26.401891127946897	
144.06805766912456	57.01262310745888	17.426802543408705	26.30656857913329	
144.85965350264985	56.74944745893171	16.956086594405487	26.62723764436006	
