80.0	167.0	84.0	132.0	
86.38030053670256	167.52529286493177	82.99118397256962	131.5347856351477	
98.48188092493758	168.29890210550116	80.34624058855118	130.5541484361541	
108.93313331260376	168.3024710130606	77.76970319314343	129.68004703810686	
113.4519980378374	168.2228310448831	75.92180355794181	129.19571647222742	
124.6915855660108	169.16314720561337	73.14475235831108	128.09799984185867	
128.60211080158032	169.36825340019197	71.60883722981214	126.14334985006226	
139.0514611049918	170.21504391627136	69.49941610547071	124.44124414420453	
141.99985620564888	170.28117365599562	67.91495850836277	123.51486399472441	
151.99749035171553	170.68126360418609	65.26686024690918	122.89102663431407	
154.64062958984812	171.56643676628195	64.15995289568585	121.87115364930986	
162.29971053053941	171.66113539611712	61.97540487515349	120.6821559227022	
169.5734500552766	172.6692570118166	60.374704878841044	118.7011600652758	
173.06646790746927	172.41085416066858	59.5227333983418	117.06115829978131	
180.86563987770083	173.5824266202469	57.29829173351467	115.28037103660083	
183.4281597711145	170.93704358560265	56.41817289450961	115.43544788671313	
190.25610290210048	173.34220004118214	54.83737314193011	113.91908642365638	
192.82052484883891	172.99680094537246	53.970577696673516	113.46409697502241	
199.0001962681531	173.0882209941076	52.32647974377211	111.32916338952319	
202.08421986572793	172.76196264282632	50.99613318573559	110.83852911813756	
207.07713786657928	173.3775207538037	49.311192285520846	109.12797109593747	
212.8754554490243	175.42381586596122	48.08931959527934	106.27441719573264	
214.8879032158006	176.02875796289425	47.64296402220596	103.64344897845827	
218.51720710626302	177.07899605085814	46.584333311610536	100.89903972484632	
221.79321337803847	176.8745407521543	45.48601944796707	98.66527865528988	
226.15296302037933	177.59962336271246	44.55646784679323	96.49542794856436	
228.5738237212861	178.635808839604	43.9988138611715	94.54603015033248	
232.35296480862132	179.27042143022308	42.884779239332566	92.71809130834329	
235.14398684233882	180.24187142777473	42.432723304583575	91.10379917613358	
237.77146069978238	180.5016003650835	42.08564805074823	89.05849461222155	
241.68308134721548	180.68840084536578	41.84493077844763	87.01461173032499	
242.6404544825502	180.2943394684885	41.220223236532505	85.89060501015226	
246.50144152391772	180.41695596696894	40.40407681949649	84.41195378891929	
247.28964743491753	180.7027414998907	39.71743946293114	83.59040380197831	
249.39286898255853	181.2822670229378	39.14432535128547	81.97581804241948	
251.13306492761797	182.5658268946241	38.33279997506804	80.73912020577528	
254.70656281791415	182.8057623777091	38.0711606443394	78.65979091784907	
256.27657543867497	183.6610358930013	37.32416762561835	77.49375142697437	
258.11187764261234	184.01108654186498	36.628967003818545	76.50800134194704	
260.0360074741681	183.69969357672014	36.12846950678805	75.33681377323478	
261.1919674537121	183.66486201771744	35.57056715698823	74.51248600386916	
264.52180479944735	184.31738934919417	35.09558108640999	73.19554941864033	
264.74186327510245	184.43926393376174	34.62559094380951	72.29898640658637	
267.06604686235613	184.21437345181192	34.11628507607562	71.1594089782682	
267.9578298222295	185.26330153123155	33.46358786645265	70.45405426704178	
269.8043317006675	185.07146116421615	32.76041097786634	69.66544894899378	
270.790254460685	184.92594230270115	32.56264063422252	68.85450153281404	
272.60920180422045	184.21020265900376	32.00245175026772	67.79154811860283	
273.68375577714914	185.19802706383115	31.55906632709071	67.00048015810083	
275.86388013144546	185.19786250222487	31.561049238574817	65.62729046945822	
276.6431242813766	184.82578517512474	31.306340309373454	64.60649522124686	
277.4117474384025	185.368005525774	30.856097141741216	64.00829519042277	
277.9131447483906	185.98216235692553	31.612672565506877	63.00709231764705	
277.64815884183975	186.71163753782193	32.062318722205234	62.339156284466604	
276.44788920585296	186.21247785455253	33.28864985998409	61.1598277472771	
275.94068819110424	186.49054241065332	34.27009662485243	60.255509218442896	
280.81301408969944	186.28982869611013	32.98818407667493	59.562653489275334	
281.9375589101535	185.94130225149732	32.111527471272495	59.52408746564045	
283.4834717751887	186.77118994357565	31.788713179830268	58.775079149493365	
284.46898355728524	186.34992444755497	31.184938226184638	57.98100691468806	
286.4607910485499	186.85934020160536	29.976771546279892	57.6889915320652	
288.1728218025108	186.51747406248467	29.018138878895897	57.028385753364674	
289.0416078255015	186.08419106604862	28.326585249054308	56.54610732008522	
290.43683520325317	184.96437757362244	27.111594414961225	56.613732620725145	
291.70834534049897	185.10828803472117	26.15229246032336	56.93531471959448	
293.11141587959713	185.55091198231824	25.805218778296755	56.17918886228995	
293.54008508925335	184.70898418620902	25.24354797998742	55.78683604709997	
294.17925471776243	184.60458734461938	24.798974567498988	55.29019503561625	
295.58532226660105	185.01336561873651	24.437918850989444	54.117503064967785	
295.58371062420684	186.23238559324903	24.322874725533648	53.10516914061142	
296.90278583539117	186.39761471403563	23.955249893623805	52.252704843047134	
297.9755688154267	187.14587636001207	23.87172460793519	51.31294764820531	
299.0740972531722	187.99797430170247	23.46798969481481	50.82481473418436	
299.23772899785524	188.221985018147	23.258583270525985	50.21096036320846	
300.3272236017273	188.31919961189107	22.734637357521073	49.66819018061055	
301.02567252414866	188.05815783134227	22.406947530793346	48.8505280493339	
302.0967932182075	188.86453827346904	22.02837379239301	48.06926844363185	
302.62174413677496	188.40540921770128	21.656734831863503	47.4782222392537	
303.1431686502481	188.203304011201	21.39772617762244	47.03116068668073	
303.76186990778916	188.4205029156695	21.22178348348377	46.40049367619829	
304.72046406789843	188.62408535420886	21.08355447395579	45.89186949892247	
304.9305779726362	188.89520757514046	20.905161383876443	45.59935170798235	
305.68204062605673	188.45910405029147	20.959761263151204	45.06894195973511	
306.0433542013576	189.441518758849	20.424587759590818	44.92376512638219	
307.3753393655173	189.0686536373609	20.77532863769717	43.756684152255986	
307.3998311921769	189.87116762987148	20.479531163889128	43.677963132941855	
307.3553979099644	188.94466045980073	20.234232908427785	43.47609368832492	
308.99344505090977	189.69802195911956	19.932892544418547	43.05965519343479	
309.7559457840437	189.21593262256124	19.899414193756634	42.400255880117754	
309.93955489446813	189.62871171903487	19.412937061585403	42.2602726202018	
310.99252428205415	190.0008552762959	19.84264987474092	41.43154710066726	
311.0776205727813	189.7283267755304	19.5472873147952	41.04925434513651	
312.37113815396503	189.54939709264963	19.38691202389558	40.560384294846486	
312.2158548754194	189.95264086517597	19.006665030036455	40.57270654432034	
313.443470882036	189.26272045425827	19.01962839177245	40.131140519488525	
313.440174194403	190.1440655234598	18.616507815892103	40.170309279223176	
314.2990639963563	189.36293116121885	18.691619025098372	39.78422756744868	
314.3067397054792	190.02575332141635	18.59461089184002	39.83830098991904	
314.6397906950551	189.24522290612848	18.39175269049276	39.66094378233619	
315.62483891475944	189.50621577492115	18.43843128697222	39.256263853844146	
316.5006648156482	189.56724433424534	18.537110089666974	38.64553442460005	
316.6612784563239	189.94105087096932	18.107264331809098	38.43335339996702	
317.23828757344	189.28253260912493	17.987505612310304	37.986475308252174	
318.14552034510365	190.1106662014792	17.735727192466452	37.81623511150341	
317.677474397789	189.7435419115609	17.611281283949705	37.494584553824765	
319.65152014963047	190.0983176508204	17.408607394848307	37.626330258557346	
319.439864974008	189.4405213084916	17.20052324915462	37.67840596814893	
319.4472606154509	189.57141766470673	17.132745066757398	37.33793210676056	
319.92956989561526	190.1980226209283	17.021270957579155	37.02160702451647	
321.04703384423397	189.53995292930435	16.878126336032786	36.51254493654175	
321.6158043689544	190.12467199664832	16.628954603688655	36.3243697118689	
321.8388568499189	190.21062833238636	16.473438865774895	35.994050437476794	
321.54339025323594	189.81200361046845	16.307567781532825	35.68715124544583	
321.84429454103025	190.34840506960407	16.123674249928737	35.46398805667302	
323.24541418231337	190.15434211113126	16.108506311232038	35.18748047564915	
323.34673218233047	190.25745494183096	15.975153890273269	35.03120590551153	
323.7000303338943	190.35679852801417	15.85994894931132	34.673848591346484	
324.08194910757817	190.47697436106805	15.511355235525894	34.71767254731607	
324.11284348319793	190.00284639319125	15.460670256974215	34.426874512149375	
325.4044132426329	189.82031037102627	15.19711789569044	34.390434551064885	
324.73852317201704	189.6282271430235	14.984125482583657	34.03076783150958	
325.6355850884036	190.8686294205829	14.796659662852033	33.490167962748686	
325.6414643094137	191.3701237479442	14.978018883657125	32.74708713335212	
325.72235618069806	192.1243698203331	14.87508973380439	32.24838298169989	
326.5630431640031	192.27911075440258	14.80622585275448	31.9451294732675	
326.94722155116983	191.73276974577058	14.897790041988493	31.205768476481964	
327.5563309502496	192.7206369427096	14.664716331507417	31.049950631860398	
327.7688930916555	191.60805437254933	14.613763792584743	30.79625253841791	
327.65873521692595	191.63072739919227	14.26842444886854	30.814295030714334	
328.2880190889206	191.87310564639174	14.048003546446308	30.797293983342904	
328.6001079417355	191.58410012093907	13.961789720311753	30.67921946985239	
329.1662117992327	192.28536779181738	13.738926452883273	30.65251676689878	
328.8573505423649	190.81501384324298	13.644855595745442	30.91009994226839	
329.5374514459539	190.21919869982307	13.566574820643726	31.11770267966085	
329.63763783227733	190.65676878771538	13.618916540955837	31.15974847574696	
329.90652748097506	190.68470326701663	13.525586342565788	30.91505776384883	
330.6221156836119	189.95166738871873	13.484830724620991	30.890932405251824	
330.95871843718584	190.68764086894618	13.363674153582775	30.819079505936188	
330.68971476442937	190.05720841274572	13.26047601164787	30.953498530796708	
331.47387528391744	189.94892191246544	13.368908112488109	30.691448677217103	
331.59974575900765	190.63025131741495	13.374868862559534	30.59569173495484	
331.9004144111031	189.8694851989142	13.538027363372596	30.542040024965214	
331.32399576276333	190.1240120273561	13.398715583263133	30.580069915187558	
332.05636445779714	191.32197166425752	13.58051152473472	30.131060129739257	
332.3496553060292	190.56465390139329	13.55184587547703	30.06353181654046	
331.8723654929183	191.11059930624629	13.553514289422138	29.80350350569655	
332.3252118648068	190.29739750964723	13.598062761201614	29.638159007709916	
332.7106807387889	191.8247590332043	13.731215673979449	29.187061832927547	
332.6739549237921	191.16124660223633	13.588115357222911	29.189697755309986	
333.01383660703874	191.51155573911646	13.662953883340801	28.96229688126323	
333.71094247805627	191.2480917757477	13.674447432010805	28.89527766984825	
334.3634189206372	191.52833727897644	13.565469506190022	28.5014842950383	
334.71500234272537	190.96203877919766	13.625546868131494	28.087909615218877	
334.88992102986026	190.76668705157888	13.536477100195423	27.983626861211576	
335.90666018166945	192.13718125877003	13.540528105724357	27.62276455968401	
334.71862218487877	191.62966550713858	13.566530886871494	27.493958741096	
335.0633132661115	192.4537205092752	13.375938009906914	27.321263768977968	
335.4439370857821	191.75766405425156	13.374503320748467	27.201678989331306	
336.00131981880344	191.3642589104774	13.26323019505356	27.07717696959118	
336.8702306649236	192.29366935630978	13.12031245927924	27.03194777614033	
337.2863533683125	192.10285557058765	12.944997397386404	26.720980179900646	
337.23472893794167	192.39910049384113	12.825234965548391	26.294136186347068	
337.2619122081642	191.79719910106715	12.81790574048559	25.93921349210959	
337.4477181895936	192.75139268682125	12.712953253189845	25.44035112980025	
338.01853135168705	193.46003523338112	12.550599575601385	24.998190611418302	
337.9480619574908	194.67778449663373	12.560056345443144	24.359965774175535	
338.5763517120147	193.80474565322544	12.451727437079064	24.108899650302106	
338.5935103245762	194.00218726428488	12.33914336577932	23.955889262294544	
339.06559081922524	194.74948254698745	12.134475940179849	23.897375707570394	
338.90592598677057	194.03626931623643	12.115568823770516	23.630020905195956	
339.12896860208707	194.48369451590077	12.007206937457568	23.347339931382784	
338.78931233122904	194.51127451816018	11.963756815412907	23.062755587370315	
339.2837297722609	195.00237390988352	11.853674661542376	22.80597820325569	
339.9461184608385	195.1931988404883	11.707335343536869	22.60917933509893	
340.1810548455697	194.77774083523028	11.813724280842353	22.324296878877632	
339.6918419333898	195.28435022401968	11.80073798444705	22.007777349718694	
339.63067164877737	195.20669466293361	11.7896568257562	21.85214404411201	
339.95882762623745	195.30709411035974	11.996376755456183	21.552164123893817	
340.67726239062466	195.5556685382305	12.304941666394194	21.255428932281266	
340.79012538109833	195.38366763407538	12.267272788473102	21.241544194735255	
340.8921115811657	195.11957211653373	12.472374526684394	21.098874768687498	
341.5589232868067	194.89740452645356	12.529344358561344	21.044439101386786	
340.8103801184533	195.90308343781328	12.521662606666922	21.044187219872246	
341.93309810937865	195.66013015767984	12.57618102530483	20.986574546330942	
342.043664683476	195.21355466125613	12.4122616580034	21.082888353428764	
342.32094907528017	194.7005608107902	12.29503314826472	21.160933511060694	
342.7444320760542	195.3156848058718	12.188739318059664	21.13126659774028	
343.109890420368	195.3581763251972	12.10781321639324	21.121652922037576	
342.623659439841	195.64784579106185	11.942929566173548	21.09184312193767	
342.85686051890167	194.85023852779327	11.9127528829434	20.900075312191756	
342.78991148571595	195.17264678587802	11.702450075441828	20.85933839817097	
342.73175417044735	194.7561438752903	11.587734922963362	20.66830388061863	
343.14671821688574	194.65091932034778	11.550398596619548	20.620971932244075	
343.6426115851231	195.58114917831824	11.39377739505796	20.67596593599542	
343.2032707326456	195.66900808184528	11.380235343677796	20.57054681053161	
342.78910941939375	195.33395808103614	11.382538209776317	20.598038999220396	
342.77772050555944	195.25049559632225	11.416725817365354	20.391853803958476	
342.9184327081757	195.49704975228795	11.516051266570665	20.39169442178636	
342.0279667418941	194.8883711545587	11.543521364621125	20.416815314807458	
342.4097892034444	194.46417036306303	11.728261432250267	20.152188677140174	
342.0788608547779	194.37856918400837	11.926985219884184	20.0308841412531	
341.3092800036347	194.7452725380791	12.157708147392732	19.75850820704858	
341.5804852801123	194.95196764244542	12.446760627275452	19.547196887505407	
341.77029222137077	195.10627163577917	12.550371585042829	19.45464611064896	
340.96557243097556	195.5225839222014	12.661362296244214	19.3807004890545	
340.73512000654927	194.65806045867353	12.91086465944783	19.27620340860835	
340.19310186999127	194.87136555379723	13.148345708314803	19.173574225044646	
340.459746909509	195.91397011565277	13.373820892786743	19.067120613401727	
340.13126683963736	195.7692463084297	13.52567864934785	18.979187495202282	
339.8093858095868	195.26131078453045	13.712654636865496	18.95662451036425	
338.92466933309396	194.9362805093763	13.808080194343594	18.917705326897345	
339.86511434042086	194.96885692339262	13.882240616207863	18.89131478592598	
339.6904412096478	195.0293797896822	13.983382855083597	18.841502367186465	
339.2918315325816	194.634551481642	14.055734586927208	18.806132345458515	
340.3429397693293	194.37632243426762	14.051815303523624	18.756584629153206	
340.67839049523127	194.92196989032755	14.063095618300926	18.753096328847025	
342.4030908027469	194.62111712191154	14.048040265838754	18.753008428181122	
342.30222910097217	195.49674553870105	14.049134603674528	18.754688473492642	
341.25506785640255	194.80761118661772	14.06485837328739	18.759449627595433	
342.06313912977544	194.33208371969704	14.098192877914643	18.756715881248745	
344.1883398811725	194.64571775513463	14.05833239813559	18.783188842129917	
342.7910789052017	193.64872385383356	14.061271984185487	18.788397118811872	
343.3870670989965	193.9379283341761	13.876313902023657	18.877115309999652	
344.681217811125	194.92353058176994	13.795122266399611	18.883650588058494	
344.62080373598906	195.35394490755428	13.769513858132353	18.887426866749028	
344.6378745939109	194.96258977689408	13.753586996426945	18.890313715831628	
345.1131335930746	195.32041075256365	13.746824256092697	18.891121231896083	
345.71128818897023	194.98286006410748	13.743167550884744	18.889732160401124	
345.8587543038106	194.88694506416994	13.667114572923193	18.94648306912468	
346.0062156725374	194.8457778534798	13.631811277429447	18.97861392161861	
346.3201378551778	195.00240108136902	13.586650771897112	18.989869454247387	
346.87692093805356	195.14271551311077	13.517381857083825	19.037985135033644	
346.19824016711294	194.63276720130645	13.437894124159676	19.064252728625327	
346.43542169164624	194.7279579506393	13.409951869745962	19.071891214773764	
346.4360947444259	194.98568208504736	13.36985581347289	19.0792341467772	
346.37620270114076	194.38878104304086	13.331654603267204	19.065571524870744	
346.11896624439277	194.60499115129755	13.242846613402543	19.059966804398854	
345.6703177078398	194.7398607580815	13.133868872950075	18.975525800736254	
344.6951324236192	192.92383196027012	12.801619469166226	19.21582368889206	
345.59118094326476	194.77593582545424	12.788911042023233	19.233262143919113	
346.438009587001	194.08119026421141	12.791806953888685	19.213280360997476	
345.9562294562519	193.9583130886192	12.810639577467231	19.200278282200575	
345.63324805034415	193.80103133923603	12.851925298157333	19.186658411151058	
344.88171822558394	194.07540613101483	12.894801086648059	19.095279730312434	
344.9794452831641	194.18974144011722	12.963921826539487	19.11361223820781	
345.1571244914173	194.52219934149085	13.04517970909842	19.087335780020048	
345.5610610210655	193.56626048189992	13.09016831911719	19.070209435048294	
344.91292216348137	193.59194535203247	13.183640752243429	19.094222566940964	
345.018606867842	194.26893872143316	13.273692479908208	19.044719499807282	
345.88375279983495	193.72401474396258	13.282469449527964	19.0505100417028	
344.0937688774106	194.4508679355594	13.393302702855838	18.984999964853937	
345.700245124536	193.89788059886953	13.41356903883182	18.960990696150965	
345.05661398910183	194.24569268408678	13.451992372693816	18.95099678816325	
345.08193281443886	193.36091096235748	13.490374032562581	18.919825655319947	
345.16919541471697	193.44991739563486	13.51397435498424	18.891840108357666	
343.97839069691264	193.8539654785677	13.575713652866515	18.849449107579616	
343.65463848058323	193.70929749917138	13.578182203886982	18.843205565223943	
343.02057824349515	193.58849686820287	13.528323168820508	18.88310022360666	
341.66410613991206	193.09969954838238	13.575913934496514	18.870888190956677	
341.1224718121169	192.30041343497263	13.58840178246659	18.865265184086105	
340.2160008929846	192.1887660481523	13.594224470496957	18.876072694527547	
340.21020647775816	192.2643388696029	13.60465895759797	18.876840094850348	
339.9926616846075	191.98115724606225	13.628068218526316	18.873735385160145	
339.1177601439986	193.39702875836738	13.632294002009552	18.865975043843374	
338.8325747398704	192.84698244742864	13.649322641148075	18.844456350153816	
338.8497843486679	193.3313200779175	13.666212267093034	18.8260082044892	
338.822053815056	193.06645698163646	13.706395602479883	18.786657735810316	
338.6704572411486	193.73845102664282	13.733276295878381	18.76029517089229	
338.06618648147787	193.4697789139312	13.860876105600006	18.635518621834258	
338.5352796192519	192.67252252765678	14.006704391624453	18.480815260479893	
337.13976666861987	192.6841819263787	14.060876516940287	18.435811506217064	
337.0689386017582	192.7772546102374	14.142407200290112	18.373185896491943	
335.84643520147586	192.81558436463496	14.270478608544455	18.220658545300402	
335.6747284785342	192.33564367817348	14.297995979800227	18.198131716877043	
334.53253261057176	193.25773803419526	14.414769573534649	18.08617499573623	
333.0827069087526	192.6770082328929	14.540767088907899	17.98816390440514	
332.4185813657422	191.7979123373012	14.578303444754205	17.977251684275167	
331.5774034929121	191.93779374944418	14.599490832778951	17.99006925105321	
332.02337513410953	191.528311230768	14.52474795864246	18.036628924737204	
332.0002831686623	190.98060101347272	14.491191154430183	18.099798489716107	
331.6316368486618	191.7711218819404	14.439517343192847	18.139890272729428	
331.4392467820489	191.48333112156334	14.405093664688609	18.161796519514727	
330.63611195964774	191.18574436957647	14.36302969655032	18.19198072881135	
330.7494551804636	191.59957885811923	14.222403655966728	18.297315751146005	
330.52865177714233	190.954176763951	14.1927835107089	18.332440541022393	
329.91286038187485	191.78698567521076	14.068360936613367	18.35116119878996	
329.93427908098425	191.26505994480308	13.959254025213045	18.61883757552316	
329.48337667664356	191.07739071705893	14.00960401932522	18.640769691370913	
329.7184533664062	191.54658522868735	13.92756764419951	18.889644726633882	
328.8420739723581	191.16388743047312	13.989030335379212	19.18989137330573	
328.8352085332091	190.66097564358566	13.966171521603503	19.535689678340866	
327.67902838221113	190.87907349500125	13.976211212097962	19.694842696509674	
326.98899068551606	190.18896734350213	14.156755248044611	19.868815728988736	
326.4868924579592	190.3692009577283	14.34708276314068	19.831068130993085	
326.5091272014342	190.65138016623646	14.46978921105702	19.825049574313603	
325.9356042040947	190.28248807553848	14.407405104324205	20.037993018331832	
325.6461197727073	190.56566327187457	14.40591454891276	20.255422826920707	
325.04048327266344	189.73060539959326	14.55457051463962	20.567160371654108	
324.3453904465898	189.8411510260771	14.637215261714049	20.690825187078527	
323.60059896783184	190.67861202871694	14.726019188779045	20.59460508093712	
323.7494555705587	190.67174310014462	14.852941919269687	20.601626179746386	
323.12604089762897	190.64773211041208	15.137595560946913	20.59509530104664	
322.6878798162553	191.1384280278806	15.188772042243484	20.605189667934162	
321.7207075702322	190.860224005946	15.37331420647969	20.5796090592293	
321.13326704344206	190.74524978133013	15.39215338152847	20.863315801699763	
320.5653296999594	191.2011822910006	15.472816573635175	20.829530701762042	
320.8759648362185	190.3658501490631	15.472371976983643	20.746762221922452	
319.2968564719333	190.97371745602297	15.598385477146309	20.641641730946056	
319.39068127404033	191.60528043498218	15.778287938827765	20.65669188400517	
319.2554163414293	191.58942373582298	15.89455373059738	20.604183813660452	
317.9838010740413	190.76486183843684	15.762188951156642	20.234726423284037	
317.53528486451745	191.03109088686602	15.590907275442438	20.0456787988621	
317.7021942430094	192.6913969659161	15.80120239408231	20.03650824513258	
316.9104534449335	192.22889118833362	15.982129816385568	20.110627632584297	
316.0296542141859	192.26669294944134	16.03348435862686	20.121729535506066	
315.70854348598294	192.33930259677322	16.073534638305855	20.15953275461494	
314.4359411454854	193.0208601153436	16.076174568846785	20.16104479984217	
302.25063663854843	195.4455003727676	15.954561226212146	20.347556435814106	
300.2672490155493	197.12156871291637	15.769363710482233	20.514315959777353	
301.34004660565256	198.55731775133205	15.76567578862092	20.542039878325653	
302.6841341544567	199.99242454620386	15.761486242022983	20.57795466601613	
302.0753480037615	200.23410568294605	15.734409854776008	20.68520678162693	
303.2278297364932	198.48831837081636	15.683516845921211	20.76968989595567	
307.0312080715802	196.88072623935835	15.703194212549553	20.83323305116519	
308.58366604909884	196.60457683545093	15.48732856342017	21.00042112341314	
309.67847288363544	197.48698016116472	15.192114587854448	21.53905261062987	
308.93489476122744	196.16195245569045	14.999201730485304	21.720897468393602	
309.9429232407785	196.34800888746892	14.773136473308728	22.549537860186152	
311.2655546748275	196.87209751214206	14.431037122215749	23.326030424626104	
311.4117938607022	196.61770575959105	14.247076142792622	23.793467267097146	
312.8264209454144	196.37793208332963	14.152990618274497	24.264570487895984	
314.2423285896241	195.84778831242375	13.856502974834466	24.900312396400704	
314.80183449245806	196.11842381728547	13.781245003447072	25.105263377863885	
314.6840158974819	195.55812983880665	13.706245700169422	25.247682598843912	
314.8313086456505	196.40369179789099	13.65499922949566	25.326416971775124	
315.7071668086297	196.19217880534418	13.617017822026888	25.337713091269205	
