214	61	19	21	
214.58081527990848	60.813011824621526	19.564607422785027	21.352510221271245	
214.68494829802015	60.680360821837056	19.927289015606924	21.540078856656642	
214.33566539231967	60.239884721596106	20.114305708280426	21.525381280002975	
215.20844924031562	60.50409376517217	20.633020953045673	21.00934865151228	
213.9791524811342	60.6798683176211	20.590073721602984	20.68731338844208	
214.05785887328108	60.03348412165515	20.232150327541806	20.999980509136577	
214.48571717074034	60.64506036347692	20.1408374649623	21.156382987495352	
214.67021379996922	60.28965149325093	20.12347978910731	21.14719351644834	
214.86248486236133	60.97266560837499	19.714608990853485	21.228694087512125	
214.65270138023104	60.1547953626459	20.13605847760192	21.318009368563654	
214.8440443695394	61.06338748608364	20.056296082171464	21.13939747566456	
214.69620557878193	61.00345124103494	20.237390937171806	20.930081567600602	
214.41818989633074	60.63250992591502	19.951248113834883	21.151531193763578	
214.53094342767218	60.13951014858493	19.873285145991524	21.17194340623666	
213.75367863298993	61.04089212410585	19.715617477352563	21.279968632005733	
212.97131548570312	60.36917901768359	19.82174454072204	21.424738365937863	
212.79991104207994	60.54316560731313	20.159993824380045	21.451056492597196	
211.6689966632744	61.282001586631	20.213075955479194	21.505726383569474	
209.24048419280007	61.14991748764932	19.905762307686878	21.176434770696353	
208.39418215039035	61.57456507435039	19.781189175782732	21.331378089592935	
206.74436582862705	61.246855405856444	19.774205601326706	21.328784355075314	
205.59979089942823	61.701663617003526	19.582639960741318	21.367311511609174	
203.9110513547085	62.0058366107132	19.41388755838439	21.339143004738226	
201.18703459182137	61.619044236828714	18.62953022894189	21.257137657281213	
199.28525664970508	61.95943772162285	18.498287624558465	21.232688179497046	
195.68608630855087	61.816712296066314	18.09320256955335	21.09724756949725	
195.44715337839955	62.27245203829982	17.522687427939815	21.02304650745046	
194.09424469099088	62.91395998279657	17.93338806392807	20.884270113876404	
193.49257370234795	63.00403028764691	18.106869741057807	20.78776552236101	
191.74611225176798	63.4006104940241	18.377458592894	20.778584968191712	
192.37545633963293	63.628804368937956	17.930321478805233	20.597130488256013	
189.65893341965156	62.943478558120056	17.455429153929547	21.287584200374127	
185.25064197272002	61.86690296827089	17.909449220641164	20.638205085496455	
183.1176290553682	62.37922317075054	17.99611809152898	20.850802653476578	
179.99697598423796	61.71746308558653	18.51908886523583	20.102421117555366	
176.83561933069262	63.92027404842269	18.804297103608526	20.577097188322643	
175.5777256495315	63.69728854721207	18.61061892030088	21.32821650572987	
175.07000636829568	65.00807651317747	18.50490344568573	21.739741021690655	
174.36621886451692	65.30039055260124	18.587699420508862	21.787909803170457	
175.2316011025411	65.95438281181092	19.08921959747831	21.4166135605508	
175.33244087570907	66.65172543988099	18.997636359241774	21.166280108502693	
176.5827679350689	67.46305816657163	18.314010733352795	21.3324820964042	
174.4526874394288	67.69787307451428	18.051561715452532	20.96249795305169	
172.16442122758502	67.88779369442102	18.46000805790409	20.83538899928746	
168.86737808459682	67.0824323990584	18.77266637719608	21.041729770364157	
165.6413911151907	66.36969415590232	19.152050077271273	21.108471086831337	
162.3748672908964	67.14681039204554	19.092925846906958	20.92752464083781	
160.7161133329083	66.29277322241475	18.805976109854114	21.079839181120796	
158.44909310932545	65.64002480788517	18.80667164046962	20.85453809420499	
155.07590975048237	65.27644522921173	18.862151949873624	20.693833853833258	
152.70609423655733	65.00014220401836	19.1362039931335	19.177282387771594	
150.4778309303997	65.4864040121331	18.964345756580546	17.9728256585276	
148.58579966044624	67.20338732261787	18.932569019767236	18.268005706604907	
146.33016614332078	67.38135266797694	19.254749298760387	18.55390853224443	
144.40513895236734	67.36326011308844	19.58005789615884	18.591750496079186	
141.97319344497396	68.65095898729496	19.48718640049284	19.38578396486976	
140.14798665839342	69.58574733897174	19.28955750564687	20.420665562594966	
139.46039429737613	69.23056721983683	19.133137763959454	21.14586480757375	
138.40582788279968	70.49496728093452	18.84248501366654	21.685241558005536	
139.67249767531706	69.89699378329837	18.65643246767423	21.934645282741016	
139.05040388586477	70.47688141179898	18.83061193889896	21.515564325165652	
139.38219929734848	70.31210325953435	18.78584407494708	21.999828034857735	
139.66629235962137	70.94014815224978	18.647717158140207	22.11637921373628	
139.9516904920664	70.40724267686993	18.867227833830988	22.02837005755302	
140.40011454978688	70.44813388034643	18.877212614098184	22.11706012975567	
139.91505502195648	69.58160128477968	18.808790273190844	22.169952285583435	
140.722647251355	69.8349557715276	18.72379661675005	22.08620455581947	
140.777501899562	69.76669267374389	18.448861716426833	22.245720887380262	
141.1811425376468	69.95384984137924	18.478008331995536	22.15217943985528	
141.78299899290965	70.2181383542812	18.479814506449223	21.553479972845963	
142.01502391523707	70.5215998314863	18.494794187315676	21.392658085469964	
143.2639456926328	70.67856533330348	18.42970593975591	21.304438820719433	
144.51133389864538	70.61592383079513	18.320916903817952	20.874480023076273	
145.29900868722584	70.05468299565142	18.456148704241613	20.63129604687149	
145.52617420152535	70.79463688326757	19.135083881366807	19.544225793292796	
149.11314970725897	70.63263823227487	19.262181648859944	19.668138993387544	
152.87553287393436	71.2683297280416	19.1760299609428	20.03988547319505	
156.74949098489768	69.68763083877914	18.97331680012074	20.787075610247378	
161.2682222010892	68.65515144197722	18.465923192784928	21.34825812751191	
163.71678370142763	68.3748814289332	18.05038202273198	21.6760675698763	
167.62659335516236	67.46448189173681	17.624089756974833	21.97635365379359	
172.03871164578476	66.49802798936251	17.753509252727685	22.514452854933968	
175.46475439504923	66.13035089841898	17.94103532290231	22.141312623802136	
179.59148837966973	66.17551790667981	18.46117020663056	21.300424096890602	
182.8714740723543	65.99412733978309	18.261282737373765	21.87659054485451	
186.28057699240992	66.0815223543076	18.15572241823385	22.04607030904054	
188.52641032974037	65.10528644732396	17.781289906874875	22.05713881369227	
192.3848021888724	64.79748739179408	17.890653078981124	22.171676277844803	
195.37115271904548	64.12378624241627	18.1170903134444	22.180891024538766	
198.00127077712304	63.97120468149419	18.10887550283985	22.254965102556373	
199.94312374708352	63.83245945980303	17.909142694163847	22.0307293764804	
203.194325736842	64.18364971253251	18.130336592528423	22.007872071360364	
205.17289705638376	63.79671702910125	18.303373715656154	21.697343748769825	
208.17389618746003	63.363434431683544	18.153878681746612	21.67036963813289	
210.4047838064795	63.61779938995504	18.279714078521486	21.17891513305574	
212.29292285825505	62.31726155090058	18.992151909700695	21.259400749746444	
214.37172629356783	62.97766057425669	19.14073250640388	21.315300584126906	
216.7213197309148	63.20487615950569	18.546905191604694	21.2144712502733	
218.50167992941485	62.32859848210162	18.577023891763538	21.23146063144982	
220.72671786400525	62.39657480906711	18.1699861171899	21.292675307859593	
223.17132848934185	62.314653327119956	18.026170901262503	21.330135664527965	
223.96796523113633	62.60988207372512	17.44667943635097	21.37688794862435	
225.5332063948581	62.464794870606745	16.850012659998782	21.571900117367658	
229.10152488380467	61.891260597901585	16.824351745600282	21.247494349132875	
228.5293278889699	61.73887301251944	17.01656430978217	21.020256225442793	
230.34338852863925	62.41054619914356	17.46519527089143	20.694338173357142	
230.53585568410935	61.67141530070032	17.455522600430708	21.002002791860317	
230.88521154449643	61.198377754461546	17.197938173819644	21.554760939439596	
232.99614852351007	62.29831675918564	17.559094630953926	21.594696804778067	
232.62446581877052	62.38729537354244	18.015993832936555	21.622650412520763	
233.78412957563097	61.75483783524764	18.140918755702884	21.85356104544439	
233.66110544632838	61.43627629360238	18.33532059868918	22.132578073394296	
234.8589044023589	61.983023629768724	18.78736733022314	22.09124422435596	
235.4624531183284	62.258403106111324	19.10181417328462	21.46708302738814	
235.92704302462718	62.263760367165176	19.314320106553716	21.743267892600848	
236.2386048915319	62.298857048925264	18.738067574647395	21.932366959796596	
236.14257775317253	62.38237691466	18.37801240271585	22.038986683232615	
236.51790695272496	62.223163469868275	18.21439370120392	21.96704217311587	
237.0351958656718	62.66373769702336	18.09824676299501	21.727283260810353	
237.71062507278404	62.92955427447754	17.691158455081883	21.68936535767562	
237.88118739680374	63.41542778759954	17.61451144786578	21.493996144866344	
237.3179555648544	63.208070724191806	18.051439126481363	20.701843522568524	
238.15409938127422	63.05343890285542	17.934612907310704	20.7656680166587	
238.35975052364557	63.991254126608446	18.02759040382146	21.138454626692877	
238.6714539968316	63.50553938342648	17.874321315972985	21.243170127512737	
237.8284855072411	63.13233827018365	18.069979643805894	21.921623384316607	
238.83130956239512	62.85287198503792	18.392789252604388	21.609945879737214	
239.34745540815314	63.179298565500645	18.237620829406694	21.56975487618343	
239.59023196789562	63.35506813134486	17.87422025296557	21.045227434564637	
239.25606023874766	63.363872747596794	17.937241545800966	20.766809607232872	
239.90263292578118	63.43941871039039	18.199969962769714	20.3864249030925	
239.4930720124798	63.42372770219772	18.217379545275968	20.83461169245697	
240.5043442562105	62.3922842099343	17.43909267241817	21.266572838932774	
241.8387470153684	61.758142657099576	17.416175374114587	21.349693341734806	
243.12229718152605	62.78189905882141	16.918298949673996	21.8509148199791	
244.47271935242821	61.317357119458265	16.997442188325	21.95259649359536	
245.6713362730399	61.13761705419398	17.284067016365245	22.426994949353208	
247.04556240394913	60.49598628833672	17.457754548373074	22.53132422147282	
247.1311981518144	59.478144015487175	17.791825356872252	22.717969278730813	
247.5612071481666	59.90019624284283	17.962486208640733	22.771772485860694	
248.01940973258036	59.67124931804015	18.344250949568934	22.588931791186198	
248.76597705517497	58.79342638679611	18.531989349269463	22.66200034508876	
248.5998730453454	58.92542540229815	18.424158095483406	21.93266275967663	
249.4343242391387	59.655649311893335	18.27288066048589	21.530676376409975	
248.6243919115611	60.68856317658904	18.549585842393824	20.594396785751123	
249.0894868586886	59.66875019654755	18.242711420556837	20.287971352010253	
248.67203311451178	60.97118080333327	18.00508194323076	19.434673625167953	
249.20628818604746	61.22292494560077	17.52859324999676	19.02110196793072	
249.98364756001476	61.60645034227112	17.31940692949043	18.611256427606058	
249.53174446958207	59.753541370488875	17.052998965040366	19.080383577065756	
249.2785589430716	58.80742471101654	17.38384448032133	19.4492210461834	
248.61571069211067	56.87468301349112	17.907012901614728	19.9117280761703	
247.1597116435266	55.88598383115267	17.98166413039388	20.18369352346428	
247.12633857283475	55.17750641189766	17.956699122390987	20.494361029535767	
246.08785152334627	54.0946536354803	17.977358127466296	20.545896143382826	
245.69876478554045	52.978811845115445	18.031425233287763	20.857699224312846	
245.05323294898378	52.89489351594351	18.169880099335536	20.85504694864639	
245.13363578333323	52.52423293950752	18.115363209458152	21.05428232590853	
244.66559017723932	51.889439501637355	17.822870506880435	20.981850445313917	
244.30870929897915	52.57625078437371	18.046025355154757	21.02983349317872	
245.39404050599126	52.14749879940638	18.355879737565004	21.197379531225117	
245.57258721893103	52.419688539843925	18.46083840130147	21.23704185124376	
245.380314850533	52.223943559699364	18.232624783803267	21.414172029563634	
246.5840627061997	52.80501580442583	17.88318837637461	21.39891523037811	
247.15359751967515	54.76971102526104	17.671775338284878	21.02716915142399	
246.77652325487668	57.676258543825696	17.709874855537684	20.752191896724376	
245.41589549197826	60.27288215768636	17.88185897940921	20.06614268905177	
244.9093629793952	64.41740109229686	17.719243632951233	19.447713475274234	
241.59718384027167	64.58526510636051	17.567542239967167	19.262234575246467	
240.9731311326934	66.52823856656259	17.52675211283366	19.797609035592806	
238.42197270920695	68.19411172876161	17.79070761976717	20.11466696788068	
236.49063788701986	71.00323053338695	18.488025988283976	20.42755373197737	
233.8377774249687	72.78155621835198	18.57348458517554	20.660374610036847	
232.04191526392876	75.28855990837599	18.220210885889692	21.036890965666906	
230.22724699600573	78.6823605189219	17.949573893425203	21.310521775384306	
227.9177940302877	80.58123749680226	18.49715050760397	21.548648821341843	
225.95829135812977	84.03484371710681	18.68446883300137	21.677178360219635	
223.05400804720847	86.26058951423525	18.688257610136112	21.836208905029153	
220.79755122395486	88.8955206048843	18.868162610278226	21.47363576673344	
218.81372312386046	91.11553624688077	18.833342336715766	22.135203918793355	
216.92503963800323	93.0328461271566	18.569431031394892	22.205755566246225	
214.1095902993192	94.8666949156717	18.550928124471035	21.99498464567013	
211.42189601313962	97.56083235198317	18.807250170702037	22.049914434721455	
208.78739138751902	98.82646844733077	19.063896384313498	22.12257840603705	
205.85969995782895	102.21590748010097	19.411488828642824	22.090237595906295	
203.40799301321957	103.944866980876	19.36074458647032	22.279108338009348	
200.70489463571388	106.3678403047187	19.264842514744537	22.303685687282766	
198.55311600594598	108.8590313622767	19.299581255784943	22.337894662093184	
195.02344155761085	111.65308327079221	20.211784084323355	22.46699734607743	
192.07718885445632	113.80660494083268	20.91134650778981	23.26375879703442	
189.0807961650466	115.51326691710604	20.032078199865637	24.15918976400005	
185.85708120853576	118.32091899872712	20.632265735982998	24.198081982663126	
182.83688305246724	120.38949036515828	20.809372790022607	23.55072316685296	
180.8344114992524	122.7063521241966	20.846917655142995	23.4697811706435	
177.88360650735632	124.21197776680144	20.958956987612083	23.919899026509345	
174.96103185303923	125.54018136718764	20.717386344134052	24.228140313704625	
171.36585583687176	127.50348385605693	21.020609094159322	24.270309473339083	
169.33989139006687	129.35931444483938	21.33048220494618	24.55438636924294	
165.8385280227849	131.41552254643958	21.70724197481905	24.18706024973484	
163.67455963701244	133.23803400786764	21.121663566251435	24.159254214071627	
161.28079339536663	134.49424060146947	21.118598134218914	23.954573873265602	
159.11801722989904	136.0250625604756	21.383570038357405	23.604986775447323	
156.71852543541536	137.9343125570025	21.324360129382786	23.90678689319993	
152.63273539868067	140.84390772797568	21.177228762141997	23.72620881144004	
150.32407895464598	143.90423469418127	21.797888091507716	23.09374079505885	
148.3899151161759	145.22727845561158	21.427694184929813	23.61448385844711	
148.26404577865148	145.33637584814122	21.096957930431195	24.436386647599193	
147.82508019900587	145.43947969006572	20.959886661319977	24.202968047774966	
149.63455364242407	142.72908357034444	20.607526605940876	24.947217364204334	
150.62954931185976	139.11084593264965	21.162366875528384	24.056783263937234	
151.2113385177085	133.9254866518505	20.752531438697755	23.916362267552024	
153.04892486026768	128.3529743860241	20.56009047029658	24.36161691765386	
155.29291794942105	122.9646209467447	20.07372402839602	24.635926137075565	
156.97186725489135	118.01456288455687	20.693241200328835	24.140303782196128	
158.00944947859173	112.9465623508104	20.443342350191276	23.941608380273482	
159.8229018576053	107.98328733914192	20.245936209122288	24.42515372250825	
160.9312022745265	103.01074949497864	20.759526436754832	23.78597296733156	
162.4440203836565	98.29842836256054	20.446210736505968	23.733321664110257	
163.22845655155302	93.26389944103879	20.079193396629883	23.315957395082243	
164.67795808653682	89.68617730899653	19.799476777239377	23.449149453606246	
165.85820556155744	84.59251247199899	19.843246358503677	23.319931916532376	
166.77815150821326	80.89994561859567	19.771023705692087	23.207790576122882	
168.4308243569053	77.63222237089767	19.09710172273779	22.8682563343622	
168.618998879825	73.0267647656364	18.963545451726475	23.109750958029245	
169.06878247735924	69.66163154724288	19.03453958247575	22.169629073682867	
170.65303403083732	67.13345148873654	19.68663580824076	21.145803597226912	
172.67908334472136	62.01213133464135	19.82641013499186	21.867444981861787	
171.4130214700653	61.423259109058094	19.751273319261202	21.98251414883581	
173.86022239735044	62.13875638768554	19.543815157177416	21.677384354717915	
175.93170426126804	61.85138763150017	19.159869044788955	21.397630982618594	
176.77962506454793	60.911717098037386	18.682488450220156	20.903348654672556	
176.3643660179386	61.29172189438265	18.22311246052064	20.499730991812726	
176.96042922571223	61.7762137346173	17.407530839583618	20.035905793633027	
177.1798133328367	62.67205046243301	17.244878191154108	19.55608236581755	
177.39890840996824	62.17709110873261	17.397682795212827	19.13120970220245	
176.42332248221572	63.16024795727961	17.39398360940438	18.715734356839967	
176.66857545081353	62.97111647424914	17.15333281660845	18.527014545819494	
176.4191728377864	63.23880149544522	16.963093449131563	18.423616898480375	
176.65113191281807	64.16876911085765	17.3287514223942	18.122672779918954	
176.42185715936117	62.904998541950505	17.283835474133863	18.25286420011864	
176.99702144219947	62.473441729935345	16.88748464998075	18.336450135050793	
179.02327251469922	62.709586384491246	17.036779215202134	18.451421177816634	
179.94630360842416	63.90061602855701	17.001400664663755	18.406739747855674	
180.48976767118685	61.76664067442155	16.684296125771894	18.33475348966406	
181.98886293526363	61.573276847759125	16.2342091729807	18.51549555258545	
183.68792672036	61.12527770128027	16.466982525609936	18.885664985727068	
187.1338505378349	59.713584895224514	17.39324865119562	18.919654298374496	
190.04821182684415	59.1310851721115	17.126057176428503	19.69797171302202	
192.6032177185219	58.607411620825815	17.003242057732226	20.141807944102872	
195.87358896743567	57.03780330158322	17.253693578969624	20.284092920274603	
198.79962758144313	56.346344587263395	17.61537529001972	20.60171251408552	
201.07102464006977	55.45457613871413	17.961443253012256	20.714636987002685	
203.38904364619455	54.9190197525119	18.154091754069483	20.492728105487394	
206.91602964428878	54.370248330431835	18.10123787733762	20.478169125313933	
210.3295111684276	54.82624401436326	18.06207241546537	20.875708437888694	
211.53119231397184	53.89184827444558	18.181634971036015	20.41747580532177	
215.13007570464111	53.60571790329013	18.76191946254172	20.348721181554225	
216.45577342323162	53.16139170142644	18.48082686292568	20.58327645392476	
218.89489563104874	53.58795828612203	18.549704754062738	20.428823794280937	
221.39270485107443	52.30502348055769	18.43979122847912	20.08465553177316	
223.41996717016323	52.12399014277911	18.620522229999686	19.736913597128357	
225.33113238703993	52.42989615677753	19.188338121738823	19.527202550519903	
226.46708027740033	51.3083685465124	19.07629975024622	19.72475053217283	
228.62405844524554	50.886081867551226	18.83817644011169	19.808877645112	
229.7562415135221	50.51617716079414	18.521088291003764	19.940811836701826	
231.61926411646076	50.022239658944954	18.380027334738763	19.817196298097215	
233.53922306546116	49.52799786575244	18.06242025182141	19.90292120045121	
234.6086079695363	49.61970842832294	17.978645189011928	20.059746406459332	
235.99457370673366	48.197388675992535	18.078319623450767	20.23060624140032	
237.5672838725354	48.068712006638236	18.270465285554188	20.138812838036955	
239.74552979192762	47.566818863246326	17.76717595977434	20.276035363066605	
240.62573466416438	47.31199799057005	17.208313606805216	20.737734788748053	
241.98297542849272	46.73651566412933	17.427070903925635	20.640935570207716	
242.42320619413883	46.994146292192696	17.43916344642507	20.50459173782989	
244.18741309381093	46.7050730186354	17.353147202414547	20.416216045223884	
244.67197573236135	46.20262023104125	17.274055205713612	20.35113357389382	
245.36154252678705	45.84548728585922	17.393075733253237	20.06285833034319	
245.57522039148793	46.180699316040084	17.6532693289846	19.754924278179107	
246.30298869263075	44.92034463472395	17.63846080260426	19.733226904015353	
246.2558414601825	44.96380599032328	17.701556062357213	19.95452152699023	
246.40079724158508	44.5609136676038	18.070028454769087	20.119590182233317	
247.13374428688854	43.77712682156825	18.10784537430164	19.749089748540488	
247.22456090151104	43.79796857993927	18.616399717575383	19.642960986108296	
246.8225049913744	44.14413827723364	18.59305464529561	19.35223687950495	
246.71780104756505	43.856650804107474	18.38568830728596	19.278242046265913	
247.13105494679567	43.67126148889696	18.107499184230246	19.58982559252494	
246.5753059352906	43.2550830874602	17.882892273032528	19.761978461014184	
247.16557227651532	43.1299299072321	17.90823754734972	20.0865082428914	
246.07899531618344	46.666087307514175	17.514732984418238	20.16452632512351	
245.348008634265	48.462475739223194	17.371098297258953	20.4315576016416	
244.69388489127954	49.091331282715714	17.55010089963093	20.391097656501707	
243.70216139157577	51.09096482859469	17.697297240296137	20.307575634238326	
241.76037555804058	52.63219737595155	17.87917219208966	20.096528351154852	
241.10583007847512	53.922212846363266	17.54980586922104	20.288618206777876	
240.72015401142983	55.378649597451926	17.511670151050872	20.353222477305195	
240.4967110517254	56.76074775610763	17.454209656836944	20.46486287701991	
239.11747377440838	58.89972448693723	17.75427895186547	20.7681488799009	
238.51023037949864	60.17705611272723	18.108383895597903	20.872038402215768	
236.28170040708318	61.35571656392386	18.00267438615152	21.050587789975445	
236.51093993974786	62.91121476473478	17.909007890763263	21.241649521963375	
235.88170914588255	64.30042739230258	17.812362605407095	21.06224174933799	
234.3348616596118	65.75972218866391	17.314654660013797	21.15040670420204	
234.62231552537062	67.22827057735961	16.922942003289503	21.311922840165572	
233.38812772104723	68.15353187002216	16.838992548237023	21.343586184530857	
232.63209841704736	69.9875968957013	17.198459215746112	21.39843657952546	
231.24560555662032	71.20082118873877	17.150741623496803	21.753566739331323	
230.91662370361487	71.97040936712412	17.66132288960847	21.804179874595086	
230.74419640876738	73.64578667334435	17.718042802795026	21.770222955804932	
229.5089994247176	74.58827730040001	18.113249813424158	21.441645394009576	
228.01086986353175	75.51465917630647	18.214318248522204	21.82214099503051	
226.80422477425296	77.49458263580755	18.617662094507196	21.998866376604845	
225.9966324412328	78.87321976655005	18.533746258235055	21.787513964828122	
224.07581732255278	79.48656622109024	18.90893303964431	21.723801059923723	
222.4931195362593	81.40899548601327	19.263721235309625	21.646082256089382	
221.45793349481033	82.41354953337138	19.379963673389817	21.616958616528514	
220.40175865681206	83.70271007058442	19.842243333868964	21.591016431837147	
218.96797295060162	84.36486916360965	19.819808609294483	22.02202892375864	
218.07447877261495	85.58515436003206	19.55302002282631	22.56206527127822	
217.26554494084368	86.72030074290848	19.328896203646032	22.78250544471868	
216.2957221652449	87.31439044800271	19.229211400072252	22.778971061483375	
215.1697054678019	88.79658056334637	19.365326462852124	22.632623671156345	
213.37102894321436	89.98012904485319	19.00825794799212	22.96420244776546	
211.22199326219905	91.88280707685206	19.145151943019926	23.294844796233757	
209.79916031799917	92.15960716747287	19.04236887679761	23.44296954814822	
209.1015721922919	93.10521410541729	18.50206016874809	23.794880913564324	
207.21136296359165	94.28165048880382	18.332294898753243	23.684453371021192	
206.59831709178738	95.75499834442383	18.502021217254814	23.46462665808239	
205.148978616557	98.19874062040108	18.332790600287677	22.977544721761305	
204.6746841887537	98.38076371819284	18.759682115517542	23.165022416714116	
203.79204505780564	97.38724925053967	18.884946478313367	24.11909265362494	
201.71682063398194	96.96658345599116	18.954790262977312	24.026906738153933	
202.78737828370285	96.17520651969394	19.229258590546337	24.175710073927938	
202.33433499848422	92.82781945438477	19.228020089056855	23.916903861184228	
203.04191015053254	91.32911735037676	18.994068987940786	23.737596743540628	
201.67186346155367	89.01587011176622	19.25262426291831	23.300648357236454	
201.56253900618105	86.91803553634624	19.81070275335211	22.404527181797825	
200.62776575328593	84.40359249302487	19.282184606156378	22.584696815413004	
201.03198175603168	82.64891354275208	19.237901250305022	22.921637695187773	
200.2488236335266	80.71258141326697	18.950079109420976	23.17596373015956	
200.14027992278102	79.228452094447	19.014269607869387	23.06272830016794	
199.38082543712258	77.51427787857708	18.74905745808019	23.133992195493285	
198.0425388486949	76.04548424645722	18.483143193251735	22.69193874072619	
197.30691041620446	73.85273405271805	18.345157047833283	22.54056225949892	
196.70863547491143	72.64311513209059	18.439477328360184	22.233005435143003	
194.28342813068653	70.86880198363698	18.09017756509308	22.358602317883317	
192.93365491915347	69.00664005828656	17.74959884455935	22.194481659657324	
191.47175082566977	68.4664995115457	17.393722371486607	22.004456253049547	
189.97604637251527	66.2976797393931	16.595115929628598	22.171083513166142	
190.1301762659421	65.18821563321491	16.22496663363208	22.327736931369323	
188.6202880226902	63.75120897711229	16.09865097444477	22.262384580690696	
187.85155929974803	62.80501680593737	15.974530384035932	22.407199066059352	
186.86933118770006	60.64672786077467	16.732652882570854	21.96415608139758	
184.99002451134214	59.870366330769855	17.56885643478556	21.851703583152663	
183.52229018412626	59.190309596457	17.643775464382667	21.55899499727071	
181.9720798891562	57.857289196411614	17.904094297986433	21.366423381010186	
180.3515890916408	57.01338333962521	17.811209470264583	21.286948408337487	
178.00834599788294	55.39761999804142	16.97248917133207	21.458497898432572	
176.55150041873083	54.784692640161076	17.008376831177586	21.1651046874721	
175.09979673855756	55.176324675705345	17.71473688619873	20.76457675355777	
173.38946457666265	55.244255354560465	17.33907824201434	20.161188627967483	
170.8358060953501	54.24663927287888	17.11168019859238	20.040154889272493	
170.09303469969927	54.311084072252484	17.408169801635722	19.914909313552492	
168.20974337507175	53.56297756190231	17.21729327164391	19.58253653457744	
166.2891803432702	52.97236714614743	17.4663897094159	19.437386679356266	
164.58342907496018	52.24765993208169	17.7082255116475	19.571729416876924	
162.63312884886855	52.35453247455355	18.445220303728796	19.274499653119094	
161.54068044295997	53.50216993503629	18.27871808303501	18.79519526720801	
160.44412284686535	53.90412096513299	18.30544703839635	18.06296592995533	
161.00104980626423	55.57944625967554	18.199675439323627	17.240451629037537	
161.94722981375963	55.443866056208776	18.03044123983079	16.58930630200775	
166.01641401293412	56.20512105054198	17.930926071216543	16.28289500259602	
171.33645767610423	56.019486779340355	18.057058056992787	16.737073784370516	
176.81632753079234	53.93329433440122	18.10981228551939	18.07965509537254	
181.71258574178256	53.2856955318065	18.830205962953272	19.515928647278	
186.36807266253035	53.3044701936042	18.75071419279421	19.909847957785452	
193.04364601032268	54.5264083013997	18.67474581817035	20.339345570140097	
197.90086079779246	55.42301371772065	18.722185732167915	20.470609171706172	
202.2111891532457	56.21710885333421	18.433504598883683	20.778168835164315	
207.60518653101067	57.08035905987215	17.83900287354885	20.89406159436189	
211.1061554464713	57.32321562496017	18.200491636596126	20.861991448864053	
216.2789320982462	58.345270319625044	18.421825159648748	20.56643866117917	
221.44582988024672	59.40574750187002	17.976753536419217	20.16986538255732	
226.18653766149635	60.82114643181106	17.10281209440447	20.485822550713436	
229.66937804743162	61.22981586767403	17.707959843842197	20.100768140431267	
233.07999239237475	62.30913668560682	17.776289488543156	20.046079942285914	
237.44071981086975	62.718691493676346	17.490476766411682	20.290012009230537	
241.6296371645689	62.99212692858748	17.614484558618607	20.73350339183779	
244.23832326052792	63.905652177269005	17.331277923242425	21.18639821451737	
244.53028451711765	65.08986589041429	17.394781558447225	20.8903169532738	
241.4846257836561	66.70208014940535	17.162878605189974	20.621000621587235	
239.46764446885325	68.04622310953162	16.932664928850514	20.308589420629914	
235.5004434113862	70.16485956118383	17.251932315803298	19.80821871942839	
233.4596175641167	68.31514327251938	17.287825826932426	20.998423787006352	
227.85118973553932	68.8370320730489	17.940791875092785	21.338661055688615	
225.33340829099956	69.12060006155536	18.076827967331077	21.514133479992147	
220.58730825305133	70.13479997552224	18.018234511084803	21.668120023913477	
216.9898298113759	70.91655224263305	17.754681899324535	21.76890026492604	
214.53689965430968	71.44319280920412	18.300311578153487	21.18603030773044	
211.07445567437273	72.13180571246633	18.222385780842966	20.998094191462027	
207.6798110776514	73.87841999869086	18.012266837591618	20.721181137945912	
203.31420563511776	74.37628622760238	18.076492085645334	19.937051749320105	
199.89912927387257	75.2113576376762	18.463193739405654	19.4540517732882	
195.75870100385933	75.75729905887951	18.91452615731412	19.45343824876798	
191.69588436734605	76.65879128954815	18.515893504248258	20.509322202466848	
187.777133517033	76.776368529898	18.95753296267347	21.247317620531653	
184.20602040733192	76.54590651366095	18.79535313860203	21.268964799366913	
180.63686686087664	77.84190124308186	18.755517475718975	21.93490546777528	
177.33741794277222	77.99567542594492	19.140353270417016	22.170016586232514	
174.18000847411474	78.28198223915447	19.18282404131415	22.41955073343471	
170.0290602771193	79.87543594103258	18.925312155196245	22.912779234648124	
167.98954332618305	80.26008521332928	19.05154206693674	23.07056107432188	
163.549074995613	80.02786321235799	19.038315549756007	22.322301590700636	
159.8234200706039	79.63560396914926	19.294011284463302	21.85970363126976	
156.3236833803324	81.04748320002565	19.040533069183432	22.30909532857158	
154.23580337185288	81.15153501463735	19.419775331110102	22.366129143375478	
150.3763007518449	81.8914363862953	19.76604268808685	22.23319032663958	
147.80171655322397	81.62772962877644	19.41121092821053	22.441982911484693	
147.97044056017478	82.11134631808754	19.389292584307398	22.167519287148366	
151.1879733572296	82.26108872112886	19.26956895005783	22.649770396932595	
155.59174511330733	80.47080499471083	19.32498826955976	23.385284008005236	
159.89860125239935	79.7538663570281	19.556472637163893	23.381575189310606	
162.81432818802244	79.88344343965335	18.278359390515618	23.681251210664037	
166.31703397933526	78.744086028224	18.20979481865087	23.87094317048803	
169.49681538279316	78.72557605790479	17.8986215647046	23.57988257534639	
172.45015208405823	78.21495529804194	17.721211793038325	23.451055358806464	
175.31277717343212	78.00628018978321	17.307301484794564	23.625316194786233	
178.2893382801116	76.74627122977024	17.054972165337336	23.520269220974853	
179.29178849375637	76.45645112866801	17.322387457148974	23.31975960894036	
180.1005359070293	76.69985886606555	18.174138372880968	22.640391353409314	
181.5792496332326	76.38871065910004	17.52724865008173	22.942333522689324	
182.26721003911382	75.90522568567957	17.58522638314215	23.35817469811512	
182.27477096291622	75.07089342597577	18.14925745886308	23.092432068019857	
182.8791752561927	75.3793150789629	18.39101976015254	23.03775261261458	
185.71084956975363	73.8016859779439	17.940502843333935	23.017065844933377	
188.05151933572827	70.380057454922	17.548710418061372	22.84412536596263	
191.73539254021838	65.51665368845784	17.431343560462082	22.5765262259105	
194.8279846668038	59.4657226571462	16.597442268640304	22.462770304598504	
197.0653356884313	52.720424400943436	15.98648542481896	22.09051578296987	
199.47412753135077	44.93882157714898	16.000399567556073	21.682545813458333	
200.76548025319607	36.26881699582371	16.341862907163087	21.705249545547108	
202.87167981863288	29.561052377534814	16.460414199041065	21.720451375840568	
205.91643572169542	25.12756419715664	16.782488020946786	21.76285686239857	
208.04845814673877	20.14672959978093	16.537928080197492	21.81610022139529	
209.21037139732786	17.09936259286889	17.020783003273763	21.24907175885329	
209.4935351755787	16.909255205323554	17.792730016563908	21.69488651253426	
210.5121621274419	18.946955095532587	17.894054517072924	21.52343683200013	
211.92585079563557	19.59315438274048	17.308122776568236	21.692108569917224	
212.04176212193838	22.839087770295915	17.091069803374197	21.141972242476335	
212.00587095869713	24.29761580522583	17.222874114377795	21.326401046794974	
213.2727817166804	27.03628689930212	17.47619230358641	21.1297180474002	
213.8371524059369	28.568547033914772	17.14963594519365	21.44030307426454	
214.48487593949955	30.385725672013944	16.56427278991883	21.859383897085245	
215.25593527764315	32.09475084097037	16.11278029899379	21.777742795781577	
216.080775514346	34.26558707752347	15.763430182549925	22.014552061714454	
217.30887688610414	35.70433699237751	15.918681953612555	21.83398007447225	
217.1681384272644	38.02484443293914	15.604218900134953	21.411148913359437	
217.48875257343803	38.964113791591046	15.213903994722536	21.523389873296253	
218.21840398517588	39.58142099492589	14.796440155885785	21.344193158519083	
217.94256204572514	40.36519357151735	14.87793042713001	21.31502855455635	
220.1736853776776	40.27437979358386	14.730969108109312	21.2114802178124	
219.91848344021332	41.229163223112145	15.14214268390923	21.345830974730273	
220.78434654512776	42.28073678466971	15.004027860182426	20.905049450493777	
221.28818314957786	43.048254887860914	14.99872283583268	20.971823780286527	
221.9673678039088	43.37788161693451	14.66534921834144	21.23469061636945	
222.29363642957412	44.502786802749206	14.746225225557957	21.016131411327706	
222.7746877544266	43.82479206393761	14.673735786283874	20.847243020496798	
222.43207702498412	44.98432030906757	14.214239353522942	20.74887561441672	
223.9214209307485	45.190703692404895	14.037221823723936	20.55999077563407	
223.56808108222017	45.76259624750472	13.851901313491343	20.431096561230795	
224.3607760352748	44.7699297822878	13.440532700733177	20.482334705930256	
224.20595158322374	43.04195206229612	13.587082014144102	20.641204004954865	
224.89686339912	41.82044092064283	13.460780492495015	20.822411067627982	
225.04167771269329	38.81578760795488	13.649816449027906	20.90139468372145	
225.18620496157456	36.405903536158725	13.376060533436547	21.601713822816095	
226.2757591343288	33.7431554729193	13.984617998060468	22.283795731191283	
226.6362832120989	33.269207134691115	14.182967943755468	22.618075282201453	
225.9579131098384	37.50684829113992	14.210501244372608	22.26544293274545	
223.92727774894544	49.477626579888636	14.673094558777795	22.23233746603775	
222.82333367939702	56.60854434674486	15.784017533192351	20.8537022368442	
222.89468736192597	44.933380987492356	15.418226575310957	20.553198291812052	
221.63531358305167	42.50714750945261	16.037398511895777	20.363117432524454	
221.45281125733752	42.36536310235499	15.98671075989369	20.49200332809225	
219.5628151498032	49.22525494408886	16.121137215934006	20.435348004983982	
219.2670547304256	59.28692800599782	16.30402776399792	20.349942064626553	
218.16943223700235	53.671163523976674	16.42493446387781	20.267715281802417	
219.0145907957437	47.65113850319256	17.034686536703184	20.75061338811375	
217.61292194544706	47.81850256341103	16.935884067861785	20.69145491442511	
216.66364590340018	51.853147295028016	17.38922946888382	20.480899492066186	
217.00889770470764	59.550733793159864	17.550884662763877	20.87428727334386	
216.04938703465731	53.97849535560868	17.662651322761747	21.258067610684762	
214.68392466846538	51.11988119549599	18.174136202421494	21.352420448139448	
214.3222808522117	53.88709042615438	17.93100795955108	20.68945343175561	
212.78680321076908	61.24289825821896	18.308639104214365	20.919686862840912	
212.8456004770606	56.98020781474527	18.315422452599012	20.606658269812044	
211.237948535909	56.23504816410136	18.39214239794311	20.42856913206962	
211.33187653910235	59.89990175612576	18.209752152654517	20.881784030679718	
210.68990994249614	63.731019730377696	18.593197287457194	20.764554947769135	
209.6574672966624	59.22465552748962	19.004769104077518	20.557732587331266	
208.2122273502471	61.52108435181712	18.733492003644503	20.57421435327941	
207.53581318434897	66.23002873940668	18.900838575495808	20.318147571692116	
207.55306593933892	62.343242590727094	19.281010908510556	20.263653522430488	
205.76855558996684	65.368238130551	18.745386004572495	20.339452842797492	
206.3082393028441	66.14964371478446	18.678367429438783	20.577447203334508	
205.54833782421085	65.30685851668156	18.731572448658696	20.819558550462958	
204.67723798051966	67.77040945772708	18.61078540066024	21.273454492932117	
203.35862786511592	67.11898242158463	18.720841436029097	21.34330520000068	
201.69552152204753	68.41720258687145	18.430959361156795	21.42040472242864	
201.45394437729655	68.44708167465143	18.45255131523367	21.16112734998626	
201.37777589958424	69.29403876304399	18.939018113321247	20.79795015623855	
200.1204288531059	69.03538499276692	19.208969715539173	20.958218734702918	
199.4111803604909	69.90124799855818	19.636214700760213	21.263696171652903	
197.55962883281614	69.99458298835683	19.661959157508875	21.163232103676016	
195.52168162901933	70.7394414982943	19.946505772562666	20.78261181706385	
194.47669120373772	72.39517721797374	19.53139398112718	21.000675344601653	
192.36545178695724	72.67135830097811	19.612365487855595	20.392649648869323	
191.46446183786824	72.94859679098539	19.267920954412602	20.23338983796523	
189.59747868581786	73.46760835385084	18.99286736517486	19.448721377936693	
188.53405541514707	73.98452950639283	19.372315178675382	19.562402335074154	
187.70387722853124	74.26006859431837	19.670001524415415	19.767154342804147	
185.73213054049822	75.11064731474946	19.605481108771805	20.33159825446777	
184.1487646522341	75.94289355030328	19.655478252440467	20.71401452856989	
184.22987347338017	75.66657153397914	19.31794237139451	21.520357767591037	
183.0694689143239	76.0611888329164	19.34817316975051	21.74528382531599	
182.4029674704741	76.29593333030256	19.540630532217698	22.093378797502787	
181.5939102369343	76.47733851541508	19.817390909209287	22.380220312228353	
180.22688877772242	76.00733455334635	19.487113570945965	22.50752545215389	
179.86446863135805	75.78013591958458	19.515593766369985	22.7036495069488	
179.34299953363757	75.56320000253497	18.99221410929293	23.212144987152936	
179.31066996664413	75.27414644875546	18.665897014235973	23.710106285181222	
178.7618068602565	75.05352525881206	18.046494422764212	23.62102048927769	
178.30038400729975	75.49259731622	17.922214667966827	23.6548294555385	
179.05858414002515	75.4748978237811	17.401480762062608	24.042894109460324	
179.27177232126044	74.99997346059692	17.580968164301986	24.029325386417042	
178.89594595081135	74.9131754299248	17.800567196813645	23.9043756901236	
178.94597810910358	74.60431378003565	18.21917249714889	23.321026030946935	
180.01070078227008	74.3902695551625	17.862833314680355	23.35118203241796	
182.4599047042849	71.20615943879436	17.56852522903121	23.134457435492443	
183.0486876722256	68.0552909459876	17.267346022287303	22.788941718964523	
182.61850432778616	65.15134686745856	16.975482677110897	22.260660270768806	
183.61938537272363	61.76194481529054	17.474704849694987	21.78556038303553	
186.95175899943027	58.115134874357736	17.61710115983517	21.72240482469558	
190.23624129440668	55.21124812561503	17.3709044517869	21.717500489855045	
192.59146328607272	51.401107003385086	17.297008208399852	21.633468661714517	
196.2042016843501	48.52039235400207	17.321179073963023	21.51589107829688	
198.2663106860954	52.387484846926995	17.382233757319575	20.926245571698274	
201.66861408306568	58.731288151428174	17.280138587009585	20.59260774244023	
204.10579169903676	64.27886280223129	17.676216321129765	20.107665333743768	
203.90747195790078	56.27284787334619	17.756127509874176	19.5349472997802	
206.1690673505305	51.223635460612236	18.42458595695843	19.52174772962063	
207.16844455964548	51.72845835732639	19.003984146719162	19.437989368784848	
208.45435570726167	56.644898455597655	18.920073597853786	19.166129169231997	
209.58982868928513	64.28773786006873	18.707515804546397	19.275945110704818	
210.88255452708344	56.075846287473645	18.711363790538833	19.595450507988442	
211.87799430591755	53.8442490811136	19.114213654676785	19.80613526205034	
213.84174413782543	54.50945693178071	19.092116049968094	20.202441634169716	
214.28999622556933	60.894575798691335	18.858688724926054	20.589155221136487	
215.61156499814322	58.306888040324075	18.94216936581838	20.591537387758866	
215.64073559330797	55.20798499290577	18.819079249307286	20.901048461656657	
217.1110997536366	55.22603335874689	18.775105443538727	20.68127803042236	
218.2582684774186	61.11334707846974	18.685838279931865	20.909218546231543	
219.02809227722918	59.14519148014643	18.365807753015115	21.356262840459166	
219.70444166225522	56.72201181215044	18.42790082377474	21.226095603779157	
221.24329465899828	59.419112412218226	17.579903158239127	21.623089223014542	
223.38547515764407	61.719958321530456	16.344843820027698	21.896450149873324	
219.69452244409874	60.28935623400763	16.42037624581171	21.507761850362506	
222.0074718287576	57.674850516156624	16.584936766571857	21.64533708696157	
206.8263518667654	59.87156781237944	17.961831681265206	21.658855687473	
215.97959342336944	61.34236913622367	19.518292597229582	22.124464565752	
210.38908441634936	59.49148390048006	22.285219715970833	23.239683530933608	
207.42542522437637	54.13383611882035	23.759213529881944	23.949963153124042	
208.99191179666275	52.742402466747635	25.418309031790148	25.60964183172544	
210.0539844726979	52.67185923990864	25.584019141550055	28.154061206179513	
211.5714201021637	51.14728146564293	27.48088570509731	29.329952646854245	
210.42610383487693	49.240011076606834	28.654117363023154	30.792013324107447	
207.64488789120858	46.724370839306545	29.80850058113148	31.962626954909304	
207.23510445276972	45.91928470369601	30.425429049021446	32.35349410164309	
204.06850473460918	42.077959218943064	30.275024891360573	32.70052707936943	
201.9919062724194	38.76940562837224	29.96667743342076	33.47769093926133	
199.8663579464637	36.70394052102813	30.830819465134972	33.10301155818405	
199.58403531154462	35.912333923217446	31.789053513406213	33.13268230807881	
198.41217282941267	34.4973896267953	32.627633410725196	33.11956493160365	
196.19773231964288	31.44522110433119	33.4820206755306	33.24901245313944	
196.85901890001801	30.196465126851898	34.170908084733966	33.54616253655736	
196.79835578370125	29.184443941060323	34.98537509427226	33.016197623343345	
199.16600447788787	28.052363660111055	35.22118590131031	32.29006836522669	
202.59011820656747	28.238191135858365	35.770132459829455	32.06763599397323	
208.02552341550478	30.39432353872317	36.655452454214114	31.511023389108825	
209.8166434048678	32.412430065090874	36.399132802823424	31.44768067591786	
209.6087916906093	34.42797496960431	35.766527885514066	31.906567857683555	
209.8960708234709	37.63209475464015	35.22986600935691	32.67555925686024	
212.50299743512804	41.141384641614394	34.48024960239114	33.254311590232405	
213.7346919582762	42.832600460262775	33.894303875079885	33.83058477472224	
205.93593770866403	43.06567918107169	33.833181066821226	34.00031497359945	
203.2985524238924	41.68216972043908	34.64646404213045	34.431813067903974	
201.49394731871126	42.07644180464571	34.21157751063353	34.92844064492934	
199.49229178099648	42.700333534451474	35.24092937540231	35.815706826193086	
191.84734027043865	42.28419130721135	35.14356570639262	36.0285900453638	
184.65682408624335	39.95613575343512	34.42822231486036	37.331732803461605	
182.5874428266082	41.00626421807287	34.96593126947793	37.206262825047986	
177.18954269265976	39.06102945219117	35.34613326859858	38.31316839913791	
173.14253537644137	34.53602124751463	35.06890740404252	40.779635643477405	
169.66873501903007	35.08479305586364	34.21087232834127	41.778872266131145	
168.57858560159994	33.95045540514698	33.596074225343365	43.35891815511074	
167.46091354192984	32.91085460585008	33.603896866789	44.66620690701596	
166.27534506790573	32.0324112923695	33.94668878994119	45.2583543272514	
165.05613378995872	30.82466498211845	33.646107726896105	45.833297207867446	
164.0032957427923	30.175972295573324	33.582659085406064	45.99314912843268	
163.532733221546	30.14894013821667	33.22912965927451	46.168140461236796	
164.04636678251646	29.012477863649394	32.641921583807274	46.52086656006004	
163.76018003207113	29.697351605974447	32.93083186940122	45.54583696902351	
163.98733899760248	29.451128776518015	32.77924747307767	45.53022547611162	
164.96404871499783	27.53465553470486	32.62965247711204	45.92217512410383	
166.80985519262816	26.775265406076052	32.30364226187519	45.29362295636736	
167.37202454374238	27.26372971053074	32.50914702419065	43.607604140360294	
168.91448779945915	27.210574496962472	32.833075429252396	41.76309701495015	
172.55732094922672	26.061898641474	33.816552857663815	40.043753246073	
140.76154130488203	18.22447662087668	34.78393123902261	40.885073393631046	
139.61049107365136	17.635838198488592	34.60646955591059	41.342104983233995	
140.531143724258	17.72729197665815	35.741020444093735	41.18918936067479	
139.86509515143342	17.49436148582702	37.10027267823071	40.74308598825429	
138.52286963163908	18.03975509766417	36.37696008398522	41.08233312393246	
137.44052851882958	17.46240329351621	34.1898944973626	41.513296004174904	
138.50536382695805	17.690536115487745	33.78677975332859	41.348736320169095	
138.9917501024988	17.14415555151468	33.38744919610007	41.212989896616605	
