201	61	32	54	
200.93903742044196	58.78104750817966	32.6028209888403	53.43508550700416	
200.6750992066206	58.149669628056586	32.27407599286667	53.23462131081624	
200.88559867054784	57.053365110598236	32.08956094229222	53.81009693750022	
201.33042328079225	57.310330497202806	31.67672422535196	54.09093045407984	
201.6549129930888	56.634232905839895	31.54648278488535	54.46116588883422	
200.7717337595685	58.90081295621601	32.53424075460798	52.59443244920742	
199.7032481043365	58.05206054986769	32.91771027277523	52.42389223398919	
200.11889785083912	59.97100483276079	32.39458493716242	51.51364988694901	
199.57467541989345	60.604653162350786	32.144684921413145	50.59674212805467	
199.6538064989323	60.10010745497618	31.720222280615655	50.51688186224436	
200.3484709051851	58.87861264039495	31.359494964118877	51.10160455089465	
200.88438811532515	59.1552035495706	32.0907879173288	51.22827519255612	
200.64065224946242	57.06967639447343	31.669145789317973	52.95616719123856	
201.12572091072659	56.94527502522922	31.37871377021351	54.231601266287946	
200.4670963657737	56.30381255924358	31.934202733603005	54.686159302904855	
201.07294031777843	56.44076671204273	32.95788957602707	54.830589424918024	
200.74056423468772	56.880206653975414	32.65348181539267	55.22710394249363	
200.02749961218444	56.14618660483363	32.78601017343378	55.64120465239591	
201.77609723320333	56.67200214184414	32.88287437834657	55.14832673304279	
200.7488313516839	56.40471728733184	33.3875356400917	55.09809908644614	
201.57925163944068	55.61824604605779	33.69603775663215	55.620102953857305	
201.03941643528051	54.942476340897905	33.54557888542985	56.68787523209228	
200.91495163223857	54.65387613150829	33.40446748672575	57.02399487448709	
202.46665295926812	55.041868412672926	33.2035590787025	56.537490095824324	
203.26021989444956	54.805382338420564	32.682751201268886	56.61400851372498	
204.8556898604291	56.9842322902953	33.56641718350528	55.48265650231177	
206.01362253903278	55.81523267238446	33.88899269470855	55.910263095958285	
208.38967853898956	57.639437943781836	34.331919512263546	55.247078796073865	
206.9901437318035	56.540254015076066	35.01839937881311	55.21753577479679	
206.59341496431526	56.36356188231065	36.093434195150294	55.21176517981337	
204.89598275620688	57.02049251708608	36.304991362621166	55.012936416877466	
202.77995039927117	56.33886292636629	36.49188259051587	54.719657260821634	
202.86492959958997	56.27510937162665	35.31385026638242	55.28398000233021	
202.9663222211111	56.28477818767195	33.910135598519624	56.220721371244174	
203.27312970580405	56.15279437545014	32.99392094471459	56.32639835514564	
203.30224794595506	56.579569678379684	32.90110802832977	55.9973115584506	
204.05476815806435	55.49360990772011	32.196223238082844	56.60274841069844	
204.0929513364157	56.73799154273409	32.37639784137633	55.78890279460242	
205.01587742007118	56.71559435305481	32.792775593363906	55.44595000013933	
206.14829560595388	56.7998583612483	32.60033990372629	55.589729731946825	
206.13035234392717	56.40208869566315	33.01141733373892	55.46076177563638	
205.09596099062858	56.03439671995125	33.09966131298425	55.87626370598575	
205.119076080745	55.9112697813659	33.05307992998239	56.29717535873067	
204.47560538997834	56.042417842731	33.502739243493004	55.91922101537128	
206.5675504058771	55.9120213112646	34.26431240809514	55.92837053963781	
205.2862145641097	55.9277766328371	35.028772542904846	55.60575565533405	
206.23083478176926	56.45001207246065	35.323084146255454	55.218310955408185	
206.3583471095743	55.33838277460622	35.51345908605733	55.390061263650914	
206.41110669448906	56.06221021579254	35.367662662866344	55.55478842763618	
207.45351530470433	56.06142030455951	35.59093232041224	55.39787240811201	
206.53874804482152	54.72885690420853	34.589256615894115	55.997544120783516	
206.95337070843323	55.030220917745105	34.79945464824763	55.94110074511467	
206.61540652590148	54.31982150398045	34.65761268600166	56.0096615884099	
207.06110812946412	54.59482593692129	34.50251382100171	56.038437767193855	
206.22294509375413	54.85310879322359	34.71786513550624	55.91887199953156	
206.74044383771488	55.34494401024704	34.67594498497358	55.74263125956246	
206.2455439519809	54.63438867045482	34.4664966734684	56.14015051881934	
207.01919982400398	55.398665833217066	34.03976450047252	55.78561080870539	
206.460695025919	54.21971476527578	33.3089112136934	56.48283793184899	
206.581826612272	54.98300594091238	33.311225185846276	56.10356194702833	
206.00846728055757	54.91013948434892	32.99873882682884	56.13953102579464	
204.9527619331162	54.59755944545644	32.84034500626467	56.55434386158908	
205.37125608229744	54.64219387694707	32.819359674938234	56.37887682736293	
204.84988852356184	54.53448666478378	33.46913500828713	56.63079228756972	
203.8956008876143	54.15809295237061	33.18263309786005	56.86804358379489	
203.91113254173572	54.26507084742964	32.86488700079495	57.43473845856369	
202.64979299058297	53.94943255098149	33.49730061141136	57.42440287997168	
201.3139481171778	53.98981897392523	33.4768657980464	57.12302009593061	
199.51063794393764	55.13422632435082	34.345019708203466	56.54684705836633	
197.8367378568786	54.99989174868628	35.376328568092575	56.44770433689999	
194.46903334642514	55.51840936570907	35.7717603188006	56.08614812560096	
194.46900530404906	54.403253953200284	35.7182417469768	56.315988348986465	
192.46987259480926	53.885324786104434	34.64700880457024	56.79367542910331	
191.32874947283418	54.22624283696016	34.35379764059245	56.53857099730381	
189.35972673566772	54.388298523963	33.91586048813701	56.823416353407566	
188.8381494823736	53.8746387438896	33.674065508742856	57.2828598896957	
188.1692026586158	53.75036744391254	33.434668971686854	57.682730762637505	
186.16358324676142	53.19654597528718	32.88304714645659	57.943380861794914	
184.61892259211183	53.44038023027977	32.5798501870488	57.746143924285796	
182.3979000074475	53.55870355658383	32.18537404483466	57.917865013123404	
181.2969663544362	53.409555562598314	31.6276361159184	58.11871006807908	
179.93572577624263	53.088971558727664	30.819443648010363	58.34047060803255	
178.7148541785382	52.98473861535331	31.448365989024495	57.3907022119875	
177.87142760748372	53.923996688270215	31.283223106458752	56.982190198919696	
177.79652449294483	53.016006710665835	31.131678754804405	56.88516571119538	
177.11028130074615	53.31222775146697	30.310217807455913	56.85498500044618	
176.6956211846996	53.86267148212677	30.68226915386574	56.52611787450752	
177.10322906925126	53.66964345235465	30.188785633759952	56.58154828593024	
177.77490980855777	53.483348314703086	30.242486370700178	56.528147768555684	
177.74116109494392	53.645610437311134	30.4199990151548	56.22677892681789	
177.93931330027814	54.35941079278059	30.604958590042067	55.72715716448023	
178.8169314873881	54.32060477386078	30.549542915911815	55.944115128615046	
178.8137421981822	54.75398385549582	30.41115471918383	55.866808423310125	
178.85038787422056	54.69860798057233	30.226470309842263	56.102415029744414	
180.58865955521824	54.98629698902944	30.699972383915203	55.29949443109631	
180.5868724643196	55.83440120994599	30.540976922379237	55.11029697011345	
180.91504780461798	55.38690740106651	29.82270237651637	55.53001554836328	
182.7254210868497	54.78583717418196	30.0136190544402	55.39117711115101	
183.21387276770554	55.11539218238053	30.21385640464092	55.726822281294595	
185.23474875454093	55.54819254746263	30.577792239099345	55.40981130721123	
186.17068239382164	55.15899537060272	30.745482246517533	55.808739353491134	
187.44589751425337	54.45481257099662	30.8834930050727	56.591658664560754	
189.73259487540204	54.05340201087629	31.794443278669114	57.015306028726016	
190.75098064650157	54.06558256424586	31.665550942587927	57.076496041071664	
191.66889703268328	54.052625469089136	32.08459793674066	56.74650654430681	
193.45594562359636	54.49628338143123	32.47557070774668	56.39643808643929	
194.22605954762818	54.51685116484367	31.784700563577857	56.871730815978026	
194.8940519798583	54.45599896039808	31.449847341404144	56.79193324709226	
197.89692886191585	55.85664046127436	32.673861278440626	56.2660611223741	
197.79934345252195	56.32967885038589	33.21071402206451	56.11450646090132	
200.8434874737348	56.22751302904239	34.13665940959046	56.05047908573697	
201.88993991171824	56.352413486990095	34.0273613319372	56.21633652897289	
204.1715593706779	56.929260053661224	35.07694980666054	55.73503853524488	
203.8238789052981	56.28556901203434	35.44769138042635	55.45698215000847	
204.76618342271323	55.71966348352704	35.0940251808841	55.80500353783265	
206.93090094667474	55.93243781071832	35.474673237031524	55.51060974047748	
206.91265110036528	54.9787651308128	34.91866617478283	55.998304249009834	
209.06256790455222	55.81512144634629	34.52673497243105	55.566701752921645	
210.8629623510881	55.430295903826234	34.37616113783532	55.674565886281556	
212.11139250667958	56.396258456015836	33.96008638904749	55.740704163190614	
212.93020795808573	55.42361254686045	34.15068541744948	55.825127540278245	
214.16644630591185	56.28438217155945	34.35407159328332	55.7935881660665	
216.04574908511668	55.38004613142973	34.1525863057028	55.95357327770374	
215.40038340137855	55.696384036381666	33.99364166788723	56.12229530655155	
218.19946904502996	56.06813705266393	34.653826512166106	55.48500413913472	
217.36940218809698	54.64799897945508	34.42195037715176	56.09062946360762	
219.8798138722652	54.752568856778986	33.81707643072677	56.787015289990606	
220.82637339455465	54.79535235166522	34.73522764196789	56.10113424394295	
222.41334046344053	55.46677180160686	36.00738275785281	55.79908269818914	
224.45455038926514	55.15774022091103	35.73093959216358	55.84573024933276	
225.97292110781578	53.98656037864922	37.55045001898834	55.546031569396476	
225.5842161248687	52.7987407062884	36.43996165215343	56.878114923815644	
227.27569248304692	51.8962442386498	36.36850054266439	57.5882788656439	
228.49537213120576	52.557349450455234	35.959916725293056	58.04359338889185	
229.09490596234124	51.88268138303844	36.97805045647	58.1208114930608	
227.86707541928214	51.684505907908246	36.88069486450828	58.39714168118939	
226.71486019757208	52.325032184979634	36.98946728486912	58.293153847105856	
228.19379374892497	51.984499324215065	37.348003350437	58.205850535168736	
227.9410193625784	52.2875492460892	37.74190123562411	57.98263524869994	
227.04495068800475	52.54587478949438	37.57605858561203	57.84808545592583	
227.31350187570942	52.03020977066441	37.81923679784951	57.63118429626352	
226.3513756149107	52.08022191183905	38.252275290215806	57.37838476285111	
223.99977423933888	52.01084553280181	37.933973587354615	57.042222515230456	
225.00729316093418	51.891235019084476	38.44677175355669	57.10829135637319	
224.05915024528625	52.864511296643556	37.996913457687654	56.11863039272354	
223.73293308653194	53.03198434429645	38.593534331313194	55.89586269308635	
222.9771017214102	52.2574097977655	38.800516776920475	56.1042755415112	
222.77547529922708	52.221052629449595	38.44005025542535	56.34815717286973	
222.22584429735159	53.65997402481897	38.3881648194962	55.83509972973276	
221.7602686190801	52.758639645058	37.75996645805662	56.24442029985309	
223.15492391972472	53.960025549988195	37.623665325029606	55.23081814256584	
223.0811163843186	52.86399980583355	36.46940910713329	55.70855823457565	
222.61104635031853	53.80627105165878	36.052227018678906	55.61523291873748	
222.06620789106873	53.22793697721795	35.39271879964902	55.79601451152988	
221.4491865309081	53.99583388611953	35.31706238220495	55.14370007401902	
221.796938586644	53.95150132452616	35.22705281598734	54.626804482259416	
223.65567481386853	54.037025192098326	34.664464060122235	54.63600921392268	
223.23802755396096	54.82644665555908	34.346881680878035	54.36063028260969	
221.92716687850333	53.66791585703214	35.09761061218313	53.97255743178439	
221.99943691948175	54.05322914315806	34.67854480139951	54.0660303336077	
221.48409883611765	53.88391258173792	34.27171178483217	54.81001516416769	
220.4859235307948	53.88958682730068	33.96275232100277	55.2635481019813	
221.20395584593467	53.337414415462334	34.368833557724685	54.871908521604816	
220.62363665779714	53.8858794123972	34.48396154392671	54.69371406948341	
220.49802140656203	53.917085215238	34.603048030843695	54.79694922221371	
221.07551211903035	53.866028433183416	34.70333670771814	54.23825893944849	
220.75799101637432	55.09713813300104	34.62833587251071	53.07516779550676	
221.12296386999623	55.126476073247105	33.68756260519251	53.71045073968352	
222.05764136324152	55.42170351439428	33.52446313398629	53.42591210088176	
221.92650672491575	54.095300946420835	33.14337809541435	53.668895283432654	
222.64968570017476	55.57790225279618	32.65799514970557	53.297085429744385	
223.38501598390025	54.348476415608644	32.390243415791616	53.29656227020536	
221.98316819538996	55.21526923070081	33.065364110369096	52.68212240196769	
223.2199035256414	55.144474046106374	32.78173985953527	52.98917049994468	
223.5112273697247	55.178984573449185	32.80834820056888	52.83756295781825	
223.1102516468312	55.28624011514309	32.66665712162125	52.33106794525614	
222.94516987596216	55.41868169260574	32.49463039068873	52.19061305944656	
223.41035212050684	55.63162606314195	32.255135025632036	51.66751481234518	
223.33917242891135	56.28653543981681	31.860003002893464	51.090981118387916	
222.89193446065616	56.45836852979115	31.464994875605356	50.77521337312719	
223.67390062858243	56.35438778871092	31.30184559452602	50.860320344936184	
222.93690371207356	56.803350706953594	31.519214887731266	50.7544000536497	
223.5507701524159	56.32061383106087	31.9625151063073	50.42712081573629	
223.4678275386112	55.3844067725929	31.021661084950253	51.52721672813886	
223.16763442305313	56.000832128847335	31.47519448639929	51.34489819083248	
222.92570226634572	55.91363207004637	31.837695136043514	50.67339794332749	
223.27885968428046	57.21138000527381	31.860533709571442	50.26735790395708	
222.33293855725492	56.47463488888111	32.07238220790779	50.19275587198183	
222.25917213464692	56.938829961972814	31.689785154002422	50.177572155376204	
221.79751139770912	56.1896325820504	31.20867981735988	50.436889529330884	
222.00172107553698	57.03952428158548	30.176896396358288	50.312069806837755	
220.93517342213966	56.38897316100742	30.32626210037408	50.69819147249349	
221.031525572046	57.10973718394424	30.068879050085652	50.18482045726343	
220.66090317633726	56.488747798530014	29.695636483997244	50.49211271869663	
221.12815750414154	57.14428445802257	28.42473517242823	51.651908866262914	
220.64990294671367	56.482578771362896	28.664014527161015	51.41491770702629	
219.7689645043687	57.247766058527844	28.55151266901059	51.06363098986572	
219.061960942016	57.75437528739828	27.857592184754374	51.16022988664717	
219.12624599232635	58.09472722028759	27.288439564922513	50.82782191314463	
218.1920567708255	57.52157882411667	27.517505864755606	50.70400782283122	
217.75864551066323	57.73292870273056	26.876060656534662	50.66181681519924	
215.97782972156176	59.014638115387335	26.80033295138	50.34309641962746	
214.52937633508188	58.77609969978383	26.7627839721289	50.23783237203032	
214.082871987482	59.63624335866183	26.474250150269867	49.972389153596275	
213.05498313864044	59.71896901543086	27.193662045566008	49.69062034788212	
212.3731441671992	60.12616771807164	25.996322820468297	49.47286484248801	
211.04855793618898	60.15392170181997	24.990287299456668	49.51498049300631	
208.67780404819666	60.371488344928046	24.8234534366645	49.32142237190318	
207.75042270665247	59.169827276307636	25.720560811325623	48.88468855392178	
205.70648121617216	60.30677327838196	25.849946710239173	49.11135122508894	
204.95832823187047	60.54335385556757	25.82055817762545	49.677668467752724	
203.00564533339667	60.75342488251878	25.044467686543125	50.26282882887698	
201.87350181961568	58.72067127309899	26.15043786061223	50.675240704701835	
201.25773570353186	56.86448611938649	27.39372129702727	50.45984873010484	
199.94919835284614	48.782111901903164	33.44135378111584	45.55811082412259	
195.7847999508945	53.89557177735784	37.22414243814912	43.74634075886608	
191.55145435731384	57.1653262618808	36.897408564412466	44.956167166170914	
187.62056662865115	59.34838975889696	33.78398731824959	48.659330158764725	
188.53691267553577	58.68793892263336	32.5347053710059	50.04646423225161	
187.91819562068798	58.722720223442785	32.572450003210506	49.81727420336368	
186.50767350476121	60.036967340686914	31.899789186245236	50.05894049231668	
184.7741496690023	49.72267717210195	33.63812777349574	49.545651765897674	
182.96588734177467	49.54155541099894	34.130484880512235	51.16021360052318	
181.2558267986176	50.64798424068039	34.51737532596849	52.823294813379505	
184.62805633281823	56.567022637093146	35.98940381724721	51.61566927961321	
187.27133993683498	55.375813945792046	37.846765380337345	50.99881192376981	
187.2316977363293	55.09290700119401	38.15576276991183	51.78809797481088	
188.35946825257014	52.77801247119898	39.03947211764424	52.30078747500818	
187.0293259653639	57.52314289775936	37.21144612973714	52.84437531725638	
187.94677653149876	56.96658285974725	35.2519631788062	52.32615413983249	
190.61288801908776	56.69809290625068	32.17006414526786	52.58868600339062	
193.23321416353178	58.43510295847983	30.276505118618942	52.13583064635438	
195.84136182012668	57.04874296011748	29.004002944936502	52.32779651507087	
197.5881820633969	57.265343691736746	27.89852665965057	52.343004446349205	
199.18459382050156	59.442604427866485	28.741332045385036	50.57265307570251	
200.91962924175533	58.80037347354698	28.332730805826312	50.81750460308845	
201.58414851305028	57.86803655288874	28.90629957697245	51.25069721130228	
202.1760732457098	57.22885149546168	29.196772988173265	51.40143189879071	
203.597611743745	58.68816614988546	29.574482983242106	50.89408659647725	
204.30859921534943	57.23810701448372	30.204447298988583	51.186693072147875	
205.18248605154716	57.676688796652854	29.864322923011745	51.09066001978786	
207.47135735962664	57.925775110216016	30.429053405225105	50.794538993038046	
208.70848602729114	56.26774384104121	30.36182743439631	51.4335275003821	
209.06961924291582	56.45161238857594	30.698538416133598	51.5585732387018	
209.16964653471467	55.474710553616106	31.329090179108	51.71250945542318	
210.96557146239752	55.27010264954043	30.86888360877176	52.00130638878912	
211.46065025036182	55.92986337529485	30.734769256871285	52.090925648680795	
211.86570438400395	56.287201941379344	30.895462669849323	52.02533283539417	
212.0337395726707	55.8555541351667	30.964684807939996	52.352442211014385	
211.4190572346878	55.017147168275486	30.825983852706422	52.799799429437	
210.07949811127023	56.034099800088526	30.934634865333805	52.45572124668607	
210.52071544506006	55.22526647926728	31.335770227092425	52.220542129846066	
210.01354830083497	56.44319623244658	31.33201340899091	51.73152242714994	
209.3128966504497	55.64113945732976	31.128105404434486	52.26895586478906	
209.0475956232142	55.240347098838484	31.946466414470393	51.978063885874576	
207.97007164594504	55.562532856425086	32.29198530112349	51.68537414919892	
207.0066990706855	56.1677479648286	32.42462793469433	51.90391445340079	
207.8263032884734	55.98128611512881	32.70767719729977	52.33387642477436	
206.09666070558131	54.84265301439578	33.07993779302907	53.24331435175052	
204.76874105649753	55.22029994349424	34.40138522777709	53.05573466257485	
205.0040497461115	54.714093594923845	35.50792531124631	52.82719174519927	
205.01735309991437	54.33352312483175	35.294628432294616	53.12320148332141	
204.81985056214597	54.01475875206009	36.11063214578917	53.60576884558761	
204.55935053025348	53.257721075197175	37.478697666221734	53.63990079887718	
204.19404321162784	53.054677951339784	38.594118506156605	53.82630886939077	
205.00973906168952	53.47673584449063	39.70967732443633	53.848616874019356	
202.80839714911713	53.68344560372897	40.330772647923325	53.88976619580273	
201.92797838196242	52.09005342705043	40.10503399976783	54.25379081133018	
203.24400369371554	52.92932706695839	40.9053056647395	54.329429418241176	
202.24877850679002	52.50479860179826	41.42687653829866	54.675103361486585	
201.99969569604556	52.040513308774294	42.54391162080338	54.59472816015016	
202.38573661323267	52.05369907274981	43.75622885179493	54.86042905439832	
201.32138156858576	52.02258357635163	43.49832198673185	54.88811112836619	
201.17975822393265	51.822318121873096	42.9368172974537	55.196295412539314	
200.79968362564188	51.78150090189106	43.30541135234164	54.93216339957475	
201.51351703692097	51.727672554700874	43.18559807302014	54.68745394385356	
200.93621809319464	50.67491514445539	42.66060182207589	54.86691288918554	
202.32937383316525	50.4366923209697	41.95808971544476	54.954224033155846	
202.35437743286002	50.79793516794876	41.78571276139135	55.37663943549474	
202.47123629571982	50.00656233143557	41.33801609889089	55.38572766179267	
202.35543020397603	49.76176713447547	41.17624747689519	55.405303910787794	
203.80008109591847	49.12536452122267	41.40520361313847	55.605383071524145	
202.92874149661776	50.28212328274911	41.3834773472027	55.58772674020079	
201.73780642102153	49.845058396967644	42.13460475414921	54.89516536593569	
202.66843109528415	50.63287483441333	42.022933348967044	54.78570886063778	
203.23317650392258	49.23758673100204	42.85311451221496	54.95973898689502	
203.42495917201367	50.07461133100625	42.77848480098514	54.88931884670254	
204.31324920595046	49.76428146170278	42.98875943173773	54.83971780678803	
205.34216267377758	49.78196819485083	42.13499891639616	55.143765928337935	
207.16835733719256	50.39442659684949	42.554276292128236	55.04280261351839	
209.2351647015619	50.164364661193105	42.38321735180301	55.01530733498618	
211.93412647855777	49.00667122962436	42.566009405186115	54.742666169756525	
214.01975793428616	50.45665397065871	41.440100368510215	55.08049343512892	
217.47969234219596	50.19916042874726	41.05228184314504	54.7565400002749	
220.19724192194363	49.57964387184697	40.91303775226989	54.55895574157543	
222.23307109456485	48.19226486220197	40.88218780182619	54.81456458819195	
224.47773874893247	47.011012144825465	40.691382290945924	55.475207604980156	
225.70672228550438	46.729534891834035	40.58526914480822	55.67564102471855	
227.06172628914962	46.380203415944735	41.09229210533006	55.75624295724339	
229.01100840786708	45.51133545441672	40.72602547778479	55.944595724037256	
231.2785524501818	45.396601165323794	40.238437610906104	56.53304573941283	
232.21776929847553	44.44294937950356	41.248277462382944	56.818276317036634	
232.45632177109096	44.19881949076678	42.03541858747304	56.97609941874864	
231.97891225472762	44.63697911407104	41.59517786845581	56.8437724993283	
232.70473599447735	45.42666745043908	42.04751709380039	56.57193722712564	
232.84457849762893	45.502776078397375	42.32069816260123	56.400432073202126	
229.9705300986226	45.765148499454696	41.44100085476464	56.29129351722315	
230.655583579766	46.09405808136125	41.52589777134091	56.595564990480355	
229.29008505527082	46.74244108563657	41.151631085855385	56.00133769803946	
227.60345155884798	46.77118729232004	41.398705530499726	55.62065615218795	
225.96487319656836	47.71795605121736	40.658317196851584	55.601141299794655	
225.71927347720404	48.15097284227536	38.77768991535096	55.3570015934781	
223.71284263186607	48.64061332844272	38.69878577606264	54.75753353227695	
221.80889745941306	48.81209537068939	39.1279095177569	54.26395518206186	
220.79684634866493	50.52458009683257	39.407869608290895	53.70111764732401	
217.15512462422942	49.21086210462768	38.34367981230279	54.47157395669112	
215.80398716028813	49.93327008214664	37.996523316007696	54.31598650211971	
214.61456102672997	49.142751798110126	37.32935912809841	54.72219210694146	
213.40187153565313	49.89240294215581	38.05101070368303	54.57034881824623	
213.1614503623202	50.71006395016555	38.86248388212634	53.586753515839625	
213.1811718968611	50.576804469567165	39.823358954690605	53.20513544567992	
211.5219490448313	51.28620391672185	40.600118411168765	52.767958210436646	
212.03000839056165	53.24371966469961	40.94724751917583	51.98833312650123	
209.46213916720416	53.41776537796019	39.78100498702524	52.237340715990726	
208.31677389105758	54.068777606118914	38.759085089278116	52.40028296016339	
209.0000134149832	54.604218477769805	37.39905269922775	52.06943439084887	
209.24926133398824	56.311306089181755	35.767136130654585	51.88726683280697	
208.66854837645417	55.79940594022336	34.79615626778604	51.95000502874488	
208.51675532429743	56.588920646395486	35.094062787185194	51.29575620157077	
208.38666984435636	55.69225103817008	34.15166975010779	51.65016971913549	
207.8024834927696	56.064959561821794	33.929895282842054	51.323607502969026	
206.9242163670454	56.399589230030834	34.639724803171916	50.225434899441225	
206.78253224829393	56.49849473409586	35.89375314640185	49.11646717259171	
205.09017098246255	55.622308796490714	37.903523745297576	47.75596685288326	
205.0076037492832	56.23017744934464	38.328131046597576	48.73938919844762	
205.41935926717332	55.73149677425771	39.53472646853865	48.12437925956567	
213.77644787891103	55.68394890679642	37.78092950733061	48.53796599846408	
218.98519234411052	56.36044332275292	40.071375366868196	47.47424818785872	
213.01272712905518	55.805134641227085	38.657747745178156	48.26173679455266	
210.99804126847727	51.70282594903955	39.495540856254166	46.92076641729642	
202.96145911883738	49.12324889787748	44.435113099954265	44.260508849743715	
195.33820113274723	48.350305739981366	48.957368136871985	41.52133440121133	
194.4904544719507	49.47434941951054	51.137385999692995	40.72487643084078	
194.19116047753744	51.63947068731865	52.52396296909771	40.77606381255069	
194.0186152396576	50.72285747421349	53.96472474793839	40.96254028771854	
196.85377464672473	52.90363455879244	53.914681095588165	43.037453756696394	
195.27050513307893	55.13469003973165	54.55842240578312	43.37909574138064	
194.20173263471034	50.91619314603919	55.193207983253174	44.76454382958707	
194.384495983282	50.206656551623155	56.41247877853043	44.4620906469529	
194.56760542342906	51.19914953065822	57.436811495017196	44.818768896735435	
193.0781710696633	51.42797163750305	57.480572603312	45.69135196196879	
194.7712201199142	51.5976691338991	57.2511151594868	47.336651757353934	
194.3766643418076	52.542341197257684	57.784425630942295	47.68272882788792	
196.75779716601002	54.64953451119895	57.45894973052069	48.786910954417635	
192.12416192936047	53.59587515311961	59.020399440277046	48.06763465808705	
192.31796414503796	53.4307264991048	60.999692617205774	47.17223698125527	
190.63075106967355	54.89500105434668	62.35458930988107	46.64586496441649	
189.02659548946806	53.61734552391302	63.344397851383306	46.26564212911897	
186.87745939483355	54.36741719347021	64.26749332157671	45.22461073822426	
187.15840831911652	55.61882094754906	63.76565104450549	45.09941084115779	
187.1411293612373	55.995610022357184	63.8079856614687	45.81715393485333	
187.2293559325456	56.20187988759628	64.72745774013349	45.193936979062364	
187.16206141247207	56.612210617090085	65.00325806178307	45.356851115555436	
187.34339106300393	56.066716956527465	65.4356877098163	45.49516629827251	
187.83798799032223	56.52368876759492	65.76910582712446	45.14699942243638	
190.017915877909	56.86340595144739	66.23313814239464	45.156011433435914	
190.59612224304703	57.414858423049154	65.61037734959935	45.680621993530075	
190.37320122309177	53.27011880518903	64.85641660763338	46.068319314333	
191.10961133147794	50.62844292711079	64.30938006646886	45.60572927467173	
194.89963219010025	47.83381185504874	66.27681788481767	46.35222214981764	
193.9498981727226	48.31984877054199	66.23266266882385	45.85169130021761	
195.50250700315573	49.20361531324326	67.42081706983265	47.04188202579224	
200.51699415162926	47.060066420092014	68.98970327053308	47.801832573499134	
203.79146849728187	50.21172313386651	70.57157604189072	50.157580498615374	
202.28363148888735	47.8430771764316	71.2176938893416	53.29846074177205	
199.79247726037096	47.54961803433384	72.91218500812514	54.80376873812905	
203.54776759103618	48.10375295113316	74.34125574592494	56.468427568535844	
202.0834715396755	45.7273960325099	76.90239181654283	55.9010726759102	
198.80337842860277	40.716518874128504	79.0247781425378	55.015391024499806	
189.55381498365182	44.88145784758456	81.88260883753918	56.44392137624004	
190.9179881519213	42.81875323681529	82.87165183935159	56.32141403321917	
191.8329982655926	45.346362191098336	83.69412402804079	56.799397770036414	
193.65276166612486	46.142685741292745	83.13739534864887	58.21358255301281	
192.36302644111703	123.66783652860718	80.52074302712384	59.11720943270497	
191.78712631580532	127.22088115004159	79.16250140634449	57.35948836649467	
191.45484611267165	129.91784991397196	78.96032401552237	55.42280211757612	
191.1050850863524	130.61916197858625	78.95572853956672	54.32713972821486	
191.9754733438479	130.15934496803047	77.7243443167682	54.5794166694208	
192.28644650326356	130.85769736144283	77.89379272825585	52.856880956156374	
192.61492101114243	131.85919401344742	77.05904418955049	52.7161755162137	
193.52629635473278	131.44761359407806	76.24612030620966	53.10002137299706	
193.50577117232228	131.85386771861033	75.76823214460128	52.78170758474822	
193.56765155721172	132.05450909841915	76.37335225463403	51.991457864934844	
194.03830956082447	132.1121473235553	75.8496624476642	51.079179238391106	
194.55703312940437	133.1972784718532	74.56367291883001	51.91161546626351	
194.41702797785058	133.4163692283416	74.03509334527583	51.89406868423998	
195.55936729167496	132.7732987238369	73.9862794193655	51.486257706143306	
196.6830472208665	132.23089332181084	72.59697102528779	52.0238219703666	
197.3097859125702	133.5596548211689	71.9160519943996	52.57178564632589	
196.66611581049105	132.80376657740283	72.37685280332731	51.96193767039531	
196.90492800935925	132.95918056759467	72.58609278284737	51.296269092546524	
196.4629186607751	133.32224058188422	72.33746392460311	51.22392410717481	
197.23249895021212	132.363727659803	72.0154070617171	50.71871243094459	
197.2730278618418	132.94829876830315	72.39717811670786	49.78165307757218	
197.21326836887482	133.69929215757966	72.13117149986343	48.982365127767835	
198.3894612018961	133.71532344638217	71.0409999533895	49.21182996681908	
198.78916559124877	134.07875627729408	71.01837926986967	49.392703893886164	
196.0981975213155	134.26111331585219	71.89712627690542	49.014849086753216	
197.46794889579706	133.35012334014453	71.64536519805064	49.511653843374035	
198.77292172799872	133.49376277136986	71.2833839717593	49.530994325279295	
196.08698430099142	134.08016641522363	72.70672209049735	48.67252904099193	
195.47898792812614	133.51714650611555	73.20999950769227	48.590064497442654	
198.08518154510634	132.55454826129778	72.41924602753988	48.10703369216209	
195.36533233925076	134.3562585556461	72.75478179126213	47.41111684618399	
197.30257402807246	133.91324494078964	72.03650674919226	48.00855925878699	
195.50888036442484	133.86855319743256	72.70934150908838	48.182199625376214	
197.5368880082013	133.51044453551862	71.9156426569256	48.678544826004156	
197.20689173094195	134.06394843713244	72.30642095756642	47.88065984079981	
197.8460801826763	133.13799646639387	72.16268029303416	47.449796727474094	
197.26405395410748	134.44480928016338	72.19277624799821	47.70751819371661	
197.91947026002123	133.95874085955168	71.95380633009611	47.76282307245157	
197.75212862885894	134.69848062060913	71.88453680104683	48.56907511372016	
199.4435574401748	134.05722942353796	70.39628241180472	49.27007888772656	
195.7004893301129	134.4413348553813	72.29772187732878	49.310551897886555	
196.02619819716824	133.50587031089634	72.69945502828477	49.01248958610077	
196.3311017833113	133.76153189346437	72.41463598845041	48.468703628974936	
197.1246600864472	134.00820615880346	71.44619346548633	48.87671045003155	
198.70418920049002	133.41716768654516	71.47599247170905	48.144526725446866	
194.95834685438598	134.13934698954213	72.74239540785695	47.840818183799584	
197.32314205240314	133.2240073251216	72.1902177254856	47.930650695845074	
197.98247203431774	134.21295635170773	71.69285704492205	47.75252299006663	
197.24146135576794	134.60564000827608	71.85761325724185	48.77850368118111	
198.55495431183704	134.58912496688083	71.22526656807882	49.04804554116108	
195.49861877931164	133.6378238779553	71.51791038274553	49.02908599169623	
197.91429927413327	132.81723943286272	71.29108963480039	48.88931203321359	
193.83393154825347	133.63826155915498	72.79070698131599	47.769687485727445	
195.73343787560475	133.50269072106792	72.50595471075692	47.53314858193119	
196.54469341149237	133.8440073134859	72.6556999177367	46.888776793847555	
197.48043674967016	134.08585190200463	72.2253514084495	46.72296243292884	
196.0702492487984	134.16822401417159	73.02108003663731	47.4578832309154	
196.87409457813868	134.5044609004638	73.01730163555524	46.691071944502305	
196.7289269798522	134.67676417255976	72.80547527283392	47.17948913096994	
196.8714192753612	135.2987879920368	71.44901755725937	48.34749766286322	
197.92034240422856	134.09932597490223	71.72588579280082	48.3868858585394	
193.8891477885077	134.35257600177087	73.11037687545429	48.531822947886326	
196.32479722032312	133.94327783181726	72.77622081284693	49.05804144913581	
197.2901334754187	134.0436191853362	71.9933119702359	48.63710297696621	
195.84196944384604	133.96582257149512	72.97726927792615	47.94825734521607	
197.8323279898913	133.82392582750126	72.03160389131574	48.33284795462146	
197.42048413603644	134.14968468630963	72.73243672537018	47.34314923416105	
196.02001273018715	133.92194272554337	72.4616176920951	48.092933820595064	
195.94746266608212	134.25156556340886	72.50831768055073	47.71687224772722	
198.10477713684702	134.1792765512377	71.49369838351339	48.49303299874334	
195.92560923431813	134.1791227530824	72.35989828824779	48.33350188517085	
196.9464642146731	133.26415970178476	72.06189247528692	47.88125142598195	
197.37004762902012	134.12513092660765	71.38118428461766	48.12611420443872	
197.8443740563776	133.74778017953338	70.79464027403355	49.08672475554337	
197.05299900754017	133.81797002304626	71.24335350733713	48.69830986100061	
198.4903535605041	133.42631499151747	70.3748621886883	48.95817650106224	
197.5498305169125	133.9308031161287	71.01859416651524	48.833948454357575	
197.2152521739527	133.72620267623464	71.31457683979875	49.06389812611845	
198.78496414142893	132.8419753958496	70.94962594460995	48.44408180392654	
197.40517954487922	132.53178607239607	70.90213255408464	48.88963535610051	
197.73825470465073	133.40989753271833	70.18888416883352	49.51946422099163	
198.65406967052763	133.00695104241862	70.14298236067438	49.80804939639395	
196.470339714675	132.56159201013656	70.38114079976256	49.48986162170533	
197.0399898371478	133.28702061941482	69.91594919856149	48.967954579606605	
195.98162429159	133.212290380743	70.73318046494843	47.76144562923619	
196.42703333646762	133.26039575157643	71.03072351829118	47.4490774432368	
197.39403675777913	134.04338652758574	70.8948071953139	47.8127616534772	
198.03272321164576	133.33471327845484	70.3212070199433	47.71271364208096	
198.19833256194053	133.20904823683892	70.19961958492571	47.80304327133632	
198.8349811145344	133.60103792119332	70.20783012869381	47.63685282267937	
198.63697989254862	133.97092265627901	70.27642133511722	47.575747118754855	
196.91957338685353	133.81703939370328	71.59331633745532	47.40910154611085	
198.71285493389962	132.11696414210874	70.38196171787988	48.18788491380768	
197.65015020456826	133.19349904660942	71.28135854667778	47.96284194246235	
198.23957843937237	133.3714388721923	70.25070994453004	48.887204079105416	
199.24127524242434	132.8564026760056	70.10309188062956	48.30462994012689	
198.40338713920696	133.33458249403105	70.16671707661123	47.968153488827184	
200.15771491020672	134.11136058962424	69.50487850012637	48.260709752749655	
198.9677181021496	134.81715822073846	70.17592847348284	48.83842853455897	
198.7787627782269	134.22964273720652	70.02575816913273	48.46257797111101	
198.57288122131018	134.37120891462763	70.77860037492914	48.34164904378589	
196.22398909244828	133.35726636547759	71.0731209638505	48.25342857996314	
198.79321461400764	133.78133041114796	70.30515218540468	47.692196962657334	
199.30032654208622	134.1434069388513	69.92158587156834	47.765844625880185	
197.14666519970476	134.46842454973702	70.72109057047767	47.477769140724945	
197.79118313158818	134.47982608407412	70.67969992353297	47.403645525627084	
198.49284401582602	134.04708296268223	70.9046176178958	46.6765006683238	
198.1298900542284	135.19707124881174	71.34495824443435	47.252082332258524	
197.8725228138134	135.09685622992382	71.21121353556958	47.996151385571906	
198.89312170593792	134.59925566876433	70.67062544727358	48.17729280879999	
196.018569789657	134.7461136970963	72.23645371179418	47.80083864393724	
197.03980985044058	134.01676105737613	72.23328202968202	48.29543361124583	
197.975891468676	134.07433938665667	71.35286995369081	49.146506734395594	
198.76033607273973	134.3593671541527	70.35219373005043	48.92683779370979	
198.92594906435133	134.41392673941357	69.97834435912894	48.56302024167865	
199.22426818794344	134.59226961325766	69.65292369980946	48.82864843370007	
198.7435087624854	133.9705795319724	69.70337971267439	49.365579563494364	
198.15134853944613	134.36673000707003	69.61798024679402	49.58171000699542	
198.29531294352833	134.2917172653016	70.08766643868984	49.309378471315966	
198.28182731366857	135.15552915008706	69.95237167567679	50.37291750353363	
196.53017188701	133.91022687065197	71.08837818161683	49.65735450150023	
197.40204491818645	133.23353648117808	71.5096996112369	48.952941806739176	
194.69580090228763	133.7138375523464	72.50065948855718	48.471376073232605	
196.04545861961066	133.42400470764338	72.47449199758807	48.95249487071332	
196.21397709304637	133.9378976331077	73.06628763031682	47.96638861481756	
197.45698705190097	134.34479067139617	71.69015060379604	48.77538797936587	
197.72056736062675	135.21682514947764	71.63514261993697	49.55797317026294	
195.4999507315137	134.9623191196694	72.2257001819994	49.03257741352563	
196.9075488230942	134.32522075738672	71.60000679988488	48.92720946823965	
198.292872004136	135.02067704291534	71.35879478846334	48.2784843326372	
197.7548971964186	135.37615957130288	72.08037787850716	48.93389098520221	
195.80806342247874	134.84251746887045	73.41636363861869	48.22116601428923	
195.95672521317056	134.7493957853445	73.37560613559245	47.28913094101659	
198.35570061890954	134.55067908324529	72.01908807917891	47.87342464622409	
195.58583428822607	135.30679785823065	72.99900051538692	47.771527890447686	
196.78639324444566	133.9950081003332	72.55151495516313	47.19964131534175	
196.59112905463712	134.63450875456337	72.36784887339822	47.464085163202625	
197.65136997568908	134.33982983604102	72.11535437621367	47.60418996386933	
198.1680248773911	134.35213195340194	71.62043908373147	49.08225265912592	
198.14319734626474	133.8924907202558	71.45244671657105	49.44135875953523	
198.2887070450521	133.3752998668646	71.2288876687598	49.953449817885144	
198.3114212016313	133.3771412111911	70.9288449824258	50.124731341693035	
199.19904117970634	133.29248080819374	70.80166512330851	50.30251643573104	
198.2968845206234	131.70580561375095	71.25805785018983	50.032805877129604	
199.07720044830853	131.71364287995368	70.94325315165759	49.66786060284149	
199.2315990807485	131.51353361138638	71.21071094066991	49.02330966624214	
195.94182275615586	131.14033520494965	72.46005101193981	49.49006411055707	
198.36951083218352	130.98535824286157	72.94923235182773	49.72820109272444	
197.91585301303672	129.83639500422757	73.00940446405657	49.65622397616711	
197.78470410712262	130.86014396435004	72.68972911685341	50.398626273752036	
196.5291103907848	130.93811580000175	73.00530518378153	49.93208437944716	
197.05229963528527	130.88982864618268	73.11628217583228	49.43792611768747	
198.38791717774922	132.05998595911942	72.30292219064697	50.07171753158823	
197.6574128297271	132.19386808654295	72.52029967263232	50.33055012590762	
196.08057998135092	132.08338199243428	72.71672297083327	49.9327660862633	
197.56579138186882	131.44669579212132	72.53430938225353	49.715994936282605	
197.1719995479798	132.87098507575053	72.78411673042112	49.940904151955024	
197.0405793786387	132.32127420063748	72.05016480140307	50.619554584467906	
197.2133202297549	131.42348595582158	71.93623206371817	49.925925564680824	
197.9288164712778	133.05202451506975	71.99967389320736	49.55698149054683	
196.00435667963683	133.42826414664364	73.06006271025333	48.64369215179053	
196.98401482793068	133.3104307593745	72.52295849582316	48.56928242294904	
196.59466745762097	133.48169336393045	72.40954430757048	48.88419616852556	
197.6074907365653	133.7374469843417	72.05148795156865	48.75942073372403	
196.9521810630511	133.76939522854536	71.50891954991762	49.17619891487435	
197.40600832942087	133.35100584810104	72.34315063547369	48.97317496140016	
197.3401419536092	133.73890294130223	72.00211395665069	48.86717252946298	
198.03540880988467	133.74617056568098	71.83305165172249	48.509240518161114	
198.50198080700497	133.6882077823447	71.52718229876724	48.926716908135305	
196.28261292866824	133.40923378700677	72.17063903228396	48.67641500176628	
198.69563691188714	132.94154369858356	71.59579637591469	48.90394436099449	
197.9961323315941	133.32041594944297	71.19907376659921	48.53929139125441	
197.4935480600572	133.6090748774189	72.34650046090027	47.87345245904504	
195.30383643623844	133.30277283647823	73.03994932091058	48.08068805195292	
197.26219355106838	132.79589544062293	72.59515182681486	48.33960887193276	
196.62706684066387	133.44838955319423	72.92281907342729	48.45356069704219	
195.99386352604773	133.01237263182915	73.23751782468696	48.18894419122988	
197.78579357096618	132.4213321735436	72.54367603973563	48.16798874417398	
195.4674501845293	132.18094813591262	72.95442359248415	48.34483936205886	
197.3434342241316	132.9518190650852	72.83579882384687	47.983404062353884	
198.6755057591119	134.20825283964928	71.9511317629922	48.75905858529585	
197.2985700420175	133.07948420439376	72.12572933472408	48.704896961988204	
198.79812824080966	133.1655047669966	71.67435202399415	48.91572742038201	
196.09141464915803	133.0224117562584	72.32747007601262	48.73962968161525	
198.6719154137616	133.02029055797647	71.70012869628252	49.314771076638316	
197.0767770400081	132.64183485964702	72.3424428412377	49.33716412351929	
195.4141170342245	132.2008104134472	73.29902721094174	49.17162085259534	
197.1846439625536	132.49268048947005	73.13161543492222	49.0277794756408	
196.97457528233326	132.1040881881731	72.69086603966463	49.51706767668734	
196.76621739374048	133.55724798178207	72.87666789690711	48.617754416215185	
196.88316190909694	134.18643339730406	72.68906442280039	47.994057077825616	
196.69835561881268	133.90703205249565	71.99528879182068	48.484918557003375	
198.3923342213413	134.26127727366804	71.63728925377382	48.32713011122357	
197.03642643547704	135.04987233265155	71.9369474148593	48.09746328632767	
197.18893633380054	134.8707348567058	72.38048742911408	47.7808526361407	
197.26655461989515	135.1635929044476	72.45031045220625	48.356158262346625	
194.74716162346613	134.34075901861837	73.393231784715	48.240163523324696	
197.0507097383836	134.6176579715387	72.92672036322296	48.70927550763758	
195.3073302193353	135.24614871776862	73.42966367672668	48.51412139138981	
196.3718800925058	133.33270260547042	73.70394747857286	48.564533246648935	
194.77349703200778	134.91997538019274	74.3280819860484	47.98552984006139	
196.1457787404354	134.4873143104387	73.90483197739857	48.03796913659998	
197.44573286604856	133.78722971283418	73.09178771073735	48.78490693351084	
196.80201290493952	134.49644686325402	72.84683103915404	48.60033032810253	
193.85952187338756	134.4073000437421	74.47116050819608	47.1370004226891	
194.11795825639558	134.841528190767	74.6224864138174	46.70501273356536	
197.12143055081367	134.7270504815092	73.1878134350658	48.078365541133046	
197.25527766482634	134.03348810559692	72.69352511303691	48.78003093131955	
195.3648750770789	134.24867122584834	72.75006205955746	49.02004183162589	
197.19944685183816	132.7870603748177	72.112741374562	49.19541833847674	
196.9970616060051	133.6400331711302	72.32334228619519	48.46858576685237	
197.35440162589902	133.51984724377618	71.94088547873747	48.712050009824296	
198.25600207109545	133.46744042835533	72.05408887396683	48.778255562519135	
196.43840525737681	133.05448526994743	73.05550873741672	49.17082774852305	
198.16906471493664	132.08176869063	72.86803987662314	49.166913323595516	
195.84455512444785	129.97247920382938	74.02270714914158	48.88042699273345	
194.9993819101605	132.78172311032108	75.08175600235681	49.15748897110669	
197.6574098346078	131.37443630317594	74.37408671779005	49.163782369901085	
198.01457959985274	131.25889472392308	74.55033059126528	48.785591649936194	
195.67960530103127	132.0191556690131	75.28388107071635	48.95809016187383	
197.23487087746133	131.09897830549107	74.86187647637345	49.43909143313816	
196.83208611134805	130.661607481192	75.22240966227993	49.6419888315655	
198.99668597616196	131.10312475193794	74.45129120165036	50.32297645671639	
196.31444451339732	130.58116396763964	75.26357127041467	50.10312836731407	
197.76304486204788	130.388317536835	74.93148625643508	50.26253972459872	
197.43556407445135	130.03771481598582	73.96995250850145	50.39696572460069	
197.18298974388267	130.20244524948868	73.61998691802977	50.46244630504419	
198.23575258738202	130.43711204726338	73.60100312367103	49.963420745124225	
194.72656389924617	131.40725112767285	74.88844548478129	49.20172247285322	
196.1451940802832	132.7847909015004	74.51647982729156	49.88089193138045	
195.62544139279058	132.97937133875126	74.20623402814152	49.874772069418775	
196.95783885276518	131.96976327475147	72.87130104189274	50.64000996363082	
196.38601236543462	132.64798473736982	72.96387921279407	50.301768735924554	
197.20839224187768	133.0634486387727	72.75025963300877	49.24434101049551	
197.6757994761437	132.63568597332406	72.43941522547709	48.796857379243974	
196.74493521979676	133.4459872842259	72.38819530597691	48.493783726543526	
196.9923510696678	133.3033251269876	72.75748894132167	48.0735350951368	
198.3312013239419	133.8055872674426	71.73200563487572	48.40334521758264	
197.14954447681865	133.93707265567068	71.58177686560288	48.40070463078472	
198.46091742883732	133.81671742088548	71.33736455115482	48.04512067675964	
194.362115094626	134.48786719043045	72.62044882144292	48.194020759325504	
196.5736304851852	133.57443699168638	72.37167217989372	48.50243245993953	
196.48083457018205	134.14807815950363	72.80689738820423	48.44400385091576	
196.67635993716607	133.7322585096579	72.76500084148113	47.95753862478978	
196.34232386669058	134.32832789412623	73.14562427990813	47.35808674053979	
198.23560457146257	133.77142433978548	72.38505410846369	47.5685042743991	
194.36749807640376	133.87142510349977	73.75352571281235	48.500987054190205	
197.09547554519648	132.656369388084	72.80954354842258	49.289400245261966	
195.78502756978995	132.75553601935653	72.90593476148086	49.19369892037401	
198.042826061933	132.62914598825876	72.51864076829924	48.588188018899444	
196.17679314174495	133.27051444105558	73.0356103081921	48.983778904027815	
198.04173356875768	132.4892773168919	71.9411598815147	49.62913189820475	
196.3263835476622	132.17768721538684	72.44613895496411	49.487994269636104	
196.24739873418372	131.96190061508128	73.17658723026906	48.72988140498953	
198.3129061653754	132.5038842963363	72.42841336935257	48.86764498966424	
197.96779458616618	131.85555226220544	72.17627413334534	48.88330829467387	
197.1001509703724	132.71402182621867	73.0648211789862	49.368613910413885	
197.3494716388131	131.17401247092667	73.770134571375	49.041443482366574	
197.30791984257635	130.1480127012074	73.27174375720215	49.13623992189949	
199.45122298155817	132.1406302891173	71.77794194134695	50.56573047941704	
197.57651188510025	130.88419983114812	73.14097766652685	50.357563868684196	
198.0315282626516	130.24987004712114	72.45643476574477	50.49711199607789	
199.36123164761258	132.3141293701337	71.95037579917503	51.72580116327043	
199.87951643080777	130.20150007721298	71.73976456264623	51.45829568645007	
196.79701993462282	131.89386334610614	73.71254585167384	49.83290144078063	
197.51944204140602	132.32045461268206	73.44557498976862	49.310682412099794	
198.20383289059117	132.1632927454821	72.16017235503776	50.06564594917597	
196.36917228353846	131.86418084559364	72.48716318410148	49.907550485031834	
199.11422824665317	132.5543548660506	71.74631240310217	49.739758222003275	
198.96685011903068	132.58077981763245	71.19558240305275	50.03071747039289	
196.1086138441255	132.77200030511284	72.04997964162507	49.64115596376702	
198.35231685322864	132.88140160025546	71.4780083969445	50.06511500108314	
193.26255058308791	133.98799396959993	73.24949834395316	49.9750159025438	
195.34150221769482	133.6257068832744	73.16914004457087	50.65786211747678	
196.86898072706362	133.13223600797028	72.64666562376078	51.69341691684134	
196.92727738749446	133.03516848476133	72.35596097286168	51.407684241973584	
197.14708438867538	132.2422419357317	72.09180886053484	51.45145331682765	
197.74423238198813	133.25325560718272	72.05455163920672	51.157144579722896	
196.38771261221706	133.45255312442686	72.65525520442992	50.62983653338007	
197.8948782433004	133.66153035917833	72.2132132149421	51.12199439519274	
195.79778998309848	133.24966434667428	72.00377751797912	51.012661919152364	
197.402687963446	133.00912274004438	72.60357450923524	50.31219861227258	
198.00843008718442	133.4100326916533	71.80528275312017	50.85449155235715	
195.83858643362368	133.23069051268934	72.06117175873584	50.14605230252761	
198.79172516865978	133.10777289004562	70.5290353251666	50.6999325231956	
195.02756539729035	133.43522036947306	71.30594765542415	50.56805682271437	
197.53692657860984	132.81393146956412	71.26551220463767	50.631711608056705	
198.6864905651914	133.19293181967498	71.31205269902897	50.318646967658864	
198.97427987635461	133.43370955332452	70.98065299774836	50.32683610226587	
198.75525744866195	133.98065207496558	69.84530409769567	51.16474802781616	
196.62080945141787	132.73422374438687	71.95328104235287	49.37674784355676	
196.55083085841508	133.80879669473663	72.63187933634053	48.78466967970365	
196.40669744756053	134.07741137094294	73.33193320281248	48.36504425382876	
196.143302337421	134.4761995540997	72.72000449237323	49.501389829248254	
196.75623178043816	134.09099906086146	72.1291954737172	49.439946351448036	
198.04524820547087	134.35759443335417	72.13119926206815	49.22239065129788	
197.0048033338394	134.3496214527827	71.5765297934708	49.4796115646397	
197.34296105494693	133.55404604237964	71.68636298206185	49.22357254669221	
196.53353112132484	134.2306529660115	72.28764699669046	49.45902370493245	
196.93148057049214	134.1284288929873	71.88222707324553	49.7177870609732	
196.716326372676	135.0441886989773	72.69444809094269	49.61658270960801	
194.07480345330382	135.50876092880787	73.6519879913364	50.632052441652064	
193.85704557439988	134.23654672806987	74.60025004794991	50.358930759308876	
196.61674298828737	133.550374588657	73.93852997493673	50.8191799104325	
195.08489431275945	133.36644768313087	73.06262473723248	51.42502803441348	
196.52093153655136	132.64506932075892	73.1673189833609	50.45570750050054	
197.0965885215818	133.70750797878938	73.46752805302751	50.386501870709765	
194.1078117533988	133.39814431495168	74.14201106995019	50.02975599562084	
194.79888385567983	133.54208482240202	74.06731035850672	49.97167773103319	
194.63816683870212	133.7186268102006	74.43768443962335	49.39101586148237	
194.76214819919363	134.52133393928528	74.58166127016946	49.431086093475756	
196.89073553738774	134.18071597902411	73.928735583156	49.25985628855638	
194.94415395729771	135.38202777022218	73.66151415800002	50.206492102450326	
196.2981625348565	134.00900832453954	73.7281949204825	49.72478949910354	
194.80818434281412	134.22621001974446	73.62307194207636	49.68402822734058	
195.3921755023988	134.10732800295375	73.74438168125546	49.85580227429561	
196.21688806847078	133.6145692706866	73.65488204639169	49.33986895316037	
194.43378890299576	134.33052638931616	74.30011347873602	48.58733300066835	
195.70543462881182	134.17287455492783	73.53115034578079	49.805580247086255	
197.42900827139067	134.27794218518073	73.08522001453741	49.5575412977995	
196.43844764132874	133.99933603917316	72.83545829879806	49.58347896349065	
197.6136140481236	134.70506642694272	72.1032500421652	50.65717415728304	
196.0273867634808	132.84816624750187	73.27080669212194	49.73568692132831	
197.64258352035876	132.10193919919936	72.26071474008802	49.64494813834466	
195.751797413475	132.5520539024763	72.30376233057513	50.07412384333068	
198.36847796747853	131.68984051993812	71.35678279505426	49.63928947872428	
197.89267382511838	131.7041376033107	71.09649646381612	49.912921499560724	
200.45608571119033	131.17626238151294	70.41833505435062	49.48531378388336	
198.5892890128156	132.71630287665175	70.98317569164112	48.23104815460164	
199.55674362115616	132.0307690487938	71.32397920889528	48.30623111433765	
198.980773040059	131.08707046068977	70.74601679630729	48.351097357477286	
199.15305428195492	133.55056520867106	71.49188447733263	47.92533138371728	
198.79842866502685	131.34320184377728	71.20408363213954	49.196439084978934	
197.29241139842813	134.80301437412703	72.38742227581486	49.75722290649084	
198.87021504303723	132.94341985121017	71.36785900512677	51.40508956635316	
195.98120688836002	132.12662152957134	72.85173363098829	50.025932550324946	
196.55292696733983	132.91146490728656	73.47140994181206	48.69550515003682	
194.876211755028	134.57000006697325	74.65487669727551	48.503272538335125	
194.5977127705562	133.31357694450713	75.05379949766356	49.224177804421245	
193.9554087005891	134.77279636529454	75.89586566714107	48.78901179397243	
193.63419007257892	134.72726828695684	76.47596930663511	49.69156466933792	
192.6838721282984	134.1977027752098	77.50288738571446	50.62305641911732	
189.57836880908525	129.7753005603377	78.42617739166752	52.50469824999051	
190.72771047989005	129.2027821171011	79.86934621077503	54.61118448404662	
188.91137610815846	123.65059891377034	79.32690997379625	60.517983819263264	
187.21367647886134	126.36251029834038	81.70150491190554	61.40151174769162	
182.9139413255392	124.56328992443846	80.69378692876853	64.089176638573	
