139	94	59	42	
149.53316505368778	84.6809833498835	49.486615323779404	53.79393755173076	
152.50433763513712	81.0921405171882	45.424636328572795	60.320158725644745	
152.6135188288122	79.53338936248366	43.249970416397446	64.73883336984947	
153.6734685718029	76.91108459520078	41.12961745779522	68.59813084761366	
154.2625047171857	75.7678482270618	40.886833745629694	70.22209435937447	
153.59208426550626	75.6692103457214	41.1418077578557	70.50158805491293	
153.489435497072	76.72722209507725	40.79388353359954	71.15925030764882	
153.05907267500749	75.67823408418258	40.613634555638285	71.68043789127773	
153.03923138344044	75.02862558756642	40.521509081869226	71.58226967318768	
153.7645902083919	76.63272206542356	40.46881237232135	70.75906896796488	
154.91385831984758	74.71328699179637	40.772876570340884	70.40820864851892	
157.09657854953196	74.97234907981414	41.31104527897625	68.86206693114615	
159.6728943080877	75.66259451071943	41.69116516861096	69.82300434088127	
160.535949781186	75.0463696677884	41.712579471094244	68.87150601184024	
160.60906815951716	73.30040939498346	41.27297302763429	68.7550964346601	
160.81558258095754	72.99214411051679	40.384857568295246	68.28710832830896	
160.4356950241591	72.89742267045585	40.670802714685976	66.77661386048655	
160.79724142612974	74.494267589288	40.68373173697323	66.00063571912096	
165.50920119485866	75.25794616583403	40.276115642914704	65.72404223175513	
164.611299180422	75.33637749360025	40.208109469094325	66.31617780642775	
168.26736087529426	75.69226158804909	41.06340620506842	66.37391266729915	
166.03455049596073	74.97246962102781	41.98707749634491	65.71776494685997	
164.09187677140687	75.84578596358607	41.73498642629431	64.9807828618282	
164.10347871445597	74.98862634816453	40.16785427266636	64.80044017359579	
161.42284812723824	75.63898924630894	41.04391940852443	64.48270842024483	
156.25386360001764	75.932255276783	40.45594168749709	63.479807896212776	
158.58850918920598	76.54515725058027	40.555060601976635	63.1121168184438	
162.5390776219718	76.46089868586955	41.173139272047635	64.12743019400997	
163.03291237519693	77.5302074787872	42.60257136906652	65.84158858289405	
169.69909631242078	79.70355525855463	44.063631434500174	68.48328554431424	
180.61712173108066	92.0620224419539	42.37807345458463	72.89207456156817	
179.2073210047382	92.56585014769908	42.06170255204296	75.58196622584563	
183.55095959051096	108.91160848407205	39.99445123775304	77.59060756977391	
183.43014962646026	108.5425602713677	40.86738723448722	76.6828054085621	
182.08194211687447	108.89800912614288	39.60280015581895	76.96704873779494	
180.97537359738834	107.30871248616157	40.011262214715	76.45315961182882	
180.79277953085898	108.45416575827144	39.97982192828792	75.70067088953984	
179.24962136654773	107.40095348947298	40.843428557755814	74.12117712617801	
175.5341790084148	109.0443384441657	40.28056969106204	73.45311857931364	
175.42500836197783	109.43176041287366	41.6545755701321	71.14545304146807	
172.90958661746077	109.64568287879561	41.740746028527035	69.37517936604218	
169.7827123636149	110.46545060077212	41.395844111939056	68.21261234275451	
170.27915546712882	111.83251692936093	42.098747403787655	66.30321382202095	
167.74172571449992	112.17036253735908	41.56523648245467	65.95986428736515	
166.66549609572758	111.80602727970074	41.86988627008442	64.997829042422	
162.81974889936495	112.92741362819629	42.09366321022145	64.62873974764068	
164.26566986128023	111.7345606087188	42.07013737394344	64.3434309966899	
161.82741752573435	112.40758029870618	41.326505175213896	64.3713857379835	
162.6699080732832	111.79419337059979	41.457454408113044	63.78481239086486	
160.93601473368065	110.68457347638233	41.11132186078396	63.56249622356448	
159.86008854015748	111.40248361355285	40.791357837527705	63.84232110036551	
159.43004817780067	110.36188189372825	40.75326511257645	63.65713363948555	
157.2190101387485	110.42309582212715	39.86535273458534	64.0912740466411	
158.1936158017863	110.63645785944846	40.263109832896745	63.781450956865285	
157.6082693698303	110.0886334277255	39.674070747802304	63.81768878431379	
157.5376195070737	111.55003383702257	40.551068373106645	62.85381809775219	
155.76560027325985	110.30835489797909	40.2040453264144	63.00131998117352	
156.43515194772812	111.92216930017099	40.31650262607744	62.63247978059216	
157.30498993113338	111.6601114373525	40.12690962388686	62.76134657571213	
157.54294455007778	110.62513682278117	39.38416789577934	63.35777183208465	
158.5912860155716	112.70570607358597	39.435590621811414	62.949726576372576	
159.74943136537604	112.12591364241257	39.03312633389408	62.790287977757075	
160.67147892148768	113.00347650394161	38.604638710416296	62.530401566085274	
162.1104841323865	112.84727993403831	38.97736567836865	62.423208930534024	
162.4269116230309	113.27190039149575	39.26542112645926	62.03601834337249	
162.7920563316709	113.41943866917804	39.690560490404465	61.49566548401228	
162.9317707229685	113.67946216481853	39.70552358537419	61.52901285600225	
164.98648755825874	114.28944732246437	39.32077644320932	61.894736821948165	
166.4773145222295	113.51605496738622	38.98826640893284	62.0913581152954	
169.88287736988863	113.15334504090075	38.6609919629127	62.434640500188785	
170.35718717394312	112.77825853362017	38.46799994120932	62.106097481715736	
171.8668035564204	112.4416287580336	37.92258050423156	62.48969849922203	
174.54281926677277	112.66503132728319	37.43133520202446	62.38191870316697	
176.30211391870523	112.71229458530715	37.292704317441434	62.14691319795331	
177.08477781832585	112.9433219042302	37.01733834356953	62.01814301425945	
178.41947947422696	112.7935793563491	36.56699891308306	62.18023253933782	
180.27011592674532	111.84737697024619	36.082661361002465	61.95816801299985	
181.54096909740892	111.19906320766074	36.36334555764434	61.55198974537616	
181.3840414080149	110.5959399840923	36.0161259306078	61.618295206296196	
183.34234500932183	110.24982643162895	36.114339197327155	61.46796564660566	
182.88180691841097	109.4763264579086	36.24308420903279	60.829555796594974	
184.20086794237747	107.4361249254627	35.91173302927377	61.1135046757086	
185.2404786567701	106.98777471545861	35.86804971944147	61.16782632199069	
185.97265476258158	105.01997363797719	36.01201730170033	61.150965360325856	
186.11434687556147	104.85183541275478	36.07744923180239	60.50664394074835	
186.3958534761167	103.64342847878922	36.0335224539189	61.38715469355297	
187.23485726619126	102.30950384974943	36.27380216435277	62.02407343823734	
187.80404498722757	101.4664366411261	36.35458587363216	62.76955245149238	
188.96845347463545	101.33154798509824	36.97125134043593	62.9423739266861	
189.5903998681333	98.96323867335735	37.123421688098745	64.47236723954099	
187.7549298276669	98.93032571224427	38.39607719083345	65.10280278222405	
187.84774660805476	98.08452048366773	38.91758352389762	66.13723801064495	
187.4138131531957	96.1913846712376	39.504917644480344	66.95743879485812	
188.78857237005698	95.99167217684621	40.353879497546934	67.74307109813611	
187.7589921197694	94.31396310389599	41.64288256716027	67.81755816696273	
186.7341436337146	95.19169772372601	42.76695300368934	68.42395815413106	
185.91455980809292	94.65801468221271	42.93323044820389	69.27262556492914	
186.00542065673727	94.60861695735727	43.72338267697816	70.557257218348	
182.59496722553064	94.55208879528837	45.32706322091113	72.98949516671458	
182.4058130667494	94.66594983466901	45.11925288857356	76.9798755502168	
179.37577917514307	92.98124700232141	46.4130089433855	80.98902385270006	
178.61750619704816	93.4847861710823	48.34928120942937	83.86169593779033	
174.46322459717655	93.04060756366505	50.603112835604556	88.37402914515143	
169.602824342374	94.76661939719381	52.317664427276	96.45473980988051	
170.20191374424138	96.09349020691089	52.160505341374616	104.1037283691634	
170.08129885244892	93.65532612625137	52.819061637149254	109.28969812116509	
172.1798533038279	92.82484849325107	52.63137078845125	113.04309822201247	
170.018734506052	91.53430440633042	53.16392280184848	114.91658211521707	
169.63780726856137	90.58518553007163	54.03830686978661	116.8870720548949	
169.4487151361451	90.85489070197758	54.246522634089544	118.69959074401993	
168.598653550407	89.08520514158735	54.39039233959781	119.3727667053311	
170.51873422922688	88.73469076631257	54.70286331033476	120.97442037478689	
169.4056776020193	87.02292654614669	54.95538123919383	120.92084207602697	
168.81796903275733	88.61277858473659	55.88846124666044	122.14097756387787	
168.91656997381904	86.64680115757602	55.77827350429034	122.075018543067	
168.39881127261063	87.3825682072608	55.88011895599992	122.62619387282402	
168.57653225164546	87.71758279832369	55.95673921951742	123.26855869265948	
168.58566385934142	87.11510550789225	55.82363820091586	123.47091221772888	
169.3276371482459	86.7095067779793	55.49160560502335	124.26991377347925	
170.40238609181313	84.87470512269891	55.552657609160676	124.63417784172145	
170.7017604730027	85.15559028377982	55.05362511339773	125.18359272010376	
170.52596281202278	84.48455829671053	55.66561829426486	125.35073853857931	
170.79138034606848	84.91186641839613	55.77557023869865	125.65873040462867	
170.20598410848334	84.3789641875552	56.11228924515182	126.2355338401195	
170.64655031173956	83.25898464898191	55.96049818556817	126.80365476991716	
169.77091096391396	82.43625017396015	56.277996964686444	127.16486945129188	
170.93251641088773	81.85919109876887	55.88815095864497	129.64666930938583	
171.43806725114314	79.84924590354925	55.71094754457668	130.60842660506353	
171.85548744623992	78.77921310374305	56.53301192559793	131.31643154351588	
171.73738208050068	77.30006196963083	56.90854169521544	132.12427557406016	
172.92316031911724	76.88487308618716	57.322949747288106	133.52984175140807	
172.50461727718425	74.34651627388612	57.035131980492835	133.27592683457846	
172.25968668182728	74.10273146086723	56.827330856936655	133.362863298393	
173.53781891322612	73.99224512339333	56.28429169277591	133.59032722490304	
173.27174220092695	72.82247393006466	54.898352855818175	135.0917581961333	
174.1792246214673	70.99024982639605	54.379059865163356	134.77340492141013	
174.2928507636587	69.51722808189801	54.10819546183701	134.85502797779665	
174.80593762591636	69.42148411205261	53.515210936215155	135.4497242652012	
175.56354865713095	68.41899032869432	52.28907650342658	135.90544749000895	
176.01203707982793	67.78211299859599	51.991782965959956	135.96107975753122	
174.21784062237987	69.08105619974522	52.56383563595209	135.1006906970458	
175.31238915461887	70.6122631103148	52.66074934526648	135.15947050830434	
174.9716802071704	68.84858424505009	52.1931411363571	135.24667372758915	
175.51175586630234	67.94538174063621	51.872953824516195	134.24782515296482	
177.23019374439613	68.6452994513632	51.75976225860644	133.845109981326	
176.75365146047443	68.15921806207845	49.730850057963494	133.76714905736725	
177.45571910705723	69.59553770642583	49.122069389759716	133.57730587612605	
177.9298338446999	69.8111188203149	48.675300349998466	133.20878248854495	
178.23650090738298	70.10111428513572	48.08984449891257	133.23562026395925	
176.94372255048373	73.1864711928348	48.04101374372978	132.42944860941685	
180.9147998877568	68.10138233063236	47.58827419151545	133.72586739635017	
180.12465364690672	72.15481355050022	47.984150203423745	134.30781877030626	
181.0663888991795	66.73045457130635	47.49553000486314	134.45399802728735	
180.7997367340659	69.97190499378786	46.89490251530519	133.32596272998444	
181.34776596461344	65.99549407265718	45.768938456791645	133.8423311707001	
181.8084043719023	66.60095634578244	45.306117175386596	133.71517524262424	
181.64311282974063	67.46727670317952	45.0481847442128	133.69164079890606	
181.65836863006743	67.53639177439605	44.702913844552846	133.5648687427408	
180.87673027349814	66.78410518372064	44.2278536221597	133.07599066158036	
183.20447002582952	68.56710362271448	44.599546323519405	132.55848372971218	
181.2076889797823	69.40557666617772	44.77413036646939	133.52003039504388	
182.17731786864954	65.74057790364762	45.600091844716985	135.25230475505208	
181.6353580691248	69.27090993317447	45.43190940065871	135.82947223720254	
181.97128750339968	66.68894636379872	46.64372319106754	135.85900014905246	
181.46553607638702	70.26212535453013	46.36518422055373	135.87490011616944	
181.78643403266508	66.82654291174092	46.33179367750817	136.08239265865353	
182.66166010180348	70.02800566378578	45.96948800019945	137.07575069639236	
182.627671883496	66.60587190687635	46.71011336041385	136.32882054562342	
182.27312665032989	70.78794311060686	46.9018007915157	135.87966202407384	
182.56977561805004	66.1933244463752	47.88512428297628	135.37078237668774	
180.60076427917033	70.74133994376277	47.67359902112115	135.08225614762307	
180.83593209430174	67.15844356432967	48.91546237525654	134.13395317167635	
177.97911164160962	69.97558371115733	49.617456307914466	133.36340773107298	
178.14712704071314	69.69477730061047	49.91036980178691	134.27412551094147	
176.34465788170414	69.78849149651329	49.8067216512038	134.26014171049403	
174.74273405967813	69.50898488605438	50.81935744687488	133.84218512910303	
173.11159511357417	68.26185316918063	51.16530132386341	132.85959725882464	
171.2394130404119	66.21377719021845	52.307537370570344	130.54211123036384	
171.92894198765177	67.79323853932357	53.85251503892907	129.21050923237755	
170.5952429680572	68.32891882628253	53.14722518989974	129.6354395572449	
167.85840966322797	68.4812871689883	53.54059401395965	129.1174251495683	
166.46677853101153	67.94802447190469	52.80637552290265	130.31338973453643	
164.81705217241364	70.47171826666099	52.489187135993596	130.03284839335026	
162.85022904207685	70.50682097135552	53.33195475424241	129.88465153364604	
161.08471077817566	69.45045978629952	52.774711055724154	130.71697482586933	
159.47948410829366	68.08692177629754	53.03804885822299	130.669428883406	
156.84159007151973	69.43317957661256	53.698640577884646	131.39769727008934	
156.1527409325808	69.80300425183214	54.14779281221556	130.20904296877	
153.72834163195733	69.05568639622751	54.572509368432655	129.41334556982673	
150.53597660979543	69.76666269353062	54.89961080793815	129.96975855783583	
150.9422596935476	70.38129331127868	54.920899945497474	129.692371050286	
147.8633457235037	70.35729104237627	55.127955426611656	129.90031516065974	
147.10008896282474	68.92070447735811	54.75910639250806	129.52915365640152	
144.8621163691744	68.45660716605174	54.979659434950044	129.29108037010067	
144.2304737246418	70.05788043541251	55.78141724349511	128.68271152955143	
141.93459831454288	70.10447728879856	57.020154175841	127.70793731594442	
140.81859333955055	69.88265576155288	57.685534292583974	126.6341362458159	
138.8493388766346	70.45379813345212	57.800921510854536	126.79120765386216	
136.99382987112608	71.03779618615835	57.981175815555595	126.74437812099539	
136.5254999467051	71.54176334227425	58.81212825530211	125.4192616133752	
134.87012445235342	71.81977288701286	60.59407504518183	123.4090807118067	
134.73715545248157	71.86789779108926	60.863804677454134	123.39770356858446	
133.58517223454007	72.05341982797047	60.505438184518866	123.90922984712469	
133.81655879031942	71.98608844633793	60.14753659052137	123.85389773574059	
132.84056062492476	73.50504321951034	59.7417527204735	125.02462077191663	
134.05280744588927	71.77083905392993	58.502394016689436	125.13916993445162	
133.92611301949154	74.65818271872823	58.59708934015046	126.99869642964052	
133.85295450309792	76.74603705602367	59.18353819338651	127.17723630461452	
132.97111449030606	75.87468633481731	60.5254521538137	127.78540398341465	
131.35048421870377	76.02676412628387	61.1870207531896	126.38375936517717	
131.23230844032986	75.01897586060736	61.83821214405428	125.46917187459171	
129.68656349490902	75.3664669147308	62.17322470875372	126.13093627858441	
129.45603185140112	76.5342962933608	63.04905805915406	126.05490413695465	
127.65414778359822	75.66462633652799	62.60920939304075	125.46332239755795	
128.17115001663453	73.33638745457621	62.12458663578248	125.46813350430179	
128.3433363207892	73.57547235436635	62.18507033521172	125.28248959352862	
128.73789333175614	73.59299895634994	62.148248421419254	125.23636284244819	
129.20424624925346	74.50518062271567	62.028065860780515	126.59169217676492	
129.53120555110158	75.16845117986652	62.250471425653856	128.30576498710084	
129.15353042310562	73.80319297606937	62.49278291472443	128.139061943716	
129.1937669462982	76.06150319521011	63.53731130453259	127.31437932499344	
129.67158977534513	78.40247601637256	66.41775584989122	126.4251276532883	
129.1143428468843	79.70577548035169	66.83635455731783	129.04441405961865	
126.77790261519719	77.55075417574119	67.13340659685676	131.4069544608579	
126.54776940615983	78.81633520545371	69.00909733860294	132.17207285450658	
126.41197842599107	77.7543133857246	71.51089208794161	132.83979228130318	
129.2192714764839	78.64679020679014	73.88813531386523	134.0001928576105	
132.30008066375356	79.30100349289596	76.31869305905144	135.9529012273782	
133.38785468994257	73.68357768835969	79.58618157159616	136.45549067567924	
137.22717365444458	78.41060816512083	81.36481445287649	139.12214854970136	
129.56674486549227	70.29123912401145	83.50780936015595	140.04237214852216	
134.0270956294777	75.04784617698118	84.70131921738755	144.10014123749437	
127.87474626966619	69.49475510873685	86.10943674131306	143.69500491508768	
133.35064541496257	71.02374288854733	87.72475285977927	146.14679376011742	
129.6318672591902	68.40643244225538	88.74893176097288	148.2869482122831	
137.11630456110825	66.87489289810033	91.56698018588854	148.78323947152498	
130.8844479118762	67.61523820217012	91.1971676271313	150.99765508525556	
128.9148083582084	64.91727516994311	92.49991161724782	152.59693564022177	
135.14154939718625	65.84824357368431	94.46698954045684	154.4864803230411	
130.44605036019132	63.85080296664711	96.89110935606311	155.51011044781308	
140.99722406180405	64.28643445511949	100.82868284839768	158.60057479486318	
133.46294060833094	62.31937768210085	103.86112030731653	160.75898485305237	
134.09175825100868	62.67971183688704	108.66021247382594	165.35454892965305	
136.553825033406	61.083279403969925	112.73366307412368	169.66571106157113	
136.7255572064579	59.47303299653811	115.77923422699456	172.7672108437987	
135.7624829025928	59.45116255156432	118.79292342284697	174.60457953215587	
135.99853608975448	58.26421370324985	120.4296855443377	178.96133726472436	
135.08724565299786	57.063175041974404	122.48167948831387	183.41216141666536	
136.04525515461003	55.156933502838285	123.32005579000315	185.94664924976183	
134.186492898717	55.681737404759474	124.2286021386254	187.50466141973703	
133.35095588113822	54.409159424682215	125.39419263835896	188.49999514454973	
133.2873396013881	54.003506812041934	125.95434826936824	189.61820807680124	
133.6209878047033	53.915527917565726	126.60468637334719	189.96380174292875	
133.20791343076132	54.26626110207616	127.76243481430619	189.61606441966353	
131.13371449655517	54.774303398424394	128.86835640343185	189.56464428692328	
128.6382331871671	53.125184805987715	129.46191499070048	191.3297824851087	
129.5405004834463	51.95030634100246	129.97606441787448	192.8952781500596	
126.33602963274559	50.612085420462876	131.06187188918184	195.1888663097953	
123.60494982487586	49.71801510587807	133.64240328278265	195.6630317090769	
121.36369765820521	49.733583892902004	135.0802675439383	195.46691099474975	
122.53230209186236	49.76281370012171	135.13022805663297	195.73404458635184	
120.99251543036641	50.27314041543721	136.0647470098392	195.23339743878478	
120.61693381418115	51.353244664016955	135.72395179114562	195.3277744264276	
124.72593957267333	49.89589851780758	133.29747644574638	197.01747281030123	
126.11512639996417	49.79015381256508	132.1889104816397	197.28918244579705	
126.0979021512361	49.809579690335056	130.9565072885282	197.4766699217834	
127.84070512115434	49.921857853451144	130.38233149135567	197.45393747251563	
131.28352261961547	50.40046756320069	129.47615411893406	197.63312018224207	
137.05044671489193	50.60901237846417	126.53342305280506	198.08858401613963	
140.27271060104667	50.929719960391225	124.47519600725794	197.44578300130576	
141.7773133910112	51.00625808967423	123.56105878990269	196.35509851345293	
138.63315720651855	51.23069415162851	124.22990818944695	196.05428009481875	
143.6774330990978	52.87942676080023	123.35879595606379	194.5986546935686	
148.89857870102583	50.80943296836949	121.6471418427515	194.13247489043277	
152.11237382547876	51.35640951668178	119.24003801809647	194.2995766950281	
157.38480664558224	51.72257112803024	116.3317063776912	194.09718770743405	
162.48049278144293	51.22104064191032	112.26741428354947	194.42615297482376	
