213.5	60.5	19.0	21.0	
213.3600223232083	60.36002232320831	19.0	21.0	
213.7275459102134	60.99249873620323	18.0	20.0	
213.8600223232083	61.12497514919815	18.0	20.0	
214.78735721417274	61.25745156219307	18.0	20.0	
214.42733489096443	60.61747388540138	19.0	21.0	
214.56731256775612	60.47749620860969	19.0	21.0	
213.58746883021425	61.45733994615155	19.0	21.0	
213.72744650700594	61.31736226935986	19.0	21.0	
213.86742418379762	61.177384592568174	19.0	21.0	
214.0074018605893	61.03740691577649	19.0	21.0	
214.147379537381	60.8974292389848	19.0	21.0	
214.2873572141727	61.03740691577649	19.0	21.0	
214.42733489096437	61.177384592568174	19.0	21.0	
214.2873572141727	61.31736226935986	19.0	21.0	
213.30751347663082	61.45733994615155	19.0	21.0	
213.16753579983913	61.59731762294324	19.0	21.0	
211.3402264915014	60.94983881090572	20.0	22.0	
210.86038275395953	61.589816487697405	19.0	21.0	
209.32803106969683	60.942337675659886	20.0	22.0	
208.0007217613591	60.794858863622366	20.0	22.0	
206.1059032247745	60.44983870102065	21.0	23.0	
204.3937210442116	61.09731751305817	20.0	22.0	
203.3613693599489	61.24479632509569	20.0	22.0	
201.149187179386	61.39227513713321	20.0	22.0	
198.93700499882308	61.53975394917073	20.0	22.0	
196.21751843261413	62.17973162596242	19.0	21.0	
194.11785328073873	62.319709302754106	19.0	21.0	
193.13800954319686	63.29955304029596	19.0	21.0	
191.31070023485913	61.76720135603328	20.0	22.0	
191.1632214228216	61.9146801680708	20.0	22.0	
189.83591211448388	62.06215898010832	20.0	22.0	
187.32877230984593	62.20963779214584	20.0	22.0	
184.821632505208	62.35711660418336	20.0	22.0	
182.31449270057004	62.50459541622088	20.0	22.0	
180.10231052000714	62.35711660418336	20.0	22.0	
176.41534021906898	63.68442591252109	20.0	22.0	
175.08803091073125	63.83190472455861	20.0	22.0	
174.05567922646856	63.97938353659613	20.0	22.0	
173.57583548892669	65.73918262772138	19.0	21.0	
173.435857812135	66.71902636526323	19.0	21.0	
174.41570154967687	66.85900404205492	19.0	21.0	
175.39554528721874	66.99898171884661	19.0	21.0	
174.41570154967687	67.1389593956383	19.0	21.0	
172.03608104421807	67.27893707242998	19.0	21.0	
166.96423787105476	65.7465853881673	20.0	22.0	
163.2772675701166	65.89406420020482	20.0	22.0	
160.77012776547866	66.04154301224234	20.0	22.0	
158.55794558491576	66.18902182427986	20.0	22.0	
156.34576340435285	66.04154301224234	20.0	22.0	
155.01845409601512	65.89406420020482	20.0	22.0	
152.51131429137718	65.7465853881673	20.0	22.0	
149.11930161451406	65.59910657612978	20.0	22.0	
147.79199230617633	65.7465853881673	20.0	22.0	
145.57981012561342	66.77893707242998	20.0	22.0	
143.36762794505051	66.9264158844675	20.0	22.0	
142.04031863671278	67.95876756873018	20.0	22.0	
139.82813645614988	68.99111925299286	20.0	22.0	
138.79578477188718	69.13859806503038	20.0	22.0	
138.64830595984967	69.2860768770679	20.0	22.0	
137.61595427558697	70.31842856133058	20.0	22.0	
137.7634330876245	70.4659073733681	20.0	22.0	
137.910911899662	70.61338618540562	20.0	22.0	
138.9432635839247	70.4659073733681	20.0	22.0	
139.09074239596222	70.61338618540562	20.0	22.0	
139.23822120799974	70.4659073733681	20.0	22.0	
139.38570002003726	70.61338618540562	20.0	22.0	
139.53317883207478	69.58103450114294	20.0	22.0	
139.38570002003726	69.72851331318046	20.0	22.0	
140.41805170429996	69.58103450114294	20.0	22.0	
140.56553051633747	69.72851331318046	20.0	22.0	
140.41805170429996	69.87599212521798	20.0	22.0	
141.45040338856265	70.0234709372555	20.0	22.0	
142.48275507282534	69.87599212521798	20.0	22.0	
143.81006438116307	69.72851331318046	20.0	22.0	
143.9575431932006	69.58103450114294	20.0	22.0	
146.1697253737635	69.43355568910542	20.0	22.0	
149.85669567470165	69.58103450114294	20.0	22.0	
153.5436659756398	68.54868281688026	20.0	22.0	
157.23063627657797	68.40120400484274	20.0	22.0	
161.80247944974127	68.25372519280522	20.0	22.0	
165.1944921266044	68.1062463807677	20.0	22.0	
168.88146242754254	67.95876756873018	20.0	22.0	
172.27347510440566	66.9264158844675	20.0	22.0	
175.96044540534382	66.77893707242998	20.0	22.0	
179.64741570628198	65.7465853881673	20.0	22.0	
183.0394283831451	65.59910657612978	20.0	22.0	
186.4314410600082	65.45162776409227	20.0	22.0	
189.82345373687133	65.59910657612978	20.0	22.0	
192.03563591743423	64.5667548918671	20.0	22.0	
195.42764859429735	64.41927607982959	20.0	22.0	
198.81966127116047	64.5667548918671	20.0	22.0	
201.03184345172338	63.53440320760443	20.0	22.0	
203.24402563228628	63.38692439556691	20.0	22.0	
205.75116543692423	63.53440320760443	20.0	22.0	
207.07847474526196	63.38692439556691	20.0	22.0	
209.5856145498999	63.53440320760443	20.0	22.0	
210.91292385823763	62.50205152334175	20.0	22.0	
214.6324104244466	63.142029200133436	19.0	21.0	
215.89220951557184	63.282006876925124	19.0	21.0	
217.99187466744723	63.42198455371681	19.0	21.0	
220.09153981932263	63.282006876925124	19.0	21.0	
222.19120497119803	63.142029200133436	19.0	21.0	
223.45100406232328	63.00205152334175	19.0	21.0	
224.71080315344852	62.86207384655006	19.0	21.0	
225.6906468909904	62.72209616975837	19.0	21.0	
226.67049062853226	62.582118492966686	19.0	21.0	
227.65033436607413	62.442140816175	19.0	21.0	
228.630178103616	62.582118492966686	19.0	21.0	
229.61002184115787	62.442140816175	19.0	21.0	
230.58986557869974	62.582118492966686	19.0	21.0	
230.72984325549143	62.442140816175	19.0	21.0	
231.7096869930333	63.421984553716854	19.0	21.0	
232.68953073057517	63.282006876925166	19.0	21.0	
233.66937446811704	63.421984553716854	19.0	21.0	
233.80935214490873	63.56196223050854	19.0	21.0	
234.7891958824506	63.421984553716854	19.0	21.0	
234.9291735592423	64.40182829125871	19.0	21.0	
235.06915123603397	64.26185061446702	19.0	21.0	
236.04899497357584	64.40182829125871	19.0	21.0	
235.90901729678416	64.5418059680504	19.0	21.0	
236.04899497357584	63.56196223050854	19.0	21.0	
236.18897265036753	63.70193990730023	19.0	21.0	
237.1688163879094	63.84191758409192	19.0	21.0	
237.02883871111771	63.981895260883604	19.0	21.0	
236.88886103432603	64.12187293767529	19.0	21.0	
237.02883871111771	64.26185061446698	19.0	21.0	
237.1688163879094	64.40182829125867	19.0	21.0	
237.3087940647011	64.54180596805035	19.0	21.0	
237.44877174149278	63.5619622305085	19.0	21.0	
237.58874941828446	63.42198455371681	19.0	21.0	
237.44877174149278	64.40182829125867	19.0	21.0	
238.70857083261802	64.26185061446698	19.0	21.0	
238.8485485094097	64.12187293767529	19.0	21.0	
240.10834760053496	63.142029200133436	19.0	21.0	
241.3681466916602	63.00205152334175	19.0	21.0	
242.62794578278545	62.02220778579989	19.0	21.0	
242.76792345957713	61.882230109008205	19.0	21.0	
244.02772255070238	60.90238637146635	19.0	21.0	
245.00756628824425	60.76240869467466	19.0	21.0	
245.98741002578612	60.622431017882974	19.0	21.0	
246.1273877025778	59.64258728034112	19.0	21.0	
247.10723144011968	59.50260960354943	19.0	21.0	
247.2472091169114	59.36263192675774	19.0	21.0	
247.3871867937031	59.50260960354943	19.0	21.0	
248.36703053124495	58.522765866007575	19.0	21.0	
248.50700820803667	58.66274354279926	19.0	21.0	
247.52716447049482	58.80272121959095	19.0	21.0	
247.66714214728654	58.94269889638264	19.0	21.0	
247.80711982407826	59.082676573174325	19.0	21.0	
248.7869635616201	58.94269889638264	19.0	21.0	
248.64698588482838	57.68289980525739	19.0	21.0	
247.3871867937031	56.703056067715536	19.0	21.0	
247.2472091169114	55.72321233017368	19.0	21.0	
246.26736537936952	54.743368592631825	19.0	21.0	
246.12738770257783	53.76352485508997	19.0	21.0	
245.14754396503596	53.62354717829828	19.0	21.0	
244.1677002274941	52.643703440756425	19.0	21.0	
244.0277225507024	52.50372576396473	19.0	21.0	
243.88774487391072	52.363748087173036	19.0	21.0	
243.74776719711903	53.34359182471489	19.0	21.0	
243.60778952032734	53.2036141479232	19.0	21.0	
243.46781184353566	53.0636364711315	19.0	21.0	
244.7276109346609	52.92365879433981	19.0	21.0	
244.58763325786921	53.0636364711315	19.0	21.0	
244.7276109346609	54.32343556225675	19.0	21.0	
244.8675886114526	56.70305606771555	19.0	21.0	
243.60778952032734	58.802721219590964	19.0	21.0	
241.50812436845194	61.18234172504977	19.0	21.0	
239.40845921657655	64.68178364484213	19.0	21.0	
239.26848153978486	65.94158273596737	19.0	21.0	
237.16881638790946	68.32120324142618	19.0	21.0	
235.06915123603406	70.70082374688498	19.0	21.0	
233.80935214490881	72.80048889876039	19.0	21.0	
231.42973163945	75.1801094042192	19.0	21.0	
230.16993254832477	78.39959597042817	19.0	21.0	
227.79031204286596	81.61908253663714	19.0	21.0	
225.07812986230306	83.33126471720003	20.0	22.0	
222.5709900576651	85.54344689776292	20.0	22.0	
219.178977380802	87.75562907832581	20.0	22.0	
217.85166807246426	90.26276888296375	20.0	22.0	
215.63948589190136	92.7699086876017	20.0	22.0	
213.13234608726341	94.98209086816459	20.0	22.0	
210.62520628262547	97.48923067280253	20.0	22.0	
207.49054904685457	99.31392823377686	21.0	23.0	
205.16585148588024	101.94858546954777	21.0	23.0	
202.53119425010934	104.2732830305221	21.0	23.0	
198.9666579899487	106.59798059149642	21.0	23.0	
196.64196042897436	108.92267815247075	21.0	23.0	
194.00730319320346	111.24737571344508	21.0	23.0	
191.68260563222913	113.88203294921598	21.0	23.0	
189.02712074242086	115.72510785198799	21.0	24.0	
186.3716358526126	116.81854280661491	21.0	24.0	
183.71615096280433	119.16161770938692	21.0	24.0	
180.1234361118873	121.81710259919518	21.0	24.0	
177.78036120911528	123.22294754085837	21.0	24.0	
174.60319853195128	125.90011021802238	22.0	24.0	
170.83793625688995	127.85571604958412	22.0	25.0	
167.86322036410547	129.01058346621687	23.0	25.0	
165.05854235228307	130.49541300188756	23.0	25.0	
162.5838264594986	132.97012889467203	23.0	25.0	
159.7791484476762	134.12499631130478	23.0	25.0	
156.9744704358538	135.60982584697547	23.0	25.0	
156.00110693691676	136.75577523503762	22.0	25.0	
153.21808699448013	139.21138106659936	22.0	25.0	
148.92352262554397	142.01605907842176	23.0	25.0	
146.4488067327595	143.50088861409245	23.0	25.0	
145.80285734469734	144.6468380021546	22.0	25.0	
144.7004962423357	146.5641594194767	22.0	24.0	
144.85797639981593	144.20195705727318	22.0	24.0	
147.22017876201946	141.83975469506964	22.0	24.0	
149.582381124223	136.95786981318233	22.0	24.0	
150.68474222658463	131.76102461633454	22.0	24.0	
152.15810572552166	126.18610589777361	22.0	25.0	
154.6137115570834	120.78377306833781	22.0	25.0	
155.75966094514555	114.3991979062773	22.0	25.0	
157.2330244440826	110.63393563121596	22.0	25.0	
158.70638794301962	105.23160280178014	22.0	25.0	
159.85233733108177	100.15668408321922	22.0	25.0	
160.99828671914392	95.0817653646583	22.0	25.0	
162.14423610720607	90.98908897872207	22.0	25.0	
163.29018549526822	85.91417026016114	22.0	25.0	
164.43613488333037	81.82149387422491	22.0	25.0	
165.85345630065248	78.384489937219	22.0	24.0	
166.0109364581327	74.76244631517356	22.0	24.0	
167.11329756049435	70.82544237816765	22.0	24.0	
167.27077771797457	66.88843844116174	22.0	24.0	
168.8642126726015	62.983313603208416	21.0	24.0	
169.02041766611964	60.64023870043641	21.0	24.0	
171.34511522709397	60.985258863038126	21.0	23.0	
173.6698127880683	59.900400001250105	21.0	23.0	
174.7546716498563	59.74542016385182	21.0	23.0	
174.9096514872546	58.6605613020638	21.0	23.0	
174.7546716498563	58.815541139462084	21.0	23.0	
174.59969181245802	58.97052097686037	21.0	23.0	
174.44471197505973	59.12550081425866	21.0	23.0	
175.09219078709725	59.77297962629618	20.0	22.0	
174.94471197505973	59.9204584383337	20.0	22.0	
174.7972331630222	60.067937250371216	20.0	22.0	
174.6497543509847	60.215416062408735	20.0	22.0	
174.7972331630222	60.362894874446255	20.0	22.0	
174.94471197505973	60.510373686483774	20.0	22.0	
175.97706365932243	59.478022002221095	20.0	22.0	
177.00941534358512	60.80533131055883	20.0	22.0	
177.15689415562264	59.77297962629615	20.0	22.0	
179.36907633618554	59.62550081425863	20.0	22.0	
181.58125851674845	59.47802200222111	20.0	22.0	
183.79344069731135	59.62550081425863	20.0	22.0	
187.18545337417447	58.2981915059209	20.0	22.0	
189.69259317881242	58.15071269388338	20.0	22.0	
193.08460585567553	57.1183610096207	20.0	22.0	
195.59174566031348	56.97088219758318	20.0	22.0	
198.09888546495142	55.9385305133205	20.0	22.0	
200.31106764551433	54.90617882905782	20.0	22.0	
203.70308032237745	54.7587000170203	20.0	22.0	
206.2102201270154	53.726348332757624	20.0	22.0	
209.6022328038785	53.578869520720104	20.0	22.0	
210.92954211221624	52.54651783645742	20.0	22.0	
214.32155478907936	52.39903902441989	20.0	22.0	
216.53373696964226	52.54651783645742	20.0	22.0	
217.86104627798	51.51416615219473	20.0	22.0	
220.0732284585429	50.48181446793205	20.0	22.0	
222.6728936104183	51.12179214472374	19.0	21.0	
224.7725587622937	51.261769821515436	19.0	21.0	
226.03235785341894	51.12179214472374	19.0	21.0	
228.13202300529434	50.141948407181886	19.0	21.0	
229.3918220964196	50.00197073039019	19.0	21.0	
231.7714426018784	49.861993053598496	19.0	21.0	
232.59875191021612	49.21451424156097	20.0	22.0	
233.63110359447882	48.182162557298284	20.0	22.0	
234.6634552787415	48.03468374526076	20.0	22.0	
235.99076458707924	47.88720493322323	20.0	22.0	
238.20294676764215	46.854853248960545	20.0	22.0	
239.23529845190484	46.70737443692302	20.0	22.0	
240.56260776024257	45.67502275266033	20.0	22.0	
240.7100865722801	45.527543940622806	20.0	22.0	
241.74243825654278	45.38006512858528	20.0	22.0	
242.77478994080548	45.527543940622806	20.0	22.0	
242.922268752843	44.20023463228507	20.0	22.0	
243.9546204371057	44.34771344432259	20.0	22.0	
244.1020992491432	44.20023463228507	20.0	22.0	
244.24957806118073	44.05275582024754	20.0	22.0	
244.39705687321825	43.020404135984855	20.0	22.0	
244.54453568525577	43.16788294802238	20.0	22.0	
244.39705687321825	43.020404135984855	20.0	22.0	
245.42940855748094	42.87292532394733	20.0	22.0	
245.28192974544342	42.7254465119098	20.0	22.0	
245.42940855748094	42.577967699872275	20.0	22.0	
245.57688736951846	41.54561601560959	20.0	22.0	
243.36470518895555	44.93762869247269	20.0	22.0	
243.72472751216387	47.817249197931496	19.0	21.0	
242.19237582790117	48.644558506269234	20.0	22.0	
242.04489701586365	49.67691019053192	20.0	22.0	
241.01254533160096	51.00421949886966	20.0	22.0	
239.98019364733827	53.21640167943255	20.0	22.0	
238.94784196307558	54.54371098777028	20.0	22.0	
237.91549027881288	55.57606267203296	20.0	22.0	
238.2755126020212	58.455683177491764	19.0	21.0	
237.29566886447932	60.55534832936718	19.0	21.0	
235.76331718021663	61.087700013629856	20.0	22.0	
234.73096549595394	62.120051697892535	20.0	22.0	
234.58348668391642	63.44736100623027	20.0	22.0	
233.55113499965373	65.65954318679316	20.0	22.0	
232.51878331539103	65.80702199883068	20.0	22.0	
231.48643163112834	68.01920417939357	20.0	22.0	
231.63391044316586	69.3465134877313	20.0	22.0	
230.30660113482813	70.67382279606903	20.0	22.0	
228.72174227304012	71.25868165785705	21.0	23.0	
227.63688341125211	72.65350019444165	21.0	23.0	
226.5520245494641	72.80848003183993	21.0	23.0	
225.1572060128795	75.13317759281426	21.0	23.0	
225.0022261754812	76.52799612939886	21.0	23.0	
223.59638123381802	77.12143108402579	21.0	24.0	
222.19053629215483	78.21486603865272	21.0	24.0	
222.0343312986367	79.62071098031592	21.0	24.0	
220.6284863569735	80.71414593494285	21.0	24.0	
219.2226414153103	81.80758088956978	21.0	24.0	
218.1377825535223	83.70239942615437	21.0	23.0	
217.0529236917343	84.7872582879424	21.0	23.0	
215.9680648299463	85.87211714973041	21.0	23.0	
214.57324629336168	87.26693568631501	21.0	23.0	
213.17842775677707	88.6617542228996	21.0	23.0	
212.09356889498906	89.74661308468762	21.0	23.0	
210.69875035840445	90.83147194647565	21.0	23.0	
209.30393182181984	91.91633080826367	21.0	23.0	
208.21907296003184	93.31114934484826	21.0	23.0	
207.13421409824383	94.70596788143285	21.0	23.0	
205.72836915658064	95.29940283605978	21.0	24.0	
204.32252421491745	96.39283779068671	21.0	24.0	
203.23766535312944	97.97769665247473	21.0	23.0	
201.84284681654484	98.13267648987302	21.0	23.0	
200.43700187488164	97.47647149635489	21.0	24.0	
200.5932068683998	96.38303654172796	21.0	24.0	
200.43700187488164	94.97719160006476	21.0	24.0	
200.09448203236187	92.30002892290074	22.0	24.0	
199.93077497692443	89.344423091339	22.0	25.0	
198.78482558886228	87.87105959240195	22.0	25.0	
198.62111853342483	85.08803964996531	22.0	25.0	
197.47516914536268	82.63243381840357	22.0	25.0	
198.62111853342483	80.17682798684183	22.0	25.0	
197.1477550344878	78.70346448790478	22.0	25.0	
197.31146208992524	76.24785865634304	22.0	25.0	
196.1655127018631	75.10190926828089	22.0	25.0	
196.00180564642565	72.64630343671915	22.0	25.0	
194.52844214748862	71.1729399377821	22.0	25.0	
193.05507864855159	70.02699054971995	22.0	25.0	
191.90912926048944	68.55362705078291	22.0	25.0	
190.4357657615524	66.09802121922117	22.0	25.0	
189.33340465919076	65.49566011685951	22.0	24.0	
188.23104355682912	65.33817995937927	22.0	24.0	
187.12868245446748	63.92085854205715	22.0	24.0	
186.02632135210584	61.5586561798536	22.0	24.0	
184.60899993478372	60.14133476253147	22.0	24.0	
183.70315499312053	59.04789980790454	21.0	24.0	
182.29731005145734	57.954464853277614	21.0	24.0	
180.89146510979415	56.54861991161441	21.0	24.0	
178.54839020702215	55.142774969951205	21.0	24.0	
177.14254526535896	54.986569976433074	21.0	24.0	
175.73670032369577	53.58072503476987	21.0	24.0	
173.39362542092377	52.174880093106665	21.0	24.0	
172.30876655913576	52.51990025570838	21.0	23.0	
170.91394802255115	51.43504139392036	21.0	23.0	
168.58925046157682	51.590021231318644	21.0	23.0	
166.2645529006025	50.50516236953062	21.0	23.0	
165.1796940388145	50.35018253213234	21.0	23.0	
164.09483517702648	50.50516236953062	21.0	23.0	
162.70001664044187	49.4203035077426	21.0	23.0	
161.30519810385726	50.50516236953062	21.0	23.0	
160.22033924206926	49.11034383294602	21.0	23.0	
159.12690428744233	48.76654882646415	21.0	24.0	
160.22033924206926	49.85998378109108	21.0	24.0	
162.87582413187752	49.70377878757295	21.0	24.0	
168.9200377904108	50.35875862497124	21.0	23.0	
174.0343724245543	51.44361748675926	21.0	23.0	
179.1062155977176	52.091096298796785	20.0	22.0	
183.97301639495598	53.123447983059464	20.0	22.0	
189.7246900644195	54.15579966732214	20.0	22.0	
194.2965332375828	55.18815135158482	20.0	22.0	
200.0482069070463	55.33563016362234	20.0	22.0	
204.6200500802096	56.36798184788502	20.0	22.0	
208.30702038114777	57.4003335321477	20.0	22.0	
213.17382117838613	57.54781234418522	20.0	22.0	
217.74566435154944	57.69529115622274	20.0	22.0	
222.86492768567535	59.45509024734798	19.0	21.0	
227.20423566621787	60.71488933847323	19.0	21.0	
231.8234990003438	60.854867015264915	19.0	21.0	
235.32294092013615	61.83471075280677	19.0	21.0	
239.66224890067866	62.81455449034863	19.0	21.0	
242.04186940613747	63.79439822789048	19.0	21.0	
243.02171314367934	64.77424196543234	19.0	21.0	
241.7619140525541	65.7540857029742	19.0	21.0	
238.75477424791615	66.28643738723687	20.0	22.0	
235.36276157105303	67.31878907149955	20.0	22.0	
231.29822531089238	66.97376890889784	21.0	23.0	
227.73368905073173	68.05862777068586	21.0	23.0	
223.8591931157745	68.21360760808415	21.0	23.0	
219.98469718081728	69.60842614466874	21.0	23.0	
217.32921229100901	69.26463113818687	21.0	24.0	
213.42408745305568	70.67047607985008	21.0	24.0	
209.83137260213863	70.8266810733682	21.0	24.0	
206.26683634197798	72.41153993515623	21.0	23.0	
203.63217910620708	73.49639879694425	21.0	23.0	
198.82780414686013	74.58125765873227	21.0	23.0	
195.26326788669948	74.42627782133398	21.0	23.0	
192.62861065092858	75.511136683122	21.0	23.0	
187.78625585186646	75.16734167664013	21.0	24.0	
184.1935410009494	75.32354667015827	21.0	24.0	
181.53805611114115	76.4169816247852	21.0	24.0	
177.10105217413525	77.51934272714685	22.0	24.0	
173.47900855208982	77.36186256966661	22.0	24.0	
170.80184587492582	78.46422367202827	22.0	24.0	
166.86484193791992	78.6217038295085	22.0	24.0	
162.92783800091402	78.77918398698874	22.0	24.0	
160.77235311110576	78.93538898050687	21.0	24.0	
156.86722827315242	80.0288239351338	21.0	24.0	
153.69006559598841	80.18630409261404	22.0	24.0	
150.068021973943	81.28866519497569	22.0	24.0	
147.61241614238125	80.95237225041315	22.0	25.0	
146.4664667543191	81.1160793058506	22.0	25.0	
149.1436294314831	81.45859914837037	22.0	24.0	
152.76567305352853	81.30111899089013	22.0	24.0	
155.54869299596515	79.32775549195308	22.0	25.0	
159.48569693297105	78.72539438959143	22.0	24.0	
163.5784117838881	78.5691893960733	21.0	24.0	
166.213069019659	78.91420955867501	21.0	23.0	
169.80578387057605	78.25800456515688	21.0	24.0	
172.4612687603843	77.16456961052995	21.0	24.0	
175.11675365019258	77.00836461701182	21.0	24.0	
176.52259859185577	75.91492966238489	21.0	24.0	
177.60745745364378	76.56990949978318	21.0	23.0	
178.69231631543178	75.48505063799516	21.0	23.0	
179.7771751772198	76.56990949978318	21.0	23.0	
180.8620340390078	75.48505063799516	21.0	23.0	
181.9468929007958	75.64003047539344	21.0	23.0	
183.3417114373804	74.24521193880885	21.0	23.0	
185.9763686731513	72.85039340222426	21.0	23.0	
188.30106623412564	68.97589746726703	21.0	23.0	
190.9565511239339	60.821852784878516	21.0	24.0	
193.2996260267059	54.41744805063506	21.0	24.0	
195.95511091651417	48.0130433163916	21.0	24.0	
198.29818581928618	38.172128724749214	21.0	24.0	
201.89090067020322	29.580854081251893	21.0	24.0	
204.23397557297523	23.488859334044704	21.0	24.0	
205.63982051463842	20.83337444423644	21.0	24.0	
207.0456654563016	17.24065959331938	21.0	24.0	
208.13910041092853	16.147224638692446	21.0	24.0	
209.23253536555546	16.30342963221058	21.0	24.0	
209.38751520295375	17.8882884939986	21.0	23.0	
210.47237406474176	20.21298605497293	21.0	23.0	
210.82489525270424	22.92516823553582	20.0	22.0	
210.97237406474176	25.432308040173766	20.0	22.0	
212.732173155867	28.31192854563257	19.0	21.0	
211.75232941832513	30.69154905109137	19.0	21.0	
212.732173155867	31.951348142216617	19.0	21.0	
212.8721508326587	34.33096864767542	19.0	21.0	
213.85199457020056	36.71058915313422	19.0	21.0	
214.38434625446325	37.53789846147196	20.0	22.0	
214.53182506650077	38.57025014573465	20.0	22.0	
214.38434625446325	39.60260182999733	20.0	22.0	
215.71165556280098	39.75008064203486	20.0	22.0	
215.56417675076347	39.897559454072386	20.0	22.0	
217.04402048830534	41.65735854519763	19.0	21.0	
216.39654167626782	41.30483735723516	20.0	22.0	
217.72385098460555	42.337189041497844	20.0	22.0	
217.57637217256803	43.36954072576053	20.0	22.0	
217.72385098460555	43.517019537798056	20.0	22.0	
219.20369472214742	44.99686327533991	19.0	21.0	
219.3436723989391	45.13684095213161	19.0	21.0	
219.4836500757308	45.2768186289233	19.0	21.0	
220.46349381327266	45.416796305714996	19.0	21.0	
220.32351613648098	45.2768186289233	19.0	21.0	
220.46349381327266	44.296974891381446	19.0	21.0	
221.44333755081453	43.0371758002562	19.0	21.0	
220.795858738777	39.1451631233931	20.0	22.0	
220.94333755081453	36.932980942830206	20.0	22.0	
221.97568923507723	34.720798762267314	20.0	22.0	
222.12316804711475	33.68844707800463	20.0	22.0	
222.27064685915227	36.19558688264257	20.0	22.0	
223.30299854341496	44.30692154470652	20.0	22.0	
221.97568923507723	53.59808670307068	20.0	22.0	
220.6483799267395	45.19179441693168	20.0	22.0	
219.32107061840176	41.799781740068575	20.0	22.0	
219.17359180636424	41.65230292803105	20.0	22.0	
218.14124012210155	45.04431560489415	20.0	22.0	
217.10888843783886	55.81026888363357	20.0	22.0	
216.07653675357616	54.77791719937089	20.0	22.0	
215.92905794153864	47.846413033607156	20.0	22.0	
214.89670625727595	47.69893422156963	20.0	22.0	
214.74922744523843	51.385904522507786	20.0	22.0	
213.71687576097574	58.61236631234658	20.0	22.0	
212.68452407671305	56.40018413178369	20.0	22.0	
212.53704526467553	53.008171454920586	20.0	22.0	
211.88206542727724	53.59303031670861	21.0	23.0	
210.79720656548923	59.63724397524186	21.0	23.0	
210.26485488122654	59.98976516320434	20.0	22.0	
209.23250319696385	57.482625358566395	20.0	22.0	
209.08502438492633	59.98976516320434	20.0	22.0	
208.05267270066363	62.49690496784228	20.0	22.0	
207.90519388862612	61.464553283579605	20.0	22.0	
206.3203350268381	61.11953312097789	21.0	23.0	
205.78798334257542	64.12667292561584	20.0	22.0	
204.75563165831272	64.27415173765336	20.0	22.0	
204.6081528462752	64.42163054969087	20.0	22.0	
203.5758011620125	66.63381273025377	20.0	22.0	
202.54344947774982	65.60146104599109	20.0	22.0	
202.3959706657123	66.63381273025377	20.0	22.0	
202.24849185367478	66.78129154229129	20.0	22.0	
201.21614016941209	67.81364322655396	20.0	22.0	
200.1837884851494	68.84599491081664	20.0	22.0	
198.59892962336139	69.43085377260466	21.0	23.0	
197.51407076157338	69.58583361000295	21.0	23.0	
196.42921189978537	69.43085377260466	21.0	23.0	
196.58419173718366	70.51571263439268	21.0	23.0	
195.18937320059905	70.3607327969944	21.0	23.0	
194.10451433881104	71.44559165878242	21.0	23.0	
192.70969580222643	71.6005714961807	21.0	23.0	
190.3849982412521	71.75555133357899	21.0	23.0	
190.23001840385382	71.91053117097728	21.0	23.0	
188.8351998672692	72.9953900327653	21.0	23.0	
186.51050230629488	74.08024889455332	21.0	23.0	
185.42564344450687	74.23522873195161	21.0	23.0	
185.2706636071086	74.3902085693499	21.0	23.0	
183.87584507052398	75.47506743113792	21.0	23.0	
182.79098620873597	75.6300472685362	21.0	23.0	
181.70612734694797	75.47506743113792	21.0	23.0	
180.62126848515996	75.6300472685362	21.0	23.0	
179.53640962337195	75.47506743113792	21.0	23.0	
179.88893081133443	76.12254624317544	20.0	22.0	
178.5616215029967	77.15489792743811	20.0	22.0	
177.529269818734	77.0074191154006	20.0	22.0	
177.3817910066965	76.85994030336308	20.0	22.0	
177.529269818734	76.71246149132556	20.0	22.0	
177.3817910066965	76.56498267928804	20.0	22.0	
178.41414269095918	75.53263099502536	20.0	22.0	
178.5616215029967	75.68010980706288	20.0	22.0	
178.41414269095918	75.53263099502536	20.0	22.0	
179.7414519992969	74.50027931076268	20.0	22.0	
180.7738036835596	73.17297000242495	20.0	22.0	
181.8061553678223	70.96078782186206	20.0	22.0	
181.95363417985982	67.56877514499895	20.0	22.0	
183.28094348819755	62.996931971835636	20.0	22.0	
185.7880832928355	59.60491929497253	20.0	22.0	
188.0002654733984	55.917948994034376	20.0	22.0	
191.39227815026152	52.52593631717127	20.0	22.0	
194.78429082712464	49.13392364030817	20.0	22.0	
197.29143063176258	50.46123294864591	20.0	22.0	
200.6834433086257	56.50786424218448	20.0	22.0	
202.8956254891886	62.55449553572306	20.0	22.0	
203.04310430122612	55.62299136995932	20.0	22.0	
204.37041360956385	51.936021069021166	20.0	22.0	
205.6977229179016	51.78854225698364	20.0	22.0	
207.02503222623932	55.18055493384675	20.0	22.0	
209.23721440680222	61.22718622738533	20.0	22.0	
209.38469321883974	57.540215926447175	20.0	22.0	
210.41704490310244	53.85324562550902	20.0	22.0	
211.74435421144017	53.7057668134715	20.0	22.0	
213.0716635197779	58.277609986634815	20.0	22.0	
214.1040152040406	59.60491929497255	20.0	22.0	
214.2514940160781	56.21290661810944	20.0	22.0	
215.57880332441584	56.065427806071924	20.0	22.0	
216.61115500867854	59.45744048293503	20.0	22.0	
216.75863382071606	60.489792167197706	20.0	22.0	
217.79098550497875	58.277609986634815	20.0	22.0	
218.82333718924144	59.30996167089749	20.0	22.0	
220.15064649757917	61.522143851460385	20.0	22.0	
220.2981253096167	60.489792167197706	20.0	22.0	
220.4456041216542	61.522143851460385	20.0	22.0	
219.41325243739152	62.84945315979812	20.0	22.0	
219.265773625354	64.17676246813585	20.0	22.0	
220.2981253096167	65.50407177647358	20.0	22.0	
219.95310514701498	64.8490919390753	21.0	23.0	
219.7981253096167	63.76423307728727	21.0	23.0	
219.64192031609855	63.10802808376914	21.0	24.0	
218.54848536147162	62.95182309025101	21.0	24.0	
217.4550504068447	61.54597814858781	21.0	24.0	
217.29884541332655	60.1401332069246	21.0	24.0	
215.89300047166336	59.04669825229767	21.0	24.0	
213.54992556889135	57.953263297670745	21.0	24.0	
210.8944406790831	55.61018839489874	21.0	24.0	
209.80100572445616	53.26711349212674	21.0	24.0	
209.64480073093802	51.86126855046354	21.0	24.0	
208.23895578927483	49.51819364769155	21.0	24.0	
208.3939356266731	48.933334785903526	21.0	23.0	
209.47879448846112	47.848475924115505	21.0	23.0	
210.56365335024913	46.4536573875309	21.0	23.0	
211.95847188683373	46.298677550132616	21.0	23.0	
214.59312912260464	46.14369771273433	21.0	23.0	
216.91782668357897	46.298677550132616	21.0	23.0	
218.00268554536697	47.38353641192064	21.0	23.0	
219.08754440715498	49.708233972894966	21.0	23.0	
219.24252424455327	50.79309283468299	21.0	23.0	
219.39750408195155	53.11779039565732	21.0	23.0	
219.24252424455327	55.44248795663165	21.0	23.0	
222.80706050471392	55.59746779402994	21.0	23.0	
221.4122419681293	55.44248795663165	21.0	23.0	
218.7775847323584	56.52734681841967	21.0	23.0	
222.65208066731563	54.202649257445344	21.0	23.0	
221.25726213073102	54.04766942004706	21.0	23.0	
218.9325645697567	54.202649257445344	21.0	23.0	
215.36802830959604	55.287508119233365	21.0	23.0	
213.0433307486217	55.44248795663165	21.0	23.0	
210.4086735128508	56.52734681841967	21.0	23.0	
208.08397595187648	56.372366981021386	21.0	23.0	
205.44931871610558	57.76718551760598	21.0	23.0	
203.12462115513125	57.612205680207694	21.0	23.0	
201.72980261854664	57.76718551760598	21.0	23.0	
199.4051050575723	57.92216535500427	21.0	23.0	
198.57779574923458	59.749474663342	20.0	22.0	
196.36561356867168	59.60199585130448	20.0	22.0	
196.21813475663416	59.749474663342	20.0	22.0	
194.89082544829643	59.89695347537952	20.0	22.0	
192.67864326773352	60.04443228741704	20.0	22.0	
191.3513339593958	60.19191109945456	20.0	22.0	
191.20385514735827	61.224262783717236	20.0	22.0	
192.23620683162096	61.371741595754756	20.0	22.0	
194.44838901218387	61.519220407792275	20.0	22.0	
196.66057119274677	61.371741595754756	20.0	22.0	
197.9878805010845	61.519220407792275	20.0	22.0	
201.67485080202266	60.4868687235296	20.0	22.0	
204.1819906066606	60.634347535567116	20.0	22.0	
207.57400328352372	59.60199585130444	20.0	22.0	
210.08114308816167	58.56964416704176	20.0	22.0	
213.76811338909982	57.53729248277908	20.0	22.0	
215.98029556966273	57.38981367074156	20.0	22.0	
219.37230824652585	57.24233485870404	20.0	22.0	
