306	160	11	12	
305.961613796508	158.4682239465958	10.996450975823988	11.6143114222991	
306.87906160874303	157.94249623925026	10.973540009595254	11.605135442603917	
308.16180939104254	157.0629140526088	11.378096210438152	11.388451260321961	
309.20889650152446	157.89476082905307	11.232741984400693	11.397536075429631	
309.9306206940106	157.6827325804242	11.382934165300693	11.58183777665925	
310.5831785346941	158.63064644821551	11.525619716271516	11.626057424384992	
309.8826375390032	158.88140931065635	11.503095431141237	11.607032520855329	
309.8201295303461	158.8802410116357	11.2669336761719	11.60737654167545	
309.5711589400367	158.87524807423378	11.118372004350846	11.874438977930197	
308.54457950316777	158.9807346075805	10.976229822180493	12.174389892903339	
308.2383726136693	158.31939303149457	11.064068248508615	12.33153473407053	
307.69498308352473	158.36532960458965	11.201249652070967	12.83709664504362	
307.10500664252163	157.95304591207108	11.627357855675143	13.078408500677085	
307.02504292465005	156.84263963074	11.92070575879507	13.032607818328867	
306.23670554855414	156.07646891963861	12.443117157639062	13.118571247901642	
305.2139732808256	155.1045428708525	13.066094553394318	13.118006703284856	
303.797996552163	154.7413913442782	13.348417845619494	13.233729610120719	
303.4196629938753	154.54504534930302	13.754204786365959	13.122256606308085	
303.0373234573145	153.52502936694714	13.905271267267178	13.4458678013284	
302.62782430130017	153.5399645892573	13.709401796703158	13.181162655885245	
303.2967930240628	152.6946353620564	13.628378489971794	13.146769826450697	
302.511873885424	153.1234433628797	13.40293929093862	13.259663055894663	
302.5566676425858	153.46746915867627	12.809388961807201	12.959818989316377	
303.70101934102735	153.78388059942117	12.171696316648282	12.680357982645365	
303.42765439098883	153.42741621509407	11.968246627930593	12.412881420641634	
303.57271637257327	153.70229747298114	11.724122050178288	12.047218236365625	
302.95310663347647	154.8035575195861	11.697600299314583	11.841737938077596	
302.67638588781716	154.5242231849215	11.800432315258917	11.669065364616511	
302.43281790401886	155.96411727667208	11.917382013572198	11.431463107552755	
303.42999672204587	155.4492796817858	11.855348548584507	11.591796268230606	
303.3940256923805	156.52175591096207	12.010425504968438	11.524210638796536	
303.9034348312674	157.0474276670963	11.969898381102425	11.903113718096122	
303.83894232349115	156.78900705361772	12.023044719069794	12.360127423609876	
303.72688375326516	156.35047217224815	12.11090960527418	12.555255498288258	
303.8500284114506	155.84162094511512	12.308989128167227	12.384995539720151	
304.1092251062368	154.75036838599675	12.10639628619454	12.114767379682334	
304.50722044810965	154.34806741853095	12.495286574357507	11.940591309967662	
305.2882174301552	154.79010786580622	12.386646968939463	11.987840738636411	
307.05468001570335	155.28638996340533	12.071181953330182	11.992434593975297	
307.9102032670451	155.56148604791377	11.480992808625555	12.237817030423358	
309.48860276339735	157.4420770067902	11.290402750704956	12.769757404235381	
310.18593467668313	161.31648504776328	11.74093147574632	12.859235351525092	
311.4564592133063	166.7842553312651	12.290764465411932	12.918807203649934	
311.83254447412327	176.7513438350151	12.079485054675086	12.561469643171389	
313.96777344220436	187.06711389381908	11.689252776929568	12.40635851115913	
316.1044716007618	197.22997383652802	11.600997546393005	12.141292312264707	
318.47524577595755	193.86218665122175	11.706005382677594	11.971501692642851	
320.38666046562514	186.0328134062404	11.743856345063023	11.858352773975168	
322.5049842732564	178.4449856924129	11.734506035861237	11.860225852997331	
324.14447536950814	172.458686674006	11.881078595707699	11.757965224344815	
325.67051225908546	166.39867851668845	11.665124468347477	11.889413233010709	
328.46502340832467	162.36141865774056	11.922303112862185	11.486669500283952	
329.54832608135075	159.35174483464868	12.04681591179909	11.267729220747485	
327.97211952083074	156.06587967993042	12.118610412920276	11.20638763076993	
329.91652400810835	151.85373183685337	11.562437317881628	11.147611989714587	
331.41746057928117	149.67617584273378	11.302193537642367	11.052562997729115	
331.3029183075162	149.90988162607775	11.302403204077006	11.043956694083668	
337.42264395466447	136.10582645121156	11.302888738393808	11.770097591911757	
337.47374499539967	136.10070992689688	11.52841474959377	12.137755495773309	
337.412086018219	135.30539925933837	11.489858320267173	12.409776057079007	
337.3639133859806	135.6207372839595	11.555977398826192	12.608221835915959	
338.0258657530298	135.36890691087746	11.568337990274028	12.707632973563351	
338.1030318061243	134.8008710453968	11.314616174552732	12.98586154389537	
338.2036912364163	135.24818001079612	11.318289265553474	13.172249067160177	
338.4331121959528	134.19625655548828	11.625933633597635	13.41666959857206	
338.89588687746425	134.26667052182728	11.690579187299875	13.240562533468278	
339.3838315435218	134.39164106623255	11.667899791803528	13.026209362671093	
338.22677848299014	134.94192662959355	11.634165365305142	13.224494255922796	
338.62461817029043	134.52098553256923	11.698008333386486	12.87976849308519	
339.44491537200975	134.98349291301201	11.762897724160243	12.696403121466592	
338.8509857762447	135.6061285805382	11.740735062243324	12.629569496222512	
338.509740452688	135.5980254634313	11.796580382742349	12.48320933682254	
338.63404653169727	136.0373178783957	11.737568394382526	12.74417257017193	
338.10772981137694	136.79718934758554	11.777034215317933	12.914110446535293	
339.1037108465685	135.94620527951403	11.766688045928126	12.897705880079736	
339.13090312002623	136.4425139266534	11.641262637704182	13.098134678788098	
339.1853464840026	137.10934233056105	11.661686681574306	12.990622184785	
338.9240999999345	137.22915120542436	11.503014669775803	13.314367212291515	
338.832254279	137.62497980273372	11.261970982765282	13.40773563813329	
338.8255432489919	137.75219572619827	11.115095708587287	13.586750168720016	
339.2668722459795	136.612521602933	11.340040310894976	13.711736928815638	
339.87224259285904	136.3047164382547	11.45940897496981	13.670243421635801	
339.48288965165705	136.39190881715277	11.50096704929884	13.831763560098985	
340.6519295750696	136.6705879784388	11.587431536885422	13.887755092473073	
341.78756934109373	135.49411752041635	11.540404705642796	13.87402325423023	
341.53573710108043	136.0939923109166	11.473111763412899	14.066668335133116	
342.94339057854575	135.54263463559997	11.580144963130167	14.107854287801882	
344.84814699344383	135.84367189006397	11.532974586336824	13.828122681295827	
344.280886748156	135.77020617834464	11.495465224045482	13.87599747340781	
345.3190790234029	135.40673984431788	11.440152345991205	13.972576631081544	
345.8413071369887	136.3726949558613	11.31603057717075	13.971559113912058	
346.29353649943937	136.2077835033413	11.199652484956015	14.109561114339547	
346.43784073551893	135.74114597748363	11.17845888067484	13.673478103310718	
345.2040117263649	135.68321537058623	11.184904025524023	13.680772101603297	
346.1802462031794	135.8568514037243	11.058915222117772	13.622469403069687	
345.24218866227915	135.55146417856847	10.994210682832186	13.616200954249578	
344.402938365508	136.50999223745038	10.928243898711798	13.355588789999853	
343.89114309375145	136.41301534480812	10.77352571686792	13.23386755506645	
342.3462892942679	136.68761171341777	10.552965628991197	13.850400287436404	
342.03474875722014	135.98022590643703	10.458823833690438	13.887744919471901	
342.3728236421321	136.7578964950487	10.397988964741526	13.663257442886415	
341.95373010323584	137.42571976943083	10.404295115448203	13.390943332591087	
341.38460177911116	137.2132587541896	10.383157737895017	13.248001064252996	
341.46718998437706	138.38006221620176	10.445029798933172	13.22235226629682	
340.31770551955617	138.55733353402667	10.61783524590897	13.308263338818852	
337.8105495233821	139.38368224347045	10.653608248236306	13.693478527124263	
331.44881979067065	132.4458882948398	11.100902705114311	13.2395070982137	
329.5448368679161	127.4071020615372	11.050642728174711	13.316910764464886	
326.6412848380462	120.57689350071936	11.129016109356174	13.477316442008764	
320.7997875412293	111.60916573429043	11.415487227343004	13.214878832166459	
313.70769945859996	102.0446379943355	11.597848550377512	12.534617676944452	
307.15870766191574	93.65127120527437	12.094141851387608	12.657078946717117	
300.19602247996494	86.1258287801019	12.571232834490797	12.553715559452199	
293.0630185998783	78.35186529378161	12.701079744139145	12.565348548633292	
286.65673150373766	70.99987106006056	12.466843786273994	12.073634463280012	
279.6362440686901	66.29350688803989	12.949255423947314	11.9791816397188	
271.88985490731363	60.17465853223365	12.694733598689883	11.766467508435774	
266.1738921469547	55.97870689129934	13.070515358726608	11.689574060262885	
258.7053485786605	52.177396182323584	13.256283563735483	11.589718976749548	
251.50129264862906	49.51685190031293	13.211450668244145	11.80318873202453	
243.68846380774335	45.4493960508464	13.57696793100925	11.749826047412657	
238.6384854324974	44.06230107062066	13.082932448224762	12.158700808965813	
232.38750536613986	41.46887409776772	13.803015063239613	12.244510576662675	
223.30798173170868	41.267629140719585	13.700917694040474	11.946229814622919	
217.0435364709582	41.09949928486636	13.855801944179118	11.809582936821311	
209.7480330664	40.827396677899614	13.473076758666597	11.627504123655207	
203.95295369602377	41.98507971750607	13.234470583952746	11.357861005868068	
195.59950145822955	44.05343564279795	13.81857232516618	11.19205541291371	
190.03577986111742	46.77677884667757	13.461079758892417	11.632401514004563	
183.63452791881954	49.40982645373494	13.309624178461329	11.227828020776066	
176.57560354228363	52.71973297007751	13.508276802687938	11.47698061385385	
171.01033347204321	55.847640607852156	13.988633265495446	12.119627633836792	
162.17686627510204	62.93433966021423	13.953592790603366	11.786555838316744	
155.86534961956298	68.97338934780747	13.647999087521342	11.546026653559952	
152.6825212731572	69.19698573593662	13.176467059629747	11.254337805962981	
156.31617013317256	65.8129941109813	12.748863362731361	11.528890918239382	
159.92188674725432	62.99599254333526	12.123894539627635	11.238442225528498	
163.7147587336123	61.37037893856906	11.688145417070388	11.28049432519763	
167.6716653513107	60.20465509177805	11.458539144259024	11.186910833629494	
171.70868634729996	59.74654970591304	11.392178998899166	11.072035279714067	
175.26138356956852	60.341370980966005	11.657324696421371	11.068688834992972	
177.7287712333029	61.58720480324506	11.921362807368137	10.746321269780562	
181.69231897721627	62.43450536857324	11.879501198630734	11.002700564005186	
185.4991544506206	65.02881068462459	11.893887254843303	10.927265800890527	
189.28727729836737	67.39006225745109	11.777104678856638	10.986479001978227	
192.72557973592612	71.727839483741	11.798820955472525	10.861525554952628	
196.01465064081734	74.45165361897666	12.09418616854775	11.355518111202475	
200.98351404135434	79.32563999860339	11.572021997173458	11.997735476460747	
203.4149020182216	84.5515717785891	12.01362741398337	12.350860777573288	
207.95547283531792	89.8779008423357	12.09500428107245	12.485816518793492	
210.64871668955823	96.82263282057247	12.36492869722565	12.43754480780336	
215.43738559491223	103.5230381876716	12.236373807355072	12.464817493404887	
218.6850758051474	111.82795274074988	12.081840879102728	12.30993871988993	
222.02735792367528	120.22370750695538	11.837083103381172	12.181709674539501	
226.43874868913835	128.72144867328123	11.7689783913027	12.384915848967841	
229.46025541121426	138.4928251394348	11.85172836344115	13.197675535679256	
233.45651206187347	147.61483191353804	11.544736187916229	13.202767440964017	
236.5099024715056	158.35290519966512	11.559106339110922	12.961217121151282	
240.5610949859034	170.24612904648913	11.653268818555073	13.09192183228837	
243.8284862376537	182.38954543964687	11.587194353384586	13.089894343824508	
247.1859425084611	194.4641677465156	11.763931057985591	12.664314967513757	
248.12872299363158	190.48754447551653	11.563173215887081	12.630188157461127	
248.8735994323554	181.45327559387346	11.517536215590933	12.71395037753436	
249.4173565323223	172.7205346179752	11.590929761018497	12.55825274864242	
250.26915868141106	165.55034266040323	11.465884623073494	12.607906187406968	
251.0113001045955	158.14929392053887	11.326083602533194	12.619958882589774	
251.68240254271123	150.96549925652377	11.543812388716256	12.288343765734721	
252.14838646471884	145.0660449257185	11.512676780514209	12.386817742591877	
254.17508626086826	139.62552994233678	11.260608708295953	12.52799098938457	
254.51352088904758	135.0030171317421	11.265978030733663	12.050076165627665	
255.4044162327646	131.01669813256112	10.980005839050085	12.373901869983262	
255.34712713038124	127.97484240304112	11.217441040770261	11.783264497846519	
256.5890975168344	125.64964434811198	11.391238476634737	11.833101849922834	
257.00515417443216	122.39647120209438	11.526335156232154	11.440089392568392	
257.76417121892194	121.07125633110196	11.601222801108776	11.23011249736144	
258.36828972730297	120.81180431182733	11.3952315681525	11.214655769499885	
259.0336121238498	120.87622456446014	11.321894185299005	11.155716499635883	
259.3468681952715	121.27946077524639	11.133951975631737	11.107868870162381	
260.3049849507617	122.02458397776678	11.092386347570574	11.110645622241346	
260.59036586387083	123.37082181691174	11.225665585137879	11.222108571194456	
261.99959869492176	126.73882006825839	11.08536392831554	11.55157465776508	
261.95568769553347	129.27336444589992	11.099882860898155	11.64673866050815	
263.2851156835416	132.90052354688333	10.821261841623116	11.824049639449555	
263.671478206837	136.84099974811892	10.77489574517055	11.539761665689294	
264.74695295241287	140.35900771101709	10.76127011037244	11.616809552148807	
