4	82	17	27	
4.177199945291507	81.34753031002174	17.764207868892694	27.666874339844966	
5.816806262174232	82.1016640345538	18.518524993580613	27.88595927153341	
6.768310827121633	80.2058821395132	19.212059414177144	28.64103166757168	
11.200425264649047	79.88211933057516	20.648792033568117	28.01955735125125	
14.232883860927371	79.92565536234022	20.919389386452142	28.1021998577666	
17.064021154247094	81.23465635249445	21.48854389984932	27.745937846711687	
19.63361270675234	80.28334507407979	21.169283242043413	28.283881305411725	
25.813309333368103	80.48232018813376	20.40792294016687	28.55757689744465	
28.091967909926208	79.30612906657129	20.193610967409548	28.76971680238904	
30.17037948945054	80.21263632047942	19.565362275066207	29.52083713076969	
34.226724091603984	78.37879823039074	19.162220113605997	29.082727941073998	
37.13901671548342	78.59185187961238	18.644715611544136	29.246023675887237	
38.93888902533203	78.14964192925137	18.762705567118537	29.220739725863105	
42.92671657210228	79.33143573527221	18.703515756018223	28.98475206842653	
47.84267201350178	78.90870758563531	18.147648765125947	29.400016791219443	
49.23160662781733	76.25494508017742	17.934599587688098	29.475681164470437	
52.10135470225209	77.37893290788848	18.64948585840476	29.41533377824387	
53.931635604299714	75.55913351891121	19.07154658238568	29.649222335861502	
56.163647176862135	77.95837972236978	19.74059438300058	29.395293222401378	
58.624544240372174	77.28977083156258	19.881499097075483	29.770613690420973	
60.80500448092978	77.3010226422248	20.245868437585017	30.11368562108325	
62.833205364448105	76.17556816690927	19.985069230591705	30.453725211744203	
64.35873756036862	75.44333127549268	19.533874328420467	30.12401013749883	
68.35149464035183	75.22454560476199	19.33772736739815	30.156842993147073	
70.83481676795088	76.13620916465885	19.104486318071608	30.217471113602983	
72.96667854216129	74.33610091317641	19.042550718259214	29.939474926214466	
75.41551685299943	75.16450989563282	19.118452072809735	29.26430993638406	
79.1146276515052	75.64297775441099	18.04090155734117	30.082867006188856	
81.23851772509893	73.79535936639162	16.952097011349984	31.026382161667886	
82.64747823553901	74.07078305129244	16.826844666846178	30.9124010454807	
82.909302832557	73.25084316080432	17.770788904282973	29.947351140864257	
86.61492757396319	74.89647175002342	18.37323609200282	29.188976652855747	
89.04262087668423	74.7801476912516	18.584863703937444	28.359871855017026	
91.64976971788431	73.448110186124	18.764340530967218	27.77123652286499	
94.36055962751134	73.72646769522603	18.62751117329154	26.779605604430508	
96.33484327193437	73.83875708783142	18.356735003067293	26.468353604188124	
98.03968559082693	74.12200242386848	18.55786159880267	25.26355333414496	
100.33108178598228	74.88896245621177	18.409159345973677	24.99973410144383	
102.33454792081422	75.15831744049451	18.153621109741806	24.745700118453083	
104.51548290120446	73.95980081487573	18.15168023373915	25.081400428635327	
107.24659326283134	74.15791988552942	18.12942666594193	25.140174787614065	
110.2655199686149	73.99692005075227	18.095940129069643	24.991236162042398	
111.562614696536	74.75901716074046	17.67470952408802	25.376912566608254	
113.77493251676421	74.37001480391442	16.997962448695098	25.962126891199368	
116.21348721582717	73.6017559013282	16.826432808259597	26.348705874579203	
118.7235734272258	74.4920575689704	16.97565535540251	26.032453835719675	
120.15996488954762	74.17218445772679	16.901064693408415	26.123297308191635	
122.501131017346	73.14389621065231	17.23958404990274	26.29825637546834	
124.12483111582186	73.31788650473293	17.46233861521908	25.730615579677902	
126.74238019370921	72.47583347688995	17.361030475618687	25.614158538363732	
128.36774479262087	72.95743845475496	17.032557747521942	25.560619531615945	
129.9282257095959	72.24023789408876	17.25185761134106	25.267587925134613	
131.1375125680508	72.7003747268622	17.83469414032663	24.549001133619782	
133.5259849710109	72.16243108192197	17.49464327437837	24.46566260200519	
135.30521600668456	72.2676936728692	17.16538585772461	24.502016565613744	
137.31267131517652	71.64865264492703	17.14217803576942	24.37407436574555	
139.1367772203364	71.97429959482346	17.360100392167176	24.32360744463613	
141.13654411442823	72.24988277449337	16.983204591120327	24.315711077171024	
142.91732144783447	71.9415885891402	16.86555670836549	24.122564388139196	
144.99402877791542	71.74023170992693	16.939806995713337	23.85964804440814	
146.63606792407194	71.8365833929427	17.33922994699162	23.623843062172817	
148.40567448666462	72.11523584918393	16.890355528776446	23.650980645990103	
150.6497767719585	71.87488869912636	16.581621497281702	23.717289210116625	
151.73671905099232	71.18287665603034	16.58138529660547	23.36499148940102	
153.20385856566787	71.57165521696876	16.877639867107874	23.09151883541204	
155.26664576750517	70.59133077043742	17.113511367211366	23.03618390851318	
157.0664296241477	70.38610954798635	17.08028219304984	23.059726673516117	
159.44510195186578	71.26025283185619	16.365864802780912	23.57370483432258	
160.27050502862238	70.28565465516581	16.95262869664625	23.03600705699654	
162.5760898330971	70.99288702537078	16.976192764607198	22.561438184887994	
163.66681150206713	71.11997663842294	16.744482564751515	22.14992889281804	
165.1396446293262	70.26161263168672	16.683830605811405	22.285767800493666	
167.49229782309996	70.45059874881247	16.200435171785628	22.020183968465737	
168.48331142497184	71.0466583585795	16.328249076364013	21.753553697753695	
170.77833936945362	71.06861047701527	16.550113830253203	21.68178273041568	
171.47493226070833	70.7244245592278	16.787511930075638	21.401030546844655	
173.9596948174422	71.18633573777068	16.158171028338877	21.468754701408987	
176.09235464244804	70.37878903452949	15.62431981742937	21.96883486612348	
176.97426111659388	70.68951546213846	15.608913517773557	21.537567408768933	
179.14617907430681	70.62869802221226	15.934640418967554	21.227817188733468	
179.28599929379183	69.95532960090927	16.11915943887315	21.057911699262434	
180.88516484830998	70.02149255908367	16.123667465960548	21.052156842140633	
182.75380650966645	70.2240233742659	16.12702692927357	21.27827818039264	
184.03619067621156	69.38612379107981	15.848899955512605	21.65081463619352	
185.47697725134373	70.14733735802548	15.914588377132416	21.276245883573544	
186.5225163841024	70.09099806793142	16.16279548530283	21.481977536452618	
187.94351283605556	69.23886657345464	16.075372111883524	21.86029538647491	
190.10939045421893	69.05470379062854	15.828000363258214	22.05411078607814	
191.06018408310732	68.73221043916095	15.684509681218437	22.00138625968897	
192.61267994982066	68.2096664244519	15.358711825965578	22.2024254910228	
193.74884415021444	69.02513568273478	15.23950513500167	22.177573466995486	
195.10550754085372	68.43132047122693	15.470425361093092	22.204107674763087	
195.9865946722582	68.07089301553901	15.668062547335003	21.978083437655656	
197.0151290542958	68.27773987253053	15.660533587718422	22.204207438363756	
198.9471915992215	68.34643917888377	16.06151231485315	22.110378356949006	
200.19154232287016	68.51942166944947	16.22052762819116	22.453481216393783	
201.49821891306087	67.40161005946109	16.300975374018257	22.181869624587698	
202.23330033612223	68.04380036859355	16.074221207857725	22.07038706044572	
203.58294599510248	67.76595202552416	15.875895961979719	22.723040930958824	
204.65025648280582	67.35435765591808	15.677640829392274	22.87604124319956	
206.75538728779821	66.92201194247048	15.623868591660909	22.62192440059401	
207.5331542390674	66.81449210096338	15.497280349713662	22.76150092273577	
208.47983222806644	66.3964016362818	15.513838269229876	22.417518468615032	
209.52936433847967	66.81446706616768	15.543574440554341	22.65077134926839	
210.3830108238512	66.49468342917034	15.857516697396083	22.32590793345136	
212.35262087534417	66.87020291766638	15.656530875950095	22.031237790239587	
214.0703733013344	66.86592134890236	15.29182918940542	22.206771136054854	
214.14294311853814	67.08533887590849	15.400284221717332	21.92108670011892	
215.0781249565883	66.87748918104381	15.54134008030022	21.73516601176142	
216.44619539925608	66.46414235471312	15.439818430957137	21.618364450437355	
217.3024991442483	66.87641837259866	15.402729930535733	22.01312639381512	
218.52409859747507	67.17620642152758	15.39808459578321	22.629794159063067	
219.88699555387626	66.66744381395915	15.163071990201296	23.08461415540796	
220.9234157615507	66.59842691924351	15.411447919685774	23.214201338963164	
221.70982455845652	66.83738679387513	15.526353485664167	22.9150033305418	
224.02515442264286	67.92850436432222	15.205822446103745	23.259859931209483	
224.18373856882474	67.09758694619158	15.017490711009103	23.748237025733392	
225.34335126963566	66.55859930739408	15.171753401809696	23.769800202536473	
226.4398831155288	67.43667902236113	14.845800796868819	24.860736500522915	
226.60025052981217	65.78188023460868	15.077639649179764	25.067708706002165	
227.6168950584224	66.13472682199908	15.275493351282481	25.146802530446983	
229.0920958999886	66.2114167597484	15.617282458326407	25.445506838641265	
229.46865507583433	66.07875568917646	15.891119591978924	24.69259103136749	
230.9262911469951	66.09819391183561	16.246377435085208	24.25225048139681	
231.53920955048724	66.06153069601719	16.164587769176105	24.070022207175413	
232.1565564623441	64.68556390347459	16.11211476207462	24.39337264711901	
233.16822095764877	65.56046827084451	16.111653451061205	24.431116269099128	
234.1979901140139	65.05542905366946	16.166845734873316	24.685645391811377	
234.19000511822145	64.81110538370328	16.08019979631819	24.60327957914439	
235.3504697929999	66.08530411246107	16.208755748732727	24.427650046891245	
