228	61	32	37	
224.8526083335172	61.49173442146582	33.16180823149463	36.25858418898975	
222.6636845434581	62.4080268831312	34.359052545850524	34.98969255064738	
222.83193303238613	61.563050141831994	34.225992330088985	34.939934152561904	
223.3297094383976	61.331830394597134	34.38799497899589	34.972870623407196	
223.4832179407075	61.636985352067406	35.35211461587846	34.571144868079315	
221.68721387974958	61.615339340469596	35.62632960691966	34.45745150406886	
221.42579734398947	60.396691839841566	35.15655991287976	34.59131570965537	
220.8985160489605	62.794324432232386	35.85668851937332	34.04602477566718	
221.2648398016215	61.429847030346906	35.36196895751941	34.40120719670194	
220.22305431987104	61.696157544331996	35.332206695770054	34.43149404331595	
221.07180132395433	62.776126155614826	35.56359635936407	34.476092305064256	
221.73630090963226	63.468709287048064	37.24214790440834	33.06582027524574	
221.96560150600104	63.75652035045846	37.39116099046412	33.08081753366742	
221.41120150879362	64.61493870234645	37.41454895942728	32.834144532856214	
222.42312540903797	63.384828082908236	37.422757252154554	32.32690108629258	
221.76227521006746	63.863472107372246	36.89600973120365	32.39471112276801	
220.3397373258487	65.19490084141846	36.652255505439555	32.293961932950104	
220.42770750886612	65.21946354180771	35.9871993945755	32.59652527480923	
219.5650457108228	64.55452520581453	36.3602879118505	32.1803812720901	
217.75951189796305	65.47046409089727	36.74420581260966	31.695795209917186	
213.83835220829386	67.76780573736522	36.46072601287089	31.712388543568167	
211.8657064085014	67.95658781614253	36.591313432692	32.582976403606935	
210.0521679140532	69.0785451340206	36.60451074095491	33.143154413495935	
208.66163896055826	70.09036335131717	36.99140718516094	33.432130035635005	
207.71268732040232	70.55411436767396	37.203305349963784	34.100387871543234	
207.12699046271456	71.4557163587699	37.46885986055112	34.451458591423474	
205.77014244678892	71.28894182783128	37.507726170951564	34.320833323066196	
205.1979914820808	71.28289833469609	38.42474469709045	34.53295778873725	
202.8613078123456	72.14512642696995	37.953270842408	34.68851304351293	
202.28779762503558	73.57552878786849	38.35652031963956	34.14282448878433	
203.18121849774067	73.66960033938727	38.3967205578338	34.21973346590117	
203.07771354277853	72.669027690973	38.33776062508574	34.972030205257525	
202.19047337025785	73.4340923901577	38.894009888164504	35.008919077380654	
200.79825706447917	75.18191732361582	40.39838769205893	34.35342576564019	
200.91846375541792	74.92231207876875	40.54407552625923	34.68057390720697	
200.02978937472565	75.26540590193883	40.552327913132046	34.94294322049588	
198.14357859699467	75.42801493717613	39.86625909688993	34.84248905006285	
198.19886180380124	76.646331243492	39.38272222143139	35.885465688453436	
195.94981049558376	74.08207017707488	39.11672428626109	35.28672294015365	
194.01218908446654	74.9860255808089	39.20413460994513	35.22346380790994	
193.78885401996848	75.3607695446072	38.70313344472889	35.399156315494004	
194.2661840460993	76.29870352572406	38.35968785140964	35.72819457846473	
191.9348371739943	76.0307118328264	39.19405680085039	34.606190012027696	
189.65145326817793	76.35675340923149	38.757463387354974	34.44375239993177	
187.64850443165454	76.07826058369095	39.13256391265088	33.217145230845325	
188.03066553014187	75.82884077324785	38.67469962263766	33.242338389767866	
186.43196062325984	77.7607243189892	37.41295864523354	33.169768598242435	
186.00322525301118	78.47717056696291	36.53895462853632	33.48421690067299	
184.57242893144027	78.28747796551735	36.7900674399826	33.03500509438213	
182.17146627441153	80.16123382133748	37.20543374448807	32.61778250818441	
179.74084565939933	80.09251393148398	37.105529096674346	32.55367251944352	
180.0031406358525	80.20200766666947	37.595039814582464	32.06664409400586	
179.60110778733002	79.26572642355671	37.72317751499202	33.36736486346501	
178.83339008742888	79.18734986549322	37.36891119074184	34.56627086121432	
176.23494619402072	79.70486331817429	38.676969507877374	33.419336861135164	
173.2916225537375	80.14986398338787	38.528272664603506	33.84823528141752	
172.10457199066698	80.1833987733076	39.54949033260706	34.12187067909042	
171.87556994773138	80.47503809092605	39.006217686987156	34.526132944560764	
171.24332028387963	80.0692333543569	37.88181148948312	35.68915966117976	
170.28504709091817	81.70002858882432	38.27856734520125	35.63791422207582	
169.49021887765284	82.11568985018098	38.93048904864081	34.99858639621807	
168.87785665165805	82.92909754750792	39.334487880837436	34.53834810231796	
167.50135372843425	81.69187446896312	38.73853809602897	35.52944135985617	
166.15204103969802	82.70396214704988	39.255350471868724	35.842581086232705	
165.56057326942422	82.48769204084424	39.75896996856257	35.552789715144094	
164.7715104952705	83.04063050434775	39.890925067613125	35.72523929952014	
161.20415988851408	84.0079090467925	39.69976339660444	35.23988332165576	
159.83906196092323	81.91075642531874	39.4293076538095	36.37614603835818	
159.5618121334387	82.36544998004749	39.784649489626645	36.897886477118455	
157.85985233669226	83.5654910011553	40.062982334996384	36.664918931133904	
157.7833896707594	83.21824625771423	40.279289122700796	36.50527952082596	
153.7371441176184	82.98919713553727	39.65414602793294	36.0920795712483	
154.32781486795298	82.95719799283914	40.14326141355529	36.18822079382793	
153.31068836396258	82.48918586666696	39.25130330283801	37.09033149713652	
150.3316009719528	81.06897403060101	38.12346524658654	38.36427119481161	
149.48577377636497	81.91025037937351	38.782216920171884	37.99534538268074	
147.69046357919146	83.57156536025688	40.27961517325301	36.53767048854857	
145.16273089680803	82.7160174037648	40.878775511011824	35.586096266034694	
142.4419623849164	82.02145136187298	40.700092827306065	35.457753102435206	
140.42617347276612	84.60179721719872	41.27155736463459	34.213106342268965	
139.06982187901423	84.15920925801953	41.933599941939406	33.68671647998771	
137.64671467179608	85.1182006410948	41.32218443732357	33.6539654471593	
136.7173055186446	85.38097390366431	40.89416063585374	33.67077851255068	
135.56350649677728	85.6241834802267	40.89596753998568	33.10362324385105	
134.51794889780845	86.04808029709585	40.09613587284157	33.154170789006784	
132.0313364023657	86.1270417426423	39.16447986320825	33.378405313065485	
131.48657529008673	86.9371887921939	38.85105203931953	33.62735876969504	
129.19559533232882	86.45158356573992	38.78313345294326	34.442474000964296	
125.62395280392712	86.45505520832909	38.82049914863216	34.504924492143154	
122.72307804989143	86.72092940909629	39.616875178767756	33.729485346566356	
118.78220553387195	86.20274788482091	41.477819143454454	32.88672280002433	
116.18845340408262	87.47835916293849	41.7949868704403	32.46051884043834	
114.67477594654935	87.01623615480993	40.80016981132474	32.83751685082845	
114.3191498818499	87.05508427410214	40.88546176950096	32.74559379285545	
114.48483264066174	88.44917912641029	41.12826731816145	32.852649640302154	
114.58536482480937	87.76617271992819	40.5771143833245	33.30084670838948	
116.19692763976005	86.9357199555966	39.974631892308636	32.84029847499822	
117.8387969829114	88.68085892719964	40.43923691213693	32.31521332659195	
118.82272071516326	89.55306553859322	40.39044324058669	31.72101119961473	
120.80134936019948	90.99647137847873	40.57127799152988	31.92425117084469	
124.73512369090159	90.73147601376753	39.82024973494133	32.939174918951466	
124.11472068950363	90.01273490658593	39.6445055782829	33.15081429979568	
127.74050481702488	91.0850118344712	40.62226357140935	32.65719764361775	
130.2699686352754	90.65023113886696	40.95452837112656	32.60671634121127	
134.4600958903531	90.29510964137933	41.55016878894968	32.5294653324138	
138.01706837152727	90.05741641628977	41.88071855087504	32.32406064299024	
141.63674119539618	91.1282305156744	41.50740311935426	32.55294206870218	
144.8751886485329	90.2651550887225	41.473746471442595	32.49677290002299	
147.40138667319258	89.09237529718379	41.706421318271936	33.18646061496683	
152.0541417756754	87.90821436170286	42.43156315950993	33.53132138248938	
155.16116093994944	87.96494955223221	41.97510034289422	34.137685567547024	
160.19369698156365	86.77142751426622	42.06901339760525	34.48454562248289	
163.56991605872437	85.55210945266374	43.05165310125501	33.84505817619933	
167.6505874511064	85.37809528469282	42.880294828820055	33.9278764498758	
169.39852854703517	84.89348809098786	45.032657494750595	34.24783210448999	
175.9457066958989	86.78244384498106	44.291766277284346	33.24148078861174	
178.50959173742996	86.91257164775985	43.57084700904161	32.54752450232145	
183.20601487018553	84.62001023322419	42.36103564038104	32.80351382080314	
186.49191487898017	84.22335110823826	42.459461243061526	33.29834276837822	
189.10113246578484	84.73559747431403	41.02861967258634	33.79589469488759	
193.754130839171	84.88533040367761	40.32966523843605	33.48038694823635	
197.26172028092654	83.7189779929901	39.57179436121163	33.23151256123734	
201.52168497422076	81.71919470031861	38.709818236952295	34.148306891636494	
205.17799944282433	80.46306108133454	38.6197230025955	34.445835522197996	
208.01436632969822	78.50422631885488	38.151535203579144	34.75117794831088	
206.78234243193518	80.13663363248334	38.19664817702274	34.10606589864492	
210.91480057608663	78.54206568144303	37.649897763201004	34.59266092624431	
212.82725029892802	78.8376602411514	37.14264958933832	34.47954769856076	
213.47023630067463	77.96237721459016	36.003795647626035	35.489268727097496	
217.70000867545622	78.33315847454361	34.91306727379526	35.83186558142768	
218.56973828080865	78.63417817201761	34.29450857483202	35.01415425974284	
221.47955750099626	77.70993423543806	34.334249425991246	35.25515159335119	
223.2293510337493	79.30181699686497	35.39473573618703	33.41165909314903	
225.58258021400755	78.00020320974005	36.146841657134196	32.622102787165076	
226.3591493745805	77.7612877469831	37.07044011996956	31.91494688292129	
228.10060607767892	78.55066271118747	37.221014415188804	31.55028324868676	
230.38014608582066	76.80974420409046	38.04379942347197	31.521775042314985	
232.39751152700129	77.51777232313152	37.98270874458666	31.614515853755247	
232.9553130520039	75.75384057609332	37.51755115585461	32.03724891379541	
237.31815920679975	74.3337701596604	38.46322553785231	31.98662121867663	
241.3444559657833	75.36004127364082	37.99002922142324	32.68394595314865	
243.81909773146955	74.91812183430302	36.97063393849435	33.73171115011208	
244.31516311808394	73.71593365328091	37.62696355344917	33.62378559031183	
249.4684111103916	69.43529325773497	36.945654488999885	34.26818529696157	
252.39637255946627	67.85224316331045	36.41421212445037	35.871877157754284	
252.36828515017078	66.93456465571785	35.71047540587097	37.494226737736874	
256.97124512323427	67.01932266649351	36.91725229812293	36.80856161254406	
261.1753205682085	66.11767308332061	35.998040216615536	37.13816371258278	
260.96269011638896	66.21795714368923	35.259538073990036	37.0148423025036	
259.989967923643	65.3898116994701	34.59896463149427	36.945809156251	
260.2672289761801	64.17757429791023	35.773943177779685	35.86307322786442	
261.7908377508157	60.51762702633407	37.256180813445	35.310149301015514	
265.9820456656434	59.15523768005514	38.56957625545699	34.386560350217046	
265.4803523736167	56.30672566579959	39.366417933609505	34.39363486624646	
267.9875203621747	55.69803025119259	39.84313982926574	34.93493360723796	
268.82563903003665	51.443502745263515	39.49992294222643	35.98182612443667	
263.6829801359914	53.61172457919169	38.40643366244589	37.84875016669386	
258.55859888654936	52.46336662209184	37.8381156635883	38.61291884540466	
257.5980300084886	51.27993961930064	38.73822502024231	38.70397405337964	
257.860484844685	49.326602414927414	39.07321242493312	39.19964129621728	
257.1477740466001	47.83406127153891	37.726981322586134	40.62031742645438	
251.75323080985115	46.465418943248466	36.62774878058104	41.28906699354246	
252.39389019263746	44.63142055908781	35.25762870554204	41.792349663887094	
250.99079137212559	43.03736026560636	34.537427926231935	42.28610522628334	
251.61337316848886	43.31913102713163	33.633985152978674	42.96318884628394	
251.42024835432045	43.149948843195716	33.930750216355484	43.046295101009946	
252.99052896896154	41.95775166021744	33.734357554730735	44.27417804099452	
254.0231148689128	41.77126661992853	32.611679253153554	44.83807063517649	
253.3140938519448	39.60445302819376	32.56409826596383	45.042790138134556	
253.0089389594052	39.68352898954561	32.668528827696264	45.07948025596966	
252.13052073067556	39.528438434340146	32.503629760024374	44.99169182244671	
253.2422616265186	39.12239086594063	33.18833702664208	44.60213777025039	
254.81735404909338	39.044207197594076	30.717563711987232	47.503168583887465	
249.0767313167545	33.12382128052669	31.310013324003855	46.55528609062965	
250.43530224263418	36.641927904929105	31.362831875686886	46.143075298489855	
251.52732728674906	37.89235218548851	31.305872718395868	46.44366506897505	
252.28183431707563	38.88414940319478	32.12376033201333	46.69297530618519	
253.93632078551644	40.36087239091401	34.29558468593371	45.38517041923245	
254.47053722054676	38.44940395664971	32.40105689046946	47.91490739094861	
254.01132017304045	39.26484219881105	31.802719907372378	47.664476625391195	
252.6478788230889	39.80671470409732	31.420168241049254	47.49122624038704	
254.21538284282835	41.21440236190741	31.806703942796563	46.499240812576616	
254.32820533897913	42.10553856652358	32.460761160921344	45.374644563679816	
253.91535551893543	43.15981892299188	33.37415874654393	44.53234709727947	
253.82331159824298	43.15884178818339	32.769485449012805	44.890895691008396	
254.5412653285359	44.08220227671334	33.07157361296919	44.16976658807111	
253.74846874577275	45.731351143612684	33.67718732302445	43.30758221181637	
254.23767749773992	45.285108105666545	33.814795743772706	42.69555633530844	
254.28960237570044	46.30455766015612	32.88968106523285	42.49566353107019	
253.3173338678058	44.82576514969776	32.27129894116006	42.20053344120811	
252.13506096361172	46.170558706267826	33.22949020300128	41.35207706155797	
253.78366724473346	48.277809774491615	33.43624635642553	40.28024484126334	
255.3763803110118	47.33769537105277	32.17603284555772	41.00447398764909	
256.29552661425436	48.331466087286266	31.335492965150586	41.51070506189596	
255.8901647125263	48.27518048002267	30.966535586699003	41.68586408896607	
255.86323602962432	48.171473446767735	30.33937787824994	41.730983976274814	
255.62785780673107	50.706907158494566	30.618312465749565	41.552653669825546	
255.09860785039817	49.53982430742095	30.626893846043856	41.520718107019164	
255.31105175991374	52.246030805716735	30.599514439612257	41.46802820155308	
255.4877146901279	51.1521527310457	31.13096093950886	40.672006827854375	
254.0912306126684	53.658563132205785	31.913425087088356	39.7024389704805	
254.23014148669057	55.80003753723013	32.183656007615475	39.89303618856901	
255.0678592016228	54.64941537360827	32.33654179624158	40.34805585017095	
254.74815584095393	54.380647884493605	33.436451946753756	39.68295947406831	
255.49753613404457	54.89492280936763	34.39145413027159	39.49562940714956	
255.3205140195494	56.08073059673555	34.22903215891025	40.04638736566261	
255.59185345416682	58.018846264446275	34.201973282885234	40.40186837154975	
255.51794953372877	55.751502488605354	33.94477045333778	40.702976287611484	
248.4696418232516	52.78072209633794	33.537426218530385	41.104625325167554	
249.40262623853468	47.65279484947669	32.67791388229565	43.04775761277432	
247.3325746463187	31.75543801249028	34.3836553704843	42.33014981457917	
245.90840210242712	29.87522110026375	36.9039219498904	41.23123343456446	
245.25314220353403	26.924970381696557	37.981978045117074	41.90402700884484	
244.53095499608418	28.2335882540521	38.824097175230605	42.314434706287685	
244.30840802368868	28.59273200253114	39.49237817918562	42.94466748826027	
244.79296565570874	27.980580505672616	39.8945743413082	43.91762350641236	
245.46027983032053	28.86553119898467	39.96106212482081	44.92319118450078	
245.15412698937521	25.42143690105046	40.20242867116003	46.54253660638849	
244.80342229034596	27.270749638962435	40.574266464489824	47.52621932758602	
245.86967849909757	27.389495621890212	41.25366539151482	47.688148904613385	
247.4435671252251	29.324941855296686	43.255208264839595	46.62870477344802	
244.3958633549316	25.97606391799252	42.048961943427045	48.45707635926851	
245.59547870063898	23.950113858481128	41.680445048627924	50.1999309250839	
246.91710162704058	21.609315916543707	41.34903734584911	52.61627111933777	
248.2523860432221	22.909802498983886	41.49540190696449	54.223410194295056	
247.61739318580183	21.286077204439614	41.781433132573895	55.56972462348675	
249.12460166446942	21.48432912025711	41.115491631476495	56.608680048023935	
249.79079301195958	19.357217430277707	41.422876464076445	57.92435605516475	
249.53340216768038	18.606309623848706	42.44354017739991	58.16464854046691	
248.8074979831723	16.36703278847262	42.8293380712573	59.33291497405172	
248.94387976256235	16.412437133207035	42.73227540051494	59.608247544253146	
248.19452825539219	15.963544042073778	43.30840568288351	60.876736738270836	
246.52646506872128	14.576057858504111	44.355173678768686	61.40122606936891	
245.7436157043652	15.85015055243792	44.72812552981057	61.410678134580515	
242.90368624724982	15.398302620775844	43.46353740348343	62.91732862398804	
240.6539150220238	13.777522754674955	43.02519361583735	63.56798078248987	
236.6956629431696	9.030598626618342	43.59493750056601	64.81105370138386	
239.28468528839733	13.36522421823107	43.580413623098835	65.22394344070479	
238.1645300130015	14.156335818955732	43.50201241623059	65.88875264320139	
238.18362049847246	16.538836868997983	44.7225213256597	64.64317736577924	
231.8699345736078	14.641052209981595	44.99021776797939	65.03282140991675	
233.35187211182634	17.469564491952013	45.899734081389106	63.37625317913631	
224.56082668449417	11.94907940541637	45.109952987811276	65.5232032716412	
221.6881665295096	8.584811355587192	45.3523679289755	66.58403526592235	
219.4479179855981	11.235971826313545	45.934359805922	67.95813358258732	
217.02477084642337	5.656652792271288	46.76167644221216	69.92506308591354	
214.98257728861955	7.951024129915467	47.63336509819452	70.78180647935076	
213.67637675694837	9.346248136194852	48.16480231151553	71.00145549361694	
211.73193272343553	9.511296745466872	48.548339788789036	72.12196068729672	
216.4504426728561	7.423596329035782	46.495550503656375	74.05810609184469	
213.26404041305236	8.299327024102851	46.92789148032562	75.6939664122971	
210.17745375176372	5.0418031267170775	47.93686402012703	76.89927652472612	
214.24340645554173	5.442289868825192	46.040573866019486	78.87771650219507	
210.3451752190234	4.777633591675432	46.15791389108864	79.57454885238921	
207.19298711919623	7.3175545964273	47.667219442549595	78.98369619606541	
205.22580682130695	6.2641096863909596	47.947624817152004	80.49646110292245	
209.89605295875933	2.5095918047554875	45.56285296689938	83.62302387425004	
206.47679995189284	2.1434584282058395	45.096291441417215	84.48844314204545	
202.048387110723	5.660859156187705	46.51009487262777	83.03753975355609	
206.07408930322143	1.4254284496260112	45.442707859762265	83.63893104720316	
209.90599578319336	5.80204880800575	44.115854261848405	83.80263769525081	
206.91443237875657	2.4091569977650806	44.00590531846372	84.28498742062106	
203.2767462319556	2.9606231387702167	45.43235059103904	83.89752557184596	
208.17335429816967	3.697826636100203	43.39744477660406	85.75292991179597	
204.85768755306123	2.636542390246305	44.41265172949794	85.18318759341466	
209.44931396735655	3.003807881278078	42.26121919814855	88.38380413523112	
205.20666095624946	1.9486679997704783	43.5726341528578	87.28004552620652	
209.27498714892886	2.6725853387445824	42.516929643475606	88.67932970278102	
205.30876630928284	-0.31569516369070527	43.822132095472696	87.20347142664573	
209.02746632205321	1.2017940569029975	43.66308957573031	86.62320895263667	
211.92684731654384	3.0034099778983006	42.372244514086645	86.39083506467134	
208.32339919810806	4.053621075417865	44.749148933483895	83.6774750615954	
212.94199855660813	5.043799996656318	43.9714495756146	82.80583477988662	
208.83060070434624	1.6720432751366303	46.279811323992114	81.1323388692883	
213.66975856012277	5.436048848010856	45.36246954279798	81.09287552551129	
216.32346883131032	2.5784615952647556	44.18079429690112	81.61807572298957	
213.30973374682915	3.6144234624656093	45.48311006599164	80.24792908915092	
209.12035308737703	7.3547342660303485	48.60174908570157	77.2860166647607	
213.5956672882083	3.3777089326942047	48.499018213641094	78.39334234440295	
217.96677059349256	1.628652637257332	46.859141810897256	79.58723568936605	
215.307842305867	1.6937525011888823	48.54824496245756	79.2025887695493	
213.09822397732503	3.701638469121484	49.47717857999072	78.18094172305787	
217.04528262710036	0.541213911985011	49.115140977095315	77.65896447090626	
220.72853801910884	1.094601542219678	48.106003907525405	77.37588284351645	
218.62697580462108	0.055905372846524415	49.8805294557331	76.16412852050433	
221.95009195037812	1.5189808322342344	49.42956722571192	77.61317644282389	
220.3097257910966	1.6667010875127488	50.81752448552864	77.58841329017892	
224.0523912526592	0.36224905529256546	50.01473970116689	77.70013713115432	
221.79639146005573	-0.9605687291260665	51.724379228543015	75.36380858866346	
226.39431454964654	-0.16842167663052976	51.09973246647564	74.80356054709554	
228.45117585518045	-2.6251393422026155	51.113174696106036	73.26804463388547	
231.3585582190624	-1.6020657847781052	50.458493739094116	72.13412884513966	
233.01820144249865	-0.9496851861822222	52.505031514786324	70.15337092715703	
232.81819247828645	-1.0676281198419133	53.6516101359979	68.32474978687753	
235.22923828125835	-1.2935330914794108	55.618591520471554	67.03955819187586	
232.3117869022898	-0.8871388253905721	54.89647933623944	67.08842400091903	
236.4733312898386	-0.6598483123161643	56.81140668968189	66.83711248623148	
234.48916663379808	-1.2542164444892592	56.25601049211938	66.89525556992123	
235.45911181662484	-0.815947316197132	56.9957124974528	66.43486859850849	
237.3052971130813	-1.4591355172714984	59.72369197930796	64.75881714611926	
231.89341089225974	-0.16113193580466145	60.608572056449106	64.11497105687027	
230.4246746924547	-0.28993108171084003	60.51387272983246	64.32061303408908	
230.72272120454437	-0.31013251054292823	60.94308521522032	63.67890230389696	
230.63718351809058	0.0705829989126272	61.11013681639483	63.02943320107491	
226.48722048197456	-0.4532119755195083	59.04651556349261	63.956221790524125	
223.87702430089507	-0.6668470222205514	57.04009651665503	65.20532823627454	
224.61092450151187	-0.08975818113665923	55.85859287049689	65.66030752031617	
223.98084567547593	0.469038300301726	55.61536450190836	65.54869922140271	
223.26928219110607	0.43209619728496307	55.35583112938528	65.35376302242983	
219.56894701283593	0.6352255963498052	51.2337086697634	67.42012781095481	
218.16489171817733	1.512839364057804	49.05391232624982	68.74461576588	
216.39867264072728	1.6997522768806022	47.6562638684485	69.72891944157718	
213.6485706495442	3.3389332468480646	47.836736138473334	69.40480855259135	
219.64951022221376	0.5866029966422985	46.678205496246996	70.62299530193476	
218.8910497499683	0.9498232381418461	47.06509986183478	70.60398834068326	
216.08331642984683	0.1486087753977472	46.571392727358415	70.33904570702839	
213.77985581103246	0.23931550342388164	45.61629557051697	70.51077096600488	
211.29283237887228	3.4113276217918624	45.73492852111052	70.04403125609387	
209.785147602768	1.3355869537039737	45.82603101971492	69.41597014613318	
208.72172379128634	1.5360817111355232	45.84536426126959	69.1234631932756	
209.0907721585009	1.9657924348746292	46.99024799272947	68.5673583985722	
207.6605068283914	2.2731924795401284	47.47321112327013	68.15610049705114	
205.69611988437663	5.77356502107817	46.05510171433311	68.8440231881755	
202.03419406622106	5.651973203191659	44.496477497677944	68.99120002818455	
198.10390607708732	7.309989043713728	44.948134618370936	68.45971829869376	
193.98898141540826	8.74292387984405	45.328077497179464	67.25631801348756	
189.31321966794476	11.460676619636807	45.79952839841752	65.91608126025092	
192.08103560648874	9.976607827661148	44.114197548627516	67.0160665834219	
188.46070707724823	12.798126136432955	45.04822447252606	66.15439011526183	
184.8154780850755	13.727566341657123	44.9177391966786	66.45591438697292	
188.3355194835962	17.358438752910182	44.36528438273052	66.84696821711573	
184.73323337762403	9.2621141920945	42.92064375745559	71.3425319581929	
186.58962183024505	13.83087356282411	43.55548590891522	72.14493173480008	
183.34994299878872	12.278644328552872	42.66971123997976	72.58945162950528	
181.0093162412816	9.643141424975553	42.16954919713263	73.54670621595679	
184.5815814437924	12.639419774185043	43.15691385741863	73.75179995012448	
185.53338510007077	17.64908921858656	44.260182775101796	72.09250267966861	
186.32515703835796	20.992604867300287	46.258249816572445	69.34814935694209	
186.11356356350524	22.068529482787454	48.06480037082349	67.43948800052334	
181.75254530904834	17.82681237903244	48.653491275794416	68.77888019295769	
181.832611737985	20.603774957948552	49.02936743157393	68.04216761675998	
178.0270939525983	10.134715604835208	47.22160455569203	72.57194777623374	
178.14113928032006	15.215617943866107	48.03664632460304	72.85441990786433	
163.5948622430858	11.115832821638861	48.4640945793694	72.61459806247507	
165.89623544929313	11.319917445828423	46.921149983895056	73.13994680659243	
161.32624017190886	12.102482536143555	46.82319879672026	73.09023908937922	
170.5972092764123	16.05046016675673	48.2786055584165	72.70313821734355	
158.24882050294096	9.954882314373194	46.912776293835755	73.9367677151404	
153.6672979545672	9.547509923000561	45.78771256489968	74.4455754461126	
155.5379258073856	12.069595079703838	45.118681953104414	74.83053902476537	
155.2041540414685	11.99892198240071	44.875668155283925	76.01228214815886	
147.56747531629952	12.902108992309365	46.436103509369474	74.31301969411027	
147.35937027368809	11.386271633991782	46.26131679273914	74.6542959560793	
144.8667774741015	14.07839409326671	46.76352309427438	74.18289140389297	
136.35211798070904	16.610068679242154	49.793571641911356	71.59226166286554	
130.03037059439652	18.963017033410324	52.12320266026394	68.29758228641549	
132.04690433728612	16.374368645233226	53.94533737251326	67.31157664119986	
135.4426688025311	22.141370984592484	53.86662134256656	67.54881315053066	
131.55349294885684	18.937806288397404	54.784379254138656	66.80838194645476	
133.72645550519474	19.85263943383621	55.56761502250538	67.24535011984106	
133.87891467055687	18.374414716703214	54.67749966028317	69.1990473692392	
134.11891952598052	16.87125910143427	53.71288758751834	70.80846843635545	
133.1889935048018	15.840549347615124	53.4602055837027	71.76002084804648	
127.31483959754581	19.09203819267009	54.09749235634457	69.81984404218338	
129.18693076495748	18.571316478276245	54.64648619568506	68.5919679366693	
129.39181149413216	18.69891706021285	55.24120319192556	67.63069497876305	
125.55594719612179	17.6088239596359	54.00761829612496	64.55255321894893	
127.73782927362811	20.239949075785162	53.830817699309364	61.974105829744275	
130.38057130707878	19.61435206001797	55.0862901296004	59.70028236135495	
148.78065507153144	23.17734873067461	51.22454957213062	64.50368374202654	
150.91425806905312	17.62517168040862	48.731680034339746	68.39405859832634	
150.49576870193968	20.015953624659474	47.64145702067238	69.27887320790202	
161.7881238852279	19.015962270592652	44.69451444584397	73.15050887681295	
165.06053513439102	20.708833771375822	42.51464355808294	75.09865726700076	
159.87253856924332	18.460854985485142	43.01616788497258	75.73657998961525	
162.478027772791	19.44502782386042	42.72861419864138	77.10329061779633	
164.22486866228272	21.304079545740393	42.461857792735316	78.12296774502028	
166.24052397964383	22.774295782675352	41.295663992653616	79.05250988434005	
167.09531884089438	22.180419588159253	40.19132617845478	80.39573492449625	
161.81163606243842	23.73654720267278	41.446118302444326	79.34402132526046	
162.3626981334947	20.499546552181435	42.189277907051164	79.01671447118333	
163.03655152796512	23.892368742657418	42.77086093592038	79.29888300984807	
164.2744402022705	25.601951700086595	42.36676484837223	80.23180077800363	
165.1065593675672	22.149121818265513	42.62861163225792	80.46887285701445	
166.76832660112032	27.401917116177607	41.76675900795563	81.05614152937873	
167.77256525380778	24.29621603326879	41.31581556278728	82.11584272168562	
168.15569612454897	22.154804912706744	41.045708129624046	82.89655209736172	
168.39553492859878	27.73397190929532	41.1225424004917	82.9835288875708	
169.2652254539536	26.1811653226235	40.86217670012381	82.57130930487196	
169.37460076403363	32.77494929949048	41.38938309690867	81.74474331952179	
169.25224890091343	34.58080561762176	41.95739859907182	80.27544501469538	
169.40246403969863	34.644931012700205	42.045627262293536	80.01310375625103	
169.635877502935	35.458706342712574	42.08584941953049	79.38608083575113	
170.2055039404629	34.91674674527101	42.03182963678276	79.10995686256632	
165.36857237085843	36.97387068960735	42.94518805339645	78.00590327549887	
166.36820193637726	35.07736252304031	43.32876311844948	77.4034170413417	
168.2919642926484	40.0360149217242	42.75409702559713	78.2256780932781	
168.6588833244233	37.65577960815068	42.32990911496903	78.92303598467686	
168.9620130763438	36.57061661831395	42.23411910737818	79.54264651787815	
169.00538231390965	36.97481360395024	42.72433082469799	79.62947145539235	
169.98569182405927	36.60807162446574	42.48741626168176	79.93342077047288	
170.31654938168847	36.61977385066412	42.25650465398978	80.43643667291926	
170.67352414552752	37.33135636006739	42.19316628849739	80.6808173303441	
170.68835984307827	37.64232508773919	42.07287838407754	81.50580968743184	
169.84592925597175	38.590671494996826	42.41503073222551	81.2397967187265	
163.73712400137364	35.91754529080392	43.12433473812581	80.31138377142993	
165.58975586459212	32.99469506456872	43.246584706452026	80.30002712932637	
167.44871149217693	31.7445982324126	43.06134657178109	80.90154320612945	
169.9280432806112	29.225225986518325	41.50959556014385	82.4944275504418	
170.71378213675234	28.46178638392316	40.2421693663018	83.59805399426814	
164.44518907370036	23.523574964416227	40.84432932358253	83.14810468667557	
167.0277350850787	26.657321872224777	40.45997565455511	83.32882921670056	
169.3464352740328	22.449166869092068	39.55238718346148	84.54006300531461	
174.47558332848496	35.59468037805018	43.079478113741764	79.8074390025351	
173.3485157323135	35.5837658029736	44.92155614475345	76.82465213057827	
172.4380171892747	36.680542434689286	46.367018040725654	74.75871531733745	
171.98147745424257	35.796472593149126	47.87654837605861	72.84118176357084	
171.10993718485662	35.73315418740616	48.76779712104542	71.32848890319704	
170.3167158126181	36.810018898966504	49.48246399996763	69.51022336156896	
169.81925849970685	36.89416750509609	49.51402415744449	68.62410878318659	
169.38354900561276	33.99522326303399	50.631603474020906	67.50947542816894	
167.52900958915194	37.55551993253108	52.3143096358152	64.76343863061764	
166.57730997170574	35.50237770402361	53.137393876849295	63.8534190715193	
166.1246956606564	35.104360412727	53.158826879936996	64.07704664689511	
164.35238422056642	39.65003350129649	53.84401634756511	62.356833320403105	
164.11873674993384	33.69583000776515	52.78495161151553	63.45334684433101	
163.54693615430463	36.11784631756393	52.17068534729147	63.29016997577104	
162.8812608719294	38.78864319664756	51.701549228196384	62.68514228434573	
162.0417147268708	39.83042207634376	51.775422273356654	61.82963785632846	
161.14832194710445	38.90665317699148	51.72161616380669	61.99975801911535	
159.25916891720806	41.54685149629333	52.57489509156517	61.51924522297992	
158.55700841854633	41.244501153301535	51.80139898264168	62.22963348996622	
157.27015991853585	41.28611611016458	52.54759146701474	62.13095520622302	
156.37444326685636	41.4800160570646	52.4830374599642	62.33286823022769	
154.2492174016206	43.53160684142336	53.42102543005973	61.49579565122575	
142.92957227653773	27.240578361634917	50.9300342318612	63.929014567589746	
134.10718838686253	20.15622822226033	50.584891885479195	65.66486019393413	
124.70396656503732	22.34067011953498	50.769701999466534	63.65323829551826	
132.7327759111509	22.082296787722086	49.253557649585574	65.53177394725745	
135.74767548607565	23.527192926382504	49.39984921705171	66.0584207263331	
129.6041320033977	19.409499373914365	49.524039072422276	64.98993381546127	
131.3954694832329	20.78557113868648	49.196429553883476	64.53333038029265	
133.45041968032416	22.324979133537873	49.129158878481476	64.62895334398952	
133.10588798719593	20.334739771579734	49.22893015572531	65.54662879947318	
133.40521839174176	23.14344119503933	49.20161753694127	66.43964770548368	
133.35411718629712	22.361574841661223	49.0888878190435	66.99451910891042	
135.60646517904613	22.78287874915881	49.30079272847347	67.13879123871658	
135.47309629442708	22.185643994299255	48.88457088152736	68.3867128378646	
135.11109073100212	21.30931282438381	49.65619542051907	68.9120801366112	
128.87141972756012	16.980742338717853	50.843093198277074	66.32706698654418	
130.38637299003463	19.789458104751787	51.8451571742741	63.65840573912902	
138.0881324609007	21.122017214981	51.431211711240664	65.74337811773066	
135.6198231713588	19.754632187102814	51.74000026179054	66.3235995284675	
131.16225010627824	17.57603588060946	53.00634744938579	62.33731203128575	
129.48814024720733	19.603680166143505	53.72676169610729	59.992516190358344	
130.40970814132334	16.99555517070513	54.963990850425944	57.56710453725316	
131.28332411885285	20.689369336536707	56.47301571413829	56.214553300621745	
131.77302600586165	18.647051809012325	57.12540365097428	54.9878155987125	
130.4558673017632	20.4400669518331	56.474183577863165	53.99500077861661	
133.27498808827977	20.953488299462066	57.97161218991915	52.39324154178229	
168.19782728532365	36.14253595698819	52.06481853093878	59.56395527824371	
172.56840843560374	32.60936686682657	49.2393375925307	64.27162536965399	
180.490798637681	36.94706825135518	48.39143009029273	66.62873717274033	
181.5719522722497	36.22300570014491	47.722467485728984	68.46556419090183	
182.77418891141983	35.5730168945293	47.11320015812573	69.7066408795962	
184.2306499473071	38.37929083025405	47.053993744539014	69.99608246813816	
184.83447165717405	35.66713976379776	46.682381046469544	71.26430197089326	
180.58471777384858	34.13413674132096	44.65425991449993	72.87004631330933	
181.5166873796632	31.529059789810823	43.45021677859623	75.22324969486048	
177.8440144712206	26.185542349005523	42.09631046688038	77.25862270360732	
179.6883680970376	21.89789965519782	42.018931817083484	77.48134614053913	
182.1596281887278	26.259034778865235	40.855605988714125	79.61344887141475	
183.85019339320905	30.773426652617374	40.27886243392331	80.61607820221857	
185.7264833263992	26.437070452463104	39.72600795702364	81.91582049830959	
186.41992960454297	24.24299650833413	39.80122174782015	83.09784312716812	
188.18558376600674	20.16386457638575	39.30695151273745	84.8706909601811	
190.22021247876916	32.023143774570464	40.598664584343986	82.06726317904604	
199.19703790331482	41.86231316042803	42.81633560414913	77.92235355314389	
201.75960061564092	44.85626563334138	44.45017281072249	74.82815898214935	
203.98411735447138	46.46667252164988	45.443925549797456	72.07692072986248	
206.16042295563116	46.07237515736228	45.17640927621933	71.08376883253742	
206.74171958191724	47.58964608408293	44.49246045428451	69.31037376292485	
210.07956432937394	50.18517830616862	44.17877094792705	67.65872443983196	
212.28580185261498	51.634785599800196	44.2164573585067	66.68193977181167	
212.54589505286992	49.91775814255785	44.502785221149935	65.90408539216794	
212.79868134266894	50.97956569903058	44.981433325126545	65.44124892092323	
214.32826203474963	47.58783923360184	44.09098932530353	65.77152344601899	
215.4182877966652	49.80438398130124	44.21152068721459	66.29139015026618	
215.3024440194429	51.92794161625796	44.564296902912645	65.96554286665035	
215.23230827314	53.1994879274585	44.46939011862193	65.83319324237245	
213.11897173560396	49.92300394083647	44.075871619597365	65.55760515482548	
213.3227390886826	55.05537241489804	44.60159175142991	63.83942181845772	
211.57789464816108	56.875555475492575	43.90248506591408	63.72038033182065	
209.60022097992908	54.2029905670872	43.166328400760676	63.79330241166241	
208.97055587610885	56.50974053239282	42.272766495669195	63.48562866818496	
208.0818420795392	58.03095360444103	41.5074957054772	62.851906804941805	
207.71157169529357	58.28205113451667	40.00696954129023	62.92326554537341	
205.5707008251694	54.125014318587425	41.06110879969651	61.810466923813934	
205.06999236256914	57.07057876609543	43.23390588713613	59.311509888539135	
202.18850985242076	56.24606306663886	43.220164211876224	59.32717184165149	
201.90190383397228	56.99285662810478	43.54119659632073	58.77721058608644	
199.3311184979603	55.19451657543206	42.60470282666382	59.79516869130982	
200.83201269565396	57.72514550095075	41.86546192425742	59.65657643628073	
200.76423007975242	57.706999123722866	41.8885218393262	59.403617535396315	
201.0501738360248	56.50343791532584	41.98387280067362	59.44069357500835	
201.17017995214263	52.981446941975776	41.923748459253716	60.014123077250474	
200.8080266700723	53.8968202071304	42.30841845913963	60.473892685017994	
200.9208424264445	53.6762125378975	42.810269980529114	59.819536743958054	
200.48428242081928	52.63136023779889	43.06734272863411	59.85417142075439	
199.4732694516266	53.53023302499871	44.347639169109954	58.952028251426015	
200.0639672013704	53.7041871000918	43.735081133478104	59.534383441713004	
201.08800829964102	55.9218864218638	42.482276055619714	61.156339725231994	
202.06211169215436	56.339480637850734	42.37636897037632	62.425697124938424	
200.16700375661142	58.85560538934594	41.29413210556133	64.09084533084084	
199.86228714268185	51.41665426884479	42.679053412014724	62.8812555827074	
196.2408237646044	50.3214783494978	41.69868686372629	64.39710999584518	
196.86450665029648	49.77371184125221	41.80643209526413	65.30253542833674	
193.70961671385564	48.77885928684038	40.9178047949891	66.69530031775808	
185.71144710738733	43.22916584140683	40.41729113316984	68.65587228247772	
183.10088789021634	40.8185577979785	39.70014948908165	70.80023828884427	
180.14337521675324	39.278832105781134	39.753540581552286	71.68512056236864	
182.53671236101303	40.61050199038945	39.454014101107674	73.2263558549501	
183.10436891550378	43.85087346709622	40.93411394264187	73.66228036293182	
180.71611232048124	45.730198853168794	43.32461076382098	71.51029555968164	
175.45140084634198	44.41582228433461	43.66523957605213	71.53956735312698	
173.4965304680227	48.94145931336614	45.530878379184216	68.67077601448531	
167.988195680079	51.30975778569464	45.771815914666355	66.83847904426983	
164.96342473550337	49.64235755329479	44.82573898362723	66.15339015436373	
165.46228283196967	50.954127336178956	46.17059881761111	64.21207569674206	
164.16278434490437	55.42932177473779	47.81701373045097	61.632756727766484	
159.97499903343368	55.58577440338145	47.23790677160528	60.350014698990975	
159.7347405770919	54.34310214495193	47.19253452603986	59.020469069594526	
160.04300097769936	56.55799932466026	47.642271440050195	58.31063492288538	
159.1981696822076	54.87056091267826	47.35494774200934	57.75563828035769	
158.299215982949	56.79298717727069	47.63050673659592	55.925706224271586	
158.3025929768665	59.48589775345245	47.606615122574915	55.61439993778331	
158.51532567000586	57.45930878445149	47.20126114810607	55.12801565044343	
157.72311902588763	58.604292360880805	47.21719549442513	54.220048467067215	
158.21220690976025	61.11133413561508	46.799970303938935	54.29419409698099	
158.3479181731816	58.62114761770156	45.51301432983063	55.33985424599773	
159.11219026209383	58.8793571522069	44.682182811842	55.878209938187	
160.11183245612645	60.701984327698504	44.298692844019044	55.448267829711725	
161.50160757392803	58.60344054386834	43.905330161821674	55.58144300570946	
163.22740075935195	58.58379901331783	42.803119515766305	56.18510504363237	
164.82138578846684	57.039532933563315	41.91473432310657	56.790275720521166	
166.0885590104521	56.42222232199872	41.499504662278184	57.204557025513765	
166.86685367806618	52.95173550038578	41.03110075662305	57.35839029932435	
167.96004790123635	54.566637917629315	40.78271453901958	56.69473303067896	
169.72966535287654	50.001424304251096	40.15027060749521	57.35290168962534	
170.49279461348553	49.841957558902656	40.34556684244177	57.06200039009242	
171.61279150111565	50.814201478928155	40.830893644803005	56.19873830287193	
