126	15	32	33	
124.31818450200625	13.281373017203208	32.091965661285975	33.07345534727693	
123.44402584776685	13.811362320369838	32.16372316389469	32.895452749358896	
121.41976431938984	14.800352311950654	31.899720948279334	32.314715908325255	
121.91811584209357	13.662060842106161	31.818346405526917	32.3904342945627	
120.75423368290284	15.202441128050587	31.343342970307297	32.76461857168813	
119.60435401568563	13.156681873256517	31.32530321340262	33.13791637052188	
117.75047624807421	13.791350655929268	31.58016525306575	33.06985069677031	
116.20774999495903	14.959985230175771	31.891615445682213	33.31877367931978	
114.7129819778491	13.2278991846344	32.23724536341649	33.61540140547333	
113.66455170585823	14.83390845309232	32.322184024768845	33.394092650204215	
112.32860024600582	13.72084648810085	32.28764983357277	34.38590690687783	
111.45113807152634	14.09479739973844	32.357174292585725	34.4278695640981	
110.09000364528072	12.659035820951722	32.522179532329815	34.017129681128935	
108.75464092978322	13.874083649974544	32.829141392539256	33.94551161555155	
109.16253927289516	14.359245994914744	31.980684877652514	34.4602664525724	
108.93526603421248	12.301613817349615	32.48045969474959	34.85932950231325	
107.87496196516503	12.883513307601664	32.94747298135066	34.7879999756208	
106.52122909314556	12.166785463425821	33.44729068652542	34.38546583109437	
104.81670527071631	12.030818513319218	33.38746053902554	34.40127991381223	
103.93334697545512	10.94315081102486	33.65635377196584	34.85306034956702	
102.82571382030906	9.937028473843608	34.20737316548701	34.29521830632394	
101.47166903044399	9.774800494140592	34.45740271904833	33.586844146596974	
99.21975855942628	9.798843379176365	34.16912847675759	33.459227899001625	
96.9267507421545	8.225933540829914	34.38773535885976	32.9630664508166	
93.89221127335954	8.566941134581082	34.020251758302685	32.617030993205084	
93.64468732305541	9.409066230481411	34.1742147613928	32.2946785083899	
91.61018206018284	9.7414369206744	34.01370305889698	32.099964008506625	
89.94778307683423	10.197204300514535	33.95117335454315	31.545521122710554	
89.18386495339328	10.186142823030877	34.052667352508436	31.544407022510313	
87.73289674366926	12.127748741802595	33.73213801840117	32.09512272097762	
85.46097404545549	9.906718888582787	33.940816960513544	32.3696213731875	
84.36122769487608	10.698755180025092	34.22618779544615	31.858205660191196	
83.63575681066447	9.242887526377658	34.414522347034335	32.61871635429637	
82.7131614754008	9.171481592036663	34.67617126665379	32.86484552842403	
81.22203441423152	11.697763582954856	35.101191340148965	32.72677653789013	
81.90661598596364	11.991707525039718	34.349447558752914	33.05693983694413	
80.64505510321136	11.352881138209966	33.452004434349625	33.25407615304596	
79.00016234883293	12.967227247262656	33.71699870241435	33.181286797489406	
77.36210615293939	11.442400816404529	34.05693074103674	33.9504969445145	
75.45883147852271	13.508731676093017	34.33345293876233	34.3491653337801	
73.08110430828968	11.893420117250031	33.99801925585191	34.62667704132508	
72.32106148014401	12.364089952765067	34.50660872588685	34.73035985793539	
70.60419431140387	13.024494692897534	34.36548463631939	34.53266830140703	
70.94264186943566	12.757271745545825	34.18671918610741	34.395069680500704	
70.474456050191	15.421008027651428	34.532039126865726	34.176529611406686	
70.80090566497316	13.117340354130224	34.54748946137686	34.01562355296203	
70.29806313981723	12.92516390708412	34.76424189020969	34.51018803549657	
70.60234713013958	13.445629281065354	34.67237918414689	34.368796996625285	
71.8073159949607	12.621364342050594	35.247401295279175	34.40997747890285	
71.30290787365396	13.994620325781952	34.981967388165785	34.405308258174756	
70.24614247792778	13.026778591121865	35.05174145621426	34.54576455750439	
69.88302732808492	13.73712077304764	35.6481944138189	34.2993685857198	
69.86103702584322	15.554296690343762	35.43046386789452	34.36180792315514	
69.17885325404215	14.355063253993926	35.20511450018072	34.82798781808687	
67.47437027078715	13.862817282032594	35.23268441146915	35.03493717091456	
66.09924208330823	15.722624559860321	35.07065331274842	34.96509120618623	
64.88077004786139	14.53774798678429	34.89801400580396	35.87214493903873	
65.00226629616124	13.037488249752627	35.780492505107276	36.067760429032234	
64.81064537991563	12.804739314307017	36.239237649649795	35.97135577688268	
64.25663308430465	13.350787320828971	36.30264005802568	36.131343184592254	
65.10219377105946	13.77795869535116	36.112650695929624	36.318347820000696	
65.38565976713836	12.647956367696626	35.5549160813716	36.42433431162873	
65.96272611460861	13.111246734957206	35.358212259016405	36.54648693072238	
66.71158601625349	12.705582423331307	34.99719117856599	37.114904602598216	
66.5269903298395	13.623940407625234	34.88231946250008	36.96337859639745	
66.89494341149447	13.067816963662239	34.73631856118356	36.707438772058424	
66.62967434455106	14.129507843444511	34.4221624978925	36.35408691495207	
66.37731682446535	12.988270617836953	34.378838340142146	36.02688476666462	
64.95127199652717	16.359095584100046	34.16025572238267	35.088351632539315	
66.09083681480386	15.254554478107558	34.3957695165391	34.1327323827323	
64.95001497191406	15.692520560755785	34.3600773582788	33.526872796819696	
64.2889601960083	15.335437427607946	34.521481820521224	32.940833355565324	
64.24640187737852	15.602965326686018	34.65646184095473	33.04566262534894	
65.0568425742544	15.971171240545303	34.43604426670675	33.1801245468865	
64.49150465078482	16.983294276479	34.35354577053679	32.95614700586475	
64.6625002917992	17.58996991963371	34.64685870107819	32.54875321572156	
64.88381010403558	17.439331895256274	34.08889110260309	32.260835622337	
65.14146216256668	16.765984911382247	34.172637566996116	32.218654940083525	
64.50319146324692	16.478814549074364	33.87811532790218	32.20225659333012	
65.17347371747236	16.647213642810822	33.6873436098642	32.17291057789814	
63.57160765762812	18.477703524972373	33.2156125299372	31.81307374455954	
64.60443139499301	17.506844208190525	32.77849841854969	31.749462769205998	
64.63643571442316	17.191235113684094	32.20869102261315	31.805399993844322	
63.80297474023038	17.996030407193043	32.22876274268908	31.4581045337414	
64.60318299119044	18.288976901014053	32.136588371048504	31.16017010847349	
63.891120161534914	17.2962109084747	32.55668571004704	30.90067765087947	
64.39562318475642	18.256250612771115	32.34332573503806	30.8270730090179	
64.09383686204524	17.755090752188373	32.74775464290586	30.19712585110166	
64.68008080113765	19.24427400180014	32.54613392170347	30.22027426352974	
65.12996150616851	18.60809518877292	33.0963333394692	30.044286466839424	
64.80928881167186	18.47707266909675	33.08558180129652	30.377663759707488	
66.39380459934806	18.60886294811145	33.03495032283744	30.731527776511	
64.83311663921464	19.280316324526666	33.34813494366581	30.732192328955538	
64.63446375247291	18.56638633040129	33.759128824170396	31.029743331496142	
63.78381303600176	18.2122195376347	33.80198728302212	31.251328758097593	
63.751200104043775	17.7139001081217	33.19439371134163	31.840802805035583	
64.2152326442228	17.492187192168927	32.652764884769674	31.627144231518912	
63.926722601947404	18.09165219133898	32.09011865042703	32.422193210382176	
64.87639224251467	17.370060110317386	31.31149975579762	32.92548966996031	
64.80579297275808	17.67766900723848	31.388812278703515	33.3652390411114	
65.22632965552813	16.51853422724904	31.27350056515622	33.69511827459034	
65.28698316090892	16.976255590054095	31.049388908498692	33.591195231387616	
65.12356961001704	17.772541078576474	30.83900113506117	33.61365931141073	
64.73262517076364	15.662845015933787	30.934841803900778	33.719867938313534	
64.48600136353629	16.725512661934165	30.78212115997459	33.92927829183585	
65.86293163411241	15.60702298552527	30.791105658190016	33.61001732444795	
66.34313218498545	17.10622656872504	30.594770418145924	34.13046143826081	
66.4328080224606	15.22075516924048	30.817274450364188	34.54559311815034	
66.16927046866994	16.28781813943113	30.769734973499553	34.905250651737546	
66.24736898945677	15.810364635290181	30.72147967118703	35.348931184780646	
66.08352144776755	17.0836567611203	30.867562397068273	35.276729810470265	
66.19140346333168	15.272177016825015	31.01315679990187	35.84052024502946	
66.48623213916356	15.284336962078811	30.54452295416425	36.345081546729205	
66.75538997929046	15.537293791002057	30.44683773965638	36.572516914132194	
66.21929717022591	15.644721721251038	30.542456804669637	36.29119291911179	
65.81426197375524	15.411794493373822	30.424741562616482	36.01210846485875	
65.85119282863369	16.941355911336455	30.365696760094067	35.26539622196632	
64.84723105843966	14.67339781739928	29.94785979289851	34.89787717958554	
65.54471985666478	14.055601354478924	28.684876920721933	34.81430523325676	
65.4609844037584	14.6887480597014	28.518553113514365	34.12795327436134	
66.09804577967726	15.210839529562666	28.537223993230302	33.2818813919203	
64.65426654558907	15.359863760582158	28.169530100109093	33.262817238124114	
64.35942630682203	13.737445172743513	28.350558629667987	33.09170125446913	
64.89577680117428	14.46136864086958	28.252108494025173	32.792450724199966	
64.67885072319817	14.62914721527272	28.52783365500993	32.5118926773007	
65.28161158612919	14.557502228125045	28.507920912187746	32.5977346295285	
64.8493739694076	14.717465437339072	28.545233224202274	32.63953386927878	
64.6666235937667	14.390000771245486	28.72836589069574	32.10027067274128	
64.91120924457248	14.967926845383737	28.6655574612079	32.21215507861059	
64.59266620012428	13.69359322777688	28.517315281099457	32.424778955975185	
64.74971185254662	14.46153918620034	28.62538582360775	32.43263196081253	
65.01876197296725	14.121528549958057	28.75496280644891	32.70418927837156	
65.17129780262317	14.77304301298161	29.103907105446233	32.46940373668572	
65.55892919624239	13.030196202408021	29.23332182846933	33.315232436263074	
64.92617800438936	13.599379494939306	28.59929785452465	33.37993410757868	
64.77541654461261	12.593564639937949	28.88489395105816	33.09084503324912	
64.97080657126915	11.864883120001455	28.687473004524165	33.25155468319138	
65.28041260889766	12.477725733154681	28.81128867594456	33.43349095976121	
64.61897597669402	12.734892788209073	29.3078383715309	33.46911311176409	
64.66954728573192	12.391957350768436	29.321355427920746	33.78732787492814	
65.02323067263693	14.241529360211086	29.411683933232133	33.57398865226171	
64.38217521799504	12.144941073937662	29.879955406938493	33.73055605198751	
64.09313992961164	12.971988370424029	30.063044569625653	33.46234741291798	
63.578713947535945	13.476783429530492	30.279952049066335	32.668432112267155	
64.16094602242516	12.953000224548536	30.1415437121236	32.8184670724363	
63.621215080797725	12.909154139451392	29.989031947307186	32.8813608009523	
63.85839838937033	13.427529037464708	29.763556847681922	33.26988490018934	
64.10763303954243	14.740145177222036	30.609942259823995	33.2043733752981	
63.72563846777929	13.032330361734527	30.18611704845373	33.941751024537886	
64.07240563742806	12.038343399383635	29.661591768823783	34.066322940229355	
65.35224850841173	12.574382138469325	29.74203988458347	34.01092498743334	
65.0558279236854	12.221578560571572	29.831507490746507	34.396545889252025	
64.52123729944036	12.375880665655526	29.11360857051253	34.272913861000355	
64.08041411550064	10.800028035744297	29.195923988608612	34.37297074245062	
64.08801170062252	11.879914799436555	28.765912230201515	34.20534919069782	
63.73571601022357	10.525414110774697	28.114976090819646	34.33180266496062	
64.40758350098982	10.08201711623611	28.04331163636389	34.63000633011278	
64.25235030317599	9.584721076989421	28.458163229154177	34.33168377962361	
63.487859018795696	10.008354627666971	28.06421484202791	34.60266573699196	
63.486792022556244	9.467039649945853	28.00145102160389	34.55607437228191	
63.69447377504852	9.080345944615178	27.820204875542295	34.23054537154342	
63.634842363595084	9.243455285235001	27.915400710070404	33.791388673650715	
63.38401124339923	9.010587463503217	27.922537041038282	33.01502157491915	
63.082307985340734	9.739443489677587	27.85271767748608	32.83638168805961	
62.63002064291999	9.042741919994015	27.467618437881463	32.42018697758087	
62.20065382282057	8.587203501062227	27.480187136292592	31.863660728019212	
61.20921054056274	6.911338408485481	27.865172594927508	30.93613266198252	
60.48941061693039	6.653664483298051	27.91083080133832	30.51204973909917	
60.99557271154573	5.769173727252884	28.060260028169054	30.5533473494027	
60.821739023924884	4.246126360785665	27.94953129645235	30.446350890091654	
59.988887583394224	5.484151900736238	28.333402078552794	30.30240711571724	
60.44919861159007	2.5508144109588784	28.344083821313475	29.599577834255115	
61.14950754608101	3.2137481644258656	27.914763514453938	29.19044615524396	
61.52297544180937	2.6685592604733657	28.014203307599576	28.561806815131078	
56.50156370006009	3.4509680039535446	28.285014080526857	27.44094871332735	
50.10325960286288	7.523167261813626	29.424848707721566	27.513019962316662	
48.950776113742634	9.198514875051618	29.860765898440697	29.334632227143167	
51.34122298735262	9.970923894620373	29.548481961096208	30.46590538215849	
51.903143774361695	10.150804045659523	30.296393126030694	30.898122247209706	
53.186527056829405	9.989307488355704	30.621107722212827	31.72438813365267	
54.47131832117935	9.567685382590646	30.70097072726537	32.451065016610514	
54.36949533618953	11.038496076289334	30.88343893040039	32.27436791700916	
54.31994960380189	10.787881466646063	30.491596470262273	32.92273826507416	
54.91080187390442	12.150036002265338	30.35768114609877	32.97181066546952	
54.67742037966201	12.485514521400397	31.023858700742842	32.223180370802154	
53.31212403607721	13.31736285224492	30.63999115803879	32.10394662834834	
54.19081582627145	15.45039536771168	30.114689348547223	31.128846677676048	
52.44409492909034	17.704849566374484	29.31141063814869	30.128685142761935	
51.57106299417605	19.732566403693404	29.059632553745995	28.84542248863191	
49.22203854512348	20.393091265624008	28.505955778175597	27.814495959226804	
49.36609966781208	21.018248884346853	27.745850606668114	27.642900337717396	
50.13532637721863	22.27745521644452	26.691499496605168	27.233908688307828	
49.78874289971175	22.44130157434103	25.587568172619598	26.94653525880164	
50.03169489517983	22.144605201712928	25.03619590017594	26.568748995573955	
50.05147722625813	21.918353058463445	25.068032945847392	25.731853419783487	
49.566045203125626	23.251921652963272	24.630799486542934	25.36298597947158	
49.872263039472806	23.357061299677035	24.61743084618577	25.18287052550348	
47.82148473183585	23.563322131150475	24.277946468722863	24.789756468308944	
47.754909903839625	24.055216937600456	24.12416875249814	24.36209589374288	
46.75956300010267	24.146107235937606	23.797637342152832	24.13503144306085	
46.66267500475875	24.621999629290602	23.807709925195446	23.973235591348605	
45.31414159792294	24.397475297632127	23.671157382711662	23.92790172421474	
44.360367496207175	24.016625760877613	23.645655907340718	23.869644435476296	
45.03949830962811	24.62059128018817	23.993324275081974	23.630685066529104	
43.09758916125219	24.749560694278017	23.656784200099196	23.74355087601992	
42.5640328475427	24.767553489917585	23.565881576358507	23.784447043609482	
42.21601724191114	24.04546526475688	23.28796943492235	23.810054048320843	
40.63668060511995	24.53849475363198	22.912571978295375	23.732189076059996	
39.50689442973728	24.16776155354987	22.906130229939624	23.453697695386204	
38.24162264433498	24.83919569493642	22.552651088036697	23.501007258567995	
36.412716962601	24.9294907606426	22.32033002428908	23.13202401115832	
35.41334497529731	25.316301175156575	21.8194135069531	22.90516880760721	
35.25465984635915	25.935541569095083	21.746774838437837	22.716490799881562	
34.50919227141637	26.70549922358316	21.33736740466707	22.880060741378433	
33.54035624220147	26.136937124242074	21.636115102821613	22.793904152592646	
31.94873165600319	25.792077741921645	21.63160249161831	22.69581515461067	
29.47856141681693	27.379809052973663	21.742058917714218	22.394765307546308	
28.029784751772418	28.04364784886263	22.086142589905293	22.08779794564203	
26.716298564735983	29.231742248872088	23.255486952274673	22.447716256600287	
27.981545408249392	32.38003943936651	23.796902692890676	23.758242389527453	
23.941495326771847	35.36483438737531	24.44780268342145	24.802546574625573	
22.58094140662724	36.61219806995297	24.21691944247287	25.30111225642157	
18.675061614539523	38.77456838144728	24.46842016129186	25.74193798246248	
16.342673420927035	39.8276814770813	24.36004753499755	25.526494505084507	
15.072374973766657	40.434653314136455	24.573490985028144	25.397682476176836	
13.07264004617533	42.10819256129626	25.093541131958844	25.212529774551307	
12.880043938947058	43.87192107297841	24.980434880209792	26.212482304714854	
10.677880057126808	42.28408272564839	26.387432931936228	26.51515480130056	
8.827030091551123	42.5904054585382	28.137474375767653	26.934848550799565	
7.889239851143181	43.3077032691123	29.48520750693983	27.43633338543138	
7.646259641090058	42.23165383892997	30.232685064335122	28.15442328984053	
7.31676764287722	43.30352803620992	31.62664821344024	28.838165463441655	
7.599951418044142	43.385775950120944	31.85030714902635	30.0295184248347	
6.5433699454110315	42.35226184183798	31.593109719841888	31.278847864678667	
5.9655761871740225	43.19447699124814	31.558336451785266	32.03469776490925	
6.385433337323025	44.37763055430841	31.70512390481749	33.171509392221935	
4.671167522839429	46.047253626716945	31.823489890092667	33.94030358019906	
5.116387072288331	45.05774994999097	31.94319097178263	34.93705309063343	
4.398548317924231	46.807136701318086	31.90296187002194	35.551619965786806	
5.400191590470165	46.2864755927847	32.22149772979152	35.911061827972304	
4.14538760932566	46.300820302085384	32.043194181613	36.82356920864919	
5.228156984331541	46.468859398276635	32.1586252897708	37.4134032772759	
7.541973240552942	45.48018171292011	31.633852274398308	38.43179346568458	
8.449778967403468	43.804430391616336	31.925227104953237	39.15141463284351	
10.31170902013946	42.50377532203702	32.19190678868108	39.87572837403003	
11.290527800917417	40.659294044963985	32.56942328367424	39.66789207907026	
13.781139637296466	41.58682791278315	33.15492724916077	39.13805792211389	
16.09166651875126	41.900152133505614	33.32504026863033	38.833565224506316	
15.675604374465301	42.206216068992035	33.749617023690135	38.07391280297634	
16.52916269479855	41.42918991001157	33.588388806943314	37.94105878319923	
17.208182551769106	41.488600249435436	33.55312505297077	36.86925251961563	
16.40139487717859	41.510021336809665	33.489591875921946	36.50479143026298	
16.79616244203096	42.525041041720186	33.26380242368837	36.25603587588018	
15.830357864583881	43.028511659071356	33.37778510229468	35.88760409352082	
14.376625885004266	49.292410115045335	34.19650704370794	35.163928199028916	
15.770120125308889	51.047697478550035	34.47664984399774	35.065284986759515	
15.166969691748363	48.988854732922036	33.90403947817049	34.98263163753089	
15.386913472712255	47.58923928481647	33.08563360307323	35.46606854265315	
16.391457814024804	49.66515230374006	32.16582588339216	35.77842678901617	
15.607450746696607	47.24502217321459	31.852837711110382	36.16179122182003	
16.887516378502678	49.349119013549185	30.888025957004466	35.967703814801986	
16.507785650493556	46.858395178650454	30.674756061170292	36.35975405417951	
17.521166500821657	48.949308643549976	30.27814217526476	35.97601352918089	
16.445952096001456	50.69981747733169	30.398070572917856	35.54372645434511	
17.31038728584317	49.37267092392855	29.994650255986198	35.29823094306362	
17.176427026321196	48.08531927631458	30.260134033309264	35.11552037415584	
18.264098750225944	51.44972021393568	29.9332290868578	34.442457424847476	
17.083719232311196	50.297069506924075	29.95877088521476	34.03952643606917	
15.616518092416282	48.474096128968185	30.507312483470777	33.94339703345738	
16.22739627195512	51.258332470422815	30.053650604430793	33.7990972288135	
17.012209022713716	51.68243149320634	30.90576444274209	33.46370172450241	
16.86845001862991	51.93389510364732	31.09760643857249	33.399854980381306	
16.610391011205543	51.50228508400644	31.129470391245476	32.907139684503775	
16.11143487139838	53.21487331379144	30.35822621486615	32.92402941756072	
15.8411966483071	52.51057725010804	30.668403396856128	32.708686203092505	
14.271217645622404	52.85747520000281	30.81682764596942	32.74908321111317	
13.803617782720675	52.169970177968246	30.085764745124926	32.97031625189403	
13.982063226096667	52.54449417465905	29.90487551144816	32.80618955892364	
13.583932963514542	52.351555075436934	29.84088794777574	32.54084147524812	
11.878010176869662	51.42692374318797	30.192851833901194	32.85648223251187	
11.167675668081497	51.406339717949045	30.163696756705185	32.93565250204084	
10.692914322018368	51.426817533581435	29.8884919374255	33.387124726506116	
9.82313645623065	50.84194430409879	29.557796204157185	33.21952498929678	
10.55550322230914	52.19791096554582	29.682804974894797	33.93037885588636	
10.554222600520204	50.464724176081376	29.760462602163503	33.73983891590961	
11.151876704035324	52.181550749434614	29.7749540424645	33.97847251808925	
10.113159947096502	51.478065728822074	29.64672983577635	34.470093135428975	
10.165158939925135	50.760207589991	29.455883375080077	34.14674652685304	
11.180916452922185	52.4426320497929	29.599614110957315	34.20041114370248	
11.540761769525755	51.35428958773319	29.43596543369805	34.394225012218875	
10.531045167455261	51.88432716568889	29.35920723158904	34.63986350987194	
9.87907951419864	51.34264952474897	29.49217644284166	34.72866552379598	
9.80447751083493	51.36719596749944	29.653659893943225	34.48379346372877	
9.002556541783134	51.121008141239294	29.88604628185303	34.225974983921034	
10.189566358680414	51.112458728215856	29.822980026735838	34.115105260239524	
7.6849531978217165	51.844235081389506	29.94400511172838	34.514266486883244	
8.639164755597228	52.31768998767062	29.942946841453235	34.934629647381634	
8.068756967515771	52.85920367842762	30.54534996587207	35.130475351843266	
8.1343601771681	51.666210647143494	30.503806456075164	35.12461404235647	
7.630348334039574	50.74311247078343	30.796859613252778	35.12151883204254	
7.17486214068021	51.8245968521763	30.847307822420237	35.2369948362551	
7.829143722276868	52.5164663954076	30.712309808534172	35.24838829144899	
7.827847332987947	51.52862644995805	30.67988372209293	35.162318247197945	
6.60941491696488	51.802739453460795	31.01771114531033	35.18096430049137	
7.427705965599213	52.34433683258439	30.897965929679238	35.16767017414878	
6.965114504737141	52.17463644569451	30.838232939252045	35.305853445572964	
7.851706727855808	52.002511532918476	30.886102713214296	35.110498845694735	
7.566141821298549	52.31335453415749	30.864826670673143	35.2815403732193	
7.978583744003162	51.84771449207927	30.73089739126581	35.25391940966914	
7.978297128446037	51.0361240578809	30.40312386329917	35.07858853452035	
8.806543951488287	51.09994117189304	30.153309132238476	35.0071415375897	
8.207328972681436	51.93937545007212	29.986893098717534	35.17466871220384	
9.206366939721011	50.85524556062645	29.513616273143633	35.20770867870199	
9.207692108809212	50.10976362552989	29.31853753981514	34.925959960584876	
8.100514371842614	50.06368758311104	29.542656612190413	34.24843398918249	
7.971509877606028	51.95133984350105	29.51853494203703	34.56619997545202	
7.791242162784695	52.664519301823496	29.584567994169625	34.80970917041755	
7.847650187658649	51.90416351636655	29.68261984109778	34.43378091741787	
7.617259072801964	51.8477794754935	29.523045451453086	34.74845837733493	
7.717455289527031	52.95157853063143	29.94366510963961	34.49971506156133	
7.444563285177516	51.6120279072832	29.920594428740557	34.531378735778546	
7.900788547618674	52.50673191983651	29.974856617099817	34.49261682502129	
7.740988765503527	51.33184912345551	30.03045740465584	34.65621327029183	
7.639787581670046	52.14875404197449	29.847266030190617	34.99312467806588	
7.935341781142419	52.45376563940249	29.73854606804015	35.139848669393814	
8.197103239244575	52.03365009791502	29.81384216924612	35.050848108691994	
7.170545885721015	52.38857707916537	29.71913688041311	35.20321234735173	
6.860837949011312	52.63948069508623	30.238197113778767	35.259946949864414	
6.640807439091365	52.97848770837902	30.635627140788863	35.12878128000262	
7.818147997238496	52.45321607470437	30.88812352045102	34.85335711628348	
7.556243267353933	52.628122046529285	30.626241122882195	35.28223998111679	
7.73414892056746	52.83841346479976	30.92012932559897	34.898632524609106	
7.161661024083074	51.92424399545581	30.979108013922968	34.96167321595964	
6.802199824992524	52.52870874414356	31.38702213754886	34.92949664350328	
8.130435260132762	53.964019992108376	30.97268703043672	34.227952497640786	
8.91541007327745	54.21388271300222	30.473580981532294	34.10114876109906	
9.357582336441036	52.6779641008127	30.05603470111195	33.86719389220113	
10.540613449629557	53.68523092864258	29.964118554751998	33.551554498855204	
11.79879407593604	52.42317118949866	29.83086734852575	33.465114990479236	
15.010662083706634	54.07165772997989	29.877483982673283	32.92774445620868	
19.54991067330903	52.724523426287746	29.860253702577385	32.80160495774273	
23.608573908532506	51.96450924496756	29.372185864790335	32.60650108390241	
26.996947932921415	54.6966415291049	28.86811619125666	32.2542641607388	
30.17941578517197	53.00771138676022	28.627055627899352	31.74079420327118	
34.75416620686511	54.77953915174451	28.71964691708144	30.91591895246215	
36.61819148519868	55.263741178370125	28.001477141587998	30.519539602236733	
39.02851536050522	54.36102906132905	27.78570638606159	30.035987643844525	
42.52918967730513	54.81483280353644	27.632201399464936	29.803170482210348	
43.72745898010059	54.95672559867744	28.11901936507153	29.30702833944671	
44.18961996664191	54.12195462218483	28.188625288011693	29.34583274932583	
44.85544926349657	55.931060357450264	27.80314095825654	28.878122053178515	
45.359870479608176	55.88159465834508	28.000503536447436	28.60324563369136	
45.20555552534012	56.537704725314065	28.009052191931794	28.286133448533448	
45.48542440280355	55.88998963404663	28.38885833987892	28.09249619580374	
45.77381007609948	57.831859362832006	28.941766673157673	27.664672666119948	
45.7106870312586	57.28902680919656	29.413159210259554	27.850423866339757	
45.32377458874107	57.04397936825575	29.47373703451886	27.935493891892413	
43.574314170762364	55.98743594496562	29.419858645622753	28.482970091271127	
40.91655320297028	54.64198259786674	29.294446876830712	29.094654344749266	
36.633758395682364	52.24855801357036	29.62748873139677	30.183965137487554	
36.562739785841025	51.890856838549425	29.357025033167915	31.207755541900305	
34.78360534290911	52.90888214032222	29.422400700037592	31.980076482238992	
34.42834011479422	52.5352772622608	29.83829910885261	32.71683106864684	
34.26129184609656	52.78886464774905	30.016046806845722	33.05410569857213	
34.760095290535894	52.3952601014103	30.376005201742384	33.3612293885225	
36.63869832600329	51.113976510114924	30.14287583101816	33.18960682234921	
36.691464704208315	51.210296468013965	30.234969903755463	32.750071950916066	
36.081667018834764	52.0115852302496	29.612334239270012	32.96576677866342	
33.97270918059017	51.70422781083673	29.57097734038078	32.953397421875316	
31.912131782718017	51.13434278907101	29.433253428239347	33.04963867016443	
33.15470465773676	51.46169134217507	29.54485316922969	32.9037215665503	
34.519775396965045	51.30262957663271	29.61880934320842	32.76940119991088	
35.6671879822033	50.93697840840994	30.481209781557595	32.28348275312276	
37.936513232621195	50.74835044030459	30.10902885469642	32.1061780876222	
37.779795820331536	50.44901842948086	30.151765131912455	31.79636557776408	
