336	110	28	51	
334	109	28	50	
333	108	28	49	
331	105	28	49	
330	105	27	48	
327	106	28	48	
325	107	28	47	
322	106	28	47	
321	109	28	45	
320	110	28	45	
320	112	28	45	
318	113	28	44	
316	112	29	44	
313	113	29	45	
309	110	30	46	
306	109	30	46	
304	108	30	45	
300	108	30	43	
298	108	30	42	
296	110	29	41	
293	110	29	41	
291	113	30	40	
286	115	29	40	
284	116	29	40	
282	118	29	40	
279	118	29	39	
276	115	30	40	
272	114	30	39	
268	113	30	39	
264	113	31	37	
262	112	30	36	
259	112	31	35	
256	112	31	35	
252	114	31	34	
247	115	30	34	
245	116	29	34	
241	117	29	33	
238	117	29	33	
234	117	28	34	
230	116	27	34	
228	114	27	35	
225	113	26	34	
222	112	27	34	
218	112	27	33	
215	112	27	34	
213	110	27	35	
208	113	28	34	
206	115	28	33	
203	117	28	32	
199	119	27	31	
196	118	27	32	
192	116	26	33	
188	115	26	34	
185	112	25	34	
181	112	25	33	
179	111	25	33	
176	111	25	33	
175	112	24	32	
172	114	25	31	
166	115	25	30	
163	116	25	31	
161	117	25	31	
157	117	25	30	
154	118	24	30	
150	117	24	30	
147	115	24	31	
145	113	24	31	
142	112	24	31	
139	113	24	30	
136	113	24	29	
134	113	24	29	
130	113	25	29	
128	114	26	28	
124	115	25	29	
121	117	24	29	
117	119	24	28	
114	117	24	28	
111	117	24	29	
109	114	23	30	
106	113	22	30	
103	112	22	30	
101	110	22	30	
97	111	22	29	
96	112	23	28	
91	113	24	28	
88	114	25	28	
84	116	26	27	
81	117	26	26	
79	117	26	26	
76	118	26	26	
73	118	25	26	
71	116	24	27	
70	114	24	28	
68	112	24	28	
65	112	25	28	
62	111	26	28	
59	112	26	28	
55	113	28	28	
52	114	29	27	
50	114	29	27	
48	114	30	27	
46	115	30	27	
43	116	30	27	
40	116	28	27	
37	115	27	27	
34	114	26	28	
32	112	25	28	
30	112	24	28	
28	110	24	27	
25	111	24	27	
23	111	23	27	
19	111	22	28	
17	112	22	28	
15	113	22	28	
11	113	22	28	
9	115	24	27	
7	116	25	27	
