49	58	8	25	
47	58	10	24	
47	58	10	24	
48	58	10	24	
48	58	10	24	
48	58	10	24	
48	59	10	24	
48	58	10	24	
48	58	10	24	
49	58	10	24	
49	58	10	24	
50	58	10	24	
50	57	10	23	
50	57	10	23	
51	57	10	23	
52	58	10	23	
52	59	10	23	
53	58	10	23	
46	58	10	23	
45	58	10	22	
44	59	10	22	
44	59	10	22	
43	59	10	22	
43	59	10	22	
43	59	10	22	
43	59	10	21	
44	59	10	21	
43	60	10	21	
43	59	10	21	
42	59	10	21	
44	59	10	21	
41	59	10	21	
43	59	10	21	
42	59	10	20	
42	59	10	20	
42	59	10	20	
41	59	10	20	
42	60	10	20	
41	60	10	20	
41	59	10	20	
41	60	10	20	
41	60	10	20	
41	60	10	20	
41	60	10	20	
41	60	10	20	
41	60	10	20	
41	60	10	20	
41	60	10	20	
40	60	10	20	
40	60	10	20	
40	60	10	20	
40	60	10	20	
40	61	10	19	
40	61	10	19	
40	61	10	19	
39	60	10	19	
39	60	10	19	
39	61	10	19	
39	61	10	19	
39	61	10	19	
38	61	10	19	
38	61	10	18	
38	60	10	19	
38	60	10	18	
38	61	10	18	
38	60	10	18	
38	61	10	18	
37	60	10	18	
37	61	10	18	
37	60	10	18	
38	60	10	18	
36	60	10	18	
36	61	10	18	
36	60	10	19	
36	60	10	19	
36	60	10	19	
35	60	10	19	
37	60	10	19	
36	61	10	19	
36	61	10	19	
34	60	10	19	
34	60	10	19	
34	60	10	18	
35	61	10	18	
35	61	10	18	
34	61	10	18	
34	61	10	18	
33	60	10	18	
34	60	10	18	
34	60	10	18	
33	60	10	18	
32	60	10	18	
33	60	10	18	
32	61	10	18	
32	60	10	18	
32	60	10	18	
32	60	10	18	
31	60	10	18	
31	60	10	18	
31	59	10	18	
31	59	10	18	
31	59	10	19	
31	59	10	19	
30	59	10	19	
31	60	10	18	
31	60	10	18	
30	60	10	18	
30	59	10	18	
30	59	10	18	
30	59	10	18	
31	60	10	18	
30	59	10	18	
29	60	10	18	
29	60	10	18	
29	59	10	18	
29	58	10	19	
27	58	10	19	
29	58	10	20	
27	57	10	20	
23	59	11	19	
24	59	12	18	
25	59	13	17	
25	59	14	16	
24	59	14	16	
24	61	14	16	
24	60	14	15	
24	60	14	15	
24	61	14	15	
23	61	14	15	
23	61	14	15	
23	60	14	15	
23	60	14	15	
22	61	13	15	
22	61	13	15	
23	61	13	15	
23	61	13	14	
23	61	13	14	
23	61	13	14	
23	61	13	14	
22	61	13	13	
22	61	12	13	
22	61	12	13	
22	62	12	13	
22	62	12	13	
22	62	12	13	
22	62	11	13	
22	62	11	13	
22	61	11	13	
22	62	11	13	
22	62	11	13	
22	62	11	13	
21	63	11	13	
22	62	10	13	
22	62	10	13	
22	62	10	13	
22	62	10	13	
21	62	10	13	
21	62	10	13	
21	62	10	13	
21	62	10	13	
21	62	10	13	
21	62	10	13	
20	62	10	13	
20	62	10	13	
21	62	10	13	
21	63	10	12	
20	62	10	12	
20	62	10	12	
20	63	10	12	
20	62	10	12	
20	62	10	12	
20	61	10	13	
20	61	10	13	
18	61	10	14	
18	62	10	14	
20	72	10	14	
21	70	10	14	
22	71	11	14	
21	72	11	14	
22	72	11	14	
21	72	11	14	
22	72	11	14	
21	71	11	14	
22	71	11	14	
21	71	11	14	
21	71	11	14	
20	71	11	14	
21	70	11	14	
18	64	10	15	
15	63	10	16	
15	62	10	16	
14	61	10	17	
16	60	10	17	
14	60	10	18	
15	58	10	19	
15	59	10	20	
14	58	10	21	
14	59	10	22	
14	58	10	23	
13	57	10	24	
13	56	10	24	
14	56	10	25	
14	55	10	25	
13	56	10	25	
15	56	10	25	
14	57	10	26	
14	55	10	26	
13	56	10	26	
15	56	10	27	
14	56	10	27	
13	55	10	27	
15	55	10	27	
14	56	10	27	
14	57	10	28	
15	55	10	28	
14	56	10	28	
14	55	10	28	
13	56	10	29	
15	57	10	29	
14	55	10	30	
14	56	10	30	
13	54	10	30	
15	55	10	30	
14	54	10	30	
13	55	10	30	
15	54	10	30	
14	55	10	30	
13	55	10	30	
13	55	10	31	
15	54	10	31	
14	53	10	31	
13	54	10	31	
15	55	10	31	
14	54	10	31	
14	55	10	31	
13	55	10	31	
13	55	10	31	
13	54	10	31	
15	55	10	31	
14	53	10	31	
14	54	10	31	
13	54	10	31	
13	54	10	31	
15	55	10	31	
14	53	10	31	
14	54	10	31	
15	55	10	31	
14	54	10	31	
14	54	10	31	
13	55	10	31	
15	54	10	31	
14	55	10	31	
14	55	10	31	
14	56	10	31	
13	54	10	31	
15	56	10	31	
14	55	10	31	
14	55	10	31	
13	56	10	31	
15	55	10	31	
14	55	10	31	
14	56	10	31	
16	55	10	31	
15	56	10	31	
14	54	10	31	
14	55	10	31	
15	56	10	31	
15	55	10	31	
14	55	10	31	
14	56	10	31	
13	53	10	31	
15	55	10	31	
12	55	10	31	
14	55	10	31	
14	55	10	31	
15	54	10	31	
15	55	10	31	
14	56	10	31	
13	56	10	31	
15	56	10	31	
14	55	10	31	
14	55	10	31	
16	54	10	31	
15	56	10	31	
14	57	10	31	
14	57	10	31	
13	55	10	31	
13	56	10	31	
15	54	10	31	
14	55	10	31	
14	54	10	31	
15	56	10	31	
15	54	10	31	
14	55	10	31	
16	57	10	31	
15	56	10	31	
14	54	10	31	
14	55	10	31	
13	55	10	31	
15	54	10	31	
14	55	10	31	
14	55	10	31	
16	57	10	31	
15	56	10	31	
14	56	10	31	
14	55	10	31	
