153	38	11	18	
151	37	10	18	
151	37	10	17	
151	37	10	17	
150	36	10	18	
150	37	10	17	
150	36	11	17	
150	37	11	17	
150	36	11	17	
150	36	11	17	
150	36	11	18	
150	35	11	18	
149	36	11	18	
149	36	11	18	
149	35	11	18	
149	34	11	18	
149	35	11	18	
148	34	12	18	
148	35	12	18	
147	35	12	18	
147	34	12	18	
147	34	12	19	
147	34	12	19	
147	33	12	19	
147	34	12	19	
146	34	12	19	
146	34	12	19	
146	34	12	20	
146	33	12	20	
146	33	12	19	
145	33	12	19	
145	33	12	19	
144	33	13	19	
144	32	13	19	
144	32	12	19	
144	32	12	19	
144	32	12	19	
144	31	12	19	
144	31	12	19	
143	32	12	19	
144	31	12	19	
144	31	12	19	
144	31	12	19	
144	31	12	19	
144	31	12	19	
144	31	12	19	
144	30	11	19	
144	30	10	19	
144	30	10	19	
144	29	10	19	
143	30	10	19	
143	30	10	19	
143	30	10	19	
143	30	10	19	
143	30	10	20	
143	29	10	20	
144	29	10	20	
143	29	10	20	
143	29	10	20	
142	29	10	19	
142	28	10	19	
142	28	10	19	
141	28	10	19	
141	28	10	19	
140	28	10	19	
140	27	10	19	
140	27	10	19	
141	27	10	20	
140	27	10	20	
139	27	10	19	
139	26	10	19	
139	26	10	19	
139	26	10	19	
139	26	10	19	
138	26	10	20	
138	25	10	20	
138	26	10	20	
138	26	10	20	
138	26	10	19	
138	25	10	19	
138	25	10	19	
137	25	10	19	
137	25	10	19	
136	25	10	20	
136	25	10	20	
137	25	10	20	
136	25	10	19	
136	25	10	19	
136	25	10	19	
136	25	10	19	
136	25	10	19	
136	25	10	19	
135	25	10	19	
135	25	10	19	
134	24	10	19	
134	24	10	19	
134	24	10	19	
133	24	10	19	
133	24	10	19	
133	23	10	19	
133	23	10	19	
133	23	10	19	
133	23	10	19	
133	23	10	19	
132	23	10	20	
132	23	10	20	
132	22	10	20	
132	22	10	19	
132	22	10	19	
132	22	10	19	
131	22	10	19	
131	22	10	19	
131	22	10	19	
131	21	10	19	
130	22	10	19	
132	22	10	19	
131	22	10	19	
130	22	10	18	
130	22	10	19	
130	22	10	19	
131	22	10	19	
131	22	10	19	
131	22	10	19	
130	22	10	19	
130	21	10	19	
130	22	10	19	
129	22	10	19	
129	21	10	19	
129	21	10	19	
129	21	10	19	
129	21	10	19	
128	21	10	19	
128	20	10	18	
128	20	10	19	
128	20	10	19	
128	20	10	19	
128	20	10	18	
128	20	10	18	
128	20	10	18	
128	19	10	19	
127	19	10	18	
128	19	10	18	
128	19	10	18	
128	19	10	18	
128	20	10	18	
127	19	10	18	
127	19	10	18	
127	19	10	19	
128	19	10	19	
128	19	10	19	
127	18	10	19	
128	18	10	19	
127	17	10	19	
127	17	10	19	
127	17	10	19	
127	17	10	19	
126	17	10	18	
126	17	10	19	
127	17	10	19	
126	17	10	19	
126	17	10	19	
127	17	10	19	
126	17	10	19	
126	17	10	19	
126	17	10	19	
126	16	10	19	
125	17	10	19	
125	16	10	19	
125	16	10	19	
124	16	10	19	
124	16	10	19	
124	16	11	19	
124	16	11	19	
124	16	11	19	
124	16	11	19	
124	16	11	19	
124	16	11	19	
124	15	11	19	
123	16	11	19	
124	16	11	19	
123	15	11	19	
123	16	11	19	
123	16	11	19	
123	15	10	20	
123	15	10	20	
124	15	10	20	
123	15	10	20	
123	15	10	20	
123	14	10	20	
123	14	10	19	
123	14	10	19	
123	14	10	19	
123	14	10	19	
124	14	10	18	
123	14	10	19	
123	14	10	18	
123	14	10	18	
123	14	10	18	
123	14	10	18	
123	14	10	18	
123	13	10	18	
123	14	10	18	
123	13	10	18	
124	13	10	18	
123	14	10	18	
123	14	10	18	
123	14	10	18	
123	13	10	18	
123	13	10	18	
123	13	10	18	
123	12	10	18	
122	12	10	18	
122	12	10	18	
123	12	10	18	
123	12	10	18	
123	12	10	18	
123	12	10	18	
124	12	10	18	
123	12	10	18	
123	13	10	18	
124	13	10	19	
123	13	10	19	
123	12	10	19	
123	12	10	18	
124	13	10	18	
124	12	10	18	
123	13	10	18	
123	12	10	19	
123	13	10	19	
122	13	10	19	
123	13	10	18	
123	14	10	18	
123	12	10	19	
122	12	10	19	
123	13	10	19	
123	13	10	19	
122	13	10	19	
122	13	10	19	
122	12	10	19	
122	12	10	19	
121	12	10	19	
121	11	10	19	
121	11	10	19	
121	11	10	19	
121	11	10	20	
121	11	10	20	
121	11	10	20	
120	11	10	20	
121	11	10	20	
120	11	10	20	
120	11	10	20	
120	11	10	20	
122	11	10	20	
121	12	10	20	
121	11	10	20	
121	11	10	20	
121	11	10	20	
121	11	10	20	
121	11	10	20	
120	11	10	20	
121	12	10	19	
120	11	10	20	
120	11	10	20	
120	12	10	19	
120	12	10	19	
120	12	10	19	
120	12	10	19	
120	12	10	19	
120	12	10	19	
121	13	10	19	
121	12	10	19	
121	12	10	19	
122	13	10	19	
121	12	10	19	
121	12	10	19	
122	12	10	20	
122	12	10	20	
121	12	11	20	
121	13	11	20	
121	12	11	20	
121	12	11	21	
121	12	11	21	
121	12	12	21	
121	12	12	21	
121	12	12	21	
121	13	12	21	
122	12	12	21	
122	13	12	20	
122	12	12	20	
122	13	12	20	
123	13	12	20	
123	13	12	20	
123	12	12	20	
123	12	12	20	
123	12	12	20	
123	12	12	20	
123	12	12	20	
123	11	12	21	
123	12	12	21	
123	11	12	20	
123	12	12	20	
123	11	12	20	
123	11	12	20	
123	11	12	20	
123	12	12	20	
123	11	12	20	
123	11	12	20	
123	11	12	20	
125	10	11	20	
125	10	11	20	
125	10	11	20	
125	10	11	20	
125	10	11	20	
125	10	11	20	
125	10	11	20	
124	9	11	20	
124	9	11	19	
124	9	11	19	
124	9	11	19	
124	11	11	20	
124	10	11	20	
123	10	11	20	
124	10	11	21	
123	10	11	21	
123	11	12	21	
123	10	12	21	
123	10	12	21	
122	10	12	21	
122	10	12	21	
123	11	12	21	
123	10	12	21	
123	10	12	20	
124	11	12	20	
124	11	12	20	
124	10	12	20	
124	10	12	20	
124	10	12	20	
125	10	12	20	
125	11	12	20	
125	11	12	20	
125	10	12	20	
125	11	12	20	
125	11	12	20	
125	11	12	20	
125	11	12	20	
125	10	12	20	
125	10	11	20	
127	10	11	20	
127	11	11	20	
127	10	11	20	
127	10	11	20	
127	10	11	20	
127	11	11	20	
129	10	11	20	
128	10	11	20	
128	9	10	20	
128	9	10	20	
128	10	10	20	
130	10	10	19	
130	10	10	20	
130	10	10	19	
131	10	10	20	
130	11	10	20	
130	11	10	20	
131	10	10	19	
131	10	10	19	
130	10	10	19	
130	10	10	19	
132	10	10	19	
131	11	10	19	
131	11	10	19	
133	12	10	19	
132	12	10	19	
132	11	10	19	
132	11	10	19	
132	11	10	19	
133	11	10	19	
132	11	10	19	
132	11	10	18	
133	12	10	18	
133	12	10	18	
133	11	10	18	
133	11	10	18	
132	11	10	18	
132	11	10	18	
132	11	10	18	
132	11	10	18	
132	11	10	18	
133	11	10	18	
132	11	10	18	
134	11	10	18	
133	11	10	18	
132	11	10	18	
133	12	10	18	
133	11	10	18	
132	11	10	18	
133	12	10	18	
133	12	10	18	
133	11	10	18	
132	12	10	18	
133	12	10	18	
133	12	10	18	
133	12	10	18	
133	13	10	17	
133	13	10	17	
133	13	10	17	
133	13	10	17	
133	12	10	17	
132	13	10	17	
133	13	10	17	
133	13	10	17	
133	13	10	17	
133	13	10	17	
133	12	10	17	
133	12	10	17	
132	12	10	18	
132	11	10	18	
132	11	10	18	
133	12	10	18	
132	12	10	18	
132	12	10	18	
132	12	10	18	
133	12	10	18	
132	13	10	18	
132	12	10	18	
132	12	10	18	
133	12	10	18	
132	12	10	18	
133	13	10	18	
132	13	10	18	
133	13	10	17	
132	13	10	17	
132	13	10	17	
133	13	10	17	
132	13	10	17	
133	13	10	17	
133	13	10	17	
133	13	10	17	
133	13	10	17	
132	13	10	18	
133	12	10	18	
132	12	10	18	
133	12	10	18	
133	12	10	18	
132	12	10	18	
133	12	10	18	
132	13	10	18	
133	12	10	18	
133	12	10	18	
132	12	10	18	
132	12	10	18	
132	12	10	18	
132	12	10	17	
132	12	10	17	
132	12	10	17	
133	12	10	17	
133	13	10	17	
133	13	10	17	
132	13	10	17	
134	13	10	17	
133	13	10	18	
133	13	10	18	
132	13	10	18	
133	14	10	17	
133	13	10	17	
133	13	10	17	
134	14	10	17	
134	13	10	17	
133	14	10	17	
134	14	10	17	
134	14	10	17	
133	14	10	17	
133	13	10	17	
133	13	10	18	
133	13	10	18	
132	13	10	18	
134	14	10	18	
134	14	10	17	
134	14	10	17	
135	14	10	17	
134	14	10	17	
135	14	10	17	
134	14	10	17	
134	13	10	17	
133	14	10	17	
135	14	10	17	
134	13	10	17	
133	13	10	17	
134	13	10	17	
134	13	10	17	
133	13	10	17	
134	13	10	17	
132	13	10	17	
132	14	10	17	
133	13	10	17	
133	13	10	17	
132	12	10	18	
134	11	10	18	
133	11	10	18	
132	11	10	18	
133	11	10	18	
134	12	10	18	
133	12	10	18	
133	10	10	18	
132	10	10	18	
132	10	10	18	
132	9	10	18	
133	12	10	18	
133	12	10	18	
132	12	10	18	
134	12	10	18	
133	12	10	17	
134	13	10	17	
134	13	10	17	
134	13	10	17	
134	13	10	17	
135	13	10	17	
134	13	10	18	
134	13	10	17	
135	13	10	17	
134	13	10	17	
134	13	10	17	
135	13	10	17	
134	13	10	17	
134	13	10	17	
135	13	10	17	
134	13	10	17	
135	13	10	17	
134	14	10	17	
134	13	10	17	
135	13	10	17	
134	13	10	17	
134	13	10	17	
135	13	10	17	
134	13	10	17	
134	13	10	17	
135	13	10	18	
134	12	10	17	
133	12	10	17	
133	10	10	17	
133	12	10	17	
134	12	10	18	
136	14	10	17	
135	13	10	17	
134	13	10	17	
134	13	10	17	
135	13	10	17	
134	13	10	16	
135	14	11	16	
134	14	11	16	
132	10	12	16	
131	9	12	16	
130	9	12	16	
130	8	13	16	
130	8	13	16	
130	9	14	16	
130	8	14	16	
130	8	14	17	
131	7	14	17	
130	8	14	17	
130	8	13	18	
131	7	13	19	
131	7	13	19	
131	7	13	19	
131	7	13	20	
131	7	14	20	
132	7	14	20	
132	7	13	20	
133	7	13	20	
132	7	13	20	
132	8	13	21	
133	7	12	22	
133	7	12	22	
133	7	11	22	
134	6	11	23	
134	6	11	23	
134	5	11	23	
134	6	11	23	
134	6	11	23	
134	5	11	23	
134	5	11	24	
135	5	11	24	
135	6	11	24	
135	5	11	24	
135	5	11	24	
135	6	12	24	
135	5	12	24	
135	5	12	24	
135	5	12	24	
135	4	12	25	
135	5	12	25	
135	4	12	25	
135	5	12	25	
135	5	12	25	
135	5	12	25	
134	4	12	25	
135	4	12	25	
135	4	12	26	
135	4	12	26	
135	4	12	26	
135	4	12	26	
135	4	13	26	
134	5	13	26	
134	5	13	25	
136	5	13	25	
136	6	13	25	
136	6	14	25	
135	7	14	24	
135	8	14	24	
135	9	13	23	
134	10	13	22	
136	11	13	21	
135	11	13	21	
134	11	12	20	
135	11	12	20	
135	12	11	20	
135	11	11	19	
135	12	11	19	
134	12	10	19	
136	12	10	19	
135	12	10	19	
135	12	10	19	
135	12	10	18	
135	11	10	18	
135	12	10	18	
135	12	10	18	
135	12	10	18	
135	12	10	18	
135	12	10	18	
135	12	10	18	
135	12	10	18	
136	12	10	18	
136	12	10	18	
136	13	10	18	
135	12	10	18	
135	13	10	18	
135	12	10	18	
135	12	10	18	
136	13	10	18	
136	13	10	18	
135	12	10	18	
135	13	10	18	
135	13	10	18	
135	12	10	18	
135	13	10	18	
135	12	10	18	
136	12	10	18	
136	13	10	18	
136	13	10	18	
136	13	10	18	
135	13	10	18	
135	13	10	18	
137	13	10	18	
136	13	10	18	
136	12	10	18	
136	13	10	18	
136	13	10	18	
135	13	10	18	
137	13	10	18	
136	13	10	18	
136	13	10	18	
135	12	10	18	
135	13	10	18	
135	13	10	18	
135	12	10	18	
136	13	10	18	
135	13	10	18	
135	13	10	18	
135	12	10	18	
135	13	10	18	
135	13	10	18	
136	12	10	18	
136	13	10	18	
136	12	10	19	
136	12	10	18	
136	13	10	18	
136	12	10	18	
136	12	10	19	
136	12	10	19	
136	12	10	18	
135	12	10	19	
137	12	10	19	
136	12	10	19	
136	12	10	19	
136	12	10	19	
137	12	10	19	
137	12	10	19	
137	12	10	19	
137	12	10	18	
137	12	10	18	
137	13	10	18	
138	13	10	18	
138	13	10	18	
138	12	10	18	
137	12	10	18	
137	13	10	18	
137	12	10	18	
137	12	10	18	
137	12	10	18	
137	13	10	18	
138	13	10	18	
138	13	10	18	
137	12	10	18	
137	12	10	18	
137	12	10	18	
137	12	10	18	
137	13	10	18	
137	13	10	18	
137	13	10	18	
137	13	10	18	
137	13	10	18	
137	13	10	18	
138	13	10	18	
138	13	10	18	
138	13	10	18	
138	13	10	18	
138	13	10	19	
138	13	10	18	
138	13	10	18	
138	13	10	18	
138	13	10	18	
138	13	10	18	
138	13	10	18	
138	13	10	18	
138	13	10	18	
138	12	10	19	
138	12	10	19	
138	12	10	18	
138	12	10	19	
138	13	10	18	
138	13	10	18	
138	13	10	18	
138	13	10	18	
138	13	10	18	
138	13	10	18	
138	13	10	18	
137	12	10	18	
137	12	10	18	
137	12	10	18	
137	12	10	18	
137	12	10	18	
137	12	10	18	
139	13	10	18	
138	14	10	18	
138	13	10	17	
139	14	10	17	
139	14	10	17	
138	14	10	17	
140	14	10	16	
140	15	10	16	
139	15	10	16	
139	15	10	16	
139	15	10	15	
139	16	11	15	
139	16	11	15	
139	17	11	14	
139	16	11	14	
139	17	11	14	
139	17	11	13	
140	18	11	13	
139	18	11	13	
139	18	11	13	
139	18	11	13	
139	18	11	13	
139	18	11	13	
139	19	11	12	
139	18	11	12	
139	18	11	12	
138	19	11	12	
138	19	11	12	
138	19	11	12	
138	18	11	12	
137	18	11	12	
137	18	11	12	
137	19	11	12	
136	19	11	12	
136	19	11	12	
136	20	11	11	
136	19	11	11	
135	20	11	11	
134	20	11	11	
134	20	11	11	
134	21	10	11	
134	20	10	11	
133	21	10	12	
133	21	10	11	
133	21	10	11	
133	21	11	11	
132	21	11	11	
131	20	10	11	
131	19	10	12	
130	20	10	12	
130	20	10	12	
129	19	10	12	
128	19	10	12	
128	20	10	13	
127	19	10	13	
127	19	10	13	
124	19	10	14	
124	19	10	14	
124	19	10	14	
123	19	10	15	
123	19	10	15	
122	19	10	15	
121	19	10	16	
120	19	10	16	
120	18	10	16	
118	18	10	16	
118	17	10	17	
117	17	10	17	
116	17	10	18	
115	17	10	18	
115	16	10	18	
114	17	10	19	
114	18	10	18	
113	17	10	19	
113	17	10	19	
112	18	10	19	
112	17	10	19	
111	17	10	18	
110	17	10	18	
109	17	10	18	
109	17	10	18	
108	17	10	18	
107	16	10	19	
106	16	10	19	
106	16	10	19	
105	16	10	19	
105	16	10	19	
104	16	10	19	
104	17	10	19	
104	17	10	19	
103	16	10	19	
102	16	10	18	
101	16	10	18	
101	16	10	18	
100	16	10	18	
99	16	10	18	
99	16	10	18	
98	17	10	18	
98	17	10	18	
97	17	10	18	
97	16	10	18	
97	17	10	18	
96	17	10	17	
96	17	10	17	
96	17	10	17	
95	17	10	17	
94	16	10	17	
93	16	10	17	
93	16	10	18	
92	15	10	18	
92	15	10	19	
91	16	10	19	
91	15	10	19	
89	15	10	19	
89	16	10	20	
88	15	10	20	
88	15	10	19	
88	16	10	20	
88	16	10	20	
87	16	10	20	
87	15	10	20	
87	16	10	20	
87	15	10	20	
86	15	10	20	
86	16	10	19	
86	16	10	19	
85	16	10	19	
84	16	10	19	
83	16	10	19	
83	16	10	18	
83	16	10	18	
83	17	10	18	
82	17	10	18	
82	16	10	18	
82	17	10	17	
81	17	10	17	
81	17	10	17	
80	18	10	17	
80	17	10	17	
79	18	10	17	
79	17	10	17	
78	17	10	17	
77	17	10	17	
76	17	10	17	
76	17	10	17	
75	17	10	17	
74	17	10	17	
74	17	10	16	
73	17	10	16	
72	17	10	16	
71	17	10	16	
71	17	10	16	
71	17	10	16	
71	17	10	16	
70	18	10	16	
70	18	10	16	
69	18	10	16	
68	18	10	16	
68	18	10	16	
67	18	10	16	
67	19	11	16	
66	19	11	16	
66	19	10	16	
66	19	10	16	
65	18	10	16	
65	18	10	16	
65	18	10	16	
65	19	10	16	
64	19	10	16	
64	19	10	16	
64	19	10	16	
64	19	10	17	
63	19	10	17	
62	19	10	17	
62	19	10	17	
61	19	10	17	
60	19	10	17	
60	19	10	17	
60	19	11	17	
60	18	11	17	
59	18	11	17	
59	19	11	17	
59	19	11	17	
59	19	11	17	
59	20	11	17	
59	20	11	17	
58	20	11	17	
58	20	11	16	
57	21	11	16	
57	21	11	16	
56	21	10	16	
56	22	10	16	
56	22	10	15	
56	22	10	15	
56	22	10	15	
56	23	10	15	
56	23	10	15	
56	23	10	15	
55	23	10	15	
55	23	10	15	
55	23	10	15	
55	23	10	15	
54	22	10	15	
54	23	10	14	
54	23	10	14	
54	23	10	14	
54	23	10	14	
53	23	10	14	
53	23	10	14	
53	23	10	14	
54	23	10	14	
53	23	10	14	
53	23	10	14	
53	23	10	14	
53	23	10	15	
53	23	10	15	
53	23	10	15	
53	24	10	14	
53	23	10	14	
53	23	10	15	
54	23	10	15	
54	23	10	15	
54	23	10	15	
54	23	10	15	
54	23	10	15	
53	23	10	14	
53	23	10	14	
54	23	10	14	
53	23	10	14	
53	23	10	14	
53	23	10	14	
53	23	10	15	
53	23	10	15	
53	23	10	15	
53	23	10	15	
53	24	10	15	
53	23	10	14	
53	24	10	15	
53	23	10	14	
53	23	10	14	
53	24	10	14	
53	24	10	14	
53	25	10	14	
53	25	10	14	
53	26	10	14	
53	26	10	14	
53	26	10	13	
53	26	10	12	
53	27	10	12	
53	27	10	12	
53	27	10	12	
53	27	10	12	
53	28	10	11	
54	28	10	11	
54	29	10	11	
54	28	10	11	
54	28	10	11	
54	28	10	11	
54	28	10	11	
54	28	10	11	
54	28	10	11	
54	28	10	11	
54	28	10	11	
54	28	10	11	
54	28	10	11	
54	28	10	11	
55	28	10	11	
55	28	10	11	
54	28	10	11	
54	28	10	11	
54	28	10	11	
54	28	10	11	
54	28	10	11	
54	28	10	11	
54	27	10	11	
54	27	10	11	
54	27	10	11	
54	28	10	11	
54	28	10	11	
53	27	10	11	
53	28	10	11	
53	27	10	11	
53	27	10	11	
53	26	10	11	
52	26	10	12	
53	26	10	12	
53	26	10	12	
53	26	10	12	
53	26	10	12	
52	26	10	12	
53	26	10	12	
52	26	10	12	
53	26	10	13	
53	26	10	13	
52	26	10	13	
52	26	10	13	
52	27	10	13	
52	27	10	12	
52	26	10	12	
52	26	10	12	
52	27	10	12	
52	27	10	12	
52	27	10	12	
53	27	10	12	
53	28	10	11	
52	28	10	11	
53	28	10	11	
52	28	10	11	
53	28	10	11	
53	28	10	11	
52	28	10	11	
52	28	10	11	
51	29	10	11	
51	29	10	11	
53	28	10	11	
52	28	10	11	
52	28	10	11	
53	28	10	11	
53	29	10	11	
53	29	10	11	
53	28	10	11	
53	28	10	11	
52	28	10	11	
53	28	10	11	
52	27	10	11	
52	28	10	11	
53	28	10	11	
53	28	10	11	
53	27	10	11	
52	27	10	12	
53	26	10	12	
52	27	10	12	
52	26	10	12	
52	26	10	12	
53	26	10	13	
53	25	10	13	
54	25	10	13	
54	25	10	13	
54	25	10	13	
54	25	10	13	
55	25	10	13	
55	25	10	13	
55	24	10	14	
56	24	10	14	
56	24	10	14	
56	24	10	14	
57	24	10	14	
56	24	10	14	
56	23	10	14	
57	23	10	14	
57	23	10	14	
57	23	10	14	
58	22	10	14	
58	22	10	14	
59	22	10	14	
59	23	10	15	
59	22	10	15	
60	23	11	15	
61	22	11	15	
61	21	11	15	
62	21	10	15	
63	21	10	16	
63	21	10	16	
65	21	10	16	
65	21	10	16	
65	20	10	17	
67	19	10	17	
67	19	10	18	
67	19	10	18	
68	19	10	18	
69	18	10	18	
69	18	10	18	
70	17	10	18	
71	17	10	18	
72	17	10	18	
72	17	10	18	
72	16	10	18	
72	17	10	18	
73	16	10	18	
75	17	10	19	
75	17	10	19	
75	18	10	18	
75	18	10	18	
76	17	10	18	
77	17	10	18	
78	17	10	17	
79	16	10	17	
79	16	10	17	
81	16	10	18	
80	16	10	18	
82	16	10	18	
82	16	10	18	
83	16	10	18	
83	16	10	18	
84	16	10	18	
84	16	10	18	
85	15	10	18	
86	15	10	18	
86	15	10	18	
88	15	10	18	
88	15	10	19	
88	14	10	19	
89	14	10	18	
89	13	10	18	
90	14	10	18	
91	14	10	18	
91	15	10	18	
94	15	10	17	
94	15	10	17	
95	15	10	17	
95	15	10	17	
95	15	10	17	
96	15	10	17	
96	14	10	17	
97	15	10	17	
98	14	10	17	
99	14	10	18	
100	14	10	18	
100	15	10	18	
101	15	10	17	
102	15	10	17	
102	15	10	17	
102	15	10	17	
103	15	10	17	
103	15	10	17	
103	14	10	17	
103	14	10	18	
104	12	10	18	
104	12	10	18	
105	12	10	19	
106	12	10	18	
106	13	10	19	
107	13	10	18	
107	13	10	18	
108	13	10	18	
109	13	10	18	
109	13	10	18	
110	13	10	18	
111	13	10	18	
111	12	10	18	
111	13	10	18	
111	12	10	18	
111	11	10	18	
113	12	10	18	
114	12	10	18	
114	12	10	18	
114	12	10	18	
115	13	10	18	
116	13	10	18	
116	13	10	18	
117	14	10	18	
117	13	10	18	
118	13	10	19	
118	12	10	19	
118	11	10	19	
118	10	10	19	
119	11	10	19	
119	10	10	19	
120	10	10	20	
119	10	10	20	
121	11	10	20	
120	11	10	19	
121	11	10	19	
121	11	10	19	
122	11	10	19	
122	11	10	20	
123	11	10	19	
