214	61	19	21	
214	61	19	21	
214	61	19	21	
214	61	19	21	
214	61	19	21	
214	61	19	21	
214	61	19	21	
214	61	19	21	
214	61	19	21	
214	61	19	21	
214	61	19	21	
214	61	19	21	
214	61	19	21	
214	61	19	21	
214	61	19	21	
214	61	19	21	
214	61	19	21	
210	61	19	21	
210	61	19	21	
210	61	19	21	
206	61	19	21	
206	61	19	21	
206	61	19	21	
202	61	19	21	
202	61	19	21	
198	61	19	21	
194	61	19	21	
194	61	19	21	
194	61	19	21	
194	61	19	21	
190	61	19	21	
190	61	19	21	
186	65	19	21	
182	65	19	21	
182	61	19	21	
178	61	19	21	
174	65	19	21	
174	65	19	21	
174	65	19	21	
174	65	19	21	
174	65	19	21	
174	65	19	21	
174	65	19	21	
174	65	19	21	
170	65	19	21	
166	65	19	21	
162	65	19	21	
162	65	19	21	
162	65	19	21	
158	65	19	21	
154	65	19	21	
150	65	19	21	
150	65	19	21	
146	65	19	21	
146	69	19	21	
142	69	19	21	
142	69	19	21	
142	69	19	21	
138	69	19	21	
138	69	19	21	
138	69	19	21	
138	69	19	21	
138	69	19	21	
138	69	19	21	
138	69	19	21	
138	69	19	21	
138	69	19	21	
138	69	19	21	
138	69	19	21	
138	69	19	21	
138	69	19	21	
138	69	19	21	
142	69	19	21	
142	69	19	21	
142	69	19	21	
142	69	19	21	
146	69	19	21	
150	69	19	21	
154	69	19	21	
158	69	19	21	
162	69	19	21	
166	65	19	21	
170	65	19	21	
174	65	19	21	
178	65	19	21	
182	65	19	21	
182	65	19	21	
186	65	19	21	
190	65	19	21	
194	65	19	21	
194	65	19	21	
198	65	19	21	
202	65	19	21	
202	65	19	21	
206	65	19	21	
206	65	19	21	
210	65	19	21	
210	65	19	21	
214	61	19	21	
214	61	19	21	
218	61	19	21	
218	61	19	21	
222	61	19	21	
222	61	19	21	
222	61	19	21	
226	61	19	21	
226	61	19	21	
226	61	19	21	
226	61	19	21	
230	61	19	21	
230	61	19	21	
230	61	19	21	
230	61	19	21	
230	61	19	21	
234	61	19	21	
234	61	19	21	
234	61	19	21	
234	61	19	21	
234	61	19	21	
234	61	19	21	
234	61	19	21	
234	61	19	21	
234	61	19	21	
234	61	19	21	
234	61	19	21	
234	61	19	21	
234	61	19	21	
234	61	19	21	
234	61	19	21	
234	61	19	21	
234	61	19	21	
234	61	19	21	
238	61	19	21	
238	61	19	21	
238	61	19	21	
242	61	19	21	
242	61	19	21	
242	61	19	21	
242	61	19	21	
246	61	19	21	
246	61	19	21	
246	61	19	21	
246	57	19	21	
246	57	19	21	
246	57	19	21	
246	57	19	21	
246	57	19	21	
246	57	19	21	
246	57	19	21	
246	57	19	21	
246	57	19	21	
246	57	19	21	
246	57	19	21	
246	53	19	21	
246	53	19	21	
246	53	19	21	
242	53	19	21	
242	53	19	21	
242	53	19	21	
242	53	19	21	
242	53	19	21	
242	53	19	21	
242	53	19	21	
242	53	19	21	
242	53	19	21	
246	53	19	21	
246	57	19	21	
242	57	19	21	
242	61	19	21	
238	61	19	21	
238	65	19	21	
234	65	19	21	
234	69	19	21	
230	73	19	21	
230	73	19	21	
226	77	19	21	
226	81	19	21	
222	81	19	21	
222	85	19	21	
218	85	19	21	
218	89	19	21	
214	89	19	21	
210	93	19	21	
210	97	19	21	
206	97	19	21	
202	101	19	21	
202	101	19	21	
198	105	19	21	
194	109	19	21	
194	109	19	21	
190	113	19	21	
186	113	19	21	
182	117	19	21	
182	117	19	21	
178	121	19	21	
174	125	19	21	
170	125	19	21	
170	125	19	21	
166	129	19	21	
166	129	19	21	
162	133	19	21	
158	133	19	21	
154	137	19	21	
154	137	19	21	
150	141	19	21	
146	145	19	21	
146	145	19	21	
146	145	19	21	
142	145	19	21	
142	145	19	21	
146	141	19	21	
150	137	19	21	
150	129	19	21	
150	125	19	21	
154	117	19	21	
154	113	19	21	
158	109	19	21	
158	105	19	21	
158	101	19	21	
158	97	19	21	
162	89	19	21	
162	85	19	21	
166	81	19	21	
166	77	19	21	
166	73	19	21	
166	69	19	21	
166	65	19	21	
170	61	19	21	
170	61	19	21	
170	61	19	21	
174	61	19	21	
174	57	19	21	
174	57	19	21	
174	57	19	21	
174	57	19	21	
174	57	19	21	
174	57	19	21	
174	57	19	21	
174	57	19	21	
174	57	19	21	
174	57	19	21	
174	57	19	21	
174	57	19	21	
174	57	19	21	
178	57	19	21	
178	57	19	21	
182	57	19	21	
182	57	19	21	
186	57	19	21	
190	57	19	21	
190	57	19	21	
194	57	19	21	
198	53	19	21	
202	53	19	21	
202	53	19	21	
206	53	19	21	
210	53	19	21	
210	53	19	21	
214	53	19	21	
214	53	19	21	
218	53	19	21	
218	53	19	21	
222	49	19	21	
222	49	19	21	
226	49	19	21	
226	49	19	21	
230	49	19	21	
230	49	19	21	
234	49	19	21	
234	49	19	21	
234	45	19	21	
238	45	19	21	
238	45	19	21	
238	45	19	21	
238	45	19	21	
242	45	19	21	
242	45	19	21	
242	45	19	21	
242	45	19	21	
242	45	19	21	
242	45	19	21	
242	45	19	21	
242	45	19	21	
242	45	19	21	
242	45	19	21	
242	45	19	21	
242	41	19	21	
242	41	19	21	
242	41	19	21	
242	45	19	21	
242	45	19	21	
242	49	19	21	
242	49	19	21	
238	49	19	21	
238	53	19	21	
238	53	19	21	
238	57	19	21	
238	57	19	21	
234	61	19	21	
234	61	19	21	
234	61	19	21	
234	61	19	21	
234	65	19	21	
230	65	19	21	
230	65	19	21	
230	69	19	21	
230	69	19	21	
226	73	19	21	
226	73	19	21	
226	73	19	21	
226	73	19	21	
222	77	19	21	
222	77	19	21	
222	77	19	21	
222	81	19	21	
218	81	19	21	
218	81	19	21	
218	81	19	21	
214	85	19	21	
214	85	19	21	
214	89	19	21	
210	89	19	21	
210	89	19	21	
210	89	19	21	
206	93	19	21	
206	93	19	21	
206	93	19	21	
206	93	19	21	
202	97	19	21	
202	97	19	21	
202	97	19	21	
198	97	19	21	
198	97	19	21	
198	93	19	21	
198	93	19	21	
198	89	19	21	
198	89	19	21	
198	85	19	21	
198	81	19	21	
198	81	19	21	
198	77	19	21	
198	77	19	21	
198	73	19	21	
194	73	19	21	
194	73	19	21	
194	69	19	21	
190	69	19	21	
190	65	19	21	
190	65	19	21	
186	65	19	21	
186	61	19	21	
186	61	19	21	
186	61	19	21	
182	57	19	21	
182	57	19	21	
178	57	19	21	
178	57	19	21	
178	53	19	21	
174	53	19	21	
174	53	19	21	
170	53	19	21	
170	53	19	21	
166	53	19	21	
166	53	19	21	
166	49	19	21	
162	49	19	21	
162	49	19	21	
162	49	19	21	
158	53	19	21	
158	53	19	21	
158	53	19	21	
162	49	19	21	
170	49	19	21	
174	49	19	21	
178	49	19	21	
182	53	19	21	
190	53	19	21	
194	53	19	21	
198	53	19	21	
202	57	19	21	
206	57	19	21	
214	57	19	21	
218	57	19	21	
222	57	19	21	
226	57	19	21	
230	61	19	21	
234	61	19	21	
238	61	19	21	
242	61	19	21	
242	61	19	21	
238	65	19	21	
238	65	19	21	
234	65	19	21	
230	65	19	21	
226	69	19	21	
222	69	19	21	
218	69	19	21	
214	69	19	21	
210	69	19	21	
210	69	19	21	
206	69	19	21	
202	73	19	21	
198	73	19	21	
194	73	19	21	
190	73	19	21	
186	73	19	21	
182	73	19	21	
178	77	19	21	
174	77	19	21	
170	77	19	21	
166	77	19	21	
166	77	19	21	
162	77	19	21	
158	77	19	21	
154	81	19	21	
150	81	19	21	
150	81	19	21	
146	81	19	21	
146	81	19	21	
150	81	19	21	
150	81	19	21	
154	81	19	21	
158	81	19	21	
162	81	19	21	
166	81	19	21	
170	77	19	21	
174	77	19	21	
174	77	19	21	
178	77	19	21	
182	73	19	21	
182	73	19	21	
186	73	19	21	
186	73	19	21	
186	73	19	21	
186	73	19	21	
186	69	19	21	
186	65	19	21	
190	61	19	21	
194	53	19	21	
198	45	19	21	
198	37	19	21	
202	29	19	21	
202	25	19	21	
206	21	19	21	
206	17	19	21	
206	17	19	21	
210	17	19	21	
210	17	19	21	
210	21	19	21	
210	21	19	21	
210	25	19	21	
210	29	19	21	
210	29	19	21	
210	33	19	21	
210	33	19	21	
214	33	19	21	
214	37	19	21	
214	37	19	21	
214	37	19	21	
214	37	19	21	
214	37	19	21	
214	41	19	21	
218	41	19	21	
218	41	19	21	
218	41	19	21	
218	41	19	21	
218	41	19	21	
218	45	19	21	
218	45	19	21	
218	45	19	21	
218	45	19	21	
218	41	19	21	
218	41	19	21	
218	37	19	21	
222	37	19	21	
222	33	19	21	
222	33	19	21	
222	37	19	21	
222	45	19	21	
222	49	19	21	
218	45	19	21	
218	41	19	21	
218	41	19	21	
218	45	19	21	
218	53	19	21	
214	53	19	21	
214	49	19	21	
214	49	19	21	
214	53	19	21	
214	57	19	21	
210	53	19	21	
210	53	19	21	
210	53	19	21	
210	61	19	21	
210	57	19	21	
206	57	19	21	
206	61	19	21	
206	61	19	21	
206	61	19	21	
206	61	19	21	
202	65	19	21	
202	61	19	21	
202	65	19	21	
202	65	19	21	
202	65	19	21	
202	65	19	21	
202	65	19	21	
198	69	19	21	
198	69	19	21	
198	69	19	21	
198	69	19	21	
194	69	19	21	
194	69	19	21	
194	69	19	21	
194	69	19	21	
190	73	19	21	
190	73	19	21	
190	73	19	21	
186	73	19	21	
186	73	19	21	
186	73	19	21	
186	73	19	21	
182	73	19	21	
182	73	19	21	
182	73	19	21	
182	73	19	21	
178	77	19	21	
178	77	19	21	
178	77	19	21	
178	77	19	21	
178	77	19	21	
178	77	19	21	
178	77	19	21	
178	77	19	21	
178	77	19	21	
178	77	19	21	
178	73	19	21	
182	73	19	21	
182	69	19	21	
182	65	19	21	
182	61	19	21	
186	57	19	21	
190	53	19	21	
190	49	19	21	
194	49	19	21	
198	49	19	21	
198	57	19	21	
202	61	19	21	
202	57	19	21	
202	53	19	21	
206	53	19	21	
206	57	19	21	
206	61	19	21	
210	57	19	21	
210	53	19	21	
210	53	19	21	
214	57	19	21	
214	57	19	21	
214	57	19	21	
214	57	19	21	
214	61	19	21	
214	61	19	21	
218	57	19	21	
218	57	19	21	
222	57	19	21	
222	57	19	21	
222	53	19	21	
226	53	19	21	
230	53	19	21	
230	57	19	21	
234	57	19	21	
238	61	19	21	
238	61	19	21	
238	61	19	21	
234	61	19	21	
234	57	19	21	
234	57	19	21	
238	61	19	21	
238	61	19	21	
238	61	19	21	
238	61	19	21	
238	61	19	21	
238	61	19	21	
242	61	19	21	
246	57	19	21	
246	57	19	21	
250	53	19	21	
250	53	19	21	
250	53	19	21	
250	53	19	21	
250	53	19	21	
250	53	19	21	
250	53	19	21	
246	57	19	21	
246	57	19	21	
246	57	19	21	
254	53	19	21	
254	53	19	21	
250	53	19	21	
250	53	19	21	
250	53	19	21	
250	53	19	21	
250	53	19	21	
250	53	19	21	
250	53	19	21	
250	53	19	21	
250	53	19	21	
250	53	19	21	
250	53	19	21	
250	53	19	21	
250	53	19	21	
250	53	19	21	
250	53	19	21	
250	53	19	21	
250	53	19	21	
250	53	19	21	
250	53	19	21	
250	53	19	21	
250	53	19	21	
250	53	19	21	
250	53	19	21	
254	57	19	21	
254	61	19	21	
258	61	19	21	
258	61	19	21	
