2	168	188	84	
10	168	188	84	
26	168	188	84	
34	168	188	84	
50	168	188	84	
58	168	188	84	
66	168	188	84	
74	168	188	84	
82	168	188	84	
90	168	188	84	
98	168	188	84	
106	168	188	84	
114	168	188	84	
122	168	188	84	
130	160	188	84	
138	160	188	84	
138	160	188	84	
146	160	188	84	
146	160	188	84	
146	160	188	84	
154	160	188	84	
154	160	188	84	
162	160	188	84	
162	160	188	84	
162	160	188	84	
162	160	188	84	
170	160	188	84	
170	160	188	84	
170	160	188	84	
178	160	188	84	
178	160	188	84	
178	160	188	84	
178	160	188	84	
178	160	188	84	
186	160	188	84	
186	160	188	84	
186	160	188	84	
186	160	188	84	
186	160	188	84	
186	160	188	84	
186	160	188	84	
186	160	188	84	
186	160	188	84	
186	160	188	84	
186	160	188	84	
186	160	188	84	
186	160	188	84	
186	160	188	84	
186	160	188	84	
186	160	188	84	
186	160	188	84	
186	160	188	84	
186	160	188	84	
186	160	188	84	
186	160	188	84	
186	160	188	84	
186	160	188	84	
186	160	188	84	
186	160	188	84	
186	160	188	84	
186	160	188	84	
186	160	188	84	
186	160	188	84	
186	160	188	84	
186	160	188	84	
186	160	188	84	
186	160	188	84	
186	160	188	84	
186	160	188	84	
186	160	188	84	
186	160	188	84	
186	160	188	84	
186	160	188	84	
186	160	188	84	
186	160	188	84	
186	160	188	84	
186	160	188	84	
186	160	188	84	
186	160	188	84	
186	160	188	84	
186	160	188	84	
186	160	188	84	
186	160	188	84	
186	160	188	84	
186	160	188	84	
186	160	188	84	
186	160	188	84	
186	160	188	84	
186	160	188	84	
186	160	188	84	
186	160	188	84	
186	160	188	84	
186	160	188	84	
186	160	188	84	
186	160	188	84	
186	160	188	84	
186	160	188	84	
186	160	188	84	
186	160	188	84	
186	160	188	84	
186	160	188	84	
186	160	188	84	
186	160	188	84	
186	160	188	84	
186	160	188	84	
186	160	188	84	
186	160	188	84	
186	160	188	84	
186	160	188	84	
186	160	188	84	
186	160	188	84	
186	160	188	84	
186	160	188	84	
186	160	188	84	
186	160	188	84	
186	160	188	84	
186	160	188	84	
186	160	188	84	
186	160	188	84	
186	160	188	84	
186	160	188	84	
186	160	188	84	
186	160	188	84	
186	160	188	84	
186	160	188	84	
186	160	188	84	
186	160	188	84	
186	160	188	84	
186	160	188	84	
186	160	188	84	
186	160	188	84	
186	160	188	84	
186	160	188	84	
186	160	188	84	
186	160	188	84	
186	160	188	84	
186	160	188	84	
186	160	188	84	
186	160	188	84	
186	160	188	84	
186	160	188	84	
186	160	188	84	
186	160	188	84	
186	160	188	84	
186	160	188	84	
186	160	188	84	
186	160	188	84	
186	160	188	84	
186	160	188	84	
186	160	188	84	
186	160	188	84	
186	160	188	84	
186	160	188	84	
186	160	188	84	
186	160	188	84	
186	160	188	84	
186	160	188	84	
186	160	188	84	
186	160	188	84	
186	160	188	84	
186	160	188	84	
186	160	188	84	
186	160	188	84	
186	160	188	84	
186	160	188	84	
186	160	188	84	
186	160	188	84	
186	160	188	84	
186	160	188	84	
186	160	188	84	
186	160	188	84	
186	160	188	84	
186	160	188	84	
186	160	188	84	
186	160	188	84	
186	160	188	84	
186	160	188	84	
186	160	188	84	
186	160	188	84	
186	160	188	84	
186	160	188	84	
186	160	188	84	
186	160	188	84	
186	160	188	84	
186	160	188	84	
186	160	188	84	
186	160	188	84	
186	160	188	84	
186	160	188	84	
186	160	188	84	
186	160	188	84	
186	160	188	84	
186	160	188	84	
186	160	188	84	
186	160	188	84	
186	160	188	84	
186	160	188	84	
186	160	188	84	
186	160	188	84	
186	160	188	84	
186	160	188	84	
186	160	188	84	
186	160	188	84	
186	160	188	84	
186	160	188	84	
186	160	188	84	
186	160	188	84	
186	160	188	84	
186	160	188	84	
186	160	188	84	
186	160	188	84	
186	160	188	84	
186	160	188	84	
186	160	188	84	
186	160	188	84	
186	160	188	84	
186	160	188	84	
186	160	188	84	
186	160	188	84	
186	160	188	84	
186	160	188	84	
186	160	188	84	
186	160	188	84	
186	160	188	84	
186	160	188	84	
186	160	188	84	
186	160	188	84	
186	160	188	84	
186	160	188	84	
186	160	188	84	
186	160	188	84	
186	160	188	84	
186	160	188	84	
186	160	188	84	
186	160	188	84	
186	160	188	84	
186	160	188	84	
186	160	188	84	
186	160	188	84	
186	160	188	84	
186	160	188	84	
186	160	188	84	
186	160	188	84	
186	160	188	84	
186	160	188	84	
186	160	188	84	
186	160	188	84	
186	160	188	84	
186	160	188	84	
186	160	188	84	
186	160	188	84	
186	160	188	84	
186	160	188	84	
186	160	188	84	
186	160	188	84	
186	160	188	84	
186	160	188	84	
186	160	188	84	
186	160	188	84	
186	160	188	84	
186	160	188	84	
186	160	188	84	
186	160	188	84	
186	160	188	84	
186	160	188	84	
186	160	188	84	
186	160	188	84	
186	160	188	84	
186	160	188	84	
186	160	188	84	
186	160	188	84	
186	160	188	84	
186	160	188	84	
186	160	188	84	
186	160	188	84	
186	160	188	84	
186	160	188	84	
186	160	188	84	
186	160	188	84	
186	160	188	84	
186	160	188	84	
186	160	188	84	
186	160	188	84	
186	160	188	84	
186	160	188	84	
186	160	188	84	
186	160	188	84	
186	160	188	84	
186	160	188	84	
186	160	188	84	
186	160	188	84	
186	160	188	84	
186	160	188	84	
186	160	188	84	
186	160	188	84	
186	160	188	84	
186	160	188	84	
186	160	188	84	
186	160	188	84	
186	160	188	84	
186	160	188	84	
186	160	188	84	
186	160	188	84	
186	160	188	84	
186	160	188	84	
186	160	188	84	
186	160	188	84	
186	160	188	84	
186	160	188	84	
186	160	188	84	
186	160	188	84	
186	160	188	84	
186	160	188	84	
186	160	188	84	
186	160	188	84	
186	160	188	84	
186	160	188	84	
186	160	188	84	
186	160	188	84	
186	160	188	84	
186	160	188	84	
186	160	188	84	
186	160	188	84	
186	160	188	84	
186	160	188	84	
186	160	188	84	
186	160	188	84	
186	160	188	84	
186	160	188	84	
186	160	188	84	
186	160	188	84	
