233	62	22	30	
233	62	22	30	
233	62	22	30	
233	62	22	30	
233	62	22	30	
233	62	22	30	
233	62	22	30	
233	62	22	30	
233	62	22	30	
233	62	22	30	
233	62	22	30	
233	62	22	30	
233	62	22	30	
233	62	22	30	
233	62	22	30	
233	62	22	30	
233	62	22	30	
233	62	22	30	
233	62	22	30	
233	62	22	30	
233	62	22	30	
233	62	22	30	
233	62	22	30	
233	62	22	30	
233	62	22	30	
233	62	22	30	
233	62	22	30	
233	62	22	30	
233	62	22	30	
233	62	22	30	
233	62	22	30	
233	62	22	30	
233	62	22	30	
233	62	22	30	
233	62	22	30	
233	62	22	30	
233	62	22	30	
233	62	22	30	
233	62	22	30	
233	62	22	30	
233	62	22	30	
233	62	22	30	
233	62	22	30	
233	62	22	30	
233	62	22	30	
233	62	22	30	
233	62	22	30	
233	62	22	30	
233	62	22	30	
233	62	22	30	
233	62	22	30	
233	62	22	30	
233	62	22	30	
233	62	22	30	
233	62	22	30	
233	62	22	30	
233	62	22	30	
233	62	22	30	
233	62	22	30	
233	62	22	30	
233	62	22	30	
233	62	22	30	
233	62	22	30	
233	62	22	30	
233	62	22	30	
233	62	22	30	
233	62	22	30	
233	62	22	30	
233	62	22	30	
233	62	22	30	
233	62	22	30	
233	62	22	30	
233	62	22	30	
233	62	22	30	
233	62	22	30	
233	62	22	30	
233	62	22	30	
233	62	22	30	
233	62	22	30	
233	62	22	30	
233	62	22	30	
233	62	22	30	
233	62	22	30	
233	62	22	30	
233	62	22	30	
233	62	22	30	
233	62	22	30	
233	62	22	30	
233	62	22	30	
233	62	22	30	
233	62	22	30	
233	62	22	30	
233	62	22	30	
233	62	22	30	
233	62	22	30	
233	62	22	30	
233	62	22	30	
233	62	22	30	
233	62	22	30	
233	62	22	30	
233	62	22	30	
233	62	22	30	
233	62	22	30	
233	62	22	30	
233	62	22	30	
233	62	22	30	
233	62	22	30	
233	62	22	30	
233	62	22	30	
233	62	22	30	
233	62	22	30	
233	62	22	30	
233	62	22	30	
233	62	22	30	
233	62	22	30	
233	62	22	30	
233	62	22	30	
233	62	22	30	
233	62	22	30	
233	62	22	30	
233	62	22	30	
233	62	22	30	
233	62	22	30	
233	62	22	30	
233	62	22	30	
233	62	22	30	
233	62	22	30	
233	62	22	30	
233	62	22	30	
233	62	22	30	
233	62	22	30	
233	62	22	30	
233	62	22	30	
233	62	22	30	
233	62	22	30	
233	62	22	30	
233	62	22	30	
233	62	22	30	
233	62	22	30	
233	62	22	30	
233	62	22	30	
233	62	22	30	
233	62	22	30	
233	62	22	30	
233	62	22	30	
233	62	22	30	
233	62	22	30	
233	62	22	30	
233	62	22	30	
233	62	22	30	
233	62	22	30	
233	62	22	30	
233	62	22	30	
233	62	22	30	
233	62	22	30	
233	62	22	30	
233	62	22	30	
233	62	22	30	
233	62	22	30	
233	62	22	30	
233	62	22	30	
233	62	22	30	
233	62	22	30	
233	62	22	30	
233	62	22	30	
233	62	22	30	
233	62	22	30	
233	62	22	30	
233	62	22	30	
233	62	22	30	
233	62	22	30	
233	62	22	30	
233	62	22	30	
233	62	22	30	
233	62	22	30	
233	62	22	30	
233	62	22	30	
233	62	22	30	
233	62	22	30	
233	62	22	30	
233	62	22	30	
233	62	22	30	
233	62	22	30	
233	62	22	30	
233	62	22	30	
233	62	22	30	
233	62	22	30	
233	62	22	30	
233	62	22	30	
233	62	22	30	
233	62	22	30	
233	62	22	30	
233	62	22	30	
233	62	22	30	
233	62	22	30	
233	62	22	30	
233	62	22	30	
233	62	22	30	
233	62	22	30	
233	62	22	30	
233	62	22	30	
233	62	22	30	
233	62	22	30	
233	62	22	30	
233	62	22	30	
233	62	22	30	
233	62	22	30	
233	62	22	30	
233	62	22	30	
233	62	22	30	
233	62	22	30	
233	62	22	30	
233	62	22	30	
233	62	22	30	
233	62	22	30	
233	62	22	30	
233	62	22	30	
233	62	22	30	
233	62	22	30	
233	62	22	30	
233	62	22	30	
233	62	22	30	
233	62	22	30	
233	62	22	30	
233	62	22	30	
233	62	22	30	
233	62	22	30	
233	62	22	30	
233	62	22	30	
233	58	22	30	
233	58	22	30	
233	58	22	30	
233	54	22	30	
233	54	22	30	
233	50	22	30	
233	46	22	30	
233	46	22	30	
233	42	22	30	
233	42	22	30	
233	38	22	30	
233	38	22	30	
233	38	22	30	
233	34	22	30	
229	34	22	30	
229	34	22	30	
229	34	22	30	
229	30	22	30	
229	30	22	30	
229	26	22	30	
229	26	22	30	
225	26	22	30	
225	26	22	30	
225	26	22	30	
225	26	22	30	
225	30	22	30	
225	30	22	30	
225	34	22	30	
225	38	22	30	
225	42	22	30	
225	42	22	30	
225	46	22	30	
225	50	22	30	
225	50	22	30	
225	54	22	30	
225	54	22	30	
225	58	22	30	
229	58	22	30	
229	62	22	30	
229	62	22	30	
229	66	22	30	
229	66	22	30	
229	70	22	30	
229	70	22	30	
225	74	22	30	
225	74	22	30	
225	78	22	30	
225	78	22	30	
225	82	22	30	
225	82	22	30	
225	82	22	30	
225	82	22	30	
225	86	22	30	
225	86	22	30	
225	86	22	30	
225	86	22	30	
225	86	22	30	
225	86	22	30	
225	86	22	30	
225	86	22	30	
225	86	22	30	
225	86	22	30	
225	86	22	30	
225	86	22	30	
225	90	22	30	
225	90	22	30	
225	90	22	30	
229	90	22	30	
229	90	22	30	
233	90	22	30	
233	90	22	30	
237	90	22	30	
237	90	22	30	
237	90	22	30	
241	86	22	30	
241	86	22	30	
245	86	22	30	
245	86	22	30	
249	86	22	30	
253	86	22	30	
253	86	22	30	
257	86	22	30	
257	86	22	30	
261	86	22	30	
261	86	22	30	
261	86	22	30	
261	82	22	30	
265	82	22	30	
265	82	22	30	
265	82	22	30	
265	82	22	30	
265	82	22	30	
265	82	22	30	
265	78	22	30	
265	74	22	30	
265	70	22	30	
265	70	22	30	
265	66	22	30	
265	62	22	30	
265	58	22	30	
265	54	22	30	
265	54	22	30	
265	50	22	30	
265	46	22	30	
265	46	22	30	
265	42	22	30	
265	42	22	30	
265	38	22	30	
265	38	22	30	
265	34	22	30	
265	34	22	30	
265	34	22	30	
265	34	22	30	
265	30	22	30	
265	30	22	30	
265	30	22	30	
265	34	22	30	
265	34	22	30	
265	38	22	30	
265	38	22	30	
265	42	22	30	
265	46	22	30	
265	46	22	30	
265	46	22	30	
265	50	22	30	
265	50	22	30	
265	50	22	30	
261	54	22	30	
261	54	22	30	
257	58	22	30	
257	62	22	30	
257	66	22	30	
253	66	22	30	
249	70	22	30	
249	74	22	30	
245	74	22	30	
245	78	22	30	
241	82	22	30	
241	86	22	30	
237	86	22	30	
237	90	22	30	
237	90	22	30	
233	90	22	30	
233	94	22	30	
233	94	22	30	
233	94	22	30	
229	94	22	30	
229	94	22	30	
229	94	22	30	
229	94	22	30	
229	94	22	30	
229	94	22	30	
229	94	22	30	
229	94	22	30	
229	94	22	30	
229	94	22	30	
229	90	22	30	
229	86	22	30	
233	82	22	30	
233	78	22	30	
233	74	22	30	
233	70	22	30	
233	66	22	30	
233	62	22	30	
229	58	22	30	
229	54	22	30	
229	50	22	30	
225	50	22	30	
225	46	22	30	
225	42	22	30	
225	42	22	30	
221	42	22	30	
221	42	22	30	
221	38	22	30	
221	38	22	30	
221	38	22	30	
221	38	22	30	
221	38	22	30	
221	38	22	30	
221	38	22	30	
221	38	22	30	
225	38	22	30	
225	42	22	30	
229	42	22	30	
229	46	22	30	
233	46	22	30	
237	50	22	30	
237	54	22	30	
241	54	22	30	
241	58	22	30	
245	62	22	30	
249	62	22	30	
249	66	22	30	
253	70	22	30	
253	74	22	30	
257	78	22	30	
257	78	22	30	
257	82	22	30	
257	82	22	30	
257	86	22	30	
261	86	22	30	
261	90	22	30	
261	90	22	30	
261	90	22	30	
261	90	22	30	
261	90	22	30	
261	90	22	30	
261	90	22	30	
261	90	22	30	
261	90	22	30	
261	90	22	30	
261	90	22	30	
261	90	22	30	
261	90	22	30	
261	86	22	30	
261	82	22	30	
261	82	22	30	
261	78	22	30	
261	74	22	30	
261	66	22	30	
261	62	22	30	
261	58	22	30	
261	54	22	30	
261	50	22	30	
265	46	22	30	
265	42	22	30	
265	38	22	30	
265	34	22	30	
265	34	22	30	
265	34	22	30	
265	30	22	30	
265	30	22	30	
265	30	22	30	
265	30	22	30	
265	30	22	30	
265	30	22	30	
265	30	22	30	
265	30	22	30	
269	30	22	30	
273	34	22	30	
277	34	22	30	
281	34	22	30	
281	34	22	30	
285	34	22	30	
289	38	22	30	
293	38	22	30	
297	38	22	30	
301	38	22	30	
301	38	22	30	
305	38	22	30	
305	38	22	30	
305	38	22	30	
305	38	22	30	
305	38	22	30	
305	38	22	30	
305	38	22	30	
301	38	22	30	
301	38	22	30	
297	38	22	30	
293	38	22	30	
289	38	22	30	
285	38	22	30	
285	38	22	30	
281	38	22	30	
277	38	22	30	
273	38	22	30	
269	38	22	30	
265	38	22	30	
261	38	22	30	
257	38	22	30	
253	38	22	30	
253	38	22	30	
249	38	22	30	
245	38	22	30	
245	38	22	30	
241	38	22	30	
241	38	22	30	
237	38	22	30	
237	38	22	30	
233	38	22	30	
233	38	22	30	
229	38	22	30	
229	38	22	30	
225	38	22	30	
225	38	22	30	
225	38	22	30	
221	38	22	30	
221	38	22	30	
221	38	22	30	
217	38	22	30	
217	38	22	30	
217	38	22	30	
217	38	22	30	
213	38	22	30	
213	38	22	30	
213	38	22	30	
213	38	22	30	
213	38	22	30	
213	42	22	30	
213	46	22	30	
213	50	22	30	
213	54	22	30	
213	58	22	30	
217	62	22	30	
217	66	22	30	
217	70	22	30	
217	78	22	30	
217	82	22	30	
217	86	22	30	
217	90	22	30	
217	94	22	30	
217	98	22	30	
217	98	22	30	
217	102	22	30	
217	102	22	30	
217	102	22	30	
217	102	22	30	
217	102	22	30	
217	102	22	30	
217	102	22	30	
217	102	22	30	
217	102	22	30	
221	98	22	30	
221	98	22	30	
221	98	22	30	
225	94	22	30	
229	94	22	30	
233	94	22	30	
237	90	22	30	
241	90	22	30	
245	86	22	30	
249	86	22	30	
253	86	22	30	
257	82	22	30	
257	82	22	30	
261	82	22	30	
261	82	22	30	
265	82	22	30	
265	82	22	30	
269	82	22	30	
269	82	22	30	
273	82	22	30	
273	82	22	30	
273	82	22	30	
273	82	22	30	
273	82	22	30	
273	82	22	30	
273	82	22	30	
273	82	22	30	
273	82	22	30	
273	82	22	30	
273	82	22	30	
269	78	22	30	
269	78	22	30	
265	78	22	30	
265	78	22	30	
261	74	22	30	
257	74	22	30	
253	74	22	30	
249	74	22	30	
249	74	22	30	
245	74	22	30	
241	74	22	30	
237	74	22	30	
237	74	22	30	
237	74	22	30	
237	74	22	30	
233	74	22	30	
233	74	22	30	
233	74	22	30	
233	74	22	30	
233	70	22	30	
229	70	22	30	
229	70	22	30	
229	70	22	30	
229	66	22	30	
229	66	22	30	
229	62	22	30	
225	62	22	30	
225	58	22	30	
225	58	22	30	
225	54	22	30	
221	54	22	30	
221	50	22	30	
221	50	22	30	
221	46	22	30	
221	46	22	30	
221	46	22	30	
221	42	22	30	
221	42	22	30	
221	38	22	30	
221	38	22	30	
221	38	22	30	
221	34	22	30	
221	34	22	30	
221	34	22	30	
221	30	22	30	
221	30	22	30	
221	30	22	30	
217	30	22	30	
217	30	22	30	
217	30	22	30	
217	30	22	30	
217	30	22	30	
217	30	22	30	
217	30	22	30	
217	30	22	30	
217	30	22	30	
217	30	22	30	
217	30	22	30	
217	30	22	30	
217	30	22	30	
217	30	22	30	
217	30	22	30	
217	30	22	30	
217	34	22	30	
221	34	22	30	
221	34	22	30	
221	34	22	30	
221	34	22	30	
221	34	22	30	
221	34	22	30	
221	34	22	30	
221	34	22	30	
221	38	22	30	
221	38	22	30	
221	42	22	30	
225	42	22	30	
225	46	22	30	
225	46	22	30	
229	42	22	30	
233	42	22	30	
233	38	22	30	
237	38	22	30	
237	34	22	30	
241	34	22	30	
245	34	22	30	
245	30	22	30	
249	30	22	30	
253	30	22	30	
253	30	22	30	
253	30	22	30	
257	30	22	30	
257	30	22	30	
257	26	22	30	
257	26	22	30	
257	26	22	30	
257	26	22	30	
257	26	22	30	
257	26	22	30	
257	30	22	30	
257	30	22	30	
257	34	22	30	
253	34	22	30	
249	34	22	30	
245	34	22	30	
241	34	22	30	
237	38	22	30	
233	38	22	30	
229	38	22	30	
225	38	22	30	
225	38	22	30	
221	34	22	30	
221	34	22	30	
221	34	22	30	
221	34	22	30	
221	34	22	30	
221	34	22	30	
221	34	22	30	
221	34	22	30	
221	34	22	30	
221	34	22	30	
221	34	22	30	
221	34	22	30	
221	30	22	30	
221	30	22	30	
221	30	22	30	
225	34	22	30	
225	34	22	30	
225	38	22	30	
225	38	22	30	
225	42	22	30	
225	46	22	30	
221	50	22	30	
221	50	22	30	
221	54	22	30	
221	58	22	30	
221	62	22	30	
221	66	22	30	
221	66	22	30	
225	66	22	30	
225	66	22	30	
225	66	22	30	
225	66	22	30	
225	66	22	30	
225	66	22	30	
225	62	22	30	
225	62	22	30	
225	58	22	30	
225	54	22	30	
229	50	22	30	
229	46	22	30	
233	42	22	30	
233	42	22	30	
233	42	22	30	
233	42	22	30	
233	42	22	30	
233	42	22	30	
233	42	22	30	
233	42	22	30	
233	38	22	30	
233	38	22	30	
233	38	22	30	
233	38	22	30	
233	38	22	30	
233	38	22	30	
233	38	22	30	
233	38	22	30	
233	38	22	30	
233	38	22	30	
233	38	22	30	
233	38	22	30	
237	38	22	30	
237	38	22	30	
237	38	22	30	
237	38	22	30	
237	38	22	30	
233	38	22	30	
233	34	22	30	
233	34	22	30	
233	34	22	30	
233	34	22	30	
233	34	22	30	
233	34	22	30	
233	34	22	30	
233	34	22	30	
233	34	22	30	
233	34	22	30	
233	34	22	30	
233	34	22	30	
233	34	22	30	
233	34	22	30	
233	34	22	30	
233	34	22	30	
233	34	22	30	
233	34	22	30	
233	34	22	30	
233	34	22	30	
233	30	22	30	
233	30	22	30	
233	30	22	30	
233	30	22	30	
233	30	22	30	
237	30	22	30	
237	30	22	30	
237	30	22	30	
237	30	22	30	
237	34	22	30	
237	30	22	30	
237	34	22	30	
237	34	22	30	
237	34	22	30	
237	34	22	30	
237	34	22	30	
237	34	22	30	
237	34	22	30	
237	34	22	30	
237	34	22	30	
237	34	22	30	
237	34	22	30	
237	34	22	30	
237	34	22	30	
237	34	22	30	
237	34	22	30	
237	34	22	30	
237	34	22	30	
237	34	22	30	
237	34	22	30	
237	34	22	30	
237	34	22	30	
237	34	22	30	
237	34	22	30	
237	34	22	30	
237	34	22	30	
237	34	22	30	
237	34	22	30	
237	34	22	30	
237	34	22	30	
237	34	22	30	
237	34	22	30	
237	34	22	30	
237	34	22	30	
237	34	22	30	
237	34	22	30	
237	34	22	30	
237	34	22	30	
237	34	22	30	
237	34	22	30	
237	34	22	30	
237	34	22	30	
237	34	22	30	
237	34	22	30	
237	34	22	30	
237	34	22	30	
237	34	22	30	
237	34	22	30	
237	34	22	30	
237	34	22	30	
237	34	22	30	
237	34	22	30	
237	34	22	30	
237	34	22	30	
237	34	22	30	
237	34	22	30	
237	34	22	30	
237	34	22	30	
237	34	22	30	
237	34	22	30	
237	34	22	30	
237	34	22	30	
237	34	22	30	
237	34	22	30	
237	34	22	30	
237	30	22	30	
237	30	22	30	
237	30	22	30	
237	30	22	30	
237	30	22	30	
237	30	22	30	
237	30	22	30	
237	30	22	30	
237	30	22	30	
237	30	22	30	
237	30	22	30	
237	30	22	30	
237	30	22	30	
237	30	22	30	
237	30	22	30	
237	30	22	30	
237	30	22	30	
237	30	22	30	
237	30	22	30	
237	30	22	30	
237	30	22	30	
237	30	22	30	
237	30	22	30	
237	30	22	30	
237	30	22	30	
233	30	22	30	
233	30	22	30	
233	30	22	30	
233	26	22	30	
233	26	22	30	
233	22	22	30	
237	22	22	30	
237	18	22	30	
237	18	22	30	
237	14	22	30	
241	14	22	30	
241	10	22	30	
241	10	22	30	
241	10	22	30	
241	10	22	30	
241	10	22	30	
241	10	22	30	
241	14	22	30	
237	14	22	30	
237	14	22	30	
237	14	22	30	
237	14	22	30	
237	14	22	30	
237	14	22	30	
237	14	22	30	
237	14	22	30	
237	14	22	30	
237	14	22	30	
237	14	22	30	
237	18	22	30	
233	18	22	30	
233	18	22	30	
233	22	22	30	
233	26	22	30	
233	30	22	30	
233	30	22	30	
233	30	22	30	
233	34	22	30	
233	34	22	30	
233	34	22	30	
233	34	22	30	
233	34	22	30	
233	34	22	30	
233	34	22	30	
233	34	22	30	
233	34	22	30	
233	38	22	30	
233	38	22	30	
233	42	22	30	
233	46	22	30	
233	46	22	30	
233	46	22	30	
233	46	22	30	
