61	32	11	35	
61.60662610054845	31.741164614308538	10.885934934599497	34.5965793489443	
62.151667527575604	31.22851498038112	10.790149525365607	34.365838997353336	
63.34891164960067	32.1168537818762	10.591656373707439	33.98288607431007	
64.44579687852412	32.02057179199714	10.325651762112983	33.81820746983968	
65.0591389564366	32.49637663595484	10.132000023585391	34.082402239588774	
65.86939796729709	32.25339842029537	10.04643619211862	34.05995608492444	
66.58062747120857	32.374901719171376	10	33.940110743485754	
67.1092384806378	33.23335056799501	10.038178314546089	33.943914144280555	
69.08149188492389	32.393785186190854	10.333548253105242	34.74342310412833	
68.87318567005234	32.35992853173661	10.684249680391218	35.22240724009181	
69.17543368013175	32.8267103933788	11.0018636217421	35.3743809504317	
69.46701301305013	33.41254377509445	11.210366337626814	35.28837655196011	
69.25995538922542	32.45779416087046	11.860332932722677	35.60950807983131	
69.74420117542454	32.96926401848486	12.375800200694632	35.0751909107985	
70.89934005757169	33.26719225890367	12.4488954584798	34.082164482336665	
72.43230340943072	33.88505908271002	12.154611678116847	33.672562178565514	
73.51892473762037	32.981423844560844	11.900975230538808	34.239328509241616	
76.95032044336354	33.476668454947784	11.850868831869864	34.78849008631167	
77.49173820808372	37.24721540598074	11.813490427139595	34.17849989060562	
78.00243946776925	38.54041813731238	11.682499463535564	33.850349194406576	
78.37836721056392	38.996190300553295	11.473185541457138	33.95547390288264	
77.24237355406241	39.4940708128626	11.33444988349762	33.97363926509721	
79.95950751879886	36.7206596696803	11.416508381484434	34.49389886072695	
79.5273444279624	35.397264683736836	11.422876782796186	35.23759585222905	
79.77266222544633	36.116844133323205	11.853087292450219	35.39029045246885	
80.23807908384161	34.946329373046126	11.922216382361325	35.71023184970148	
80.46190810010427	36.20231182970046	12.091148968923227	35.51239795789243	
80.57672488996134	38.3021452532165	12.205530004029553	34.78799923639441	
83.30791581822504	38.012906790750776	12.20697098914643	34.41246585353702	
84.7035590241005	40.15276741507403	12.468999978472805	33.66117983514563	
84.9132018328886	38.11920029955453	12.44587868875647	34.02257647539484	
79.73593067207224	34.005636521837786	12.051210652723157	35.0413281000422	
80.22423828888168	32.59175552895051	11.747714368040773	36.063501721215616	
80.39093091299178	31.755622546077923	11.665475495953523	36.69929119407901	
87.27037700701105	36.718054480908066	11.802861689262645	36.401851564531036	
89.62013756983937	39.50893759282568	12.434040484260281	35.21722393627685	
89.9042619643075	38.79025044540527	13.15543617507565	34.49773811797375	
92.12351724613195	39.831363455774365	13.575063695838335	34.13634563719833	
92.09784746210276	40.24980223245516	13.841539151161932	33.76343695686073	
91.89276407283252	39.847276413468	14.025884777372957	33.506543394868615	
94.34748856770051	39.9390140812818	13.928890488106955	33.3221206653566	
94.9695634426771	38.84575314522955	13.743864731073712	33.335551364289095	
97.47285766630146	40.96182880612119	13.801850525463154	33.09018807694492	
97.51237427365734	40.97949144327391	13.710480855465839	33.03539630749809	
98.12639015209403	40.94971467290416	13.587417527204225	33.214919797363834	
98.76598664255438	41.58272836711315	13.685615527004053	32.78369676504403	
99.50965874689291	40.848030553987826	13.790589376340897	32.75371633271619	
102.47843359185042	42.32442922883335	13.939186517938339	32.69179050783592	
99.9102462363968	41.87497039130219	14.050832930658304	32.64657817944594	
100.48099837686516	40.95552271754733	13.924924562654962	32.69432248020273	
101.00021516783593	41.98896826052173	13.97155455741171	32.76392769971963	
103.9791662966616	40.88377575107023	14.048065160630726	32.74590009044881	
104.23538660109769	42.28954619447763	14.073751020417015	32.575941215810516	
104.9439682718513	44.49609232433865	13.959362465858945	32.2477617330355	
105.8022078552671	44.07257995760233	13.781251166497132	32.16805732384228	
106.76274700412793	43.66139011155863	13.728936554001919	32.09574000541256	
108.01152366474007	43.75976621802457	13.235554604237583	32.159959994304856	
108.35726529318296	44.12052397843067	13.161716193791154	31.94749829982475	
108.69723048595316	44.52545709929835	13.204659078762393	31.724548206751955	
109.04872361181603	45.15213036734461	13.202000700266623	31.41441811372127	
109.42115479122934	47.112934815524476	13.294724267495912	30.96420518675241	
109.45371663990773	47.297768453391136	13.402898392614594	30.520230059525733	
111.28848220061332	48.21772308761216	14.745346851128943	29.582178942042702	
111.18573246515803	48.26542584998373	14.579271234730644	29.76593245655852	
110.55550041495123	48.47901066584712	15.452804243597232	29.066529130039942	
107.65627185636843	47.76593826151143	15.083305485366093	29.299157684286275	
106.4448032401663	47.13595442616801	13.572449649838239	30.159144243685027	
107.31076147708517	46.68631190419745	12.866474786336795	30.35412363882245	
108.13216257441617	46.58007051618041	12.205005609024035	30.47518983984193	
108.3889209050306	46.538071347595015	12.049298431800151	30.382241104864402	
108.74567794228302	46.41442641157541	11.806228142485871	30.47291066814678	
107.28746175505061	45.97920352259728	11.404040788862307	30.524243072346636	
108.32948395946606	45.914279837354314	11.118672274768658	30.41609006481992	
108.60972618793767	46.45774987743175	10.900303935302865	30.274470590896723	
108.55915904960655	47.03120798104102	10.78619891064123	30.108869460029346	
109.27160494659636	46.67422111379378	10.512582989845798	29.900391281167067	
107.79617353734524	46.27972483647726	10.36736622041165	29.6664232921676	
108.66910570238892	46.34324999835388	10.157337871693302	29.344628098347695	
108.63844948801437	46.980519259823694	10.140934687494449	29.130666014311885	
108.80148189887404	46.94315916028991	10	29.185351034047557	
109.31714111194015	47.00966558953458	10	29.15207208701289	
109.24311209097505	47.45391031815062	10	29.046409887890857	
109.2083301730454	47.595861650689436	10	29.126106493395426	
107.84426011517644	46.4918400780068	10	29.129902164090286	
108.60517521575093	46.78363354456391	10	29.333769001613582	
108.53951710835099	47.38852554439637	10	29.253291318324393	
108.83456755056977	47.16282232300129	10	29.217255744512983	
109.1656427718699	47.61496712721116	10	29.161142317409634	
108.93609558418393	46.884250641686016	10	28.856873636886732	
109.37774558737874	47.096122532338946	10	28.681289994307107	
109.3576880103391	47.85992917448846	10.011299333266093	28.386839589951926	
109.41610592231154	47.47795785091324	10	28.40709854130921	
109.35577414184809	47.236647023555605	10	28.525486046568467	
109.45472640544176	48.83638705494274	10	28.514137554610233	
109.40039122477174	47.8804664126956	10	28.412656485741483	
109.33396289870143	47.73445613971572	10	28.553636567061574	
109.29917220771313	47.73081809428399	10	28.58188585976614	
109.3339389897883	47.5223259908626	10	28.558334580864447	
109.31379315629601	47.35160881414903	10	28.5943425155103	
109.25452801585197	47.22052087785811	10	28.55456537038051	
109.27487776987255	48.757025021305935	10	28.618926716205813	
109.38451480679214	47.97474661024461	10	28.5037407252181	
109.37062492780387	47.57627285044632	10	28.629352070803453	
109.3273775856942	47.274567673731454	10	28.81307366299891	
109.09374071471393	47.53163222256821	10	28.97135535147727	
108.75183476321399	46.972685463006876	10	29.154624556291775	
109.1491133023279	47.533409929321714	10.024245099678222	28.834580755478964	
108.6716229704868	47.76655555459001	10.044032403508583	28.74819493740506	
109.14368389360607	47.492308610516716	10	28.657329708997402	
109.2996173184365	47.366385725464866	10	28.533548110412518	
109.37502322904766	47.46418672642927	10	28.48379214754048	
109.37271799542941	47.34583206259562	10	28.159858457915767	
107.91383268334903	47.308643885867866	10	28.127713577454976	
108.66504390933551	47.37926138942406	10	28.0129032968139	
109.04625593521632	47.20925438478662	10	27.884351663255067	
108.82676774659194	47.2636837511438	10	28.101177775988248	
109.1483064929489	46.96652203656335	10	27.920669194879984	
108.90349938371219	48.340399363636834	10	28.053319966758416	
109.3035504410509	47.664580070565556	10	28.377613253180204	
109.29044618387707	47.412899182971486	10	28.498861541839943	
109.40753941168077	47.19025977766293	10	28.637308247535717	
109.53113005240448	47.40757307311248	10	28.70233648613872	
107.95111117442138	47.21386643384888	10	28.86724373327192	
108.74826506455429	47.66039289142003	10	28.838931607066222	
108.99789528011036	47.33264926518328	10.115642124830403	28.274178385792474	
109.24345359881409	47.782199958299	10	28.02575211753055	
109.18762531806715	48.22463172867149	10	28.138391917029864	
108.93092247773893	47.55312235067618	10	28.22159712588608	
109.08547907997854	47.294968962859784	10	28.32502541798502	
109.10807759617455	47.82396937918539	10	28.209988841143584	
109.1728765994776	47.59744587603655	10	28.445246197477882	
109.19993620482273	47.548768231938446	10	28.404853363458823	
109.20936219138093	47.14875832136238	10	28.561095635344145	
109.26519575086422	47.69119615574475	10	28.50837893741224	
109.17934909579344	47.30119231337403	10	28.59801516839162	
109.13346037012525	47.16219945690415	10	28.680575966971332	
109.10459443484433	47.04818814435957	10	28.641476323383728	
109.09947345931477	47.40654012086459	10.022274494368176	28.32558276108452	
109.19004099606536	47.42990760559877	10	28.16165491974754	
108.94829370616935	47.494181411138655	10	28.3248138409077	
109.02929205982946	47.138719813882986	10	28.115707156802696	
108.70799101679586	47.05596984016231	10	28.291631950096008	
108.52118305048512	47.54446834316295	10.038909924187188	28.085983897341798	
108.94535027234815	47.48634276243129	10	28.020472005864754	
109.3860723504331	47.59712346599413	10	27.895313869698924	
109.13697427301668	47.76953264890379	10	28.049789129234377	
107.66419416456483	47.41804949919014	10	28.220538343300188	
108.29371017008089	47.07583280371551	10	28.16865302678333	
108.79762023477815	46.78614201230397	10	28.16719080333963	
109.02130047767423	47.99966675194224	10	28.35105364706113	
109.12024680315517	47.99632129570078	10	28.46131908883425	
109.06802440970205	47.63231651876712	10	28.265952142095028	
109.18928430019878	47.54941714869273	10	28.222663391208346	
109.23241152039577	47.63154228291704	10.150203622731636	27.86614178584663	
108.85607026389259	47.00624242616831	10.356526775519932	27.84081335965749	
109.00008689359376	46.911622973096	10.300559298068558	27.849538019576755	
109.0140814890571	48.5296809589171	10.311633422980432	27.65019334538939	
108.724137477874	46.55509924453293	10.205665222240269	28.083876255816666	
108.54292673847179	46.96123824897775	10.412892880448936	27.637750980491404	
109.06977301140881	48.2433211090142	10.089718019988268	27.97584055712566	
108.89279028919324	47.8739641974234	10.131540913474108	27.99426735533244	
109.35889772675	47.90661392248175	10	28.123682540826312	
109.04912214386188	48.03082094138712	10.077793224530213	27.905947393661087	
108.54577522360789	47.0205127176844	10.06261275645208	28.214054805002384	
108.60113107176865	47.7302031881688	10.028461155083145	28.194720212605343	
108.62162826093845	47.62949389762582	10	28.25988902793756	
108.39054760473496	47.356756379820624	10.209964434212155	27.995977571772436	
109.0121392798821	47.968550575735236	10.074825589037214	27.86633229899229	
108.86791493289155	48.174149140925394	10.159791580643853	27.551754066824884	
109.3178868133109	47.71343482478218	10	27.665389379886	
108.88492782297544	47.761182445435836	10	27.632212266181035	
108.94413094851188	47.35351695377364	10	27.735098586457624	
109.41074102255516	47.38692474015586	10	27.620645890078634	
109.48914642515592	48.029753134087244	10	27.631118567319028	
109.56038392963819	47.533627394743654	10	27.694512600289343	
109.2509766954463	47.79367867295117	10	27.955909608521992	
107.9089572567027	47.73317366700943	10	28.022034661393192	
108.7219923872035	47.576877006723194	10	27.86621737081302	
109.15077595296316	47.18308960011589	10	27.750638347300484	
108.84227538624012	45.97157821959944	10.074527817253442	27.70654093774013	
109.2931223481182	47.951854164155996	10.027959439952667	27.560713732388606	
109.38831014814787	47.360057804303565	10	27.60046601992641	
109.5301119077485	47.75756372866276	10	28.56270662596572	
108.17395341279916	46.969819624772086	10	28.522167597762262	
108.83974540117197	46.92474573177498	10	28.673639238828727	
109.12757074716501	47.30674015089956	10	28.56919910043538	
109.36428414168768	46.79062664610419	10	28.63486979937244	
109.462938563604	47.62513947004893	10.055931592482903	28.261445042596232	
109.62627508756188	47.71126709190531	10.216832168224366	27.803906531385444	
109.73309950376002	47.81696551393867	10.271780163811947	27.723242894186903	
109.93999989689485	46.460447383207054	10.341455241475831	27.93898043815137	
110.04293610658881	48.6711826602224	10.643424826387077	27.94236654687091	
108.6714416442115	47.90966879609507	10.604080615536848	28.04774142974288	
109.24555945441095	46.02001662031772	10.767811652776484	28.607755763215927	
107.97862372907859	45.741692252241265	10.84576455294987	29.03353655620115	
107.85081679217248	45.82138070758549	11.109490401917856	29.20005415029822	
107.66038445722441	46.32302204814086	11.218192664177376	29.670771565508602	
105.71242829183329	45.43123340232302	11.244361886210225	29.6923947880067	
105.94028794493073	45.71229827328946	11.56912606428353	29.345502454950243	
105.79966521394779	45.142268202173284	11.789410648562674	29.890376244452803	
105.4876301265241	44.11733558206961	12.045235221755988	30.282120852488514	
102.85197827348054	43.46521572747879	11.95262205391124	30.56611357909568	
103.02022732294164	43.723363211534874	11.991927395798289	30.51883182509485	
100.6920045148861	43.10452136549094	11.935928706489452	30.468741669602768	
98.58152343324316	43.38769555124856	12.000998020806811	30.443966047702233	
97.77191106218669	43.10203018456046	12.543492273188903	30.227808797374813	
95.58711787688316	42.43973579056946	13.306285001751906	29.80276832624733	
95.6304037974111	42.25311309462974	13.431736925544712	29.91119972872591	
94.88926311369501	42.55269319605235	13.628657002998892	29.797290356531008	
94.1286390001726	42.41838033627782	13.477282191751783	30.119589708523026	
106.15199517176191	46.05636955823807	13.293404778993075	29.00018456019579	
106.93079562094168	46.222965391437235	12.74575988286896	28.588299913686814	
107.71067685002488	46.047750717060566	12.242465196232693	28.966327907978243	
107.76859044557798	46.597572891110495	11.991488779533888	28.284420656426462	
108.16021197428292	46.68980111483073	11.625549552509234	28.38033819952173	
108.51423648648255	46.95926254692277	11.345449032796317	28.37768279473019	
108.34973781676429	46.64535796733458	11.036659685812396	28.385340732154404	
108.30995442190532	47.210928802137076	11.098758997240132	27.98582455989058	
108.5396495019189	47.93575200300042	10.906204318141388	27.898554609656202	
109.14525170585034	47.997623620090025	10.607966519279678	27.851705666222248	
109.40802422304996	47.606170638143325	10.455867025547018	27.849060856971867	
107.92804285553045	47.30735822543369	10.234616620098357	27.737351428126317	
108.1785055422663	47.08549133116397	10.132876069662865	27.763428795004376	
108.67845548631833	48.117592972951236	10.06851030116482	27.534141387818398	
108.70038871956058	48.17641547672778	10	27.625551640089107	
108.63260947115165	47.90635011545095	10.031806718215245	27.42152725371409	
108.80973829817958	47.34104213173401	10	27.177355175264793	
108.85801367578097	48.66361481198719	10	27.062787951202523	
109.25011710938998	47.41783928038495	10	27.347417436953386	
109.29462842014618	47.51369362941517	10	27.305081242054378	
109.43568699923344	47.51548694690986	10	27.13205827150133	
109.54266908136196	48.713978592972396	10	27.56721208722539	
107.96206595865078	47.70906202593496	10	27.668306727380884	
108.76013907161541	47.22258184333612	10	27.56682303702131	
108.82273919996805	47.23563356285365	10	27.490740168294217	
108.95956409093924	47.67068534790158	10	27.586216584770632	
109.10130137321539	48.25442474423665	10	27.497075223054463	
109.0470903639216	47.791816917938334	10	27.567645504214028	
108.99667397257872	47.37742003489589	10	27.309526161473222	
108.89799313363619	48.38395761978454	10	27.28254463202338	
108.91340602305718	47.916933524657864	10	27.417228851520214	
109.10397676494904	47.75183625554201	10	27.462582954962254	
109.18172672507353	49.25043435145484	10	27.320458546202396	
109.28078951057978	48.33125943934027	10	27.357913156350712	
109.43270869669504	48.11525101290134	10	27.459516935927276	
109.5139914911706	47.74618408532798	10	27.154895187283692	
107.96444393810816	47.929384045833594	10	27.224868351056028	
108.65175260719843	47.51463084862402	10	27.22862034140718	
108.63954725139774	48.1557883393107	10	27.272367681696718	
108.97187512391247	47.429766340150465	10	26.98871953657695	
109.3577442097012	49.08005889031402	10	26.89710331404219	
108.02048289054073	47.96338687786188	10	27.052080820925845	
108.31496899598278	47.85908672159962	10	27.23084544736277	
108.91587149375118	48.3925229062349	10	27.067852720578763	
109.18310111039318	48.02729087928452	10	27.125525174252182	
108.97893058531918	47.51977166462767	10	26.857154365704254	
109.1727342468724	47.81700577586872	10.060510797325465	26.7620629468587	
107.64928633742966	47.29270434610796	10	27.039607723799644	
108.30692220502533	48.11715181820682	10	27.241858523925664	
108.66646573715843	47.25405838041184	10	27.37961237224816	
108.56150431209244	46.72282327370675	10	27.483094395961068	
108.70905204885639	48.295010616202376	10	27.283926114702126	
108.74667597957887	47.79611911912228	10	27.400979910406505	
108.63847071513021	48.6135403200174	10.183802433340826	27.070868520006954	
108.6022255665157	47.99819063169873	10	27.139361246864016	
108.50407325685956	47.53587331696633	10	27.3113236212896	
108.64804982603528	47.76675401059261	10	27.46982712184681	
108.65278889308684	47.16082897622943	10	27.552407471449314	
108.20516694645025	47.048886218060076	10.137811432488256	27.36543888660699	
108.95476664672606	47.64265313302594	10	27.401285979946447	
108.91286956216209	47.974471811128566	10	27.582372742450758	
108.88668725336902	47.53883213450827	10	27.549590599433568	
108.69094777549617	47.857008531292465	10	27.20083847214974	
108.810846921755	48.14218852368167	10	27.24820552861584	
108.85941369901411	47.89311142823615	10	27.421749724618564	
108.80626268009655	47.549054244075	10	27.249972559089244	
108.28158991138055	47.947351037711755	10.046266957529367	26.79005169510904	
108.55518794855297	47.63468200463868	10.180645764261321	26.45636467628281	
108.95954323629849	48.55835600758901	10	26.62111760536445	
109.28231800417416	48.00625263622639	10	26.51446338045358	
109.43064881186001	48.489659913624656	10	26.637301006328745	
108.0568217120599	47.98551433367577	10	26.84844137553513	
108.36345050553791	48.028748389569415	10	26.96398838055864	
108.64451489667408	48.096865665728735	10	27.09540151186046	
109.05594164947979	47.89523199898771	10	27.328411440895913	
109.23657671432011	47.66451797795541	10	27.180068112072746	
109.37105562607758	47.98975930673183	10	27.329533252772023	
109.4157287448179	47.55335285685939	10	27.313374227735093	
109.44526893235847	47.99329395702841	10.050851414257442	27.15552326309193	
109.56383057008497	47.601962378859724	10	27.479138088645474	
107.99673290620558	48.02930900004043	10	27.65971064962116	
108.81464321981184	47.85061299604955	10	27.688458054112083	
109.13986261258833	47.54736574058379	10	27.813974970191158	
107.78675194154494	47.58362640860447	10	27.83662303680875	
108.56751884589903	47.678915856785	10	27.583220055092877	
108.63771296647018	48.19385567718521	10.031371036439882	27.454478302724	
108.6686540513765	47.58634500996074	10	27.5607001796229	
108.40783017571084	47.69668810535953	10	27.227430493148795	
108.97851204569452	47.810652093985695	10	27.2889118255221	
108.87944566900842	48.16877248918233	10	27.427223602133978	
108.70200068945996	47.75295432981248	10	27.236916113271743	
108.66819288651459	48.0244335898032	10	27.173461582509976	
108.75862039695494	47.54309455769162	10	27.16265197154317	
108.5232521083404	48.16625501880189	10.078450872616333	26.863463875174062	
108.7371211367544	48.220129660978515	10.20861562874612	26.711184724393625	
109.29164810548536	48.37556113095971	10	26.842133226806425	
107.88740797410719	48.25071670972618	10	26.77366639314701	
108.693350271089	47.98417287846885	10	26.843534979266636	
109.00051446328871	47.61123536759524	10	26.905913943026633	
107.55248554120772	47.32404739818822	10	27.19778159798715	
108.1520323313307	47.72519675999574	10	26.977642751195532	
108.397347927792	47.54674261836453	10	27.04492884684351	
108.42445501754992	47.116644344080214	10	27.162976459617305	
108.93968930910341	47.20200938298885	10	27.22544207410084	
108.99703019927256	47.9155624383296	10	27.268361979654692	
108.94301603431813	47.35861773070263	10	27.262691987674422	
108.80655630218573	47.809328995603764	10.11237611189931	27.1568322020128	
108.8221083645564	48.29758600475171	10.065488170581977	27.3218056629268	
108.94118062849157	48.06839170235726	10	27.432181045498147	
108.98558624531142	47.51498628441766	10	27.48734648323738	
108.69656248833053	47.69915523698281	10	27.41052878622743	
108.70413148100488	49.14515787980271	10	27.536987827446158	
108.74786342005245	47.92141816257241	10	27.62312435495485	
108.67578007350676	47.92149898079883	10	27.598603648737395	
108.69233658607118	47.87491309780225	10	27.522858891273977	
108.71500912262725	47.60188064987085	10.03779451035628	27.28096897985529	
108.87816313351505	48.30205413236893	10	27.133511290409967	
108.84230782510026	48.420284442942304	10.130851958426401	26.913626411776157	
109.176259683472	48.36664035823774	10.012564101668296	27.018983893143105	
109.00072010490112	48.65019338191397	10	27.192460550334697	
109.04622740927152	48.697226386522445	10	27.1683208104702	
108.96688881475674	48.39681975593523	10.14609970001111	27.03763147908099	
109.03271009749733	48.00763005618389	10	27.282148049375298	
108.94284951663576	47.292074923582284	10	27.49291961237667	
108.80782204843126	47.63813731013332	10	27.614834665667722	
108.68675213283859	48.27756855866284	10	27.616420247717873	
108.44759436646476	48.31099162445689	10.246626630965647	27.337738880772495	
108.49168677371897	48.009893157785996	10.061474015005533	27.182333301277822	
108.56102405837737	47.37770606219506	10	27.218786960233125	
108.59251653007232	47.994523847012715	10	27.306589226291187	
108.60482131852768	47.666016465208756	10	27.469786422073778	
108.60337433428504	48.14953040631375	10	27.45878563041326	
108.66784367174841	47.962509009610045	10	27.42686565860385	
108.64345863112248	48.00339451166125	10	27.307434655518293	
108.44580362860056	48.09585686554222	10.198515703772404	27.091705650800883	
108.44167356588878	47.74436748358292	10	27.37168905601396	
108.8760812058189	48.51236272386261	10.094376944642317	27.10507163472736	
108.86148419999518	48.28093296585284	10	27.307146256518898	
108.70529254666883	48.197261297922864	10.100540024668353	27.136899911230323	
108.71969876964826	48.102931572172906	10.042838716129452	27.037128582557898	
109.01949548185803	48.1272676538939	10	26.972557939967164	
108.44997882307507	48.28975568764406	10	27.08752035808925	
108.77684118808247	48.50236333881472	10	27.05275958646387	
109.23574050725438	47.69746812839616	10	27.1108286728436	
109.37125168205239	48.443586011750185	10	27.045728850502005	
107.92667231918313	48.35841923649036	10	27.06824653276317	
108.82293895841576	48.105372761445366	10	27.095353338787312	
109.1689362025354	48.06350127974203	10	27.07306011597572	
108.87392334104516	48.50212840930167	10	27.119923123988244	
108.67593205269125	48.35992151878458	10.192488057712527	26.927665119906223	
108.80974806682207	48.37133981181316	10	27.08574341269429	
109.21465112105943	48.45836880972612	10	27.092449525764625	
107.75590051547624	47.66332135404396	10	27.274087396342203	
108.05198068459272	48.277005048316404	10.064306622674035	27.108253339668334	
108.5784013106022	48.13768260712325	10	27.069468917931722	
108.90140311256982	48.21176844044801	10	27.29830613642738	
108.04449848667718	47.45564375028134	10	27.29262095598498	
108.27363373176195	47.88730490669537	10	27.544878248259455	
108.81864823237993	47.74992606692263	10	27.581674501427624	
107.86547984019853	46.707662773474645	10	27.814396474256526	
108.51136179105379	47.509123445453795	10	27.946017261722176	
108.82642371789552	47.75935154022674	10	27.98293956214745	
109.17775280610658	47.76228527602724	10	28.02072649140174	
108.76094774738885	47.9804278323153	10	28.146152570956666	
109.1539752020035	47.49058491498424	10	28.14674199296011	
108.92362102703191	47.99337274874896	10	28.50142800412634	
108.87692304165103	48.07313042775738	10	28.541735474283136	
108.76562320650555	48.04930071511546	10	28.501981499155374	
108.57771894961228	47.782132098420206	10.038477993633505	28.141057444856674	
108.91560394919277	47.84167932936897	10.029634020816808	27.813440216130598	
109.39528207711649	48.239271632979964	10.088742330246486	27.658995049826586	
108.85299564979442	47.36423039028998	10.341453986942152	27.814273725086917	
109.02706728611882	48.13250319256207	10.173547396589155	27.728991071439957	
108.5219582168188	47.88682808873698	10.142891411615883	27.89913876253435	
108.97854647613538	48.07966967050583	10.042301558136241	27.93944561426498	
109.4445674880747	46.09625023122999	10.058219970601751	27.880348366107675	
108.94365795166232	46.07920527650263	10	27.95070514635908	
109.32857426841494	46.09863372178348	10.197427727212526	27.93602078351294	
104.56229360226796	45.53224528149719	10.2157182770358	27.942319945732248	
101.66529443636121	43.716800697123105	10.458873846855887	28.06787545244734	
107.02526046981464	42.26746699068953	10.230383506633583	29.6000136390114	
107.32153473209141	42.01012418093535	10.272204653424811	30.198232322050664	
108.08005968250797	42.97215640397074	10.467639469960776	30.556062082980624	
108.39147703541553	42.13605587135335	10.643200815075662	30.89073158159554	
108.30351373895625	43.104986007344905	10.787673701670114	30.548879371975094	
109.10911577652573	42.98955978222464	10.43280142794566	31.175587576829503	
109.66129382386046	44.11637269028654	10.45900966528455	31.174422478860606	
109.7868574218109	43.74306003204775	10.626519745079504	31.0784402375646	
109.57524286810836	45.29481046696888	11.165996580951544	30.36329700703508	
109.55613117934864	46.632766977362216	11.609522542642285	29.877425766720208	
107.86884053684547	45.985762673830266	11.16655507581757	30.04807314388757	
108.34260772149086	46.89248326576614	11.240156155936265	29.63509232245021	
108.67444608460372	47.55082142585739	11.011975730169464	29.486265900606014	
108.93931474862089	47.777387330351374	10.840621789462308	29.452925432445998	
109.48966499573739	45.174525567940975	10.566693746630078	29.482356060996043	
108.11955548995391	47.18956577026535	10.407090284671042	29.38070883620265	
108.50917966666867	47.414020342288396	10.328485411065575	29.232999694588415	
108.63919528265231	47.03670220049608	10.210834178259049	29.211545058201573	
108.65913475822701	46.594513467315906	10.034991071912506	29.062084014048615	
108.89052609191276	46.357901151256875	10	28.944372581446526	
109.38171931493213	46.12360421411142	10.020027422865386	29.034341539660787	
108.70127701015282	45.954991975338224	10.214986648856192	29.273728628691696	
108.48962355975887	45.59428882414645	10.244531437980283	29.076922696101335	
108.45540280568598	47.17316033559613	10.039272232014726	29.18095206738228	
108.83633763180114	47.329074671808876	10	29.102500195970734	
109.15931296930648	47.365517446693026	10	28.94676862306009	
107.57836354360916	47.383684111818695	10	28.73435897001479	
108.00108135328628	46.825738409497916	10	28.730232726913133	
108.52368759062827	47.27136331798134	10.067531975885174	28.466314286022033	
108.39976400719024	47.189661348857605	10	28.50672780976926	
108.92178365122193	47.93322649216699	10.021838745574629	28.049737803874063	
109.28454742417671	47.9342121055393	10	28.12792381984479	
108.98487255559303	48.064633786935325	10	28.48471183284239	
108.9230068384204	47.85693366819635	10	28.510842718361125	
108.926508968696	47.73562269766941	10	28.552092527709696	
108.98307339288294	47.75874383713429	10	28.74538276418656	
109.04682102240622	47.82969268937487	10	28.553985939142123	
109.21600332563351	47.67867475009399	10.057444179699228	28.18975656845157	
109.19774608127773	47.46901063623882	10	28.27103195712116	
109.24020269326866	47.26029749256997	10	28.254834215299308	
109.20512652424635	47.49065135276712	10.031592558519808	28.15013776638176	
107.68329069577157	47.72293913134416	10	28.178149179556957	
108.60705498419702	47.879790372029035	10	28.19725024556956	
108.93635789118707	48.11268310386936	10	28.073824384340234	
109.42915881238878	47.810929181506864	10	28.207630462097455	
109.22790176546101	48.05534802102807	10.177525067070622	27.870162280235036	
108.91446470409863	48.436307924634065	10.08092301830186	27.996936640160186	
109.21036686953693	48.327335834337454	10.05594693831027	27.85410597586854	
107.77628942392766	47.62256408196872	10	28.024835365081707	
108.4849454369396	47.65894297441433	10	28.02547076860744	
108.68076775036752	47.916652985108584	10	28.26194033366761	
108.62938031367958	47.82553040241196	10	28.262083742726567	
108.69483490847051	47.76716521791207	10	28.2811429754663	
108.72970377840102	47.602046085359774	10	28.28448701688086	
108.8125041667372	47.66382825374296	10	28.299019504402846	
108.89949942566454	47.8656011304571	10	28.287758919145503	
108.90815104637295	47.86822688466514	10	28.319879210079204	
108.97608801815659	47.83207836734867	10	28.2685839276078	
109.13615660462528	47.42411288355113	10	28.073219099762216	
107.76282958779484	48.08049609516454	10	27.98294990134313	
108.78171627316624	47.59310050457509	10	27.94532173952734	
109.56703157357003	47.826405284946944	10.003572175147614	27.661836750822292	
109.3573332587257	48.25189042729805	10	27.755057266310054	
107.89768321905285	47.54086452026119	10	27.763938981125353	
108.74035538826138	48.06329300314896	10	27.789249318435136	
108.18704911072649	48.17794811480691	10.150039664788109	27.561022317220683	
108.75557969603688	48.53025428140006	10	27.75902714053996	
109.06030137930065	48.25190659560906	10	28.005667762871557	
108.83264626655728	48.07192181897974	10	28.30099229397634	
108.87306228745729	48.13364841552283	10	28.280111027901164	
108.17319217789918	47.749031171016355	10	28.042839431518303	
108.58525816071779	48.213454757823555	10	28.081774576495974	
108.30832463968545	47.08287492412408	10	28.29341089031827	
108.81286615598947	47.84388670780205	10	28.191414459765	
109.08555001486093	47.98027910838112	10	28.24776999392829	
109.22874306607991	48.24704027215755	10	28.226004503743432	
109.22946667589713	48.513475692424734	10	28.326424073250877	
109.20079107501078	47.49485712482709	10	28.434536972339284	
109.30766747065354	47.77324453000499	10	28.382710479988106	
109.61968784772996	47.72564606623338	10.04595383851378	28.026626187810486	
108.03894386359025	47.709569868126	10	28.1025241576353	
108.30047229595948	47.569199814908245	10	28.257129466140103	
108.84266022511292	47.10155466264566	10	28.341460708088977	
108.84915261541028	48.38033099990678	10	28.32119264622237	
108.81478943501133	47.08831529755953	10	28.609811272062494	
108.5521121827187	47.56963768140574	10	28.273111059175854	
108.49408582050819	47.332458470960184	10	28.386965329676332	
109.07562908728141	47.36447141458341	10	28.4471994060615	
108.98524183977861	47.84515556750658	10	28.518887836207597	
108.87416260142345	48.340753105195176	10	28.468747939472678	
108.91887170646805	47.81997173932147	10	28.496077678094185	
108.91661537915934	48.172038455390435	10	28.546848456523712	
108.93505536497105	47.93051985652647	10	28.798578415911273	
109.34286974847782	47.41288569033507	10	28.97890132707521	
109.09365576982964	47.586725431538035	10	28.9322636563739	
108.61303834888493	47.21894816288305	10.267526898926775	28.536923532734157	
109.09888654336399	47.551656032743395	10.119692883797532	28.38791122967425	
109.0618473860668	47.01985352710856	10	28.57162073265458	
108.93511612445582	47.55359943792122	10	28.33259234620229	
109.04156529635657	47.544238005702375	10	28.34320451046482	
109.04869000485633	47.50824308284607	10	28.394819448996753	
109.13941126188729	47.361506059600956	10	28.367855825732956	
109.121508371667	47.093363777595016	10	28.558862156455124	
109.19955256266985	47.859098992922625	10	28.438209229729036	
109.11614739580546	47.60784899617968	10	28.54290928429777	
109.02818993164692	47.55103048309891	10	28.457840115700897	
109.24116532935295	47.255939773265204	10	28.3637753529266	
109.25105665716524	48.29849644836476	10.139214611860098	27.967325008556347	
107.77679649426136	47.80499726465244	10	28.165863180916432	
108.43593445851002	47.865260859418676	10	28.30741093874114	
108.93662903143559	47.866122037564736	10	28.27397010856754	
108.93654788345157	47.88685286912991	10	28.282410687114243	
108.7405418089038	47.70416889821321	10	28.29184827077617	
108.76609370730876	47.616132188256685	10	28.359161266730922	
108.83493649832963	47.410550934317754	10	28.65691321978253	
108.80257693551539	47.24091109613337	10	28.66839491703486	
108.84407297022699	46.57780719023494	10	28.554262329089582	
108.83419883012462	47.26961171251367	10.086623469747513	28.269852579576067	
108.97277315951942	48.071367827133756	10	28.197150348848165	
109.19419610001205	47.485320855861474	10	28.384305967894953	
109.26005838312267	47.62188636276609	10	28.424917502313033	
109.2751821862912	47.517967234690744	10	28.47606589108645	
109.41796226672886	47.3302016805786	10	28.655364591025606	
109.42917286478041	47.033839920128884	10	28.805950304317385	
107.89494906984328	47.347708520684314	10	28.725161297710304	
108.48250704132079	47.55677068820544	10	28.55978992239629	
109.5290042670822	46.74480350465991	10	28.677618151257978	
107.7237900392125	47.34981155256202	10.026411894231217	28.503761928462495	
108.32710581146239	47.60464614882225	10	28.336804631646302	
108.83749877534865	47.90964432848027	10	28.316627644030554	
107.74126719556807	46.672430277421455	10	28.440814323494983	
108.12729012094496	47.44321882343844	10	28.246776179520083	
108.71839456878661	47.40149149207767	10	28.261579329976435	
107.67284744106291	45.904715271088634	10	28.587294629010152	
108.10813518486975	47.6160993276194	10	28.73945360754713	
108.57678788028716	47.49843848505911	10	28.770608999523485	
108.727437144742	47.40283362213508	10	28.857326590025618	
108.70643672669802	46.84978268055532	10.038157180278208	28.814228629778455	
108.94589215089809	46.990735571077344	10.002559066243519	28.88436710327581	
109.1222041357687	46.77023099418826	10	28.925374909989	
107.56814355742245	46.809304462962565	10	28.930028256468443	
108.14567227255611	47.15505398939982	10	28.880330382049298	
108.46393821727543	47.44693530482236	10	28.788506968056403	
108.57744349852887	47.73282582566861	10.141848639162813	28.431751500332787	
108.70720502700715	47.53493384059575	10	28.570502271406628	
108.50765982236771	47.24875475919277	10	28.74854501263131	
108.50275066834001	47.385898482378195	10	28.767884381341098	
108.76165268164186	47.398516563792285	10	28.860050086617854	
108.82430428605585	47.50567779285386	10	28.78919103148123	
108.73962544988899	47.362493849525364	10	28.612407373805723	
108.21435468982963	46.2254237812441	10	28.80319923613729	
108.18903571333794	46.03886835575754	10	29.21970244359553	
108.24181183021574	46.10586912576184	10	29.238035310558875	
108.19037850566407	46.25368763893573	10.064995470863739	28.975620460345674	
108.12812693942396	46.41406281317916	10	28.82700390032528	
108.47179960239737	46.239973414707194	10	28.73045715400863	
109.0088162325701	47.001910731818725	10	28.60234734751385	
108.98630268465786	47.81207075650911	10	28.558765894095604	
109.20794109594135	48.14571938601186	10	28.551636329181893	
109.32973733138351	47.84913697233537	10	28.73555328132124	
109.52913158726005	47.79466414479644	10	28.85629398220707	
108.10396152328758	47.20179334517209	10	28.777064682827525	
108.44172501253784	47.68118613817978	10.047505138389427	28.512529561251533	
108.8659675676754	47.25339156140525	10	28.734673988333462	
108.97962838750391	47.67183360711829	10	28.69869750875432	
109.00944598916976	47.838604075373524	10	28.8850596956226	
108.9005644411227	47.303715323582445	10	28.879310723298392	
109.23165878210033	48.016632783274794	10.089667645101619	28.606951207699396	
109.41170118156879	48.23616624020823	10	28.614470992126215	
109.41030667805171	47.379919307398524	10	28.87861418979214	
107.6714209177444	47.60207000884723	10	28.757418360548897	
108.29397051119304	47.96304457612986	10	28.675838581662187	
108.89127139830089	48.00988077632051	10	28.71841813750534	
108.9625104972074	48.04701723390829	10	28.77489045443502	
109.54271349393821	48.02285574113177	10	28.55880726556676	
107.92400297605491	47.95567670926158	10	28.50242975077015	
108.4836201378057	48.11412636282145	10	28.449950505953943	
108.9779555209825	48.39370871417648	10	28.463111032888666	
109.00168318756914	47.780663373573326	10	28.493513466414313	
109.06115143456555	47.58542361363678	10	28.71290865680151	
109.08430910007155	47.44502351710817	10	28.970498911079254	
107.5737647999922	47.79691818196673	10	28.79398246143949	
108.23253226176894	47.04230848768877	10	28.72905879789429	
108.79423606292403	47.83767560147267	10	28.64399166074245	
108.71310600535071	47.27241269432953	10	28.662244735618323	
108.76778264612949	47.170084369487114	10	28.67124194156707	
108.81076298178232	47.28109637713858	10	28.771911005974147	
109.08429179609811	47.55159966924479	10	28.76084240432094	
107.54154239119089	48.080680114010484	10	28.77753350453564	
108.47515402258432	47.941367577490176	10	28.517630194798087	
109.04076610029733	47.983742042828666	10	28.45325806002395	
108.96147588909662	48.052303445043876	10	28.38828403313803	
108.80406817317999	47.88646539497403	10	28.56881905599768	
108.8372357738117	47.65060731578919	10	28.664376589479893	
108.94155705989397	47.553058741244065	10	28.692320529122284	
108.99128221989668	47.50685746027894	10	28.720862168000707	
108.95904487268126	47.700096478345934	10	28.837161469894664	
109.19075748221076	47.244677982325086	10	28.89286278269137	
107.63386526866867	47.59568669449105	10.044977301992619	28.78032748697959	
108.18008085982001	48.08550852128079	10	28.655145801345213	
108.67714071170485	48.37266140470901	10	28.57590885281953	
108.19050328629754	47.24065800891342	10.164361500709319	28.383890997651672	
108.6038194937524	48.023948201405474	10.145135570880342	28.286104243267552	
108.52869373456633	47.831352243000254	10	28.416566293096473	
108.51166633972025	47.927232221203184	10	28.516325531532004	
108.48060843803978	47.69777607932136	10	28.607060341750582	
108.94205320336914	47.89647185718339	10	28.614093363977943	
108.88469419711328	47.96357812902484	10	28.72173761882468	
108.84584359907603	47.95869627104866	10	28.886219733824888	
109.0484901972959	47.39791433314015	10	29.123407977832667	
107.39559128963447	47.9205580923994	10	29.139464606042687	
108.09704104148841	47.364850241244795	10	29.25829149027863	
108.35312295042968	47.67649255003396	10	29.134884444759916	
108.50631606661773	47.229901053308765	10	29.018356053437067	
109.02237933957076	47.674915623571295	10	28.43977310279238	
109.01134967700636	47.719571276416325	10	28.517100543959955	
109.04412528024113	47.584307270764086	10	28.539796152677503	
109.09096346319711	47.3206427662598	10	28.463534375229003	
109.19901398093498	46.26473019977445	10	28.013825103445065	
107.70964315802848	47.383294095494406	10	28.442357454903714	
108.15687278182304	47.61560256359326	10	28.592898838179288	
108.30790715188778	46.976479928725304	10	28.16306953821304	
107.74475403609466	46.99695077486827	10.1687591033857	27.82150895897947	
108.56814867373357	47.72545846689114	10.030971679189706	27.97944232447597	
109.05754189462459	47.95910222623299	10	28.138365554941586	
107.54533581704891	47.234453129357	10	28.367532351446258	
108.03234525294101	48.14161897430922	10	28.537649571301348	
108.59158923001087	48.14017690419184	10	28.846005340440442	
108.8837764737109	48.09684089562903	10	28.947471556362217	
109.14278765291965	47.80020201525946	10	29.07535198896301	
107.61302776903904	47.16154014385689	10	29.025412734140886	
108.27171774477756	47.44900322728052	10	28.88571402100227	
108.55471881003177	47.85989103398751	10	28.80934336631328	
109.01330171794689	47.48733794674686	10	28.792664450824923	
107.40081022949016	47.612784375479094	10	28.736514615683113	
108.20210396022594	47.15296389819089	10	28.804523213615855	
107.37763177054462	46.65449654586662	10.170657278570692	28.409605062582017	
108.21909365036672	47.26807984617411	10.035946047155285	28.472555725760984	
108.78085087508953	47.15567033818742	10	28.384531001747938	
108.8204293538729	47.795889929553965	10	28.395446952071488	
108.83417593584454	47.89378025812803	10	28.477710876336634	
108.79002787069476	48.30968317098891	10	28.422141703942813	
108.82519567281997	47.440252323114876	10	28.563788700899387	
108.83465326567239	47.02225248830241	10	28.70117943564502	
108.8582659362728	48.05498936509737	10	28.476144286409944	
108.83963938233501	48.07672274449742	10	28.405488794389747	
108.78815828439838	47.73498660157753	10	28.730129078543435	
108.78020571813977	47.99763109778605	10	28.709736607694694	
108.74915035896993	48.2366213225707	10	28.64372394229173	
108.71830606357253	47.34281735599203	10	28.764225247031092	
108.9072670032183	47.94405250211352	10	28.538834405872247	
108.81294777141011	47.99774205096357	10	28.46125460376147	
108.47462665654174	48.099291700723	10.170005788982799	28.13992047612812	
108.07980657101727	48.16423412535993	10.314802262483822	27.78008914765293	
108.48871594931006	47.56759473231163	10.023421384506955	28.248579327582693	
108.43011593715346	47.56373815545281	10	28.453872401592236	
108.86206599966681	47.6146304651181	10	28.421155267892182	
108.72588544980681	47.636593586267345	10	28.556997394195477	
108.7630146060983	47.67455190206786	10	28.647576845734818	
108.67008560792601	47.612056217719854	10	28.634089264764814	
108.57986560360587	47.56270993186952	10	28.776901637837767	
108.61819219113386	47.65688088100986	10	28.70853439745027	
108.52610666574037	47.36565676505262	10	28.674580122536444	
108.45832792938745	47.4362633166529	10	28.594912901709925	
108.95082254231966	47.38706860679296	10	28.60793071537789	
108.71780819715059	46.28922902481154	10	28.350311072196558	
108.35026482761896	47.528299701290635	10	28.177492127914512	
108.4150894460181	46.60368713902228	10	28.228347606378843	
108.78897451133525	46.300883976776966	10	27.86210186673678	
109.1003097769717	47.06462571514563	10	27.867965281402647	
107.73218696088588	48.48418887406188	10	27.815792174400844	
108.64215801925457	48.04952962035962	10	27.855685406479573	
108.94986753434932	48.06588515525003	10	27.875058723047484	
109.35505847902095	47.68473388299389	10	27.89213786458278	
107.71785502404964	47.630118199225215	10	27.872139820637315	
108.4410707232455	47.892529464012995	10	27.926688802997937	
108.76658414573467	48.09688585468943	10	27.97894800293208	
109.1035791811446	47.51661842492375	10	28.060377246847587	
107.63034476609027	47.62996455063771	10	28.070886507279564	
108.8825475153426	47.18294986271839	10	28.09502036529213	
109.12611593467639	47.214780322974704	10.119452240235594	28.073286495578635	
109.18154478525804	47.9243977029824	10.032088477220332	27.9653874184322	
107.58700786427653	47.87954406479685	10	28.040207939307027	
108.34537963465846	48.12550602254474	10	27.9256761072177	
108.69785611228144	47.842193961304396	10	27.934367554813587	
109.20673002903106	47.94377294270216	10.057043597927759	27.687431846800976	
107.84834317759669	47.65215357753853	10	27.686984881003205	
108.57241748170054	47.67176922888183	10	27.746955779086985	
108.85721485213435	47.71586782923699	10	27.891523165182956	
109.05599592522776	47.594447963773334	10	28.11996078877465	
107.53641663388407	47.71085750799516	10	28.09955685907962	
108.29878149823344	47.82708468138917	10	28.253808894327815	
108.99232198282388	47.24244624368439	10.087350903186984	27.730942091072208	
107.57951776580012	47.28449274978424	10	27.71000966969997	
108.27325789527094	47.37973468425529	10	27.84532389503049	
108.41500659183657	47.41464025204942	10	27.965795342678916	
108.7961132069031	47.41343639604996	10	28.317137198459505	
108.92368745700514	47.3646873714983	10	28.34006891307682	
108.88928176391428	47.55044137561223	10.150206684424298	28.059180304992577	
109.04440450565016	47.4575857142178	10	28.28765529682523	
108.95792459593213	46.94725481561178	10	28.088699965665068	
109.28324862466252	48.35913353096459	10	28.274201043641696	
109.33107853205001	48.47518140266678	10	28.413784457255993	
109.28796664894617	47.65738179499226	10	28.367119463811374	
109.23353115365899	47.51649675146031	10	28.416539499472236	
109.21428588488197	47.46547854719914	10	28.38161538665421	
109.15318756633496	47.31962264666885	10	28.376525203404643	
109.06889653950118	47.32616272621859	10.006702171451115	28.17631077840549	
107.51628255927062	47.17480195715494	10	28.198738047209453	
108.23385500990844	47.19422848304459	10	28.356237104743162	
108.70609772288299	47.788494586368515	10	28.223602610802832	
108.62880797767139	47.71649723622299	10	28.178311928465426	
108.96405001067615	48.06756997214947	10	28.131413489254843	
109.38486850201139	47.250114211580595	10.1834653942674	28.150789751145766	
109.48243584340067	47.81071801224358	10.006434542005174	28.21633840306228	
109.49816554774588	47.60123809446945	10	28.25015892229012	
109.38121568401402	47.3926181280246	10	28.125415727585835	
107.74953030784673	47.39851943560252	10	28.16191667557778	
108.46888493736333	47.28127933645119	10	28.141772000480692	
108.70153705020493	47.43303341475803	10	28.331956361147604	
108.61437690691476	47.512770988734914	10.013067191907199	28.203570258301205	
108.64270880393255	47.689276362833056	10.03737382675564	28.099724449031605	
108.78005500500149	47.68283213798338	10	28.225250984811517	
108.71982485224409	47.621414266103606	10.029351372423637	28.020849778173567	
108.88964172815031	47.7840976709593	10	28.194244026315893	
109.26772936795896	47.919007453139194	10	28.489293031330178	
109.11481217657274	47.585058204117146	10	28.67148177276149	
109.25751278911775	47.14750058314738	10	28.79870684031215	
107.75469182048982	47.38044505042434	10	28.90118038019975	
108.94834325824922	47.40469464180232	10	29.13232938222009	
109.45548502718157	47.30355089979527	10	29.00853082192268	
107.84968594824022	47.247004960105734	10	29.09965430119591	
108.35122088705248	47.56599193312315	10	29.270862999051463	
108.82510495325172	46.937534779604476	10.018979628374208	28.937007538327585	
109.4268061331386	47.0139338103457	10	28.781388765029405	
108.23192123686022	46.75476518977604	10	28.687647279877062	
108.58384053026384	47.24189741831562	10	28.674186867998266	
107.5802439859981	46.13294947971531	10	28.736464316014917	
107.38600597892946	45.862783128914614	10	28.72834183887867	
108.24850676571077	47.48676762271964	10	28.925584977046814	
108.41566083942598	46.57476169155877	10	29.152261023938863	
108.79859907542414	46.80123770458819	10	29.321539468060543	
108.87764551852888	46.462878449798794	10	29.45838074174989	
109.12316687022394	47.10774671558762	10	29.270520349813033	
108.61990451254765	47.090028280637725	10.925269607234515	28.621504745595566	
108.9078661568192	48.25272030699815	11.069367566555204	28.6400590435522	
109.22221586667256	47.78969664267654	11.42564414048174	28.34880762608641	
109.61613107347095	47.10522377608243	11.592887917978391	28.405412503676178	
107.82219946873775	46.751068888453965	11.642048162662103	28.65339980946023	
107.83104667963555	45.7774225513828	12.21320560997279	29.14277324360469	
107.4944653215263	45.79453878495331	12.722835562471722	29.404665562602204	
106.61304086379225	45.49859124735414	13.041456663265443	29.880680185704072	
106.25749993484473	45.94528076663707	13.06369395958365	30.295474445973987	
105.80595970947071	44.75488299011397	13.167025393569899	30.903157582752776	
105.30580209978045	44.180437821855286	13.09952316338073	31.54001284742033	
104.7646318188401	44.19944375407353	13.381223559455593	31.763996954186698	
102.25439224178076	44.18480687811029	14.674639296139587	31.148130296643576	
99.50389593897849	43.85632435285635	14.893684765818849	30.61795357106655	
99.28506458542039	43.61460223484813	14.964954860477778	30.287537211856698	
96.23397951861585	43.523292954112854	15.132623346137626	30.305249927208322	
105.53024263709499	46.30384271382468	14.599245897631512	30.255497224801267	
106.8944307139849	46.68517187900461	14.365006554154405	29.818779294803416	
106.53730254123346	46.04168015065475	13.815020131369629	29.832231314582984	
106.83336412128321	46.78579432207264	13.263737414493852	29.566811690428537	
107.06762550367651	46.2334039544671	12.60825201538221	29.613835167224398	
107.48303634250954	46.38591605679261	12.162697625208933	29.344072135374624	
107.96896204896385	46.52984404982939	11.703468211087236	29.4651208507724	
107.74176834573717	46.94012055905453	11.468694614904614	29.366427943081863	
108.12829404124084	46.891825671479	11.148095764294945	29.456702587492508	
108.25272739015215	47.03907570673409	11.011267783146158	29.209969891646878	
108.3344487170783	47.02993692225691	10.727015447580271	29.135897767422115	
108.86421500413931	47.296409321948786	10.582758089560855	29.07383991376284	
108.93591480569852	47.120246699318386	10.36219616106021	29.172260041511883	
109.0175848129299	47.34200248392324	10.180180912428682	29.26004871901773	
109.04482507207989	47.42114394660695	10.424045125459562	28.939863172261866	
109.17448163584984	47.426544914125444	10.175378553492404	29.02401426012213	
107.79661800182677	47.55053123304033	10.088423221517203	29.026009927522487	
108.62640803565154	47.38519939236295	10.121387256536435	28.866573046304786	
108.92757868942863	47.883388065366624	10	28.733865632186014	
108.95607893345004	47.93313156171744	10	28.731720691050032	
107.40222887870914	47.60483495029304	10	28.739476526337025	
108.29998366710788	47.24391854943561	10	28.798018887015658	
108.47370378849155	47.28275026016287	10	28.686583205610503	
108.97462622997409	47.12555268868144	10	28.669621882756868	
108.98879074388242	47.4891252087948	10	28.652300510533223	
108.99532872661075	47.21464795593303	10	28.71536888950009	
109.05578183232865	47.1287490790742	10	28.879346793220016	
107.25052269644316	47.23931455485075	10.097809846249142	28.524702063218797	
108.00687717496476	46.690524432117485	10	28.65977112685397	
108.35853420793137	47.30852431620765	10	28.52026400679832	
108.84405245482048	47.10355423616964	10	28.40716542194789	
108.83385142534098	47.7785512689977	10	28.258090388388634	
109.03638941194053	47.27227577610488	10.061225885226031	27.85245125252359	
107.53793340771517	47.48680673801836	10	27.8404043745779	
108.17511367647967	47.50130222571717	10	27.91270436277043	
108.56039953081927	47.68961632264816	10	28.189667086495717	
108.80938622205576	47.73541450918019	10	28.34918859854443	
108.84899971484265	47.6321890409781	10	28.523192163316747	
108.87993175569441	48.06831840197005	10.044912103630203	28.319307443312667	
108.82469918801507	47.751541835394214	10	28.350289565874743	
108.75093695743999	47.323166953379086	10	28.595704767603365	
108.79456911831221	47.276408981744325	10	28.700583276554234	
108.70315621643385	47.002645092725174	10	28.736869141750724	
108.75116307883582	47.74226347821475	10	28.698232408346335	
108.71337530612072	47.70047143063516	10	28.433355411987122	
108.64420634263698	47.97801516402014	10.098422734095196	27.9963106899133	
109.18873075965101	48.357679169815796	10.070311185490434	27.937962805179744	
107.86040747160888	48.05041841963421	10.055900060463829	27.8639977294626	
108.61290780863783	48.14854051822074	10	27.811168178676635	
108.51079921132441	47.04804685620086	10.003816305707002	28.090954869667385	
108.96147031745932	47.418880979626714	10	28.146204716973852	
109.18937108208908	48.03405508235603	10.069326954512741	27.944955141466686	
107.73958159647009	47.66132487871926	10	27.971335100589602	
108.23597187720317	48.02020111194828	10.119896893482274	27.726176686684745	
108.40915903857967	48.20660394827782	10	28.016190935996033	
108.67666539958736	47.766623519721904	10	28.252676558599354	
108.64896840824804	47.94949546328101	10	28.304173022919656	
108.59015413223824	48.12948983008742	10	28.41295342239781	
107.09126087128243	47.86280527626313	10	28.3466514046344	
107.87760712801537	47.90549830140867	10	28.26340513757487	
108.46494086681923	48.01632200644113	10	28.183641488200628	
108.97999512947156	47.39861859845201	10.110995099992888	27.872301454165143	
107.42139901815972	47.641859140122406	10	28.07027195087195	
108.19501670300087	48.09369376859031	10	28.069537841221603	
108.77719602498354	47.49703127340901	10.19017288260021	27.707143217555277	
109.2300483792933	47.87992963527889	10	27.74771162614736	
107.46231564080816	48.21068125176551	10.149102924327448	27.513123591738662	
108.25863420825623	48.61665502840497	10.051281377428753	27.481077423767047	
108.86340155302605	48.63207092677382	10	27.68171567545692	
109.15933631955704	48.6162036387049	10	27.837024821416122	
107.77827583848557	48.17922595614448	10	27.8702604270727	
108.69164102374634	48.089188687493426	10	28.077951552773627	
109.02294202744088	48.10496321436607	10	28.192112669297348	
107.55193384586892	47.80906246635702	10	28.24457515936834	
108.06254377066216	47.8395822019523	10	28.167915829078396	
108.25715859829506	48.308636872265055	10	28.1836094912872	
108.63493274747452	47.897136926317614	10	28.346090736941854	
108.51646160929522	48.111448123165104	10	28.307217184770998	
108.58350299148879	48.78066725496202	10	28.34861297707774	
108.43613548426947	46.652598408225984	10	28.482704676744873	
108.86505101471266	47.42266266149834	10	28.19348287605648	
109.275903387359	47.90289607427469	10	28.090616441414873	
107.75003687887511	48.27414466696341	10	28.092130538958287	
108.66229860334715	48.157294385135316	10	27.983147250895577	
109.08943940549216	47.887626044735626	10	27.97246585956666	
107.72607413167917	48.1365207434654	10.006286822040028	27.95202544539492	
108.50621183066687	47.7407455095351	10	27.768497747724346	
108.75755959676631	48.419116141581696	10.113969831112872	27.424493519382505	
108.77736049740633	48.75244355776309	10	27.77365775974312	
108.94166624396166	48.23652052386009	10	27.74325893542876	
109.35927238910517	47.93809685651932	10	27.67102875450817	
108.94060214608241	48.5854491890117	10.139143121238385	27.491552384849655	
107.46401014774165	48.046524390497254	10	27.61793023591067	
108.45224503134523	48.07080298124177	10.020884978657705	27.474085984743343	
108.72978549450535	48.512590927567	10.197933387740903	27.122189960791005	
108.80736777036509	48.74200418268567	10	27.35227560379768	
108.78724775872251	48.72390050799498	10	27.424388306904003	
108.81727195381245	49.0126577364195	10	27.50274017495655	
108.98576322793087	48.67829824806259	10	27.555991364881443	
108.98069805325734	49.00716709723103	10.058029435375392	27.402707802439323	
109.09047980642936	48.466974670503326	10	27.427472343204006	
109.0750539725559	48.64391654738435	10	27.57338444353359	
109.09935729893914	48.93546027502709	10	27.757115094422588	
107.71244292649499	48.64553245448038	10	27.83263020607417	
108.70421820077172	48.408595215655005	10	27.668171482316538	
109.09913181456795	47.65658878237268	10	27.895339370548662	
107.76238786372414	47.82326331284003	10	27.95472427095774	
108.60428886803857	48.02173070515537	10	27.747611131944538	
108.92576046976319	48.42945927065708	10	27.924728931132172	
109.29659443291894	47.83153396943733	10	27.961583547586862	
107.78963404092065	47.961279265393145	10	27.92726727839957	
108.55216985139123	48.35813020290616	10	27.901707090289886	
108.90594714078179	47.99566986903827	10	28.09102405595735	
109.28027927073708	47.404634638610084	10	28.118470650732476	
107.8439279714512	47.704159155864176	10	27.97669670882607	
108.66873066815606	48.28597711793967	10	27.906411552764368	
108.97727137002221	48.15944139119931	10	28.066530181116065	
109.19773881825677	47.23454963247271	10	28.362292459288575	
109.23682473915687	48.222582306484554	10	28.31730125372092	
109.26492343227437	48.53680329796936	10	28.268525587260566	
109.15944182257226	47.67190177577348	10	28.37020367933605	
109.15509498574829	47.87726340163809	10	28.348340236051804	
108.97602722504234	47.21739674356907	10	28.26258971029378	
108.81042166509724	47.52727927229414	10	28.07621643250482	
109.22746618547535	47.52440925561908	10	27.639343072786634	
109.20667895012593	48.304197529594674	10	27.792379869027936	
107.81478651695943	47.73901535327767	10	27.944750256513018	
108.53975715571141	48.095474866816126	10	27.773024059045024	
108.82425784402585	48.52237831819147	10	27.551861392382136	
108.82682818979083	48.60302649481035	10	27.661280871854636	
109.13891429513751	48.23853266758519	10	27.729386828173404	
107.76408953279315	47.78528620526271	10	27.82936513203743	
108.39609669495788	48.47390765203514	10.069911518909382	27.573516634320818	
108.70607779234706	47.92911389386303	10	27.823571656120034	
109.11011440366565	48.49586814990332	10	27.869418288540192	
107.68250758260547	48.036821619718	10	27.90801394004396	
108.64719951957522	48.232318330178515	10	27.77304487977966	
108.99114284724055	47.22983016540911	10	27.89667128809196	
109.34620428890048	47.41929882715732	10	27.855248365077735	
109.03457061260997	47.936806205712685	10	27.875670219142535	
107.46426562279521	48.35732148889056	10	27.846579428730536	
108.24455020636378	48.317900771171516	10	27.909513941649422	
108.78202245444118	48.21198425156368	10	27.88434252196084	
109.09606761545001	47.673586146994936	10	27.868715530491013	
107.6498962125188	48.159735234238646	10	27.992892122734858	
108.56392873138248	48.13854320432134	10	27.909636714138003	
108.86505848974048	47.86341969527445	10	28.021108520659126	
109.21274814814387	48.32832138972826	10	28.032634730178323	
108.75949803799449	48.44394084179124	10	28.177369169901553	
109.11481044501124	47.853102235101616	10	28.46454684295182	
109.1125461479096	48.43008436188319	10	28.5563040487774	
109.02487847408338	47.65235334701805	10	28.739850738084094	
108.98998655205651	47.793375573864125	10	28.823017741406034	
109.4155008924572	47.646380656221275	10	28.66784297751151	
109.45697523852868	48.08112292175042	10	28.55487239966215	
109.60329745909257	48.6389793062728	10	28.576411722978836	
108.0312141050963	48.2387487010039	10	28.485282278666634	
108.64417503973527	48.36835976386874	10	28.393857286263476	
108.66982474004908	48.05745475382604	10	28.50559513466079	
108.77758972918673	48.34400366780154	10	28.458065791969812	
108.84692259704752	48.235362427920116	10	28.60864978760991	
108.8208678310184	47.493262989749326	10	28.680031543399416	
108.76291532641335	47.93175279140256	10	28.656718901286037	
108.67086431210919	48.33685839700832	10	28.717492303969934	
108.57679525907369	48.20699796610123	10.131776233368164	28.208130500340708	
108.64014093544392	48.36862642367196	10	28.30586968490969	
108.67726716365723	48.3532944026087	10	28.28623510329556	
108.69475584443717	48.85341506986266	10	28.539054109668974	
108.64017904440625	48.65232267879176	10.10275470616907	28.039804529876115	
109.0368680391839	48.04859913442269	10	28.111289609184325	
107.2961222389778	48.137805124337035	10.282595669168312	27.819417699531762	
108.32281065589731	47.79040006872351	10.042640203928228	27.9984928401892	
108.71330389719515	48.840077273743496	10	28.031452873737475	
109.0989106331399	48.6034159724057	10	28.115005028205225	
108.97352004390268	48.608165483957706	10	28.217183674089917	
108.98692695856153	48.06561807892733	10	28.074365819737206	
109.33212001681386	47.97492457676654	10	28.129073507895733	
109.02052106022893	47.90652385809492	10	28.271317474690065	
108.99345500454365	48.03885617376535	10	28.159696396582348	
109.2999495385593	47.65416602623101	10	28.083889802479433	
109.06912760606501	48.28555585214274	10.140561243175762	27.90818705304549	
108.83536240145622	48.33558279175236	10	28.329986501577427	
108.85753543175815	47.98498406667764	10	28.163812034955924	
109.72349108256458	47.14982517601901	10	27.99536574480866	
109.25619073522651	46.96090086966309	10.043735011120521	28.117780827905086	
108.89888844455695	47.42195923453633	10.154354342463485	27.917782118216287	
109.36939791894545	47.999913894688795	10.177837311048684	27.63066980213422	
109.13527870403101	48.4626614887493	10.20125441295285	27.77591352564194	
108.90172013651154	47.47304928461783	10.18812610679342	28.070010198766944	
109.07048880779536	47.62030831446491	10.015821601425964	27.86456331601895	
109.09661416382728	47.657392490342225	10.15677508366942	27.727708558188358	
106.81112653055685	46.47727098051193	10.481635142538188	28.20035044068768	
103.89067236702563	46.50796419512429	11.858455029659215	27.829115077050965	
104.03465494991369	46.39536620057996	11.991411159764368	28.000018376130747	
106.23575866998918	45.89511946358626	12.208898429391223	28.92877774953793	
106.44394905826995	45.52532542102789	12.605452111085443	29.728315869720085	
106.29112498727446	46.40917143015426	12.916008039456928	29.73430632655737	
106.90281759413753	45.420892427680144	12.643875882256957	29.944690134308637	
106.88668427210685	45.42890681990522	12.712731970001947	29.81040310456917	
107.78520396439907	46.1639299161675	12.905849593588592	29.563676919368827	
108.46082315906794	46.794050737943515	12.801223753078965	29.60867590692031	
108.65088691119277	45.91097808112785	13.088323636257599	30.07324949375263	
109.05694073460207	48.22650866900376	12.893225152341843	30.246016080604555	
109.39501820521195	48.08210056606094	12.886539627263565	30.536502437391405	
109.70987875873159	47.44398452814323	12.835519420302127	30.447244911137886	
107.95233315159652	47.33870898079235	12.260072609669905	30.45545029186661	
108.31371374519289	47.46908811635877	11.992649840960915	30.2753986096577	
108.89371359185603	47.55194650490351	11.358848713594561	30.258623841182754	
107.17817918093468	47.04473371991282	11.028385228766114	29.975838598595473	
108.1173914044378	46.79638138071137	10.745924736685414	29.82711318895517	
108.977566150831	47.00783214684612	10.434551321932464	29.5540396436413	
109.18117528684702	47.595496663017386	10.457287995941515	29.324097974732606	
109.5236998084459	47.291134403388014	10.343493921386958	29.276984540900685	
108.06548219980041	47.64206590691906	10.170428234594684	29.38005347248682	
109.03502675813309	47.55978778729152	10.008211752817042	29.328291715359185	
109.223664317799	46.77151870412578	10.217390309708938	29.746747873328843	
108.71306676140377	46.91421004805	10.917085448963881	29.224266491632743	
107.22498698545967	47.094201577222194	10.909289617551307	28.94184617522362	
108.0462333545334	47.20928793488441	10.706307820909279	28.779568000626323	
108.76054287460727	47.02386276531348	10.562777558303658	28.662435202399017	
108.72969851212972	48.22045430949218	10.507386831578586	28.2212172076543	
109.2509939037527	47.60514502098079	10.385643702675255	28.158001336816355	
109.38490610779621	47.71085275722111	10.221953660504482	28.378122032195748	
108.32457989321101	46.87255939262829	10.406121037566127	28.540876311468363	
108.64000903734424	47.08404848256225	10.369595801934846	28.319092730871265	
