170	41	18	45	
168.91960698229383	39.782554142384384	18.735957863682327	45.12717343825369	
168.88132304421427	40.67939926971505	19.318190565280894	45.127731645315684	
167.5976046429495	40.53611340650911	19.755865433530023	44.98808152419339	
167.6443357509237	39.92876116321165	19.919215283421384	44.703967136429185	
167.00528751993608	41.53796729227561	19.75079368185143	43.82205146986925	
166.67832295404173	41.73661644354554	19.884996835265603	43.897896327672555	
166.92350970345188	41.75532387443239	19.959722158562144	43.76854159190546	
167.32881309205948	41.31227083591792	19.864268777476568	43.67165615234428	
166.6707365725576	41.97695583820699	19.65857432998436	43.26189295261387	
166.93868487770632	41.83789574930998	19.318880742882204	42.94146608899171	
166.8843564800284	41.991395564509645	18.55970982474851	43.05781738880631	
168.29986189821477	40.46177533531137	17.594825883326642	43.48582868498668	
168.5175740245891	40.80949746160139	16.886592750964084	43.01072955700896	
169.05729275109448	41.16688391159655	16.027400569874466	43.193408355798695	
169.19409691303514	40.84842927660373	15.494010617146035	43.38495294191783	
169.74087062230606	40.74474167545809	15.488666390361413	43.375471545355055	
170.47852731365765	41.593597038568795	15.439328091963032	43.09619698875797	
170.41353568679529	40.58751876508596	16.035531068912434	43.341488282275144	
170.9904260604244	41.02816347448233	16.162249779967162	43.271571858859005	
171.00466013369058	41.56681235398234	16.5214898205381	43.03198543408749	
171.04408487983503	41.39014729134544	16.906281971773357	43.57704647586138	
171.93357389181176	40.648494579003795	16.793671717061233	43.74622624346308	
172.9972683396895	40.663806406395295	16.85976641238544	43.705254332934	
174.04270857131496	40.0558275073781	16.926638939857185	44.17051362413627	
174.27880222954602	40.78311948931239	16.828785034850227	43.934864553875784	
174.8459529429062	40.13628533523489	16.567961603525525	44.050683092438504	
175.7606644169634	40.85904523871693	16.317996057640407	43.58343977663959	
175.86579532462804	40.121176344615556	16.073604831328993	43.48346786425792	
176.9607380778007	41.455188384512425	15.860054254449956	43.27328541921455	
177.29854746086554	41.19326880392125	15.620167554951593	43.64347949708868	
177.71795053918848	40.08387154620162	15.405730840768637	43.75854929443406	
178.90874643048915	40.47729140516045	15.11709202485735	44.0602562102368	
179.7037956084463	40.24279314684014	14.974431789785019	44.433751922393526	
180.18268643014895	40.66354453855485	14.98552728308703	44.42502449334948	
180.68770718280177	41.36196608914029	14.742933547423267	44.24412651680477	
181.6430251571102	41.289346974303236	14.728586947408681	44.41473591615029	
182.17037278976926	41.209527021981955	14.824140448036012	44.58907912343704	
182.31351421872665	40.306542140955806	15.036069868010511	44.643021493101955	
183.55271312444455	41.10610554768937	14.926052364725955	44.85192921885755	
183.7724618570299	40.482120532180474	15.216599920135552	45.12146510442475	
186.29886444107	40.38783840528976	15.12550282090297	44.79901275092162	
186.0664244009004	41.04550225718499	15.229607132485349	44.86863663862285	
186.7485891308411	41.54207628246452	15.387329722240729	44.820082792489615	
189.9354184631282	41.51647265474111	15.297122137988847	44.21153690414906	
190.33715625748914	41.09867812516721	14.98559703139697	43.75141230019566	
192.03399815963508	41.814312646840875	14.7339909115076	43.275053237145414	
193.26268450131474	41.639278364909764	14.463851199339691	43.08241155635203	
193.98159048855752	41.40954752188084	14.371749025574314	43.04326620295828	
194.68953618107594	41.39291371288775	14.301913505825283	42.95438906224313	
195.62394441105525	40.32079357743096	14.401319425551076	43.64877889313137	
196.40347315831545	40.93900205770612	14.49533536109204	43.972354842012514	
198.11883784661114	41.013513621853875	14.27094319801687	44.322210311930206	
198.9671905244408	40.54428339056686	14.425230879581356	44.51300626330047	
200.17535136720767	40.844807228173735	14.613724438722338	44.24387074800646	
201.92492303275947	41.577310610791756	14.578357696058696	44.2564466758704	
202.68862512545104	41.32207224338132	14.728995088014674	44.463246835268976	
203.7465748184128	40.5476941303197	15.108242215076427	45.00207757673493	
205.2278259166114	40.93263849620326	15.169218526674786	45.83536746530625	
206.3524696812781	40.7334004975953	15.319987836330668	46.15172305887475	
207.34366908125517	42.24481190671881	15.32179142132528	45.57722730514189	
208.00084302327974	41.56445454715736	15.323182930510347	45.971937593017074	
208.9631334488741	40.61913248993026	15.438691209723292	45.90651581429806	
209.91582783295587	40.66437351561285	15.585327282868334	45.93271577829228	
211.11528584148465	41.109902941041895	15.259886149843975	45.93672467884181	
211.84841173674485	40.538903146850146	15.075276677095449	45.7575072071362	
212.67202188779785	39.89589003377195	15.013127700291616	46.29963313422033	
213.83645595016657	38.739739752869795	15.019377869316394	46.788189875834206	
214.28651577864855	38.749208798033145	15.266610550189622	46.8774861090687	
214.86767896109626	39.38192588194914	15.67020728004367	47.43567702897475	
215.35767529227243	40.0760497641492	15.939209802589692	47.54422682622014	
216.23972354902168	39.54602464185147	16.075105159017625	47.46663158779863	
216.63681726398207	39.88309113049592	16.456697310166817	47.554632387651296	
217.2509283780901	40.0240152426684	16.824212658435417	47.43915452534972	
219.35727686356077	41.45190873676111	16.67803685524923	47.20163602700194	
220.2528905172187	42.13750937829424	16.529159625562464	46.23461473422727	
221.52221785728318	41.92585759325826	16.45607253423966	45.83166101584329	
223.17117023148725	43.24045469817439	16.016189760395118	45.071037849025544	
224.6278549914547	42.514825663577206	15.546900831661947	45.26965602850281	
225.66317997184532	42.16652591456496	14.987175687012304	45.42412571190252	
227.02200413469507	42.208742906648915	14.570645973602259	45.81445643243889	
228.32162685357352	41.899405425682275	14.231157339357939	45.40703171251792	
229.07360562884645	42.45081016382234	14.14885329795211	44.85141564425018	
229.41282329103166	42.811322908881564	14.131556627336845	45.16847752214321	
230.63745475380907	42.77596991783804	14.254335690154864	45.16623782748626	
230.61750128054422	43.04022108482774	14.194919065956245	44.561139337744194	
231.79372273422194	43.416857874196424	14.318526535492865	43.687261199227656	
231.89192641042598	44.14166845641845	14.272574926159209	43.48078192435575	
231.94533889399747	43.53449732754193	14.549688718581567	43.33345452249424	
233.00981657878208	44.06936481522687	14.692341224836348	42.33179135206505	
233.76359448362305	44.00496596651388	14.613708306771223	42.442450987282136	
234.20068255407517	44.418888914755364	14.842841201168206	42.28262998837455	
234.53069969368315	44.62248895128856	14.773124528878212	41.913816193162596	
235.54296837224123	44.11473163907287	14.7882819578338	41.95015817059462	
236.3506521970189	45.61270289465456	14.675198954312723	41.09885300569895	
236.93315243683986	45.675099902134065	14.901944161201865	41.5130088379613	
239.31938736613822	45.11976498874073	14.987388750389567	41.96884421545676	
239.66310490497312	45.88182845527639	15.484955761266521	41.66096245679339	
240.6793570629218	47.186830920407616	15.870038010386857	40.58512803491565	
241.24614213392232	47.736627236576886	15.8024090829473	40.079434116165814	
242.6549293101857	47.593140824269526	15.747286140714117	39.676677965484515	
243.7174422732898	47.8972555646593	15.480648042379123	39.11019212083626	
245.25858022486415	47.89283929198072	15.406095947518992	39.02980679476587	
245.8556650729943	47.37086056675603	15.160398870315406	39.39645860642513	
247.7682326710332	46.407714191694346	14.809031431653416	40.115006042904085	
248.58913987609392	45.85212273156275	14.435709720201347	41.24632920313617	
248.9458032178397	46.007889810618295	14.286484732724228	40.96196351639126	
249.3454357693124	45.11224213261878	14.271716712012266	41.3796082023387	
250.39337948302162	45.259208246453696	14.29831396858432	40.82252203422966	
250.91884272919427	44.511625900083686	13.981649406227854	40.053500821513126	
252.25386219075162	44.31252723612391	13.82483556169592	40.09386968134834	
253.8114965437194	45.634300403732816	13.725349927278316	38.92716169642655	
254.24949643112038	45.53625249138661	13.834267554743823	39.13744764453544	
255.11394201065787	45.7861948456981	13.812580499138647	38.680052714162926	
255.32023940548635	46.18320254516687	13.794763752513433	38.666037465429085	
256.3212444624114	46.95275510325021	13.918301047720902	38.086755600032966	
257.2035386654903	47.30350840692508	14.040570270385441	38.03679737830335	
257.83679500611504	46.868842648893875	14.211638055406429	38.27511198428963	
258.7431868425375	47.242395833235264	14.1641136484611	37.973630831375665	
261.1205311819232	46.39908970158993	13.65850085927713	38.02276009391102	
263.1198402856885	48.21688015265076	13.503314601362053	37.967661913118086	
264.98857681224183	48.499862958889324	13.353221957496068	37.34402640773383	
265.8416958279999	48.41725094678493	13.10883969513733	36.423747569012306	
268.8214806108371	47.6776367522219	13.13499028708617	36.544324916153805	
269.6305306788229	47.49509903249408	13.146344525427995	36.20723224857667	
270.4630005158205	47.061943662466916	13.155293653961197	36.304692244860405	
271.6482549229843	46.865271649968285	13.176443861011185	36.23040045948245	
272.44457791093095	47.04726440159644	13.083278371033963	36.681906274928835	
273.1956000073339	46.56983360662237	13.27651687590574	37.193127096348995	
274.76540279855544	46.45629513366285	13.381916185811868	37.8003107000115	
275.7914582084466	45.97650604650913	13.416218272676243	37.77466003778253	
276.60169253577345	46.04694377189513	13.412703587024343	37.024568612202785	
277.7703958310312	46.196570073087614	13.420319436465597	36.83466066360304	
278.67300256664225	47.33011637477718	13.537240722285333	36.91945767051445	
279.917150692736	46.64792833873611	13.78358053844198	37.11205339477248	
280.8683560891576	46.8386132333342	13.676246592675172	37.12248570790366	
281.76262993095906	48.400834286449054	14.086431046752349	38.523360793751586	
284.5673155420471	47.31843949682752	14.466588003744906	39.35678109217951	
285.6302916205137	47.47326946751405	14.370133947092581	41.09159813673786	
286.93017851986576	46.1989845248353	14.36267582221644	42.59528655904451	
288.36778538551215	46.397172814393315	14.01338176675078	43.67391644107198	
289.3808066745429	45.441707930601666	14.06655876838588	43.69595188912097	
290.2030663883153	44.809592439590936	14.238676856862817	44.00708254746537	
291.4585047865091	44.72200912209226	14.425208259785531	44.03836891949181	
292.30449582042877	44.9677031323703	14.494957578130826	44.012648951370636	
293.0899779153479	45.47086029363888	14.395050445673327	44.5040412805211	
294.2251264497443	45.196339293216084	14.00066401664336	44.745347987263074	
294.869079808074	45.30901130791471	14.005946944797529	45.22073070537864	
296.2726421937347	45.22926608398767	13.997095975279635	45.75073423478332	
297.23096598861633	44.81171018690564	14.171756979266437	45.92189755263283	
298.5486142684899	45.3282941216674	14.155110379083418	46.160596958347355	
299.6129373551646	45.90535504039058	14.516101819030611	45.96247676026714	
301.0665401854715	45.36614010204015	14.341734073837248	45.72045072819268	
301.99859753316673	45.779437801417416	14.253210871099824	45.20794856159298	
303.54950343540816	46.27141012476965	14.081872871090809	45.95182478814901	
304.69142492835385	46.16772340012355	14.011377081778447	45.30117501118008	
305.88958051203673	45.66811886332359	13.770539623519095	45.07327357967593	
307.39066139482617	45.28768775071626	13.620260077254803	45.00477925372024	
308.5321278844683	45.26286086293879	13.56506595523983	44.27296279011274	
309.24845150250013	45.146828818150446	13.506687489394036	44.69145612694952	
310.60332746294705	46.11638501465255	13.630776177097001	45.0795379478125	
311.68422835595624	45.26275064970121	13.50670055494273	45.50423726929843	
312.48679439099027	44.57253177523798	13.699655247303031	45.72464155379313	
313.5433758783794	45.138991110050924	13.845521899371043	45.5051173353086	
314.5460430701647	44.87784643311632	13.956153597419693	45.479250844966224	
315.39670044189785	43.868379523871155	14.018457561610292	46.28159962336409	
316.6798808318881	44.47238189206378	14.1770850037519	46.5339943954551	
317.20401860851683	44.328249146838616	14.386337397920297	47.39486144268338	
317.8260652820888	43.88513327969785	14.698509285723663	47.586188432339824	
318.5044948245047	44.32142765145876	14.784059597063337	47.92813099127008	
318.9761855882992	45.60977977975219	14.653541598202859	47.74831785177918	
320.05017442738375	46.098193869211144	14.689627354634613	46.995695882044	
320.79796542112535	45.46538055343625	14.477307381540395	46.91611184216893	
321.6516669594034	44.5810204290227	14.435568143370794	46.55393456902336	
322.75066042094187	44.77719068991395	14.29088946881383	46.27456504761423	
323.3782575843951	44.89328194211058	14.103566474075969	46.22392370297	
324.6538437344232	44.99180264530608	14.198606751839481	45.7139208970238	
325.0793774108496	45.79878457331409	14.211146030742619	46.05569677756479	
325.14014052489216	44.42674318158234	14.732007371608166	45.47869077013473	
324.99611402766527	45.072967467822295	14.8784536924636	44.91423967947779	
325.6525345795024	45.31085748182996	14.917236958410573	44.43590172954062	
326.34570097678505	45.55233523526711	15.120581378467845	44.144486076477584	
326.6863385808243	45.928451559880976	15.354412645742482	43.60860916827387	
327.503867552127	45.92008217558276	15.275228812405265	43.53494674188062	
327.6192326923373	46.02892836448481	15.458370863365662	42.822089284244434	
327.95083339086506	46.015092786719435	15.617053860002127	42.51321065106174	
328.2650271745651	46.80948922886928	15.529983636313922	42.41669491214778	
328.7031587439958	47.04091077483959	15.807948827110948	42.44082090375476	
328.8910818462184	47.17241454879488	15.96688443628725	42.4957737969567	
329.12642572166766	47.24283316145803	16.14618176038568	42.5323823409404	
329.3479426908517	46.395067260480836	16.474016957874287	43.12506477861409	
329.0644734140933	46.96895565701426	16.420331088364023	43.12214992211645	
329.70273744921565	46.560894586030514	16.517598765876336	43.072133605832	
329.99320088026434	47.68884202061139	16.680948427368975	42.90700683550141	
330.7646548840478	47.42907185697676	16.895516749605584	43.189335518121176	
330.4904369829529	46.177559507330514	17.212559899999036	43.717965895972014	
330.888893668786	47.10542188063554	17.509905551999218	43.92548501532876	
331.27675419325857	46.189198263434285	17.726447283720407	44.373340312666144	
331.5172079629648	45.93136914843532	18.168493290355165	44.819540736017245	
332.08141811170054	45.74229795441415	18.372273758493353	45.241459554249204	
332.3064728949385	45.96643808430261	18.25890382152457	45.08825420439775	
332.9126103834621	45.93598997452871	18.343243968226176	45.302296184243325	
333.2372310430455	44.563141110107566	18.463853558769344	46.031759276778835	
333.8153841824185	44.32697901803766	18.54129464311385	46.63208157455086	
333.40153664865204	44.64181439241839	18.756485586005248	46.8260312047605	
333.97482676208205	44.760209573989954	18.768949148055157	46.58790509349529	
334.0978822402747	43.81873053290431	19.13771648852191	47.14152665165688	
333.96778279891083	44.31981768588273	19.32401764441593	47.223148012394674	
333.9980386239793	43.96155934029501	19.363865121204377	47.12079886790345	
334.5994652653209	43.849128337456875	19.49608912428795	46.58259786002611	
334.9729527158423	43.9897005012439	19.537849553349805	46.602715672726106	
335.5334051460498	43.96741107010097	19.27195508321657	46.730741454930026	
335.23405289295283	43.907909292760245	19.089999019742695	46.64771354622685	
335.2860534217246	44.701698251587345	18.884156572066185	46.43434515177364	
336.01787147134223	45.03727303760223	18.725763130492414	46.59119982073355	
336.24426550996685	43.99067883494088	18.671410347871323	47.15987641193883	
336.4627576180579	43.617156388454326	18.549689254009444	47.60509077474531	
337.1259055426515	43.80064641622699	18.307302201132647	47.50569721865257	
337.6120742716115	43.82257010844206	17.974336019114336	47.45036213883394	
337.8908974127088	44.69020013649057	17.463558362948127	47.50525153303904	
337.48557151431885	45.0159002003162	17.147529308745362	47.352872250085724	
337.591677888538	44.87417498082169	17.162415740528594	47.35377759935307	
337.8699803299204	44.99032703336606	16.995797521820602	47.443211558553436	
338.11238968179407	44.61752453183416	16.88563933981893	47.67891038886485	
338.7776455952801	44.66806468406396	16.656857740317207	47.34612590893299	
339.32294164182326	45.66799293882711	16.391897980986442	46.59051802802301	
338.9076184691623	45.033275554309455	16.352235748293943	46.35694800770592	
338.71211927044067	45.179384900234	16.13540576705991	46.09554206735862	
339.37604399518796	46.00171238475906	16.014031217810988	46.169988169666226	
340.2760413458871	45.37023973845753	15.825082473024226	46.573513579971774	
340.3951980612467	44.431016772474166	15.777270404390501	46.93663253516238	
340.18331690095386	46.661879881998345	15.517484810947963	46.30045925648267	
340.7699522852283	46.54810620497621	15.288897713396583	46.31088837708464	
340.66446535481623	46.41423410747572	15.347847528634283	46.13670472183917	
341.1121701301433	46.3022697087373	15.050387661646322	46.19969254436523	
341.3354171425834	46.82147192322103	14.857721208635029	46.013267847911195	
342.35611261616316	47.343066183452926	14.623028822190182	45.65885021768331	
341.95158413292	47.10062220055432	14.541758215854028	45.3273555965245	
342.7363961347088	46.844183332037424	14.443861702701465	45.345902092904296	
343.4352772720042	47.2102623860639	14.521723631792604	45.02997326270053	
343.2835865135549	47.52537915115414	14.552748519319575	44.922999133841465	
342.98441409044267	47.02067541889977	14.433174611920077	44.764440113326714	
343.7925159125475	47.029011176531554	14.157719516218123	44.37881835029855	
344.3136226661537	47.137590332030356	14.173077062510657	44.295884960765875	
344.6013359824898	47.3539411376003	14.189075431459706	44.6231638493704	
344.94712551286256	47.10903589473714	14.112449113767688	44.605624545954115	
344.5125901995382	47.30120848758201	14.402057391001598	44.39849417647703	
345.3207232676275	47.43155959614087	14.890918112580534	44.6555131951114	
345.7798611823185	47.22006512947148	15.277483205554173	44.947566593615335	
346.07902470417184	46.73671019219216	15.616013623776745	45.21059100569914	
346.4998646087067	46.81428551057611	16.10748765858683	45.13770146934266	
345.86511732813227	47.632412020336275	16.258650191346593	45.390913543435005	
348.2341919630832	47.74541392351118	16.535493635372983	45.137307591636876	
347.91750873962144	48.51292371500687	17.07477932867206	44.12678259702058	
347.72255627472765	49.567864465612494	17.618749792932107	43.317763288916936	
348.4414118982622	49.724844244343565	18.03941314150513	42.7009058907165	
351.30176156307425	51.168109445279924	17.948330549246762	41.878526299085486	
351.5297391880874	50.8373696544069	17.728299885874158	41.32252545976525	
352.75590958736495	52.58995394828368	17.325928522057232	40.57514481489803	
354.1448444341862	52.66683811211709	16.63625820547468	40.03052639029022	
356.21271950642927	52.09200144269097	16.118611326750813	39.385015832124026	
356.3005986618085	52.29403792907953	15.923410232323743	39.18166835516219	
357.4111016053526	52.629746798465845	15.375585998258288	38.917559790927214	
357.8418208945542	52.025268328432766	15.177047808095931	38.6614673449689	
360.0919014018174	52.660981073094945	14.642763849691391	38.08771160013612	
360.33146732202516	52.644885377409246	14.137516059078841	37.67525255009936	
361.2652650748041	53.729609560807965	13.847464765862185	36.39855528098106	
362.0921385810928	53.80187150179368	13.322761451595746	35.78902656745713	
363.2571667365537	53.979294081911775	12.965702686869932	35.25105035317717	
364.2858749157449	54.543708446067185	13.101738686733373	33.77535281182846	
364.8884770491821	54.767158565236755	12.771841562593501	32.96504347152629	
365.7483327189046	53.82197064528812	12.826394797199475	31.431748304267188	
366.35364213218475	54.699407590334914	12.33332124155891	30.635980501858228	
367.13046221455636	53.253802396117734	12.550871004870464	29.90241858003563	
367.4955906301031	55.31167449367358	12.814699724085242	29.358206872793208	
367.95595810215724	52.882125086349326	12.864699793461954	29.21313956119049	
370.5561386832201	56.449804155550495	12.85923485249701	29.200312359982977	
371.0498657421668	56.29885048920716	12.639039676730976	29.06591583868099	
371.48905399820734	56.55933621165891	12.51347400048812	29.411838162088046	
372.37231914373007	55.84016274378884	11.967382547447755	29.31635731615095	
372.9564972013317	55.77565662003832	11.76499021312457	28.242754183364816	
373.67250423657873	55.634452663865076	11.551285425886885	27.536111349747245	
374.38435324446306	56.13188369035686	11.311775656845233	26.269647053578637	
373.91426061480524	56.09363701262736	11.296918255924588	25.164362574145358	
375.8046425714709	57.57747436791122	10.988189989031884	24.756841824759277	
375.1812861388509	57.10400609674064	10.890023107834788	24.09985111242362	
375.4513026086518	58.20304315557991	10.784914055485693	24.723173584024252	
375.77502348511365	57.333416198299645	11.184214861041397	24.293990971332597	
375.80458878510603	56.721122087491025	10.901919240709939	23.867952414347222	
376.2193295117625	55.71992767901823	10.830646837098694	22.95613353437815	
376.1212653571297	56.62180431047278	10.593071246980816	22.137274725948263	
376.5480820250937	56.91493203904831	10.732816490669274	21.42895927535134	
376.7061109085	57.48712957974183	10.688216455580466	21.508372840166366	
375.1924489853112	59.198218035214765	10.65073217169381	22.016493542364437	
375.69520452490553	57.448111697453356	10.800810911459603	22.023637999656053	
377.0217693666166	56.89565264583924	10.995408765192643	21.191039294374445	
376.4561324685793	57.173677208473045	11.11577860676126	20.228758557139756	
375.7102055902977	57.493815664336154	10.90623947430179	20.08338190180887	
375.9338394177528	57.58444372420391	10.522652758767876	19.68870163589798	
375.7560979651924	57.13222188117795	10.255719644449002	19.103851746663036	
375.49471035959846	57.170383051861165	10.179818591350818	18.73957525366621	
372.6866738214076	57.20139032838517	11.020501996406814	17.861399425708218	
372.0206160411353	57.740162256844584	11.37084757795124	17.499173235319994	
371.1960333275415	57.97082522774324	11.861241728664957	17.28496269693646	
370.051804089216	57.82706335287819	12.522550146569646	17.082270191478568	
369.6035128641392	58.32504770761299	12.716442651025393	17.11750701694398	
368.95112928419076	58.836758652832415	12.772537683198555	17.106170802698355	
368.3061960705079	58.24910883847601	12.779309108389988	17.111718191230196	
367.6336686087428	58.55875577507453	12.791445149550144	17.104900547700826	
366.9135590785062	58.583820501030374	12.792893558206055	17.102755632526332	
364.91401403067107	61.50458269940681	11.704679061743668	17.895861915857687	
365.20427152892296	62.264429150536486	10.668617626545993	18.53172283134737	
365.35382252663305	60.20987214462165	10.15175636463006	18.682036765738683	
366.4590691281338	58.45284922413035	10.302376948325907	18.38652969877756	
365.74560182601266	58.34178074707405	10.359154072328348	18.23864718720527	
365.35412969283755	59.00804613731812	10.36677053697418	18.306533257760837	
364.6856408323354	58.815901984068084	10.112872751577314	18.215713387791094	
364.8778920387849	58.579139933154515	10	18.72441165081399	
364.701640448533	56.8253883862421	10	19.113011346125017	
364.39221929665655	56.027437894249516	10	19.380220847566257	
363.547425202094	56.06589860475903	10	19.321255348137548	
362.91805850621313	56.08616866576543	10	19.542336790751442	
361.30062238885904	55.337094890957694	10.08908881033076	19.70066490906198	
361.28293280234186	54.88031705466767	10.04095526736982	19.714320860496397	
360.3703454528342	53.93692465720271	10.018035979873883	19.61351403116638	
360.3152361763641	54.474026518756645	10	19.487184198458444	
359.2805297030136	53.921362185072496	10	19.171631475255136	
358.8819856001064	54.25276933350152	10	19.400742692141446	
358.81250276695937	53.773060791201715	10	19.373534045749693	
358.38033163081855	53.43629356405062	10	19.47982534123459	
357.9422350777313	53.077265995576866	10	19.412588448801294	
357.7167118058413	53.46976119871242	10.266598227086632	19.191662128013746	
357.64994973279903	52.8929405162687	10.316719568140954	18.869083004352902	
357.2315899651702	53.01196281517092	10.368758915696375	18.542541498002983	
357.00444398090866	62.62028994749633	10.028757957431123	18.97115281257578	
355.1001997506246	62.79738470354506	10	19.39541611410366	
354.65325485821813	62.17990989422502	10	19.81030887706519	
354.4232829278335	62.12355439992305	10	20.340080270685068	
352.2598467652127	62.72787997566061	10.105982756912711	20.47437040338962	
350.5741117661819	63.084411294865205	10	20.207179594967016	
349.96733990891994	54.17242151161737	10.269103528500239	20.417790173425566	
349.1949355357102	53.547630399878386	10.657678487382967	20.34193210931351	
348.4153101637098	52.598398685298676	11.013606343963108	20.207092992925446	
347.5529475792815	52.783908739053714	11.508152679811923	20.14520009698611	
346.7658046752222	53.91715354356958	11.79693939201374	20.048705795876735	
344.7118658879834	53.54293659930277	12.58020220323154	19.69799820587186	
343.9773428742858	53.104889056857225	12.233070981671997	20.606739592896744	
343.3901256626843	54.15932334959558	12.22660471193528	22.179404105640852	
342.50577957816023	52.31037384331157	12.382864639543516	23.26075744102382	
341.6435754719555	53.90656706835511	12.836771834382542	25.399573497955785	
340.47464123289467	53.176877316096395	13.565085306476963	27.46157062389502	
339.96318237146994	52.47979137023371	13.75492398927591	30.056379140910302	
339.538765972851	51.60965546755563	14.19555437676949	32.71325987590056	
338.63264783652806	51.461955685266986	14.846878731728944	35.120908576448926	
337.14920670585434	50.25887004732497	15.295868155551934	37.30983150195111	
336.85329780060295	50.949413141565174	15.752852168242264	38.56349448758875	
336.1384049450984	50.16630110157455	16.123910614847084	39.54377522631481	
336.17734744758883	49.709076006075975	16.68632647980793	40.375544685300156	
335.55614805431736	49.635172881585405	17.099722409142622	41.00868848968977	
334.28896184863544	48.19276675517233	17.746817813403492	41.95886903723181	
334.5843799691999	49.045231387414205	17.95445963919571	41.904234553479256	
333.81544265402437	48.66888563042896	18.254077815079118	42.23627385673731	
333.5761067138196	48.657642835706156	18.438701773592577	42.47127745274611	
333.4510500391906	48.583181071132316	18.602480112024015	42.78092144946123	
332.4902192653729	48.06964727610848	18.95758496753599	42.901572265712815	
332.75508692833256	47.95421237095149	18.961881211574408	43.27244614463986	
332.1092457355763	46.69519116616813	19.28588052022846	43.641703201499666	
331.4402852170943	47.02960703811737	18.948093978533354	43.24262255933344	
331.82677917693144	47.21506415956509	18.39856843187743	43.69514666282396	
331.3421930193006	46.38902691256503	18.356847044632023	43.50958778547092	
331.482379717243	47.88337879018877	18.192178960045574	43.110347741008354	
330.62865247402914	48.585457174216444	17.793089667100155	42.37954953256146	
330.12167479965865	47.013181763090955	17.283281120806343	42.418584397933785	
329.0528109333836	46.15311641184	16.539398936669436	43.04927368178792	
328.2558083477757	45.37053409038125	16.06676635344488	43.66382273985512	
327.3203250659975	45.25571129559899	15.85590980642085	44.12519852231934	
326.3450312127032	45.7143408350488	15.821847497178561	44.39630764467552	
325.42845225837544	44.91405623287734	16.119412611415655	44.76144780048023	
324.8577529513924	45.42246535330818	16.127197758165288	45.14052790175112	
323.7157477695512	45.09211014875359	16.28941795117816	45.84805403404106	
322.9178052285943	43.997437136936256	16.26265240977039	45.990167429807094	
321.791025220651	45.06121658427908	16.074232778974135	45.17765115005827	
320.98891607730695	45.54676745662037	16.137761239650647	44.91136509112474	
319.5841205286516	46.24861134388685	16.190518306810002	44.33867382995849	
317.9016538757758	46.25080599536972	16.384351234525038	43.6733148524055	
317.09826489595616	47.26763656088304	16.204226051235334	44.09179691367011	
314.92883415346677	46.145755196108915	16.058638626454552	43.89448074192747	
314.70796474861595	46.73248973067986	15.676507373328189	44.12865034179956	
313.29749148483074	46.18007201476399	15.221257182682567	43.8073417697632	
312.5673367063406	46.75127548051258	14.749752784355945	43.40716561123811	
311.4852246771608	46.313534365854764	14.357383901431346	43.32462315993927	
310.4871647665398	46.23312517683781	13.97059061003294	43.376646416661046	
309.6218047394432	46.541702639296325	13.85017135720408	43.05614577574441	
308.00030399787573	45.44721333006384	13.752944521170853	43.28323345831156	
306.21568954424424	45.376142503932485	13.758355688947152	43.41815852710251	
305.20586004987695	45.90483148889106	13.77823771826252	43.9048519931137	
303.7645660703765	46.51571816162576	13.910985894548634	44.01780796149471	
302.8956826474008	46.06558169392409	14.141896775839356	44.62372195796564	
302.29226557170864	45.24535881593453	14.208162909264024	44.7245582817243	
299.95031643625987	45.475121684320285	14.573619312333197	45.06671561322824	
298.52425136911575	44.82676284641511	14.400469686260744	44.70528595398611	
296.53717347978613	45.95272495508539	14.536911984924284	44.80806659351811	
295.5201761340654	46.154146255855714	14.406164921833831	45.10032924662757	
293.95045425070913	45.345189064725915	14.332256008340128	45.321648150829304	
292.03369617140027	44.46015853466103	14.363753286113703	44.99598438986837	
291.06890057162354	44.81058648963108	14.424453723338083	45.245745972127224	
290.23249702285983	45.08079051769513	14.378440368175383	45.769262347799966	
289.47010693000357	44.880412897760344	14.501243849290406	45.59040974331681	
288.2810313840812	44.16426062918435	14.308572702213048	45.94274856982885	
288.03362213507205	44.321883435576034	14.316907030271253	46.43577621287052	
286.1509172246315	44.0734446731841	14.55523679210089	46.416229260554026	
285.0894203783101	43.77798201922102	14.433524807711223	46.36786840801112	
283.91471579645054	44.30496029041052	14.15398218348173	46.25140232888896	
282.45969528530753	44.478452571846915	14.658316323290968	46.12611096886937	
281.5288287614759	44.74895077883719	15.023380316922875	45.736644328958604	
279.35908057041735	45.26031811094041	15.126489446232316	44.399445423485915	
278.34779392521125	45.386119110221145	14.689806802882963	43.066248719342774	
276.64841986153016	46.07980468048291	14.65678222135229	41.54877351387785	
275.16592789376955	46.64117757793684	14.575455255231638	40.20189777393024	
273.7083847066563	46.07276257683759	14.314160518313036	39.383424583990056	
272.0388439018695	46.38859229390873	14.091368215075505	38.970505657808104	
270.4570801919498	46.83806271253536	14.078031487728563	38.80388727500735	
270.53218420331865	46.75666866340238	13.817726950765913	39.03937444325013	
269.3116933458704	46.6429626376555	13.885667512708231	38.757949927342004	
268.6704848351071	46.431004724680186	13.65355327946645	38.56465196764428	
265.93007527629516	45.693056083049804	13.533511801387291	38.778031679455765	
265.4154685067446	45.637432452421066	13.291664516094077	38.34630518392308	
261.58639547573205	45.162141923171134	13.980619503747944	37.70484618047225	
261.1087840524806	45.63353955581102	13.845682099587037	37.64899967951668	
260.11275715386427	46.997223385655204	13.828095918410936	37.46967693979596	
258.9235677158862	46.61716992339377	13.60558153531856	37.9216499939556	
258.32571128039893	45.99383751613888	13.463687380192905	37.95358764515054	
257.3512459813823	45.91058224488208	13.15342193521165	38.95064569924177	
256.6773838516842	46.03047610309677	13.048349854619158	39.91839932936237	
256.0071034766571	45.65909538022595	12.927402926641452	40.22159791795297	
254.6164877794056	45.005044918791	13.005527679375055	40.39629244014233	
252.8211197985555	45.41114072313583	13.10373854036726	40.496023643914526	
251.64617029579526	45.54007378029757	12.958474343601946	41.627825875042404	
250.23938009989214	44.23816510484801	13.008633199916236	42.66356971481787	
249.3831351414168	43.59586039243472	13.233723061935283	43.20533539250546	
248.44406373592525	44.19147415459418	13.24923860508083	43.497226640693256	
247.41673536193255	44.21107922191796	13.776034473168156	43.03523673734033	
246.11277060329786	46.479259531958455	14.175992179142995	41.86291744568952	
245.696473574224	46.156297191672216	14.397552916863802	41.3902582086442	
243.07699160239383	44.29043236073157	14.753962806263875	41.10372119266904	
242.6612166505054	44.62093622961655	14.78661240381593	41.18592234009197	
239.83849285702016	44.84329723126318	15.031501519106701	41.94946158824828	
239.8920279296251	44.86340996466621	15.16489017528555	41.61829875734081	
239.37543314435203	44.1864002259904	14.867388050618416	41.55410474802099	
238.88712611663888	45.07101569108133	14.74254307970801	41.11997446862649	
238.08337860763103	45.15193703951724	14.59538237892028	40.98887608594838	
235.30679660996523	46.116667598904954	14.45690695088155	41.08952437269054	
235.30132146546185	45.1096420261381	14.629554523275463	41.65531854877234	
232.84674284340468	44.87878890848171	14.668285589411335	42.29875514387783	
231.86938322815166	43.18029305861788	14.979596163797044	43.1711627886586	
230.27273126588557	43.15852331016781	15.088992245693142	43.91684583547785	
228.69013119424665	44.20723288552206	14.985832489450118	43.912022262009344	
227.60798594862712	43.86168231567845	15.152950744246612	43.85340151696908	
226.16792879734646	43.2694393491666	15.360422338983199	43.77344858242381	
224.9760395240919	43.12493586797751	15.773547351556786	44.14232499394063	
223.60792293005775	42.44552405417773	15.978504551999945	44.0339798135568	
222.37056012251867	42.1520432821642	16.051661754297328	44.05196573016153	
221.24525953707087	41.32042372431582	16.23105969338146	44.56160272259778	
219.13843002332288	39.61867880469648	16.465768220389137	45.477234743232955	
217.58293649698385	40.41445561316694	16.920552718364455	44.52799263971595	
215.60716772521675	41.8351646623098	16.94848625036298	44.26159008632159	
214.92632579785823	42.0620797219768	16.726533344368356	45.03648230089567	
214.83451107571224	40.32015120791098	16.527053129703823	45.0452280829183	
214.11795419247943	41.35147118063794	16.506234730069856	45.70290597804056	
213.96732613731615	40.16187946467331	16.105611398658304	46.54658661856509	
212.6551022127788	40.14683968085256	15.911742788077259	46.94187406694199	
212.2349603980519	40.4302892570225	15.667783477581999	47.69341475587255	
211.65559900650373	40.372176603928175	15.723519328877494	48.346041095462695	
210.69408667271762	39.54284708717144	15.488927857991484	47.943999950829806	
209.35248605356466	39.15736852127291	15.736411752013312	47.96770247256522	
206.3687174655374	39.535536691510686	15.477043582151133	47.04988239724354	
206.16895105281677	39.41941637227178	15.449487789313867	46.99888986998039	
205.2024596096739	38.876769381603836	15.296505995881603	46.957182327344725	
204.02568825270973	38.96282292083147	15.544349409043932	47.271275402717116	
202.8474539795517	39.31289192214218	15.39263185344658	47.029569538061864	
201.54556144162999	38.669926107161785	15.576860311553148	46.66077204013874	
199.86118519439617	38.739600186812766	15.771772044836107	46.420726721069634	
197.46773212507463	38.77745095222888	15.577866110725274	46.42033775997483	
196.3931888975413	38.6513194997149	15.67575026858121	46.452159889846776	
195.1158827600413	38.58779685315018	15.530164608476849	46.36284915883013	
194.22230360704143	39.203235176395786	15.66546947228455	45.961340507601065	
192.43645174620005	38.46499178678707	15.891327733075581	46.23323899278927	
191.73581146566488	38.631945803818034	16.08928302253946	46.19256930053565	
189.89298687002932	38.95486413268717	16.29316193678727	46.24180600896254	
188.78079038941053	38.24657349015154	16.31765832400447	46.911789944390094	
187.47031577794684	38.71762802608502	16.5023063155476	47.00580867823297	
186.10763738406467	37.93068722497924	16.446277681558954	47.18408912707082	
184.34539408869279	38.29871264118429	16.704569451898685	46.938420399772795	
183.05256581571496	38.454310780581395	16.582567230154176	46.598186095912325	
182.13341003225983	37.42786005707013	16.87472441721973	47.005580803318466	
180.4810680214836	36.97202147917653	16.970603116125098	47.18214404032438	
179.81632969974834	35.900244364188524	17.214890536306118	47.405553950766084	
178.9114001607389	36.31048841641789	17.233826734152284	47.36174870000609	
178.1486837178674	37.17229333035819	17.21065823096396	47.41892598245417	
177.91852133523577	37.22030323666911	17.200823227169053	47.39622319841442	
177.31089655791843	37.48720361771746	17.027063902142185	47.94675084932736	
176.77733048141548	37.36264131555198	16.79668447754186	48.31207493216535	
176.47011738950764	36.075054738447605	16.740257344573646	48.581340598504845	
175.70703442463886	36.91400091220111	16.716242243084082	48.20613160442191	
175.026072666352	36.35087079308556	16.53122173747913	48.61919747238324	
175.20057598169876	36.63666648861749	16.387597409189073	48.31786853129916	
174.71416878752905	36.9606200791248	16.185004387860552	48.097975896917305	
174.13269787256343	36.68562359915787	16.05393927408911	47.71886131004483	
173.48841375754984	36.705017263134074	15.965026401172825	47.36541820130019	
173.97042226677803	36.802639215536004	15.83243600319986	47.37042036235135	
172.95324890621887	36.537675701805725	16.003265320715588	48.02883749508325	
172.74935443430775	35.76464146738656	16.162183325521493	48.430107804322276	
172.22112971565085	35.771732185409974	16.178926294253145	48.617453412452505	
171.11090986318808	34.41004384682726	16.651665069536925	48.67646765904543	
171.4275815269316	34.530907814893524	16.782973636619342	48.78824992389022	
170.860398417471	34.850881391416486	16.95328467499086	49.47879169105609	
170.12197653439912	33.470862278197686	17.38253186730497	49.85577017742716	
169.37828980026543	34.738311390167695	17.50921080794631	49.91192949247334	
168.80859945431166	33.39353100547792	17.751473706293837	50.085856440365475	
168.30034761430502	33.31051946689064	17.96680197079122	50.02479799519449	
167.99381152563885	34.342397169954644	18.125823696606453	49.355654424546216	
167.28261725428712	33.37627960481029	18.379401871725673	49.36050637040193	
167.07605933147087	33.23045404265385	18.56789545285375	49.75403431235847	
166.57470059792328	33.456119889706564	18.50900985064349	49.49736812473516	
166.20281609699188	34.036848720560684	18.51931836657109	49.40713944404499	
166.09810812509838	33.116804363186674	18.365346964090428	49.743811024508034	
165.5909910398228	33.414063862680756	18.34001795562546	49.70898262019303	
164.87676492829576	32.7538975948676	18.396673332289772	50.03395603306619	
164.47968424648997	32.496419211097056	18.241114253606284	50.04585883742293	
164.5501877334897	31.801141604875532	17.836717006751012	50.54277371049143	
