120	36	103	108	
117.70115919326203	29.063292925030467	100.90932998231139	111.72885715073252	
121.46370826368754	27.02261612694508	99.38565901507488	114.42093710340964	
120.03019038988799	26.117992872995472	97.48674503656923	116.56873081127338	
122.19064026775608	26.400568262660634	95.04735029334526	117.82954686696503	
122.46575624189705	26.145940579806265	92.49421202258407	118.58520352773965	
121.41607298479818	26.924309697960084	89.34465761927085	119.17046620505201	
121.22126066415368	25.8272254508896	86.26501441540603	119.62587494310472	
122.37447929687733	26.566205314506185	84.07879533007872	119.15669748344204	
124.52895802208678	26.75621161998295	82.50503017854896	119.07114031134083	
124.01852458181592	27.85236050861249	81.29175404036815	118.1780864610837	
124.73898197006483	28.0364805918079	80.16403425402842	117.49578289466274	
124.94384103469855	28.457150363421356	79.40786823972451	116.89025895099657	
126.13645115189232	29.746390441215055	79.1514228866999	116.24157668321129	
126.09978846139947	29.96833001395585	78.61193771556539	115.19564842540976	
127.18273475124714	30.915109217824146	78.40829691828733	114.27997121083418	
127.43081456643893	31.1617869924506	78.1715768158922	113.61265342613052	
125.80237236596093	33.02386096732104	77.83474984065799	112.70329691735338	
127.73541357808128	32.817884584663645	77.23437395557134	112.404364396337	
128.03566374234717	32.30010587239529	77.01075176939646	112.2306512243695	
127.86182262561346	33.077384249785005	76.91542453693101	111.75504439787376	
127.54709340243737	33.30568220661267	77.00760206611554	111.35671938938529	
127.81549618467213	32.50366425948583	76.91251540781019	111.55924885968878	
127.50614558622388	33.071141988305	77.27564184188549	111.70425618014187	
126.63466337796078	32.982986485637205	77.29777343370466	112.05446953316137	
127.65693350477073	33.27336128814296	77.56709884170583	112.41044816720931	
127.39924729950212	33.63536462005541	77.60259953216746	113.0198384150055	
128.0332867823951	33.836541152954624	77.86355208150296	113.907779638796	
127.96261619586983	33.43477563699499	78.44156191877049	114.83399307076304	
127.54280151604017	32.512244761024945	78.47472446057398	116.66463284094377	
127.62024074285846	31.258063538365306	78.9275048104004	117.77140064743858	
126.15293618970631	30.12340312269535	79.62814613563779	118.49623841317333	
126.66471953387435	30.186339981183153	80.01685476163277	118.6581610743334	
125.41874398959375	29.39282855286534	80.4761293918352	119.61335323867777	
125.88951100570947	28.04521369059239	80.4164844644469	120.84384447502634	
124.85755666389481	26.47406378175998	80.72505161823003	121.46414874825757	
125.85429387663713	25.8677198968431	80.39501050611514	121.76224693421759	
125.25676202022042	24.465574877007214	79.82618872090168	121.99869925874043	
125.21572265265384	23.677612109590513	80.02015327934427	121.69470502619407	
128.25020541845817	21.20070034913067	79.03979505898438	120.97471377355419	
125.63367228405815	20.766534715168476	78.92717536892211	120.36249797097534	
126.80852130425214	20.566092388391425	78.21045791363241	119.74319405450686	
127.11079663444193	20.14831580755657	77.90651740812	118.6999979648109	
125.58839865882508	20.08298530321052	77.6591979094483	117.51361173515309	
124.97146573444735	19.536634250341194	77.35018644172884	116.37532509997072	
123.28812065252274	19.155602366373145	77.41545591694894	115.35303346591402	
123.55539667994955	19.99617538259129	76.99467556146425	114.77078262562404	
122.91768463742198	20.442635690412686	76.97829974360344	114.709941122511	
123.41605997905577	19.647260500449953	76.94490233658861	114.17940511022455	
121.87651373187482	21.220160505576054	77.40149202714801	113.79365182047711	
120.8103997543929	19.944572695451996	77.74230154892247	114.0969531807765	
121.1020853557186	19.734131702625888	77.85873030116227	114.47914386180463	
120.27539476074404	21.0997289765114	78.11440724745144	114.25899596205912	
122.50493593472194	19.047994148682363	78.10722681218482	115.05557489162771	
121.00413492066471	20.319251317423266	78.3618176556069	114.62688301432047	
122.41246139564295	19.61791232203356	78.33069980277261	114.8479041676365	
123.85029131754487	19.036856294500645	78.14400456430019	114.84682776521332	
124.52651218435483	19.523325790579932	78.14688948320713	114.4034446302363	
124.3844790441239	19.682135512808983	77.59645509323593	113.9976228731895	
127.3039311488499	19.386753325246026	77.21341579009498	115.00984811524351	
127.16970628252406	19.627659788503152	77.19816109288178	114.22422733407686	
127.91936640615143	18.75752295317693	77.24005626539632	114.24561915925506	
128.0399406805871	18.96866270937224	77.42430722857753	113.94638592581799	
129.11352012497835	19.731104020225118	77.48338804011239	114.04267513619689	
128.680870380132	18.31676358057875	77.02594363713541	114.44639444856458	
129.03136411063522	18.417670805559027	77.04362576946316	114.28983107005712	
128.36081094142628	19.351287947988226	77.14538608050682	114.71089849151281	
128.3749773958874	18.55938165528495	77.25321747917886	114.93194910258464	
127.87526508972152	18.713502487889002	77.57598340153488	114.73655678466992	
128.75902925915113	19.473250245638795	77.77340741233846	115.10239135015635	
128.6500092756173	19.194566251084836	77.86798814457241	115.2146872844013	
129.6490569702764	20.79405184303605	78.07879916737882	114.85678675250692	
130.4357000081937	19.9927079687388	77.54942538307105	115.3177590937299	
130.3795752022796	20.40247993622821	77.98246808715004	115.4537226160074	
131.97801075778082	20.67764979069672	78.21363771902173	116.72167969719337	
133.70530681283114	20.563222110895467	77.92229128686908	117.10656440040091	
134.9319440709947	19.7546192237199	77.76534650725162	117.97698131538468	
135.7044294748135	21.042443270276372	77.50941400012817	117.82707632529907	
139.21434248436063	21.118249832111516	76.87435837440552	118.35512238942252	
139.9929944665799	21.474872228848767	76.57862700937804	118.16306221918944	
142.39349945605343	21.52797736554359	76.16779332666505	118.75772281734368	
142.04912148345568	21.519482987368363	76.81098075724523	118.90145003256598	
145.09728727129172	22.62214979428542	76.42430208226897	119.49089214314287	
143.47945526989193	22.83806826287166	77.00555047761615	120.11279189267694	
144.8433281189051	23.594350748290353	76.688933538974	120.66107182006343	
142.35292012565864	24.08862121398279	77.29237153855892	121.29555296814632	
143.5345050240597	25.65183378175756	78.13408078724325	121.35560620898534	
141.7065850642224	24.562152590822564	78.98978485601154	122.04455909740898	
140.71595306810391	24.503759288330485	80.20375873289203	122.56300542948969	
139.36537246429117	23.994207466166138	81.12768204836667	122.8794995347864	
139.78705062279488	23.8399488920722	82.05138696487973	122.4005984963097	
139.24012299544142	22.475424901948656	82.12202454151655	122.93592279796792	
139.39462561856618	21.873680053765284	82.24209036403079	123.65535566392847	
138.668306434226	20.67155797808742	82.28711140215998	124.19282322970528	
139.09691406829864	21.293315390288782	82.70697261678751	125.19782639541486	
139.92888818778925	20.558842759431244	82.77964659212363	126.04226810421628	
139.77648936030192	19.617287151128778	83.3603319748357	126.36780767126982	
138.77388296418505	20.171355005461805	83.95863494365182	126.5848771694748	
138.40287046457377	20.513546582616	84.27772550011582	126.92477337116921	
139.05047731026917	19.82373911587186	84.6109301351029	127.72114505381063	
137.82265886341713	18.95532458213819	85.02316149597002	128.2245536300594	
137.2431687393563	17.09685450179046	85.39535298247597	129.0498381072374	
138.22543321315976	18.56054681493933	85.2772432500714	129.7813363373087	
135.0921344997903	20.24628625291068	86.1582734885474	129.05471987477236	
136.77603173591393	19.430921817907915	86.1688671827277	129.30285737801	
136.54516021861457	19.184857727620766	86.70140009837701	129.49131685097512	
137.28414796400392	20.305456985824364	86.57746534951877	128.9577009275321	
137.65175044215724	18.899235711805957	85.6891860392788	128.39121934417548	
139.9632073028182	19.124852984133945	83.88932067115209	127.97876971323821	
134.99754201938404	21.823555361802136	84.4141332555375	126.35965737542807	
128.08126517284163	21.71251160117302	86.47124577888354	126.18388365439199	
127.87630186707484	25.2319071482016	85.63002523942376	128.0461793675858	
123.61990976679891	20.99046028281674	84.28651099332035	130.03290829961895	
120.24748764864613	22.77772444863494	84.01660856367133	131.2388512929032	
116.28453050856552	17.779362837149733	84.49949963902905	132.38062075000448	
112.62813624675827	14.677698377132273	86.3794754719087	133.68659125252842	
105.3523154535375	25.385994491270935	93.34957838113468	128.99342775044738	
101.04288868893325	21.014267708659446	98.98885222322465	128.30682665105854	
98.19545398762048	25.64769161289771	103.64634009604214	125.22486815914085	
99.62929643949607	21.494544337397613	105.69861473742645	125.02709910387884	
99.30950278325294	27.781785163356105	107.49823277253083	122.7870986912807	
100.53336167842416	22.06326168553627	107.34519009395902	122.97985624872702	
102.20019848927461	17.85430662640625	105.90173842565014	124.0244167003916	
105.23021258093995	14.194477156092105	103.62046614556348	125.73667236266905	
107.03183411449518	13.32867623066268	102.4942297522659	126.19356951877998	
104.43859718842636	15.031292181490912	103.0236119868193	125.3079797317628	
107.52099223993005	12.01907885899169	101.7740221172714	126.14690718547706	
102.83606646722171	13.630725671585111	103.93564650509529	125.3485291124295	
107.04175208573103	11.34247328299216	102.66575666761278	126.22803052505242	
107.89603095906689	15.67268350742603	102.76840621540518	125.74451761555235	
109.09008364875329	11.909770977633379	102.57300098366116	126.27319988338961	
106.10859130198025	10.292116721426638	103.08783551927876	125.29584760631334	
106.67803070068993	9.985276751258425	103.98114537580534	124.6490154330786	
102.7798093433401	10.685880974098588	105.18190737685144	122.73256095372976	
106.74697502216839	9.261696900963031	103.92209651174856	122.59513646312953	
107.59538222236215	11.984427009576763	103.87326375503781	121.05248324320127	
102.87853858573574	9.428340931341822	103.61608646530235	120.82997055088575	
107.89234971840382	12.613342343427306	102.82024520582556	120.20046722317474	
105.5922743747523	11.127040584693937	102.6961050453503	120.75799901479614	
108.64052826814907	12.688815640812706	102.50582198618734	120.92329134221009	
106.41429180353586	10.051679484085511	102.149041699624	122.08541489391521	
107.39774875591834	9.031671080696334	101.92756076776703	123.23920307968756	
108.51225169381732	8.853258650518974	102.14284290733468	123.58426934061195	
108.60552093310454	8.790934859196256	103.02211546677749	122.57437505409388	
109.35185262617432	9.542847627981615	104.841433758647	120.4720343039873	
109.47399676884035	11.04673645536107	106.2745869510905	118.29757380983477	
108.17359910679477	11.638572115980253	106.74030098398293	117.1541363912296	
108.35216535205925	12.644451036882835	106.83162835711671	116.1767411039746	
108.79781400273448	13.446685212781261	106.99861748421776	115.21610460127596	
109.50996652658326	11.824712363525784	107.09896491759932	115.48113746943413	
110.02063126422809	12.58717105564412	107.02466682105569	115.54288416581727	
108.80971477642663	13.63714704747477	107.34737774923428	114.91033702453268	
110.28944165199408	12.043704681608489	106.80910353110416	114.93908205060728	
107.95823121693408	13.019877192519942	107.19741122297096	114.65563513440571	
109.28525488913597	13.840046750339766	106.9496913646054	114.80323711697926	
108.73353993626334	13.560365517428735	106.95219797056123	115.08914959562824	
109.05767204913619	11.815548872728279	106.99125314274187	115.27326854939683	
110.1411881492586	13.378380251679033	106.4541340341566	115.23503293077755	
108.59255885249391	13.411566433037535	107.28305704686016	115.06273053771463	
108.12364337951543	14.478285043360806	107.71775040431615	114.58261589454459	
109.2611116299813	13.839039534684844	107.78313782840272	114.58821157574539	
108.89574833059976	13.96085227689926	107.4050835662649	114.16374425796351	
109.44544169053792	13.837366769596791	106.92145353689077	114.3403804804313	
110.39016290358018	13.80894779818648	107.29469068768003	114.36756049125356	
111.40178490201718	14.230362915003695	107.61269019628392	114.07877057038615	
111.14990053066492	16.03849451440692	107.74770517793534	113.59037149397045	
110.79242687209153	19.034726012103732	108.09191932338072	112.43553924732561	
115.16665764062378	21.63355172228755	106.29344472097809	113.04514452556637	
110.6872872296834	20.884777124285115	106.58104010371088	111.66964803866414	
113.60291273671541	24.29477454700981	107.24233135649257	110.21191258118472	
114.69790419142713	27.53172994407779	106.35777027629277	109.6425709360661	
115.85361611337208	19.384998541274555	104.37078568978619	111.94621612234883	
120.66270311546268	13.245876976453616	102.54703574261185	115.97367723905126	
129.65784176578822	10.32102406228671	101.80139307025668	118.80494830443035	
138.6416827801402	8.947252178442483	100.35779704008787	120.25479452802091	
150.92269181004767	9.887912067534998	97.59457849504344	119.86310127666846	
156.66939155377673	8.025051634093103	95.75016677766584	120.32521297263855	
164.11609747538924	7.289873718586307	94.47153631414056	118.08036027322612	
163.5933593716568	5.2414732564561675	93.8547291010427	116.3741073415904	
164.22327765467293	3.8939918822268424	93.85322752932653	114.17756532549217	
164.05974546295425	3.8152500367997106	94.9291954257186	111.84560166107605	
164.95251103759944	5.111570196799136	94.98629406673433	110.39779276006828	
165.47815073618943	6.144606342176573	95.0682544156481	109.66918706687048	
165.91893780487868	6.431950530216142	94.8289989442509	109.21777929795525	
