38	137	40	111	
37.53644379831894	139.65323138753666	42.19838649317534	109.03363894382926	
42.06402473510804	137.92065910648773	45.03290452834959	108.90201131201842	
42.36716088300231	140.2427097589798	46.1185467909717	107.36001228669735	
47.40617591721185	139.39988332100128	45.94656358992323	107.74839629516173	
49.22645065572844	141.388643557031	47.5485387367609	106.94039596279653	
55.456581426258296	141.68205706079735	46.682561253318376	106.9359679659221	
63.86586236343065	140.85852944586313	44.709740650946316	107.33804250292708	
69.08941681380348	140.54303279038893	42.50402483949509	107.2446892953589	
72.12208826734744	141.65149773666766	40.92112860293942	106.2544525561828	
81.17539459610691	142.34149473155264	39.3043402404644	105.93782342980852	
88.39645784389202	139.32686426945122	39.53747619606605	106.36423057898693	
92.52129589621362	136.09472551933388	40.41545512071974	109.1630246044902	
97.19033484304774	134.75793594114285	42.28972997973706	111.31713789716758	
101.4931312471438	135.9869942978696	43.65209943655958	112.17922019647045	
107.67667977719108	133.97079014877932	44.97790780249039	114.27903097668377	
113.87414990023458	133.70540792243347	45.27359751550982	115.08810769524842	
120.37551513614567	134.75568758248028	43.46794574852166	114.53466632368688	
128.66178923528705	136.93860763605497	41.8191551033395	113.10594069369512	
135.42862554509108	137.73385230865733	40.81973655782811	112.08979210919821	
140.6674286233511	134.75747731123124	41.069019057924265	113.46669829301527	
147.49520962005553	135.94194987168572	43.22043242920044	112.7880152513452	
153.4351459422151	132.73038916849424	46.255386178008806	113.89628585053825	
161.40264891425497	133.87754909842013	48.89502241532553	114.06749137940409	
161.8743794781621	133.86304272287748	50.924952343572045	114.74151913178642	
167.99691801946128	135.46819574859273	50.22436321415971	114.21348241514895	
174.8289610123041	136.5963374576635	47.83310723793455	113.55960979031187	
180.2830850515603	136.91195924620428	46.810666196775614	113.30968293466967	
187.92183468749909	137.87070831955162	45.52354721206851	111.99773382543148	
199.01008719405553	138.5030742291122	43.10269748765191	111.42890512873545	
206.71075904576946	137.51194710760578	41.3491036850419	111.37019858302148	
212.74396631368694	135.63196002845575	41.93421846134073	111.95554925194165	
217.22404880714484	137.71901913876906	44.680478187559665	110.33162601002905	
223.8491776707695	137.58138211887552	47.852642869367955	110.28373513973801	
230.8390315412878	136.9788374554704	49.633429360509126	110.17152784236464	
237.60323173811625	138.65824128289188	50.138399938531904	108.98226917586399	
246.3294317069744	140.63791713877532	48.573787819724345	107.36031217845252	
255.42764810813208	141.50169815049065	45.95465699647387	107.33626604228229	
263.48259391748485	139.59369092438877	43.13010091853984	108.0824560373175	
270.59426417161393	138.86972705560746	40.498389438601976	108.43857891285774	
276.5912321526508	137.61815959058316	39.12680893764884	109.43934241250928	
278.31101269807414	134.8738936579241	40.484711263855374	109.97184200167388	
284.88666065978543	134.89340968133897	43.26073677445382	110.7866783201319	
290.82836478927135	133.55687626808293	44.46610891861917	111.12459395111782	
297.8461425604847	135.19381524242743	42.91429609012071	110.65098942085538	
302.5347107058924	136.68256515589957	41.21748578426012	109.25799789373868	
308.5940353788545	138.85116955072584	39.32042075840417	108.4347659164488	
315.6602608081381	139.7565227719778	37.75508854455147	107.3280740136635	
321.5403005714988	140.2267328184172	36.79255921924612	106.84628680719445	
327.36181414973237	137.30085770533202	37.01003049112368	107.86805046109922	
328.94557103179045	139.54133298764845	39.4224074550043	105.80438581565576	
334.20174617600935	141.26709367591383	42.71866236065829	104.23315959655758	
336.1903398209651	143.09682208905014	44.87729975107517	102.35353251080923	
340.98586196289796	140.91445462551675	45.67568169859379	101.97256660169438	
344.7569757298639	141.86078397394402	45.48602136055423	101.05869026062524	
350.307686909917	141.40621210164954	43.21651485585569	101.43163151488443	
356.2118990736358	140.38058704967352	41.306695875097844	101.52266008982949	
357.2388639549269	143.66372352242692	40.35598538322175	99.50573263763935	
358.9709445971456	142.1320932220332	40.50632104511923	99.30489411733306	
364.19889571441763	139.6802543876472	40.308917956083	98.98781144064608	
368.2411825976049	141.39933022769063	40.06536477381482	98.50841668423476	
369.47278025761636	139.0568840464518	39.85728400915086	97.77780649849461	
374.0173463402893	142.11610594522142	39.28360041405645	96.88281574584678	
376.5464175802005	143.25972006645978	37.83019187817316	96.48708094304443	
381.28223906464035	143.47556906742048	37.102474957572305	95.21566656624891	
383.2535245710469	144.99454410506877	35.75962227704983	95.06352185937581	
384.8537635202517	144.18374843554056	35.645702959038914	95.02030051437308	
386.5354416208558	142.48124395464498	35.5556943740263	95.49693733146509	
388.31710127922616	140.30346108192106	36.10552851492717	95.68248678815561	
390.84211954373376	142.5338263900026	35.965996327037516	94.5178610799821	
391.6861733700843	141.1665007703665	35.53074397523975	93.70821986930312	
392.1208562972165	143.8829556438603	36.59846386869411	91.74053224260054	
392.19413726572157	143.64062302015114	37.10164316407914	90.22179382638357	
392.10517292654777	145.0657390436365	38.2522824518628	89.39116002503357	
392.9794360486093	146.30895671523882	38.41774968556109	88.57998617932648	
393.6702616568938	146.75319259488919	38.409212101194235	87.98388646792694	
395.9545985636414	145.49459190964077	37.81403830105044	88.00073903204253	
396.1989137603619	144.9229185514249	37.50353521132902	88.41939805297102	
397.18410998894865	143.00739081556452	36.81437475355281	87.99095254431461	
398.13019089752396	143.18400469253538	36.200840451241376	89.13170972804076	
398.6378823338182	144.30782228922106	35.8273683700499	88.19462295939013	
400.31226697324723	144.94521904274887	34.91236211838308	88.12930187016596	
401.78126319604405	144.767044778948	34.09630456353648	87.92805657528842	
402.6952387946348	143.163704286402	33.46204366634273	88.61651284419389	
404.56305925748075	143.58689734091195	32.762181263142324	88.42580482860738	
406.2823941705742	142.54417883164555	32.22784407474225	88.32035511122405	
407.6949591319922	142.26575200897742	31.78205956892893	87.97271202718642	
408.1396749818896	140.6404672953806	31.882609460835717	88.44740326338575	
408.82632522190386	140.98876867830887	31.611297654017324	87.9134058427784	
409.86593102446415	143.07214473953724	30.887436900909407	86.39264051574708	
410.82651320256974	143.15432892716422	30.84478552325193	85.75746649550409	
410.6050406786137	144.27688873513003	31.06530992342366	83.80016069206674	
409.5234515598519	145.67057829283732	31.624122931340715	82.35097117855038	
409.7801214426815	146.1568835978556	31.31772374211566	81.75940009855267	
409.9216332924895	146.2526725436444	30.850704646600754	81.21809350347618	
409.81422314221624	147.09071998895172	29.998756539325697	80.33770291803354	
410.28728316376055	145.61286850019556	29.2301802108796	79.96970546753683	
410.4559288460749	146.31056604173693	28.675104307385652	79.71822269982275	
410.69683804722064	146.85193178294426	28.663585029811955	78.87197972360599	
410.3062446441573	147.50436476704908	28.094119856492284	77.77686512296529	
411.26423395254056	149.1771357804046	27.986020687662773	76.96865038583559	
410.7947071744899	148.0810559137665	28.36916025898863	76.69090831895612	
410.48834437121195	149.52631520846074	28.66862358174236	75.72106321913824	
410.8635064750351	149.0850692488709	28.727795896045883	75.33042352935496	
410.7249462590742	148.26340317040584	28.631341981663713	75.00572225332458	
410.12225934764837	146.55350562948954	28.777324663577566	75.45064927599883	
408.4508585135367	146.51934637894487	29.175442303175483	75.1482494767456	
406.4074825046911	144.8073500473905	29.669257089802876	75.24661862758624	
406.75401896845005	144.43608301186993	29.489333185340882	75.39555433284372	
406.5801110964899	146.94288683007184	29.399671877049514	74.23002113262767	
405.4255042326961	148.53698652133767	28.757555419700527	72.99361697047105	
403.8348716831904	150.02173936049752	27.996477998951853	71.67404546478168	
403.3575797968326	150.54189383252012	27.321004436767463	70.44628636512067	
402.5560021168128	149.18138965214723	26.936601551148193	70.21419928977022	
401.20609860139734	148.1041048845791	26.936245455987375	70.42046560225025	
400.14526028338213	148.14836204566942	27.3404800563427	70.82449041767147	
399.33452302225055	146.90561704814917	27.622974023071443	71.38790430664054	
397.1070847665514	149.37587429022076	28.60272283747881	69.42959116031163	
396.0197069582488	148.9013324778678	28.924684402913705	69.07979694974381	
393.7609379147791	150.0477851263027	29.112683667678986	67.83693964653399	
389.79815075689316	151.16488653222967	28.773396876578317	66.80525792041922	
387.544668834165	150.49208757756463	28.46887686201876	66.52322452310104	
385.2501404494349	149.4230580966328	28.321499648629803	66.55534600403821	
384.0958874146954	148.04297399192217	28.4780629881588	66.8402911490368	
381.623712291281	148.7846936235997	29.00536239651723	66.97057552135524	
379.07392482254033	148.68526589785222	29.399551172194418	66.86645615271324	
376.8471762188772	149.42052402280405	29.438116605381225	66.00003369286392	
373.05408563803996	150.43303471324015	29.05767112292119	65.31683624750042	
371.93727627546735	151.04441656913573	27.856000226713245	64.5044240207232	
369.91346380479	152.32555847971352	26.25241724417875	63.61382768335518	
366.21628561759326	150.65127100537126	25.37373761545948	64.08589487294546	
365.5902723737252	150.51783868971987	25.22805425669904	63.85541331164988	
363.8096340866947	150.1868447948675	25.87162839431284	64.63481805688525	
361.9015006995036	149.1193893483975	27.174642433557167	64.89892714337537	
358.67883192641494	147.01013273149525	27.67437136385926	65.52809611410312	
354.2898656293355	147.452036775867	28.20920283802294	65.41252317235899	
351.4427095620191	148.89859274935594	27.939473739592998	64.52687062746543	
348.1316949428283	148.94389814443582	27.33081488288191	63.691917569792395	
344.64664075861	150.38349836948828	26.48664750974135	62.64151672505704	
343.04881191469786	151.25040228704523	25.51220832332857	61.69652486513236	
340.7850422483104	150.07257310847606	25.41260379624017	61.5488105530507	
338.7860686892038	148.62422032244447	25.561862073587363	61.95550848618262	
334.77469690548355	147.68183987325742	25.943526692053148	62.51923578756426	
332.96189085578897	147.3472054278307	26.089532878280128	62.76523150246286	
329.1392046330205	147.73970994699812	26.01781900866211	62.30672523431352	
325.4372242840884	148.51861220151235	25.495831086683634	61.807909296451996	
323.939778265132	150.82741766088571	24.87982367620163	60.46569424791405	
319.9597514862306	150.20688260676508	23.757670507930367	60.44554497386926	
318.26170383071474	149.49255352305585	23.321685454734748	60.53032129581348	
315.74495089532576	148.56074112477341	23.896567916241477	61.360199253808645	
310.7719161100734	147.9471607755568	25.030870862295508	61.080914425165176	
308.5371031832083	149.76682846458985	26.699349255088194	59.88631886567207	
303.87723729048645	148.82404977685798	27.76106922259973	59.089102412629344	
302.25234607172973	148.11070335923273	28.512662926058606	59.23614467891775	
297.4463243532013	148.0811797002179	28.66535100880639	59.38597273196332	
293.3233511638316	148.32399547490883	28.3414960569794	59.94770124518063	
291.66072531985185	148.88235916563488	26.82692592944815	60.349233150608974	
287.179763865646	147.39155102761	25.42005916500825	60.644197004707465	
286.6055917143765	148.1905822834153	24.687151417147575	59.89373912547451	
284.52667214013593	146.663893246496	24.65895207151853	60.14380036772434	
280.55516131342875	145.9739349642986	25.33546371516733	60.1805975492609	
276.6402589222894	145.54966122162958	25.733837203958508	60.10625127201039	
272.40058995024447	147.30374610975394	26.386121124305674	59.01036253213863	
269.6551706131344	148.99727125761646	26.91570758600147	58.22002267991031	
265.2661678519778	150.76387904839677	26.11442462564856	57.332552375754446	
263.60322475478995	151.49035742789255	24.780155523698554	56.880984166567586	
259.29067549382376	150.96941527777057	23.254084268714404	56.63686881108802	
255.31937201314383	150.89115848615106	22.799592688814535	56.17578094006906	
253.17462489166155	148.9232151772433	23.782398384644683	56.57539574735294	
248.91980896156602	149.17971662024462	24.980372816094324	56.66252836654971	
245.9348021099681	148.3773509483769	26.504757876254253	56.46416901871875	
240.99922821810202	150.1995181942196	27.19836106617538	55.708971079844	
237.02380352010252	150.51613198980522	28.430197248063063	55.0232758481834	
233.24877967143942	149.94583132560345	27.910830806595317	55.23942385846789	
229.33071315744323	150.05145355204368	26.2400058267752	56.240952371018615	
224.9774910967791	149.3927274613367	24.559212399275317	57.01992522427708	
223.23778467569005	149.91982051931433	23.586081029112123	57.51337037205471	
220.3736579342081	148.79305983107727	24.17771446736779	56.74857071123638	
217.05887877416646	150.0526814856652	25.7061189368956	55.15288611406613	
212.65968742054815	150.03161578693786	26.536596599576555	54.81659405914347	
207.10071337997522	149.85399388482284	27.569354861386515	53.92792516653516	
204.9022149627824	147.49971130949407	28.160433240648228	54.40485140880647	
199.44966162332543	147.06005429957708	28.759092890448443	55.418755577566216	
192.75180719780764	150.746604213804	28.564668074491777	58.72863437917827	
192.14225745182503	154.8849348973042	27.692293748631688	65.09426884958026	
191.55913270100228	152.29669197881674	28.35830077858225	71.02674268837859	
197.44502527139838	152.44217899130206	28.48782274380811	77.70897995186007	
203.24374674883066	150.4384119909884	28.927130582400586	82.83396609711016	
205.71717946200985	148.34108226402907	29.403397098791253	86.83508816675723	
212.71782258216552	145.24769814188053	29.616516871968685	91.24594090755244	
217.50235368212077	142.0244442920462	30.9404476453858	95.16129230572264	
221.86980269953443	139.5473054852961	32.42323626369567	99.41369935857682	
222.68041506833646	138.32088177426584	34.10002330587676	103.11905673222883	
226.6071534817802	137.9966252073843	37.22203037333747	104.96998938541635	
231.33355584083637	136.58688926714098	40.33861690583547	107.17032517085599	
231.2872910561095	137.13393491847222	43.189729782555474	107.92883301217543	
236.3042249247536	136.2133902307887	45.1405403136998	109.16640878910044	
242.78240508456446	134.5302299197196	46.136497231932125	110.42505624305622	
246.13706894522966	135.0554071497014	45.655580708264125	110.31731306019607	
249.54981994708237	134.28423783221024	45.42206154605039	110.83581925480215	
252.7648297460397	134.77994225403614	45.32844293385348	111.30012952450025	
256.3879375483491	135.08708421120417	45.785284618358176	111.0555097129569	
259.59201953586313	135.50209526518634	46.39673581666999	110.97429461802739	
263.250822959061	135.3258276022212	46.783157099851856	110.68773028642208	
267.3744818702186	134.9628831566028	46.89329357746351	110.34926142009053	
271.7532849316565	135.01648363402745	46.38218079412626	110.33772212030968	
280.23989087699306	133.01464114883402	46.7450971383164	110.40575101998732	
281.46207384480607	132.72103215931156	46.67655851515982	110.28614588845178	
284.62589772270235	132.275777222777	46.82185168115069	109.47429858855484	
292.8705515779016	131.61920631867613	47.2942405955081	110.30583057543703	
295.1608931519807	131.49270369242743	47.10452624694099	110.99287673197958	
296.60211421910924	130.47435542177337	47.76979620031513	112.13490916453445	
298.87877713492185	130.0972276598153	49.243884690589255	113.34977543578796	
301.69563521726724	130.9225929769083	50.03467280598886	113.90450511158423	
304.87335950060043	130.02814700955977	50.002069698306805	113.66763830299516	
309.46325415101103	130.833190717818	49.9649796391238	112.77938125452067	
313.3338800995458	131.39866606495016	49.75546316228129	112.46554592671527	
315.98744264879235	131.1658794423002	49.836257489752654	111.73093911830424	
319.4784187131635	130.32596940713492	49.12091073820757	111.33004949281877	
322.2291364891492	130.88764975990438	48.597474873431	110.72129633599353	
325.41624054677453	131.5190459045835	48.32436148092812	109.19877293272467	
327.84038816200604	132.203018319862	47.89617218460819	108.01870472901678	
331.45058095093145	133.14849208619057	47.306463353125714	107.49844825737958	
335.3121607238881	132.8197163741188	46.94732129378472	106.78209259228971	
338.57444634537615	134.3812270149809	46.663145119930974	105.21372710089446	
341.858948345294	134.0795891641926	45.96940719522955	104.35550239620578	
345.63658004871337	133.56697074752208	45.09396051126069	104.1597587045301	
348.83615852900397	133.59188729575504	43.853769138295476	104.66095415773532	
351.95262918727656	132.54670470859259	43.36437430765116	105.22125832551421	
354.33578771605636	131.4218621031141	43.24839685351557	105.87179335565452	
357.08965460131043	131.19666050485068	42.95394089977994	106.32149176410238	
359.27639369473485	131.37638220794096	42.6344711968178	106.27091009040471	
362.26545339684236	131.209140874226	42.47329543808007	106.63870535049006	
365.5028757814704	131.41575289987225	42.09705773211745	106.40427823129879	
366.92819088703345	131.99249510122576	42.09004281449414	105.75806392632433	
367.4825762113256	131.72711022951646	42.579371636048464	105.43535637052952	
368.62609964369517	130.90724200628466	43.002424945259406	105.76628460948119	
370.17462123826675	130.59681464361756	42.73712761907712	105.74776346935596	
371.5841675332244	131.12040202339685	42.63054251550526	104.86470452615215	
373.3009061533983	132.2989583978852	42.37260309978817	103.52026336702679	
375.0657860934234	131.3740154149653	42.17486636350628	103.25281329809184	
376.90350542834653	132.09090142572848	41.95552172022556	102.89090170919027	
378.48968480766604	133.44021190298747	41.89524234352923	102.40767668210148	
381.13068556149636	132.39866290073996	41.365480540000654	102.41861944939862	
383.52880048186853	132.90790240184202	40.284855242942285	102.31772856193301	
385.4003588846932	132.30335235403504	39.158080981848585	102.72156907216643	
387.49093200415643	131.7345439364609	38.388035845751084	103.39235568351594	
389.18665165512164	131.0631765541006	37.56496760133106	104.01522679505354	
390.97794636142913	130.16929152479642	37.264255229579085	103.9559432066206	
392.31716079042826	129.40843865902252	36.990747426421	104.3205662612809	
393.45583432140205	130.53187037665083	37.363596439912826	103.46209658575171	
393.4290486653665	130.7342490412707	37.774607091144794	102.92145386885292	
393.40970836252126	132.60333790622272	38.29050081133539	101.38508745257805	
393.1134065575884	132.39680126906543	38.46408853680166	100.95857685314384	
393.91498607231705	131.92042416893133	38.42110635670967	100.09962963644273	
394.4389333214448	132.07019378809093	38.22532689351118	99.46093955211907	
395.0694714175441	132.49084481764953	37.85606141651112	98.7688229716891	
395.9055819104338	131.90883186377613	37.58643225526323	98.65446669731466	
396.179250079226	132.05872301971894	37.522293845153875	98.31516943774642	
396.8511168116124	132.50325402350447	37.45316744272077	97.5625117209707	
397.053557989195	132.7006811833405	37.79812010189896	96.78266656014834	
397.6716921706534	133.17853013567066	37.788640140585755	96.40407984008507	
398.586265335663	133.70732743773397	36.74902867737649	96.6834455516628	
400.10906535875546	132.7204183724591	35.77628768003486	96.96688382419552	
400.6530281278099	131.7483372210023	35.307012876350655	97.73716590764963	
401.2003666456232	131.90212791032118	34.84757907774258	97.54565110406219	
402.01048140331875	132.886450545879	34.154182059471374	97.17112311676766	
402.3471576044078	131.80825590514397	33.864848853326755	96.81723774957135	
402.9139460459701	132.89247652778036	33.535761165549054	95.61093938902985	
403.1910920661478	134.07950127970994	33.157515466851294	94.51174537966989	
402.53710668576423	135.0324675005572	33.03667670403593	93.32738962864921	
402.1285666811599	135.58094067502654	33.164577411982656	91.79970137354445	
402.6185805075758	135.64304864156662	33.021381924868905	90.99663270351434	
402.11635701897546	135.86281945834082	32.81525773221642	90.55333358966685	
400.8398396739694	135.83101543779446	32.68471440785481	89.90610361091174	
400.92373601033563	135.03143505602736	32.2501017514015	90.04214069528486	
400.6899666521061	135.7226839383489	32.075176247336756	89.4912161785513	
400.2968228294048	136.28203235057438	31.884988653939324	89.3364469211055	
399.8135403158637	137.53021379830625	31.692854883795523	88.60540063120969	
399.0825037046515	137.48674389295627	31.30760826483499	87.78229702350225	
399.17864747758847	138.0152520979666	31.069119422810502	86.90126216489034	
399.6415226122118	137.7746269395377	30.34738013190489	86.318468959867	
398.4917989235886	136.53270386611604	29.546711256252195	86.52097713025464	
397.91806554664333	136.7563566077365	28.911558891452174	85.90532361775787	
398.38246842087074	135.89205294955957	28.629465148135772	85.73260499302592	
397.7682855602495	135.27764843204363	28.7641500107661	85.89772205437154	
396.49429807873264	135.32283768868967	28.818738228346987	86.42603528349971	
394.4001658228846	135.59411985720502	29.097148327964202	86.91072874657124	
393.4921814656577	135.847911277316	29.08312200629274	85.37149333657844	
392.7725861173707	136.3419847933218	28.909389319154123	84.32912154895183	
391.79605392537115	137.54543529536096	28.68857932494879	83.51970894819388	
390.4176386616445	137.8248446805773	28.052521067993567	83.17799987283811	
389.762558015179	137.30887476184682	27.079827088631397	84.03442420760783	
389.1156200579964	136.76158604889213	26.529266476698155	84.35470117747015	
388.71181663115317	137.1314608084694	26.254240907937348	84.37194280631061	
387.2318657923139	136.39068622064872	26.756204391341026	84.1643452248261	
385.5691551051642	137.2206916674621	26.880460804779172	83.86588740412873	
383.8806126929634	138.243577104068	27.00398270193473	82.76474894192	
382.28857782749947	139.0954188195994	26.538041370240492	81.53588722740423	
380.49310003096804	140.33593833826072	26.312738532822408	80.16002261234571	
379.0177325709115	140.95169365081907	25.711733998666062	78.96073730920735	
378.126914187029	140.20818916045948	25.361689085751824	78.88799394484136	
377.286627037172	138.53726570788928	25.24394464175996	79.59498295699164	
375.38351079724066	138.77837389376054	25.021566415293414	79.50268410791799	
373.7750485670622	137.83736453080903	25.070843752313486	79.62921408050221	
372.651684028626	138.54772174367923	24.952504870354147	79.1277816739001	
370.33506104497735	138.46333075509472	24.71181132349128	78.51315727423048	
369.29105857949537	139.92907371349784	24.22271383174099	77.5611023905587	
368.4405660660516	138.3667009684668	23.065852360139143	77.87251532294255	
366.931036269246	139.9163866402701	23.025973450484916	77.63902113082523	
366.17859410429816	139.19563804335928	23.369231799049775	77.41795738485803	
364.44664783753456	138.8651954486384	23.75330250754952	77.67892661088848	
362.289044422601	138.1745127867161	25.100382325163785	77.536662150149	
360.4976085583965	139.45531702726907	26.24018459556503	77.27870357138683	
358.59506355084665	139.27835369539204	27.687072153236713	76.8284816207343	
354.35958733532163	140.8844344377461	27.33126238488486	76.15116739554762	
353.14831417963165	140.64356708163967	26.87090798139058	75.63718023113924	
351.856005353912	141.16932410332285	26.142499204607248	74.5740163258411	
350.13030377063063	142.28482344927164	25.429174683334235	73.70111745217321	
347.74940405572426	142.61209462638644	24.9106749264405	72.84083504846222	
346.0731523860879	141.90525440501963	24.182948983334033	72.57579275197618	
343.92915112971315	141.43507485453904	24.076082645375497	72.48379916700901	
342.8615581633119	142.12096381701414	23.880179081565515	72.32999352065377	
341.0290315044074	142.14816191086254	23.52165518608719	72.63609576130168	
339.3732295976712	142.14864889323118	23.312448872301303	73.0228108505767	
337.84756611963996	141.7651704518559	23.188307860376632	72.29832350324762	
336.2779357153295	142.5332865046081	22.58194770304003	72.50588691185001	
334.6269805398411	142.470169587698	21.90102061543338	72.47196139622868	
332.3323985854919	141.86024011919562	22.11420557744602	71.77515525602391	
331.14780281065754	141.40370669093213	22.456212163888353	71.49757820595761	
329.33961030312213	140.6623665617928	23.610052260898875	71.5590060943556	
327.0548297962143	140.6057456778127	24.81011335291594	71.4889902080065	
325.1217545897996	140.71720707418453	26.533704237394396	71.1681336832897	
322.8579090106512	140.73214691347172	27.743003595764485	71.15653996094903	
320.9078612539073	141.2737827863607	28.190597573836655	70.54288838338017	
316.3075775377121	142.0634129565547	27.877886045045347	69.80495344525198	
315.53477353183393	143.50802617975077	26.541836694817498	69.51407585483213	
313.5333193842048	143.3334451912562	25.395826361383108	68.7374014594458	
310.90314415807075	143.3097852128949	24.909810789633916	68.37093452804586	
308.33124110625414	142.98884031620966	24.390553367113487	68.06363269152966	
306.3001754451177	142.5712215607379	24.497316170557077	68.28229674952368	
303.7592385658274	142.35676349027918	24.929951342711888	68.29272042422981	
302.23712797092105	142.37480983881994	25.74520462748006	68.08438165843222	
300.1915939185177	143.67085730857568	25.370893970995205	67.13739971025377	
298.7900989215508	144.882901935495	23.993712475213385	66.5180017711124	
297.2550317346563	145.4109062433086	22.916013501681846	65.7423478639183	
294.4109809088304	145.03738472967171	22.653232718488695	65.63493476450219	
291.8338386273998	144.91920612975534	22.901370278176064	64.76882931498953	
290.24921375744253	144.05661223336165	23.445032077874508	64.84259115009715	
289.0022601229974	142.57204245011457	24.63127149531669	65.62296590602922	
286.2611574083918	141.31208735622658	25.997111014951493	66.87173158448968	
284.28199106872023	141.037547259367	26.937366320790055	67.622156625888	
281.97409671059495	140.26899420601592	27.658578725929175	68.18970348032806	
279.25191991238154	140.5726930708662	27.645483839842505	68.05550756194108	
274.7543701815488	141.03122177165653	26.750121379816136	68.11008585963259	
273.4024741120904	140.17312129062233	25.761607715434053	67.80187895808405	
272.71791896187256	140.27181831094634	24.282755636414098	67.96915635636847	
270.36137510450055	139.78338117348926	24.358377874168404	67.89162303469448	
268.23909697260507	139.6651432208914	23.964641348500084	68.27250326179914	
266.1942191754889	139.09895807624804	24.07597811567547	68.72905087585777	
264.25881480350404	139.28799803783266	24.451027134074536	69.02317401665336	
262.2916311034903	139.54623911305822	24.651248892775094	69.3413817217778	
259.9368861325696	140.22803318440725	24.2692685930699	69.20430517671312	
257.0550585644596	140.17305386101913	23.89687207447418	69.20825394527118	
254.75898579229346	140.48857819005323	23.482400549562158	68.23554970501338	
252.6341676560143	139.74888616285432	23.298036330024523	67.86872065707053	
250.94842975263185	138.62372427157777	23.29789601168258	67.9009343550899	
248.41173215771573	138.01260157245358	24.489666741294485	68.19657876065871	
245.24542011650902	138.07032838400022	26.03612653995551	68.33033823704508	
242.8095068450053	137.44233749356553	27.2045078868112	68.9483342519805	
239.95834643000111	137.4529367124696	28.043475941245823	69.36023195479544	
237.7080593484582	135.44485859094422	28.66378725261662	70.19865310759046	
230.3804626867754	136.41029429605598	29.023415924492927	70.12032970056367	
223.54270498617416	137.54442302762158	29.734049428722773	71.54325890392111	
221.48273470010483	139.88190149128323	30.44324986376121	75.65766202298455	
222.66634097215137	149.59526853464996	30.74674192286328	81.43592976730577	
229.28424119321775	147.08126907147002	31.22495362672661	88.22582148922841	
233.95393467829018	143.97268098983307	33.14516824959938	93.96082003733662	
238.29081559245176	142.85339740187584	36.40034433326349	97.50508727695652	
243.11193814300526	141.85212263176442	40.26360956235668	99.50881731464315	
249.18770842276416	139.93999142791938	42.61429297134474	101.6387493876698	
255.3143056610823	139.31949095433882	43.659465041339345	103.53368034324234	
261.8843956144933	140.01800348554622	41.831350259029044	104.25774330878161	
270.5216024329125	141.63377595970744	38.878101707029494	104.5829426975411	
278.7319375600803	142.10207786859783	36.80557026189802	104.97838276594501	
285.015509385886	141.48462725315756	36.26630632525249	105.18580172563111	
289.91217894976774	140.55317491788713	37.88021569449825	104.25191818053472	
292.99024271372167	139.35739786622517	41.46852443062846	103.8647569117731	
297.7538309582539	141.14585359171525	44.8829077331289	102.60402378263132	
302.7543709775698	140.56650572565724	47.48807559641363	101.76336014546939	
310.8383359290783	141.65344644844106	47.21549138126289	101.602280347088	
317.4027986045456	141.3200536437017	43.98571687871694	102.03003672787945	
325.03545764379953	143.37323665992488	41.42553223831939	102.13033382714698	
328.9388032586354	143.3398681799122	39.99280770252588	100.50840754292489	
335.2032759429999	141.85991312478023	39.99685946514459	99.23502841139808	
339.9274640747178	141.84091302151984	40.791516610827365	97.72733355146681	
343.1543090548252	140.91667029077712	41.714471261971184	96.72773933155577	
347.62394188577406	139.70630557287768	42.15411566477076	96.14351323718802	
353.02543179002976	141.29580453200956	42.582532531369196	95.47951494699129	
358.27763715614185	142.35424230866016	41.23931946149856	94.59509715068624	
362.15828270625514	145.17255517366254	39.23486382193478	93.23004544106723	
370.7082969896661	146.54313969382525	36.5801096081402	92.64908438757348	
373.41539665693136	146.82463369317458	35.21281722169928	92.69922314363558	
376.5091422180701	145.920927080694	34.8327091598772	92.21762131389389	
383.6982404648959	142.8087915525175	36.06425769186036	92.79499839212804	
385.2690962652903	143.4619788861123	37.616254987708594	91.82651491618257	
387.1557336178117	143.93160975357677	38.63611449515967	91.56136973312968	
390.088061795293	144.8864613957766	38.72891806680212	90.92342119039876	
392.7572000658765	145.27262744575881	37.84983713949636	89.75720517667892	
394.2975414525416	144.53280405096626	36.87695055833527	89.95089772927972	
395.9216190810041	145.674706437253	35.910420095416555	88.9715263025009	
396.9157638900166	146.5376000703219	35.01281596418515	88.37353377894735	
398.3011862032151	144.96974407243857	33.93069251775037	88.87794008013395	
399.4902217719828	141.83441532709605	33.3055129207422	89.22041210786733	
401.37174302566433	144.30187667903374	33.40544887178374	87.32543929794338	
402.5983063822208	145.78699841305695	33.48004713997875	85.8968369460392	
404.3684866573075	146.62954817591253	33.693188005058026	84.82052793718137	
405.38271684279107	146.41909399346355	33.89374536861857	83.94343990029253	
407.45546758485926	148.5031308913318	34.145996169485734	82.76740745396708	
409.4842785714884	149.64166228603068	33.558970748122604	81.68271937083759	
409.62508985008895	147.26543058538	33.41062720157508	81.61501284644929	
410.70197339900096	148.39999410002568	32.418458786154616	80.64987045918672	
411.58204972678584	147.20450125142074	31.70495367926041	80.28288486962293	
411.3861942365953	147.05229509008916	31.16784661259478	79.6789939910875	
411.30632182352576	147.8608333842692	30.553545613729316	78.52337560890417	
411.0820409365042	149.0237494926446	30.32172299026575	77.11459965464651	
410.95460407708543	150.1020445008759	30.23804187974422	75.41153944312889	
409.968632881612	149.5910919435346	29.53867909109508	75.25457459511924	
409.8511307457669	149.53172682520352	29.023696237388606	75.18884265700822	
409.3113351676989	148.06512445193823	29.01836782164797	75.43222377606685	
408.8778357711572	147.75556727906476	28.874008592041648	75.56081493250751	
407.40123593695415	147.2784724415519	29.274623135478205	75.45488760123133	
406.3540495784273	148.64317712335642	29.877470083298235	73.91784030770593	
404.69826807886386	148.79768311808868	30.379027417599623	73.10584516537509	
403.1763479881105	152.05047352559885	30.465437713242167	71.3654163278938	
400.7310729367018	151.6179423879808	30.357694416248723	70.85653408217959	
398.8642488462585	152.54688026847037	30.467958359846	69.87665935546022	
395.8334105130149	150.33805114001453	31.091291978237482	69.84122646781015	
394.41098869197475	147.5032402587129	31.541011661730042	70.54105443387408	
391.7875942249946	146.30570362161305	31.862143800188605	70.43947748911017	
389.0962823144338	147.78312334911988	32.1045288594084	69.10124558090287	
384.2870014786058	147.44054470344952	32.020899178220105	68.84014241997309	
383.0474283062516	150.12695979821967	30.910541042566535	67.59116734441588	
379.2868816704731	151.7944549229177	29.221186049047844	67.30710711821318	
378.45171654389185	152.29596770539996	27.84760436831153	66.16910658183508	
377.2339048042528	153.045817786876	27.457306312097664	65.28630131968177	
374.90184998605713	150.70326995788548	28.77470264396933	65.82780557370162	
370.5412096031597	149.3907916765014	29.594691562535253	66.04558087349983	
367.88177143346155	150.89777855583833	31.306241155944612	64.44370945647792	
363.30847275620414	149.2717534092771	31.915094942038962	64.75679132957167	
360.7235628107594	150.51200566955163	32.458364635327115	63.96287342744608	
356.2549635695335	152.26896255665338	32.12926768473454	63.03271610008099	
352.15592983514864	153.08899420199108	30.6486766680916	62.300823569083434	
347.65445334001726	153.85314069484411	29.459542484892523	61.48408004426528	
345.4844306712874	152.91074861451597	29.334580040369794	61.17184748891813	
343.078925039218	152.66226097133352	29.497763679233884	60.712970743575255	
340.92962280196514	151.56179671195818	29.761597188163528	60.52403910912771	
335.8477672330186	149.54648935076415	30.282451728156197	59.40820474246547	
333.89742473528435	151.4250067591875	30.541526816474452	58.343295246053366	
328.21162258499146	152.59317962895085	29.9567540876412	58.13294061255998	
324.18069594076024	152.02853339769294	28.27799534607434	58.819733258658104	
320.33715996131644	153.35566280346583	26.548062719695878	58.515008481841335	
318.63927437201073	152.1733596096886	25.634712766410352	58.93360559109837	
315.1469369657302	151.0036963708887	25.83987088204144	59.58397056280832	
310.34254222281805	150.20558261751285	27.15694665326609	59.90041970823949	
307.15561100872543	150.064822332265	28.964543975250145	59.26955499383453	
301.856017109031	149.75565945065355	30.519818887065814	58.173489406311276	
297.7299418425607	150.58324273811536	31.48143635421047	57.22305727600587	
293.46186283854684	151.2293447418969	31.873299623468753	56.62006004744592	
289.69608256105477	148.92064439118553	30.104683557969484	58.338858978467684	
285.9678422108751	150.5810160155694	28.366523145047495	58.33205911577787	
281.9980148467304	148.85776219989864	26.507123727523854	59.307971864154226	
279.27470708295726	147.72046963305837	26.203828423618766	59.39542225509794	
275.295466225962	148.54189860945527	26.08885814175977	58.604457071640866	
271.73644111184024	147.4716342123663	27.72715344522907	57.80197982715306	
266.7002170531937	149.01064871018872	27.75467587282489	57.22347447118713	
262.47295679994943	147.97173733896483	28.002007773051194	57.746962334713416	
257.78852806441466	149.26951452744572	27.972465891093407	57.67717313833941	
254.88519851503395	150.13019311018581	28.167232289659538	56.89558023410497	
250.35901861147065	150.82132809177088	26.480086328963882	57.19620032849862	
244.02728756125	152.31102347242944	25.53818935195151	56.653966006009	
241.05989015195246	151.04604663335277	25.424224233260247	56.3938293616678	
236.6109248667567	149.8032551594348	25.67416934527771	55.99767269310976	
233.5865071441899	150.1643932284928	27.282711001501426	55.21849312566434	
227.40948317656506	149.16610536685033	28.350270403731095	55.55986991725523	
223.05853572473134	148.83925201334716	29.46793822228502	55.30066193090602	
218.9942793440321	149.25017215896384	29.904987990061695	54.87303829635758	
214.12394584596072	150.4885332972984	29.664632151426613	54.74184343019563	
210.49274613942538	150.1278681807813	27.802140283369347	55.492352513582624	
205.03647811696638	150.4736997462862	25.56392330704709	56.11296693803848	
198.4586347434007	144.11698864599938	25.21554454056764	58.970477883729316	
192.23550361882252	148.58104642459088	26.594360081044798	60.47904979602874	
191.14280480587752	147.3127930919395	27.406243173891895	64.7849741048785	
195.59227969309833	148.58225042100872	28.754673656103087	67.43665841143128	
200.3636217810113	147.6120552958359	29.676967698355767	70.8960521722521	
206.24112473295068	145.75767161085324	28.427369127851	76.17748499517455	
214.17910892128967	141.9351295977678	26.80412444502071	81.26116360104209	
220.4850691243951	139.50067093040002	26.9588323041907	83.9224965546741	
226.0663487031627	135.94912105103654	27.844891463305913	86.87997692100606	
230.37177695253396	134.47233143012588	29.44057984066201	89.49609841656009	
233.67533757735242	133.3956811654648	31.85772674135469	90.97000028999082	
237.85801128650684	132.7737637050381	34.4526969347402	92.71252462391486	
242.59376722701725	132.89584039816924	36.823863123787696	93.70211418999943	
247.49457279947327	133.135802055064	38.757613078118816	93.92781110545411	
253.49889458966956	133.39027763906446	39.26316780094892	94.11405048634998	
256.17829312233664	134.6738111155241	38.91501898619464	93.89713793330253	
262.8171970145105	134.30721999122397	38.8814853412512	93.62319730764287	
268.6330224151427	134.11758926603744	38.81192064533349	93.82033079053906	
271.37152042309145	133.877413854793	39.52795689414539	93.87267269903413	
276.45221271731623	133.3641395740531	41.107503816621104	94.25483812805619	
280.9781231770182	133.60992788866926	42.33061957324262	94.96519178332397	
284.80136664169976	132.8502695156467	44.399087973774535	95.16409958905386	
291.21109938312264	133.13482620077068	44.43544028572848	95.40501614272178	
296.21467253137746	134.70217408721928	43.72728233150403	94.56147046290317	
303.0119340583716	134.68459187411597	42.017339889698405	94.13660758183784	
305.51340059633975	136.0832854314787	40.89337576784845	93.90172905018117	
312.8509700465636	134.78801824987343	39.971826497527616	93.63567886444156	
315.2202407917931	134.54161531410116	39.28172689397047	93.65963388492713	
319.7580354552764	134.7903692707549	40.0243453077876	93.85538282663066	
323.51130437638164	133.70092361468423	41.54916523077483	94.02615693982789	
327.34316813690316	133.23568413221835	43.315600139541445	94.27755053088117	
331.812688497027	135.05283711984865	43.69173066105392	93.4603612929863	
334.6490656930532	135.3225418351608	43.85611206078015	93.00241563144024	
339.136683328696	136.96838202450155	43.652775059147906	91.65835349883723	
340.4072175887573	137.81647527558962	43.11146633230682	90.81233516520587	
340.9547153774106	138.12437347070653	42.53772714223397	89.3779087948848	
343.1086850101106	137.0765667447751	41.82642441057112	89.61411458340226	
345.3705869295311	137.1307668143898	41.15637175428626	89.7896482327109	
348.4019618652962	135.20765381835258	40.33380142148292	90.86582560646866	
349.4563432939294	135.00307145051667	40.05942419768506	90.29332097578076	
354.30496450427364	134.90235691906292	39.51347553157428	89.75863142401468	
354.3862429174509	135.41041195521666	38.70797883963059	89.25666022909897	
354.96267635613805	135.2820868993881	38.98983784287921	89.13574325811261	
360.3984016549998	135.70561485678797	37.4723253478778	89.73995828123248	
362.27867708563133	134.56818668665971	35.8474022331968	90.50092495111696	
363.8060235543425	134.05849257482848	34.73405558350181	90.6572624159408	
364.860533922262	133.65631436079144	34.07035032789507	90.97456938360382	
366.09127534756954	133.04877766842137	32.80727691541328	90.88673351331619	
366.1424272709932	133.66647201363008	32.16296419176532	90.28280316497411	
365.87742409289496	133.54711752719783	31.819190178203243	89.71157841581945	
365.06408558436823	135.16991483385056	31.5515843774161	89.15470426722035	
364.9378498152343	135.16558427951148	31.11991869053295	88.39073063125437	
364.71717301543435	136.7497344553074	30.820433762453376	87.06855385582679	
363.83941342821583	137.25157317739917	30.461208988907686	85.54644242354894	
363.490795346749	136.14583394611287	29.9797579369899	84.94282498463221	
363.49606123998626	136.11996089092338	29.97765377883144	84.3319896512246	
363.43496783381653	136.61150464876187	29.76057041666749	83.85125073736572	
362.04867440593995	136.95803191346914	29.776806516729156	83.34118702716691	
361.0091357559257	137.42956471656294	29.51429603485152	82.81832236492622	
359.695412670521	138.89360573558787	29.510677313845676	82.26765812968696	
358.0933927582121	140.00642570850832	29.22632836168446	80.96472913898906	
356.20124304455106	141.17496802416792	28.970998806462465	79.70713850715106	
354.7603288108467	140.57986125476435	28.46409007218049	78.56383926290763	
353.3128389903482	140.1622574368826	28.41214121204839	78.04787504751297	
352.23965022663384	139.6553029461672	28.27427467896078	77.84999418252353	
351.4178836330434	139.16283125610897	27.96874683003174	77.76960145443229	
348.92419818555027	139.51739924158724	27.820008372906216	76.8967999802123	
348.4208145743347	140.20064827758637	27.650540634781223	76.96292171831843	
345.57961037983375	140.6774109691549	27.47721372181175	76.72112776904974	
343.0033880090572	141.1593431554847	27.382162335282594	76.06399575293845	
341.58927850226786	140.97470940200623	26.674998362792458	75.40789504624183	
341.3537255314555	140.98453863245373	25.9234007283293	74.97949210116062	
340.7337500079091	140.81725915372542	25.672173858895274	75.01432299288814	
338.0202899247754	140.15212587702348	26.656090370682676	75.09203274544973	
335.9729260235996	139.92923988920327	27.91746966038479	74.79957175085241	
334.00237967490193	140.56649659367582	29.282638438102314	74.13400347320916	
330.94361780345264	139.99288373170222	29.720256289582466	74.52919250644442	
329.37574253438055	141.02399526884582	29.63978764094385	74.3809121268212	
324.7511127773237	142.80794320881836	29.133372792874866	73.16930992515982	
322.8638918244855	144.30578357231946	28.416151719425308	72.29483428963408	
320.0915645293797	144.42385220097157	27.567658364232905	71.53175251424054	
318.14959538465723	143.1613547603388	27.250669396139983	71.14534302424448	
315.5743881589827	142.14070927178318	26.92744626661745	71.07415836773455	
313.7442787888037	141.65681502009932	26.673169300417285	71.14374415379804	
311.81455584436486	141.32882768343958	27.469403748254923	71.38721430312494	
309.12739042429115	140.2958734105388	27.596220817345156	71.64145278400035	
306.7303360739242	140.80151274005402	27.023301758527108	71.9523594029088	
301.94023989779544	141.9093405091886	26.243326607427605	71.4613350549396	
300.7807386308131	140.9685008764128	25.464381067051505	71.72357448017445	
299.1738000015956	140.3157792354947	25.002288963227596	71.28562279111682	
297.2854328450404	139.99562194362122	25.383586989411658	71.51016633752359	
293.95856791257853	139.83237185493954	27.226124818660374	70.66107170821576	
291.1266504743286	138.3334664866353	29.06715858203167	70.87570006224065	
288.668628903644	139.04826794718792	30.35151551276854	70.51012754999464	
286.0474521893593	138.67698259445666	30.90283414748415	70.30788166610174	
281.6652227659671	138.55430269281055	30.24778310657327	70.64538323176978	
280.0996847950578	138.2163242720037	29.074566846396067	71.59006511095825	
275.85485013471975	139.16980023013502	27.34838724434252	71.5586869490062	
273.85079356451797	139.1094706723781	26.896860358653576	71.03392765898715	
271.394886061402	138.44694925073753	27.402445392046115	70.67013690794613	
267.73262928093914	138.35605690409147	28.129924498626167	70.45491929167747	
264.96058883408625	138.75743655131836	29.15532243563645	70.02318177461511	
261.6590062859041	139.11628446672938	30.10469181285395	69.46432886505013	
259.2558698964412	140.66265783156857	30.54374562052739	69.06693564336733	
255.11299681921454	140.02915766778145	29.688330810014854	69.07926582781413	
253.60990601654913	140.2051954135827	28.432831812318327	69.19306524656629	
248.62375717141873	141.44911414983378	26.579969476028843	69.02411166993811	
246.18365947566926	141.23200921412723	25.77350743878634	68.24682411531822	
242.6662832949913	141.5802536470466	26.332413032716694	67.1598636122305	
239.8865432703641	141.8643435583055	27.19933765441985	66.18040610812352	
238.20920141792658	141.5986335759285	28.31543636402514	65.87567417497029	
234.31827330360449	140.59488540858553	29.4752527977474	66.21020009549454	
230.75334298846997	141.1304187797649	30.11082975186902	65.74257000198148	
227.61929997675193	141.23231103430732	30.50777148056629	65.72755683016734	
224.28251102934462	140.4759702234586	29.76974449409429	65.77602877607589	
217.91576249799115	140.4148003656034	28.248075503029288	66.42490734066324	
217.36088536796083	141.22394761149764	26.879402352964167	67.17658317053011	
215.39994514788438	141.4098533662821	26.479987054896874	67.46393000999828	
213.7240139212343	140.4711064563915	27.446466855914288	67.29256232617841	
208.6124530610216	139.93814884258927	28.003801833175636	66.94180663531824	
205.2109561923874	141.04031519101702	29.501573535989657	65.10165951013329	
192.91043778047066	144.63631975100128	30.98529125276754	68.73017269851438	
193.1170696082513	146.60343797189228	32.72874036766828	72.23442569383565	
197.50535357491157	145.84731177006677	32.88672558071008	76.05327747607248	
196.11411695024717	144.2140146458023	34.38019760361369	78.52916109656874	
195.2096488972307	143.2292009515104	35.25537288782729	79.47246027909021	
211.89776451810548	140.92047253164804	32.85353549068227	84.04496192481847	
220.65492738775413	141.14795711824212	30.62399120737861	85.39971064523084	
225.91442178326483	140.72150695239148	30.332406057104272	86.19435013377434	
229.53043062974496	140.34627441131374	32.02979643756928	85.42113178716548	
234.5197852748982	139.20270524273863	34.124465710190066	85.59157019030994	
239.37724186326807	140.12696381327686	35.77599139911196	85.27831921019845	
244.43208468055767	141.99472640627442	36.93096564612456	84.48643425628953	
250.53976319783322	143.5730132582435	36.56230165051387	83.7135237298416	
257.780606239557	143.97070349942425	34.74883704076015	84.09083578478786	
265.2639418743535	142.98656716029507	33.63085198942886	84.58508762430867	
271.13249217890063	141.92323687595723	33.448107001672504	84.39456493683507	
275.83418829407793	142.42216884181622	32.671224437760806	84.13445344270866	
279.7184745980358	142.26317487106508	32.69420294297367	84.04520296038666	
283.457633761362	142.57291618554143	34.368848254627004	83.6036279622351	
289.0443208391	143.19856579303686	36.31194252871632	84.14000079009092	
294.6428692524276	142.88856540523693	36.7935528248639	84.74762261881281	
299.928198525375	142.68388087856846	35.553331939186336	85.15081763957338	
306.1799652819123	143.7382237008652	34.01184695669047	84.61349091412356	
314.23751446770893	143.49140247526682	31.66559509693795	85.0503306119612	
320.5685814010122	143.45940301596795	30.218549120956446	83.93839712317978	
324.5896612208096	143.61994367241135	30.13719918900323	83.71280964103347	
329.7174239724349	144.2687675763089	31.443264834129124	82.82052733011218	
333.21078884863937	145.0569039159874	34.2737233446596	81.38750052659066	
337.80805914145805	144.29095634629522	36.81623949120002	81.60048840508023	
342.1074753801034	145.98619579876836	38.6997335214777	81.54456345711941	
345.9490528907306	146.72223304765257	39.255607430887245	81.27637821010632	
350.2328847204189	147.00199618089079	37.76978142562454	81.14574929465641	
356.88941529221125	146.78154489753317	34.89470665594119	81.03611153334585	
360.7074387629489	146.45497890284167	32.4781778991277	81.38225614770786	
367.475449421932	146.36780079711946	30.490943698165886	81.01954858170551	
372.3748913702863	146.2670008745548	29.312761591313183	80.67166953832314	
373.0868809140866	144.36118991527223	30.129273893940976	81.30389053602036	
376.20396737315906	144.15316352854455	32.11313858108166	80.39149501388249	
380.0748484723844	146.07791471089138	33.599253999513266	79.4938630906256	
383.4619593997407	145.80085399415165	34.41102257372526	79.7547997668724	
385.2876666039375	148.0223696897578	33.74727024228171	78.13784011485689	
389.9544327346347	146.7072718586175	32.673212735220844	78.44388306908385	
392.45337666461984	149.62771722821432	31.076170164480914	77.60701397448251	
397.0047386893885	149.07905359194433	30.517209275649208	77.04269225829876	
398.9032472871121	147.63833887947047	30.67249382084836	77.04500324071107	
401.81518672063896	149.15053591032245	31.105266832151482	76.07355693863539	
403.79679813671476	149.84248754640754	31.651040009826552	75.35540673300498	
405.2346674413735	150.05830273069142	32.0196411050226	75.35531166802993	
407.6067133468479	151.52496162197824	32.07763850839879	74.35400596660253	
408.16142507694383	149.7485243626464	32.10045832384934	74.25230323001716	
408.7770996174006	150.30040130900232	32.02604135849066	74.07746579162051	
408.9235088199269	151.17085247248477	31.79138271829414	74.06991815234635	
409.2421973474337	150.5910693338833	31.42569039929395	73.82928656597048	
408.54966612927836	148.44287699811815	31.631492224070456	74.46899041512833	
408.3893734362749	147.23210480126554	31.759734226049922	75.69948320647002	
407.772656114627	147.21761520595214	31.780989327757922	76.25820821428123	
408.19670401691656	146.5781323808858	31.46328652759624	77.12932106571361	
407.6823791237372	148.48020400056993	31.370444047300005	75.75195065921584	
407.37638571386196	149.02572093693618	31.232778779361986	75.12473789959287	
406.55959023994467	150.43823230413852	30.838574650826374	74.05928397565117	
405.6132936604824	150.69224116227457	31.154000537183123	73.20117092771024	
403.9585138262702	150.37712418961667	30.926739078669684	72.93944574226201	
402.98352507595774	147.9158376785589	30.403199876642642	72.22690695560074	
401.39244494971837	147.564226661153	30.760894854310536	71.76348060250359	
401.1633032859886	148.60181338839539	30.601306539657294	71.35613821128936	
399.96731099477273	149.13367547414984	31.12279496825759	70.89453414123234	
396.95227867631775	148.44767355180247	31.095178044651213	70.75796171200894	
396.12908343832936	149.39805537067772	30.48044295605284	69.8961396960388	
393.43315487639217	150.61076316563333	29.568936279878354	68.92468953161892	
391.52945852135207	151.91146538029054	27.65486197183116	68.04348683303265	
390.53290931440074	151.880567006224	26.36016770308607	67.9350918610377	
389.43001875137327	149.58034027643305	26.392024621453682	68.3662724209919	
387.675925027432	149.9739690319177	27.505945940796106	68.51938594655215	
385.63062755859397	150.31949969523254	28.874950836357947	68.44597900310495	
382.63217984922755	149.61362740105238	30.330153044488952	68.45207059158739	
379.9173178139846	149.81327812248685	31.40900841304003	68.10714055783663	
377.7720319859047	150.5890442089737	31.45709549965032	67.47310101296046	
373.5198899707956	152.21783461253744	30.64459657851356	66.12989956412456	
370.28981456395366	151.7557758960347	29.458318330307698	65.88124637773768	
369.39053488972087	151.18399791851408	28.36046673669567	65.69135189618677	
367.9159256253672	149.35662017738989	27.337603842597176	65.31645287556654	
367.2847155775549	147.00191466182415	27.423771096272404	65.5312102049158	
364.61824723275964	147.69859807065518	27.79047691656963	65.287460940011	
360.6200505654984	149.59407458685735	27.993455658349262	64.60347368786482	
359.82143242900275	150.5028820723516	28.2747420145009	64.29527410498358	
357.64137104559677	150.00530655271504	27.46580931942937	64.9445992038862	
354.2047168342404	149.47953049650548	26.68483707960545	65.16947393431296	
352.9845099680375	149.97797371144753	25.33327459855602	64.79814355615994	
351.5962138155219	150.16716175432504	24.434382484718306	64.34180574242816	
349.9563358686368	149.17648204281164	24.554488052713314	64.35341428425986	
347.7248607200597	149.24110944899783	25.603518424177736	64.2216959455622	
345.5140834894505	147.52206406616654	26.862386537434702	65.05902029086042	
343.4069375828804	147.36510741725496	28.233034923679806	65.05895482724902	
341.16911184669027	148.21227343567566	28.79145960467823	64.28190209348149	
336.0654657831302	148.77657910198823	29.00910386650299	63.71048475537845	
333.9308282525816	149.43789952453142	28.4277300475953	62.57558131559222	
331.932986138918	149.74314577975423	27.20660643266789	62.499172231145266	
327.3364703841674	149.67770011470873	26.23474860653672	61.95361760023775	
327.39895265723834	148.2400010666555	25.81111117569214	62.0073055866335	
323.5486942367947	147.9845545585332	26.12398515616691	62.69268009909296	
321.3792897275894	147.84919966308897	26.67105375709693	62.90309667744843	
319.8443563801438	147.45604682351055	26.70839014421849	62.77354831979726	
315.0797280237935	148.46638300680328	26.496954718247085	62.00873437453749	
313.29707982637893	150.16399632539495	25.89062740625868	61.146561373905044	
310.9280013039052	150.94018733389345	25.413068566043762	60.3056375630848	
305.8617152345292	150.87946059420224	24.555423495933468	60.515273730226646	
304.78670124480243	150.87041587177782	24.095766531234197	59.96164036957545	
302.1429615941989	149.92549691951558	24.450456983564294	60.08597117208726	
299.47311504170716	149.7135324522263	25.439299029587815	59.90509690212939	
297.0186210778737	149.83531638654173	26.58030280541451	59.28043192537286	
294.60044530097775	149.73930736597106	27.669670354232068	59.30813398286112	
290.3957766292909	145.44274723477764	28.036340308689823	60.65084273478047	
289.3341061456428	148.0332455245722	28.285148457191625	59.514570142770665	
285.4282344363658	146.9129334503907	27.683236594678753	60.396328791637174	
281.83215641107853	147.7436466922484	26.174066275014024	60.72672896140233	
277.86614007563844	148.19662607650247	24.83629399136549	60.87991457060265	
275.82402913055455	147.51402242578965	24.54486833667233	60.845814859470316	
273.9597237323368	147.62215321603324	24.449803262212548	60.232441654503816	
271.27182721737023	147.4574956451499	24.924320180542864	59.91160834494225	
267.38694659268816	146.93774050689237	25.057600621648888	60.289983722794695	
265.43838166565547	148.47255961451214	25.53915664034144	59.13268698304195	
261.39947629622657	149.52130389318597	25.068569361315845	58.39859399740297	
260.0430468191745	149.67648654861875	24.325838782567885	57.972079193975574	
254.69705753559546	150.0931173543288	23.144905896478885	58.04714909596033	
253.1561178083386	148.96165277853157	22.62951629276508	58.555397614009834	
250.20354521004182	146.91404949782316	22.87850065790719	59.141546892025204	
247.16167197188918	146.81119944168188	23.824946166042338	58.80197209099671	
242.56872971256658	146.66389043232266	24.879519268061543	59.00215009654492	
240.51582734967116	146.71603431925035	26.06376942842268	59.06353046751168	
236.72192844554934	146.82122961029847	26.32372261691536	59.46061468933998	
234.62382145108597	147.55133393898754	26.601378723533095	58.66324252402346	
230.0984689068813	148.78937383378388	26.236228404227646	58.35957918302394	
227.46971383994713	149.03166570350376	25.265169507334264	58.76094666457341	
224.02556728785433	149.3269232176814	24.811323844277393	58.06045421207337	
222.2245999867293	148.55264884276443	24.180583370996473	58.11815692404265	
219.7657685373258	147.98528998263095	24.364867859464063	58.01260057261619	
216.7182088253116	148.85613437553235	25.606094480300392	57.04620281245197	
212.44586407636803	148.1947403979012	25.899123631202677	57.1464218981235	
209.05188186147547	148.93165795087964	25.96902232230982	56.99992787187852	
206.90703125534347	148.91752602382445	26.832822598447088	55.82136253573469	
204.76010595528416	149.62731641230474	26.05391976915284	55.12882073830447	
200.05383976306257	150.09907100088122	24.754437001618513	54.96668983034701	
198.73443506619398	150.58356284487175	23.49247287011763	54.790300575196795	
194.3366247301551	150.95514693425366	22.255888914204633	54.65095540258608	
192.87948227916874	150.04045691994102	22.03492110202027	54.42223210822858	
190.65307287545363	148.25351955293706	22.726967442790947	54.77652237720965	
186.03083840571105	148.2199699589697	23.661642909986067	54.73650595371036	
183.45769285638184	147.99205104686334	24.443369589851763	55.260081320015885	
178.98355342626	148.10607850636228	24.85746685524684	55.2302452831019	
176.68566778711713	147.14809661203083	25.2227426806517	55.827171395907264	
172.92952599145445	147.51326761117886	23.793666752018552	56.34564886801677	
171.71548941541045	148.6488328365968	22.030300275505503	56.64283892995253	
167.99164137046841	148.35753993920827	20.92394210513566	56.87844954720313	
165.39303925263212	148.36235264114325	20.853712220630012	56.99886420778722	
163.1514997632061	146.97487773609842	21.826822203434112	57.37664395104338	
159.49731186899768	146.00052578185617	23.49499642324739	57.07232351985199	
155.3153047210385	145.76677293417526	25.21278812776565	56.77539511601641	
151.1682343053643	145.4568049195397	27.239563980323737	55.80611133670902	
147.63181286638303	146.55298727767615	28.649335225901034	55.30076108099979	
144.4720501166354	148.36053083623761	29.079209903710506	54.922274362894214	
142.25615431880922	149.52646409623645	28.974432380863085	53.765852326653516	
140.241740310971	150.2274939523537	27.493388913690403	53.365198330361395	
138.87790169572926	149.79718777284984	25.00252785987213	54.23195986122073	
137.42681144001645	150.57295880978032	23.17788265718643	54.64544190101487	
136.6747102737551	148.005905281097	21.913559150857235	54.78210194452654	
135.61634038974898	148.59992359029266	21.543281525757266	55.177148478906204	
132.748842856377	148.71032127443	21.797372490175807	55.072134954293816	
130.14397053241078	148.611132231272	21.954327926835056	55.26124680381281	
128.58005530229607	148.34021302697437	21.839937985300544	55.53245038241002	
127.77447781864049	146.49204920546336	21.365757936361078	55.78810252837701	
126.45617965859114	149.24456446688544	20.78286325151595	55.93699885489809	
126.16860539602732	149.6448351299665	19.612846190172043	57.653075780536476	
105.2131585263027	141.0767150118799	21.840687866632983	57.903791266953796	
100.19685497087535	147.35421678074528	24.858359007181285	57.57797283359319	
100.99641166343082	148.95695635865096	27.20596359959416	58.36125319545154	
102.67844794281616	150.63234746403128	26.59700392725231	63.262516616099546	
104.17708075802635	152.4814152771618	26.755263742770033	68.58706890182583	
104.93729863396418	151.3174615320663	27.622470374469817	75.28599813960597	
106.5755800827167	151.48316288703467	28.210042980733704	80.54409776426391	
107.65154700419866	148.7894199257035	30.02176007961853	86.7150951467537	
108.07202266175341	147.01189339835753	31.395403128675284	93.25493328140166	
108.46329784543116	145.48654644252315	33.11920327859276	98.54399045906163	
108.35606867525783	144.39234025009083	34.9268423945818	102.48364488551414	
107.8966138268404	142.61230294505802	37.397608489999115	105.07861646537499	
105.70391969677907	146.18272093464387	41.20463267589159	105.87768231496914	
101.96612582932535	142.225070308174	43.64606027362251	107.89045528192864	
100.86662584123422	139.79850935807644	43.92196669244697	110.85153263790379	
99.5662320210985	139.13202414008947	43.90726079672293	113.24913084048694	
98.44209294164483	138.38529371584508	44.70817343324564	115.15295372401181	
