40	31	30	63	
40	31	30	63	
40	31	30	63	
40	31	30	63	
40	31	30	63	
36	31	30	63	
36	31	30	63	
36	31	30	63	
36	31	30	63	
36	31	30	63	
36	35	30	63	
36	35	30	63	
36	35	30	63	
36	35	30	63	
36	35	30	63	
36	35	30	63	
36	35	30	63	
36	35	30	63	
36	35	30	63	
36	35	30	63	
36	35	30	63	
40	35	30	63	
40	35	30	63	
40	35	30	63	
40	35	30	63	
40	35	30	63	
40	35	30	63	
40	35	30	63	
40	35	30	63	
40	35	30	63	
40	35	30	63	
44	35	30	63	
44	35	30	63	
44	35	30	63	
44	35	30	63	
44	35	30	63	
48	35	30	63	
48	35	30	63	
48	35	30	63	
48	35	30	63	
48	35	30	63	
52	35	30	63	
52	35	30	63	
52	35	30	63	
52	35	30	63	
52	35	30	63	
56	39	30	63	
56	39	30	63	
56	39	30	63	
60	39	30	63	
60	39	30	63	
60	39	30	63	
60	39	30	63	
60	39	30	63	
60	39	30	63	
60	39	30	63	
60	39	30	63	
64	39	30	63	
64	39	30	63	
64	39	30	63	
68	39	30	63	
68	39	30	63	
68	39	30	63	
68	39	30	63	
72	39	30	63	
72	39	30	63	
72	39	30	63	
72	39	30	63	
72	39	30	63	
72	39	30	63	
76	39	30	63	
76	39	30	63	
76	39	30	63	
76	39	30	63	
76	39	30	63	
80	39	30	63	
80	39	30	63	
80	39	30	63	
80	39	30	63	
84	39	30	63	
84	39	30	63	
84	39	30	63	
84	39	30	63	
88	39	30	63	
88	39	30	63	
88	39	30	63	
92	39	30	63	
92	39	30	63	
92	39	30	63	
96	39	30	63	
96	39	30	63	
96	39	30	63	
96	39	30	63	
100	39	30	63	
100	39	30	63	
100	39	30	63	
100	39	30	63	
104	39	30	63	
104	39	30	63	
104	39	30	63	
104	39	30	63	
108	39	30	63	
108	39	30	63	
108	35	30	63	
112	35	30	63	
112	35	30	63	
112	35	30	63	
112	35	30	63	
112	35	30	63	
116	35	30	63	
116	31	30	63	
116	31	30	63	
116	31	30	63	
116	31	30	63	
120	31	30	63	
120	31	30	63	
120	31	30	63	
120	31	30	63	
120	31	30	63	
120	31	30	63	
120	31	30	63	
116	31	30	63	
116	31	30	63	
116	31	30	63	
116	31	30	63	
120	31	30	63	
120	31	30	63	
120	31	30	63	
120	31	30	63	
124	31	30	63	
124	31	30	63	
124	31	30	63	
128	31	30	63	
128	31	30	63	
128	31	30	63	
128	31	30	63	
132	31	30	63	
132	31	30	63	
132	31	30	63	
132	31	30	63	
136	31	30	63	
136	31	30	63	
136	31	30	63	
136	31	30	63	
136	31	30	63	
136	31	30	63	
140	31	30	63	
140	31	30	63	
140	31	30	63	
144	35	30	63	
144	35	30	63	
144	35	30	63	
144	39	30	63	
144	39	30	63	
144	39	30	63	
148	39	30	63	
148	39	30	63	
148	39	30	63	
152	39	30	63	
152	39	30	63	
152	39	30	63	
156	39	30	63	
156	39	30	63	
156	39	30	63	
156	39	30	63	
156	39	30	63	
156	39	30	63	
156	39	30	63	
156	39	30	63	
156	39	30	63	
156	39	30	63	
156	39	30	63	
156	39	30	63	
156	39	30	63	
156	39	30	63	
156	39	30	63	
156	39	30	63	
156	39	30	63	
156	39	30	63	
156	39	30	63	
160	39	30	63	
160	43	30	63	
160	43	30	63	
160	39	30	63	
160	39	30	63	
164	39	30	63	
164	43	30	63	
164	43	30	63	
164	43	30	63	
164	43	30	63	
164	43	30	63	
164	43	30	63	
164	43	30	63	
164	43	30	63	
164	43	30	63	
164	47	30	63	
164	47	30	63	
164	47	30	63	
164	47	30	63	
164	47	30	63	
164	47	30	63	
164	47	30	63	
164	47	30	63	
164	47	30	63	
164	47	30	63	
164	47	30	63	
160	47	30	63	
160	47	30	63	
160	51	30	63	
160	51	30	63	
160	51	30	63	
160	51	30	63	
160	51	30	63	
160	51	30	63	
160	51	30	63	
160	51	30	63	
160	51	30	63	
160	51	30	63	
160	51	30	63	
160	51	30	63	
160	51	30	63	
160	51	30	63	
160	51	30	63	
160	51	30	63	
160	51	30	63	
160	51	30	63	
160	51	30	63	
160	51	30	63	
156	51	30	63	
156	51	30	63	
156	51	30	63	
156	51	30	63	
156	51	30	63	
156	51	30	63	
156	51	30	63	
156	51	30	63	
156	47	30	63	
156	47	30	63	
156	47	30	63	
156	47	30	63	
156	47	30	63	
152	47	30	63	
152	47	30	63	
152	47	30	63	
152	47	30	63	
148	47	30	63	
148	47	30	63	
148	47	30	63	
148	47	30	63	
148	47	30	63	
148	47	30	63	
144	47	30	63	
144	47	30	63	
144	47	30	63	
140	47	30	63	
140	47	30	63	
140	47	30	63	
136	47	30	63	
136	47	30	63	
136	47	30	63	
136	47	30	63	
136	47	30	63	
136	47	30	63	
136	47	30	63	
136	47	30	63	
136	47	30	63	
136	47	30	63	
136	47	30	63	
136	47	30	63	
136	47	30	63	
136	47	30	63	
136	47	30	63	
136	47	30	63	
136	43	30	63	
136	43	30	63	
136	43	30	63	
136	43	30	63	
136	43	30	63	
136	43	30	63	
136	43	30	63	
136	43	30	63	
136	43	30	63	
136	43	30	63	
136	43	30	63	
136	43	30	63	
136	43	30	63	
136	43	30	63	
136	43	30	63	
136	43	30	63	
136	43	30	63	
136	43	30	63	
136	43	30	63	
136	43	30	63	
136	43	30	63	
136	43	30	63	
136	43	30	63	
136	43	30	63	
136	43	30	63	
136	43	30	63	
136	43	30	63	
136	43	30	63	
136	43	30	63	
136	43	30	63	
136	43	30	63	
136	43	30	63	
136	43	30	63	
136	43	30	63	
136	43	30	63	
136	43	30	63	
136	43	30	63	
136	43	30	63	
136	43	30	63	
136	43	30	63	
136	43	30	63	
136	43	30	63	
136	43	30	63	
136	43	30	63	
136	43	30	63	
136	43	30	63	
136	43	30	63	
132	43	30	63	
132	43	30	63	
132	43	30	63	
132	43	30	63	
128	43	30	63	
128	43	30	63	
128	43	30	63	
128	43	30	63	
128	43	30	63	
128	43	30	63	
128	43	30	63	
128	43	30	63	
128	43	30	63	
124	43	30	63	
124	43	30	63	
124	43	30	63	
124	43	30	63	
124	43	30	63	
124	43	30	63	
124	43	30	63	
124	43	30	63	
124	43	30	63	
124	43	30	63	
124	47	30	63	
124	47	30	63	
124	47	30	63	
120	47	30	63	
120	47	30	63	
120	47	30	63	
120	47	30	63	
120	47	30	63	
120	47	30	63	
120	47	30	63	
120	47	30	63	
116	51	30	63	
116	51	30	63	
116	51	30	63	
116	51	30	63	
112	51	30	63	
112	51	30	63	
112	51	30	63	
112	51	30	63	
112	51	30	63	
112	51	30	63	
112	51	30	63	
112	51	30	63	
112	51	30	63	
112	51	30	63	
112	51	30	63	
112	51	30	63	
112	51	30	63	
112	51	30	63	
112	51	30	63	
112	51	30	63	
112	51	30	63	
112	51	30	63	
108	51	30	63	
108	51	30	63	
108	51	30	63	
108	51	30	63	
108	51	30	63	
108	55	30	63	
108	55	30	63	
108	55	30	63	
108	55	30	63	
104	55	30	63	
104	55	30	63	
104	55	30	63	
104	55	30	63	
104	55	30	63	
104	55	30	63	
104	55	30	63	
104	55	30	63	
104	55	30	63	
104	55	30	63	
104	55	30	63	
104	55	30	63	
104	55	30	63	
100	51	30	63	
100	51	30	63	
100	51	30	63	
100	51	30	63	
100	51	30	63	
100	51	30	63	
100	51	30	63	
96	51	30	63	
96	51	30	63	
96	51	30	63	
92	51	30	63	
92	51	30	63	
92	51	30	63	
92	51	30	63	
88	51	30	63	
88	51	30	63	
84	47	30	63	
84	47	30	63	
84	47	30	63	
80	47	30	63	
80	47	30	63	
76	47	30	63	
76	47	30	63	
72	47	30	63	
72	47	30	63	
72	47	30	63	
68	47	30	63	
68	47	30	63	
68	47	30	63	
68	47	30	63	
68	47	30	63	
68	47	30	63	
68	47	30	63	
68	47	30	63	
68	47	30	63	
68	47	30	63	
68	47	30	63	
68	43	30	63	
68	43	30	63	
68	43	30	63	
68	43	30	63	
68	43	30	63	
68	43	30	63	
68	43	30	63	
68	43	30	63	
68	43	30	63	
64	43	30	63	
64	43	30	63	
64	43	30	63	
64	43	30	63	
60	43	30	63	
60	43	30	63	
60	43	30	63	
60	43	30	63	
56	43	30	63	
56	43	30	63	
56	43	30	63	
52	43	30	63	
52	43	30	63	
52	43	30	63	
48	43	30	63	
48	39	30	63	
48	39	30	63	
48	39	30	63	
48	39	30	63	
48	43	30	63	
44	43	30	63	
44	43	30	63	
44	43	30	63	
44	43	30	63	
44	43	30	63	
44	43	30	63	
44	43	30	63	
