1	72	18	29	
5	72	18	29	
5	72	18	29	
9	72	18	29	
13	72	18	29	
17	72	18	29	
17	72	18	29	
21	72	18	29	
25	68	18	29	
29	68	18	29	
29	72	18	29	
33	68	18	29	
37	68	18	29	
37	68	18	29	
41	68	18	29	
45	68	18	29	
45	68	18	29	
49	68	18	29	
53	68	18	29	
53	68	18	29	
57	68	18	29	
57	68	18	29	
61	68	18	29	
65	68	18	29	
65	68	18	29	
69	68	18	29	
73	68	18	29	
73	68	18	29	
77	68	18	29	
81	68	18	29	
81	64	18	29	
85	64	18	29	
85	64	18	29	
89	64	18	29	
89	64	18	29	
93	64	18	29	
93	64	18	29	
97	64	18	29	
97	64	18	29	
101	64	18	29	
101	64	18	29	
105	64	18	29	
105	64	18	29	
109	64	18	29	
113	64	18	29	
113	64	18	29	
117	64	18	29	
117	64	18	29	
121	64	18	29	
121	64	18	29	
121	64	18	29	
125	64	18	29	
125	64	18	29	
129	64	18	29	
129	64	18	29	
133	64	18	29	
133	64	18	29	
137	64	18	29	
137	64	18	29	
141	64	18	29	
141	64	18	29	
141	64	18	29	
145	60	18	29	
145	60	18	29	
149	60	18	29	
149	60	18	29	
153	60	18	29	
153	60	18	29	
153	60	18	29	
157	60	18	29	
157	60	18	29	
161	60	18	29	
161	60	18	29	
161	60	18	29	
165	60	18	29	
165	60	18	29	
169	60	18	29	
169	60	18	29	
169	60	18	29	
173	60	18	29	
173	60	18	29	
173	60	18	29	
177	60	18	29	
177	60	18	29	
181	60	18	29	
181	60	18	29	
181	60	18	29	
185	60	18	29	
185	60	18	29	
185	60	18	29	
189	60	18	29	
189	60	18	29	
189	60	18	29	
193	60	18	29	
193	60	18	29	
193	60	18	29	
197	60	18	29	
197	60	18	29	
197	60	18	29	
197	60	18	29	
201	60	18	29	
201	60	18	29	
201	60	18	29	
205	60	18	29	
205	60	18	29	
205	60	18	29	
205	60	18	29	
209	60	18	29	
209	60	18	29	
209	60	18	29	
213	60	18	29	
213	60	18	29	
213	56	18	29	
213	56	18	29	
217	56	18	29	
217	56	18	29	
217	56	18	29	
217	56	18	29	
221	56	18	29	
221	56	18	29	
221	56	18	29	
221	56	18	29	
225	56	18	29	
225	56	18	29	
225	56	18	29	
225	56	18	29	
225	56	18	29	
229	56	18	29	
229	56	18	29	
229	56	18	29	
