226	55	36	48	
226	55	36	48	
226	55	36	48	
226	55	36	48	
226	55	36	48	
226	55	36	48	
222	55	36	48	
222	55	36	48	
218	55	36	48	
218	55	36	48	
214	55	36	48	
214	55	36	48	
210	55	36	48	
210	55	36	48	
206	55	36	48	
206	55	36	48	
206	55	36	48	
202	55	36	48	
202	55	36	48	
202	55	36	48	
202	55	36	48	
202	55	36	48	
202	55	36	48	
202	55	36	48	
202	55	36	48	
202	55	36	48	
202	55	36	48	
202	55	36	48	
202	55	36	48	
202	55	36	48	
202	55	36	48	
202	55	36	48	
202	55	36	48	
202	55	36	48	
202	55	36	48	
202	55	36	48	
202	55	36	48	
202	55	36	48	
202	55	36	48	
202	55	36	48	
202	55	36	48	
202	55	36	48	
202	55	36	48	
202	55	36	48	
202	55	36	48	
202	55	36	48	
202	55	36	48	
202	55	36	48	
202	55	36	48	
202	55	36	48	
202	55	36	48	
202	55	36	48	
202	55	36	48	
202	55	36	48	
202	55	36	48	
202	55	36	48	
202	55	36	48	
198	55	36	48	
198	55	36	48	
198	55	36	48	
198	55	36	48	
198	55	36	48	
198	55	36	48	
202	55	36	48	
202	55	36	48	
202	55	36	48	
206	55	36	48	
206	55	36	48	
206	55	36	48	
210	55	36	48	
210	55	36	48	
210	55	36	48	
210	55	36	48	
210	55	36	48	
214	55	36	48	
214	55	36	48	
214	55	36	48	
214	55	36	48	
214	55	36	48	
214	55	36	48	
214	55	36	48	
214	55	36	48	
214	55	36	48	
214	55	36	48	
214	55	36	48	
214	55	36	48	
218	55	36	48	
218	55	36	48	
218	55	36	48	
222	55	36	48	
222	55	36	48	
222	55	36	48	
226	55	36	48	
226	55	36	48	
230	55	36	48	
230	55	36	48	
230	55	36	48	
234	55	36	48	
234	59	36	48	
234	59	36	48	
234	59	36	48	
238	59	36	48	
238	59	36	48	
238	59	36	48	
238	59	36	48	
242	59	36	48	
242	59	36	48	
242	59	36	48	
242	59	36	48	
242	59	36	48	
242	59	36	48	
242	59	36	48	
242	59	36	48	
238	59	36	48	
238	59	36	48	
238	59	36	48	
234	59	36	48	
234	59	36	48	
234	59	36	48	
230	59	36	48	
230	59	36	48	
230	59	36	48	
226	59	36	48	
226	59	36	48	
226	59	36	48	
222	55	36	48	
222	55	36	48	
222	55	36	48	
218	55	36	48	
218	55	36	48	
214	55	36	48	
214	55	36	48	
214	55	36	48	
210	55	36	48	
210	55	36	48	
210	55	36	48	
210	55	36	48	
210	55	36	48	
206	55	36	48	
206	55	36	48	
206	55	36	48	
206	55	36	48	
202	55	36	48	
202	55	36	48	
202	55	36	48	
198	59	36	48	
198	59	36	48	
198	59	36	48	
198	59	36	48	
198	59	36	48	
198	59	36	48	
194	59	36	48	
194	59	36	48	
194	59	36	48	
194	59	36	48	
194	59	36	48	
194	59	36	48	
194	59	36	48	
194	59	36	48	
194	59	36	48	
194	59	36	48	
194	59	36	48	
194	55	36	48	
194	55	36	48	
198	55	36	48	
198	55	36	48	
198	55	36	48	
198	55	36	48	
198	55	36	48	
198	55	36	48	
198	55	36	48	
198	55	36	48	
198	51	36	48	
198	51	36	48	
198	51	36	48	
198	51	36	48	
198	51	36	48	
198	51	36	48	
198	51	36	48	
198	51	36	48	
198	51	36	48	
198	51	36	48	
198	51	36	48	
198	51	36	48	
198	51	36	48	
198	51	36	48	
198	51	36	48	
198	51	36	48	
198	51	36	48	
198	51	36	48	
198	51	36	48	
198	51	36	48	
198	51	36	48	
198	51	36	48	
198	51	36	48	
198	51	36	48	
198	51	36	48	
198	51	36	48	
198	51	36	48	
198	51	36	48	
198	51	36	48	
198	51	36	48	
198	51	36	48	
198	51	36	48	
198	51	36	48	
198	51	36	48	
198	51	36	48	
198	51	36	48	
198	51	36	48	
198	51	36	48	
198	51	36	48	
198	51	36	48	
198	51	36	48	
198	51	36	48	
198	51	36	48	
198	51	36	48	
198	51	36	48	
198	51	36	48	
198	51	36	48	
198	51	36	48	
198	51	36	48	
198	51	36	48	
198	51	36	48	
198	51	36	48	
198	51	36	48	
198	51	36	48	
198	51	36	48	
198	51	36	48	
198	51	36	48	
198	51	36	48	
202	51	36	48	
202	51	36	48	
202	51	36	48	
202	51	36	48	
202	51	36	48	
202	51	36	48	
202	51	36	48	
206	51	36	48	
206	51	36	48	
206	51	36	48	
210	51	36	48	
210	51	36	48	
210	51	36	48	
214	55	36	48	
214	55	36	48	
214	55	36	48	
214	55	36	48	
218	55	36	48	
218	55	36	48	
218	55	36	48	
218	55	36	48	
218	55	36	48	
222	55	36	48	
222	55	36	48	
222	55	36	48	
222	55	36	48	
222	55	36	48	
222	55	36	48	
222	55	36	48	
222	55	36	48	
222	51	36	48	
222	51	36	48	
222	51	36	48	
222	47	36	48	
222	47	36	48	
226	47	36	48	
226	43	36	48	
226	43	36	48	
226	43	36	48	
226	39	36	48	
226	39	36	48	
226	39	36	48	
226	39	36	48	
226	35	36	48	
226	35	36	48	
230	35	36	48	
230	35	36	48	
230	31	36	48	
230	31	36	48	
230	31	36	48	
230	31	36	48	
230	31	36	48	
234	27	36	48	
234	27	36	48	
234	27	36	48	
234	27	36	48	
234	27	36	48	
234	27	36	48	
234	23	36	48	
234	23	36	48	
234	23	36	48	
234	23	36	48	
234	23	36	48	
234	23	36	48	
234	23	36	48	
234	23	36	48	
234	23	36	48	
234	23	36	48	
234	23	36	48	
234	23	36	48	
234	23	36	48	
234	23	36	48	
234	23	36	48	
234	23	36	48	
234	23	36	48	
234	23	36	48	
230	23	36	48	
230	23	36	48	
230	23	36	48	
230	23	36	48	
230	27	36	48	
230	27	36	48	
230	27	36	48	
230	27	36	48	
230	27	36	48	
226	31	36	48	
226	31	36	48	
226	31	36	48	
226	31	36	48	
226	31	36	48	
226	35	36	48	
226	35	36	48	
226	35	36	48	
226	39	36	48	
226	39	36	48	
222	39	36	48	
222	43	36	48	
222	43	36	48	
222	43	36	48	
222	47	36	48	
222	47	36	48	
222	47	36	48	
222	51	36	48	
222	51	36	48	
222	55	36	48	
222	55	36	48	
222	55	36	48	
222	59	36	48	
222	59	36	48	
222	59	36	48	
222	59	36	48	
222	59	36	48	
222	59	36	48	
222	59	36	48	
222	59	36	48	
222	59	36	48	
222	55	36	48	
222	55	36	48	
222	55	36	48	
222	55	36	48	
222	55	36	48	
222	55	36	48	
222	55	36	48	
222	55	36	48	
222	55	36	48	
222	55	36	48	
222	55	36	48	
222	55	36	48	
218	55	36	48	
218	55	36	48	
218	55	36	48	
218	55	36	48	
214	55	36	48	
214	55	36	48	
214	55	36	48	
214	55	36	48	
214	55	36	48	
214	55	36	48	
214	55	36	48	
214	55	36	48	
214	55	36	48	
214	55	36	48	
214	55	36	48	
218	55	36	48	
218	55	36	48	
218	55	36	48	
222	55	36	48	
226	55	36	48	
226	55	36	48	
230	55	36	48	
234	55	36	48	
234	55	36	48	
238	55	36	48	
242	55	36	48	
242	55	36	48	
246	55	36	48	
246	55	36	48	
250	55	36	48	
250	55	36	48	
254	55	36	48	
254	55	36	48	
254	55	36	48	
254	55	36	48	
254	55	36	48	
254	55	36	48	
254	55	36	48	
250	55	36	48	
250	55	36	48	
250	55	36	48	
246	55	36	48	
246	55	36	48	
242	55	36	48	
242	55	36	48	
238	55	36	48	
234	55	36	48	
230	55	36	48	
230	55	36	48	
226	55	36	48	
222	55	36	48	
218	55	36	48	
214	55	36	48	
210	55	36	48	
206	59	36	48	
206	59	36	48	
202	59	36	48	
198	59	36	48	
194	59	36	48	
194	59	36	48	
190	59	36	48	
190	59	36	48	
190	59	36	48	
186	59	36	48	
186	59	36	48	
186	59	36	48	
190	59	36	48	
190	59	36	48	
194	59	36	48	
198	55	36	48	
202	55	36	48	
206	55	36	48	
210	59	36	48	
214	59	36	48	
218	59	36	48	
222	59	36	48	
222	59	36	48	
226	59	36	48	
226	59	36	48	
226	59	36	48	
226	59	36	48	
226	59	36	48	
226	59	36	48	
226	55	36	48	
226	55	36	48	
226	55	36	48	
222	55	36	48	
222	55	36	48	
218	55	36	48	
214	55	36	48	
214	55	36	48	
210	55	36	48	
210	59	36	48	
210	59	36	48	
206	59	36	48	
206	59	36	48	
206	59	36	48	
202	63	36	48	
202	63	36	48	
202	63	36	48	
202	63	36	48	
202	63	36	48	
202	63	36	48	
202	63	36	48	
202	59	36	48	
206	59	36	48	
206	59	36	48	
206	55	36	48	
210	55	36	48	
210	55	36	48	
214	55	36	48	
214	55	36	48	
214	55	36	48	
218	55	36	48	
218	55	36	48	
222	55	36	48	
222	55	36	48	
222	55	36	48	
226	55	36	48	
226	55	36	48	
226	55	36	48	
226	55	36	48	
226	55	36	48	
226	55	36	48	
226	55	36	48	
226	55	36	48	
226	55	36	48	
226	55	36	48	
222	55	36	48	
222	55	36	48	
222	55	36	48	
222	55	36	48	
222	55	36	48	
222	55	36	48	
222	55	36	48	
222	55	36	48	
222	55	36	48	
222	55	36	48	
222	55	36	48	
222	55	36	48	
222	55	36	48	
222	55	36	48	
222	55	36	48	
222	55	36	48	
222	55	36	48	
222	55	36	48	
222	55	36	48	
222	55	36	48	
222	55	36	48	
222	55	36	48	
222	55	36	48	
222	55	36	48	
218	55	36	48	
218	55	36	48	
218	55	36	48	
218	55	36	48	
218	55	36	48	
218	55	36	48	
218	55	36	48	
218	55	36	48	
218	55	36	48	
218	55	36	48	
218	55	36	48	
218	55	36	48	
218	55	36	48	
218	55	36	48	
218	55	36	48	
218	55	36	48	
218	55	36	48	
218	55	36	48	
218	55	36	48	
218	55	36	48	
218	55	36	48	
218	55	36	48	
218	55	36	48	
218	55	36	48	
218	55	36	48	
218	55	36	48	
218	55	36	48	
218	55	36	48	
218	55	36	48	
218	55	36	48	
218	55	36	48	
218	55	36	48	
218	55	36	48	
218	55	36	48	
222	55	36	48	
222	55	36	48	
222	55	36	48	
222	55	36	48	
222	55	36	48	
222	55	36	48	
222	55	36	48	
222	55	36	48	
222	55	36	48	
222	55	36	48	
222	55	36	48	
222	55	36	48	
222	55	36	48	
222	55	36	48	
222	55	36	48	
222	55	36	48	
222	55	36	48	
222	55	36	48	
222	55	36	48	
222	55	36	48	
222	55	36	48	
222	55	36	48	
222	55	36	48	
222	55	36	48	
222	55	36	48	
222	55	36	48	
222	55	36	48	
222	55	36	48	
222	55	36	48	
222	55	36	48	
222	55	36	48	
222	55	36	48	
222	55	36	48	
222	55	36	48	
222	55	36	48	
222	55	36	48	
222	55	36	48	
222	55	36	48	
218	55	36	48	
218	55	36	48	
218	55	36	48	
218	55	36	48	
218	55	36	48	
218	55	36	48	
218	55	36	48	
218	55	36	48	
218	55	36	48	
218	55	36	48	
218	55	36	48	
218	55	36	48	
218	55	36	48	
218	55	36	48	
218	55	36	48	
218	55	36	48	
218	55	36	48	
218	55	36	48	
218	55	36	48	
218	55	36	48	
218	55	36	48	
218	55	36	48	
218	55	36	48	
218	55	36	48	
218	55	36	48	
218	55	36	48	
218	55	36	48	
218	55	36	48	
218	55	36	48	
218	55	36	48	
218	55	36	48	
218	55	36	48	
218	55	36	48	
218	55	36	48	
218	55	36	48	
218	55	36	48	
218	55	36	48	
218	55	36	48	
218	55	36	48	
218	55	36	48	
218	55	36	48	
218	55	36	48	
218	55	36	48	
218	55	36	48	
218	55	36	48	
218	55	36	48	
218	55	36	48	
218	55	36	48	
218	55	36	48	
218	55	36	48	
218	55	36	48	
218	55	36	48	
218	55	36	48	
218	59	36	48	
218	59	36	48	
218	59	36	48	
218	59	36	48	
218	59	36	48	
218	59	36	48	
222	59	36	48	
222	59	36	48	
222	59	36	48	
222	59	36	48	
222	59	36	48	
222	59	36	48	
222	59	36	48	
222	59	36	48	
222	59	36	48	
222	59	36	48	
222	59	36	48	
222	59	36	48	
222	59	36	48	
222	59	36	48	
222	59	36	48	
222	59	36	48	
222	59	36	48	
222	59	36	48	
222	59	36	48	
222	59	36	48	
222	59	36	48	
222	59	36	48	
222	59	36	48	
222	59	36	48	
222	59	36	48	
222	59	36	48	
222	59	36	48	
222	59	36	48	
222	59	36	48	
222	59	36	48	
222	59	36	48	
222	59	36	48	
222	59	36	48	
222	59	36	48	
222	59	36	48	
222	59	36	48	
222	59	36	48	
222	59	36	48	
222	59	36	48	
222	59	36	48	
222	59	36	48	
222	59	36	48	
222	59	36	48	
222	59	36	48	
222	59	36	48	
222	59	36	48	
222	59	36	48	
222	59	36	48	
222	59	36	48	
222	59	36	48	
222	59	36	48	
222	59	36	48	
222	59	36	48	
222	59	36	48	
222	59	36	48	
222	59	36	48	
222	59	36	48	
222	59	36	48	
226	59	36	48	
226	59	36	48	
226	59	36	48	
230	59	36	48	
230	59	36	48	
234	59	36	48	
234	59	36	48	
234	59	36	48	
234	59	36	48	
238	59	36	48	
238	59	36	48	
238	59	36	48	
238	59	36	48	
238	59	36	48	
238	59	36	48	
238	59	36	48	
238	59	36	48	
238	59	36	48	
234	59	36	48	
234	59	36	48	
234	59	36	48	
234	59	36	48	
230	59	36	48	
230	59	36	48	
230	59	36	48	
230	59	36	48	
226	59	36	48	
226	59	36	48	
226	59	36	48	
226	59	36	48	
226	59	36	48	
226	59	36	48	
226	59	36	48	
226	59	36	48	
226	59	36	48	
226	59	36	48	
226	59	36	48	
226	59	36	48	
226	59	36	48	
226	59	36	48	
226	59	36	48	
226	59	36	48	
226	59	36	48	
226	59	36	48	
226	59	36	48	
226	59	36	48	
226	59	36	48	
226	59	36	48	
226	59	36	48	
226	59	36	48	
226	59	36	48	
226	63	36	48	
226	63	36	48	
226	63	36	48	
226	63	36	48	
226	63	36	48	
226	63	36	48	
226	63	36	48	
226	63	36	48	
226	63	36	48	
226	63	36	48	
226	63	36	48	
226	63	36	48	
226	63	36	48	
226	63	36	48	
226	63	36	48	
226	63	36	48	
226	63	36	48	
226	63	36	48	
226	63	36	48	
226	63	36	48	
226	63	36	48	
226	63	36	48	
226	63	36	48	
226	63	36	48	
226	63	36	48	
226	63	36	48	
226	63	36	48	
226	63	36	48	
226	63	36	48	
226	63	36	48	
226	63	36	48	
226	63	36	48	
226	63	36	48	
226	63	36	48	
226	63	36	48	
226	63	36	48	
226	63	36	48	
226	63	36	48	
226	63	36	48	
226	63	36	48	
226	59	36	48	
226	59	36	48	
226	59	36	48	
226	59	36	48	
226	59	36	48	
226	59	36	48	
226	59	36	48	
226	59	36	48	
230	59	36	48	
230	59	36	48	
230	59	36	48	
230	59	36	48	
230	59	36	48	
230	59	36	48	
230	59	36	48	
230	59	36	48	
230	59	36	48	
230	59	36	48	
230	59	36	48	
230	59	36	48	
230	59	36	48	
230	59	36	48	
230	59	36	48	
230	59	36	48	
230	59	36	48	
230	59	36	48	
226	59	36	48	
226	59	36	48	
226	59	36	48	
226	59	36	48	
226	59	36	48	
226	59	36	48	
226	59	36	48	
226	59	36	48	
226	59	36	48	
226	59	36	48	
226	59	36	48	
226	59	36	48	
226	59	36	48	
226	59	36	48	
226	59	36	48	
226	59	36	48	
226	59	36	48	
226	59	36	48	
226	59	36	48	
226	59	36	48	
226	59	36	48	
222	59	36	48	
222	59	36	48	
222	59	36	48	
222	59	36	48	
222	59	36	48	
222	59	36	48	
222	59	36	48	
222	59	36	48	
222	59	36	48	
222	59	36	48	
222	59	36	48	
222	59	36	48	
222	59	36	48	
222	59	36	48	
222	59	36	48	
222	59	36	48	
222	59	36	48	
222	59	36	48	
222	59	36	48	
222	59	36	48	
222	59	36	48	
226	59	36	48	
226	59	36	48	
226	59	36	48	
226	59	36	48	
226	59	36	48	
226	59	36	48	
226	59	36	48	
226	59	36	48	
226	59	36	48	
230	59	36	48	
230	59	36	48	
230	59	36	48	
230	59	36	48	
230	59	36	48	
230	59	36	48	
230	59	36	48	
230	59	36	48	
234	59	36	48	
234	59	36	48	
234	59	36	48	
234	59	36	48	
234	59	36	48	
234	59	36	48	
234	59	36	48	
234	59	36	48	
234	59	36	48	
234	59	36	48	
234	59	36	48	
234	59	36	48	
234	59	36	48	
234	59	36	48	
234	59	36	48	
234	59	36	48	
234	59	36	48	
234	59	36	48	
234	59	36	48	
234	59	36	48	
234	59	36	48	
234	59	36	48	
234	59	36	48	
234	59	36	48	
234	59	36	48	
234	59	36	48	
234	59	36	48	
234	59	36	48	
234	59	36	48	
234	59	36	48	
234	59	36	48	
234	59	36	48	
234	59	36	48	
234	59	36	48	
234	59	36	48	
234	59	36	48	
234	59	36	48	
234	59	36	48	
234	59	36	48	
234	59	36	48	
234	59	36	48	
234	59	36	48	
234	59	36	48	
234	59	36	48	
234	59	36	48	
234	59	36	48	
234	59	36	48	
234	59	36	48	
234	59	36	48	
234	59	36	48	
234	59	36	48	
234	59	36	48	
234	59	36	48	
234	59	36	48	
234	59	36	48	
234	59	36	48	
234	59	36	48	
230	59	36	48	
230	59	36	48	
230	59	36	48	
230	59	36	48	
230	59	36	48	
230	59	36	48	
230	59	36	48	
230	59	36	48	
230	59	36	48	
230	59	36	48	
230	59	36	48	
230	59	36	48	
230	59	36	48	
230	59	36	48	
226	59	36	48	
226	59	36	48	
226	59	36	48	
226	59	36	48	
226	59	36	48	
226	59	36	48	
226	59	36	48	
226	59	36	48	
226	59	36	48	
226	59	36	48	
226	59	36	48	
226	59	36	48	
226	59	36	48	
226	59	36	48	
226	59	36	48	
226	59	36	48	
226	59	36	48	
226	59	36	48	
226	59	36	48	
226	59	36	48	
226	59	36	48	
226	59	36	48	
226	59	36	48	
226	59	36	48	
226	59	36	48	
226	59	36	48	
226	59	36	48	
226	59	36	48	
226	59	36	48	
226	59	36	48	
226	59	36	48	
226	59	36	48	
226	59	36	48	
226	59	36	48	
226	59	36	48	
226	59	36	48	
226	59	36	48	
226	59	36	48	
226	59	36	48	
226	59	36	48	
226	59	36	48	
226	59	36	48	
226	59	36	48	
226	59	36	48	
226	59	36	48	
226	59	36	48	
226	59	36	48	
226	59	36	48	
226	59	36	48	
226	59	36	48	
226	59	36	48	
226	59	36	48	
226	59	36	48	
226	59	36	48	
226	59	36	48	
226	59	36	48	
226	59	36	48	
226	59	36	48	
226	59	36	48	
226	59	36	48	
226	59	36	48	
226	59	36	48	
226	59	36	48	
226	59	36	48	
226	59	36	48	
226	59	36	48	
226	59	36	48	
226	59	36	48	
226	59	36	48	
226	59	36	48	
226	59	36	48	
226	59	36	48	
226	59	36	48	
226	59	36	48	
226	59	36	48	
226	59	36	48	
226	59	36	48	
226	59	36	48	
226	59	36	48	
226	59	36	48	
226	59	36	48	
226	59	36	48	
226	59	36	48	
226	59	36	48	
222	59	36	48	
222	59	36	48	
222	59	36	48	
222	59	36	48	
222	59	36	48	
222	59	36	48	
222	59	36	48	
222	59	36	48	
222	59	36	48	
222	59	36	48	
222	59	36	48	
222	59	36	48	
222	59	36	48	
222	59	36	48	
222	59	36	48	
222	59	36	48	
222	59	36	48	
222	59	36	48	
222	59	36	48	
222	59	36	48	
222	59	36	48	
222	59	36	48	
222	59	36	48	
222	59	36	48	
222	59	36	48	
222	59	36	48	
222	59	36	48	
222	59	36	48	
222	59	36	48	
222	59	36	48	
222	59	36	48	
222	59	36	48	
222	59	36	48	
222	59	36	48	
226	59	36	48	
226	59	36	48	
226	59	36	48	
226	59	36	48	
226	59	36	48	
226	59	36	48	
226	59	36	48	
226	59	36	48	
226	59	36	48	
226	59	36	48	
226	59	36	48	
226	59	36	48	
226	59	36	48	
226	59	36	48	
226	59	36	48	
226	59	36	48	
230	59	36	48	
230	59	36	48	
230	59	36	48	
230	59	36	48	
230	59	36	48	
230	59	36	48	
230	59	36	48	
230	59	36	48	
230	59	36	48	
230	59	36	48	
230	59	36	48	
230	59	36	48	
230	59	36	48	
230	59	36	48	
230	59	36	48	
230	59	36	48	
230	59	36	48	
230	59	36	48	
230	59	36	48	
230	59	36	48	
230	59	36	48	
230	59	36	48	
230	59	36	48	
230	59	36	48	
230	59	36	48	
230	59	36	48	
230	59	36	48	
230	59	36	48	
230	59	36	48	
230	59	36	48	
230	59	36	48	
226	59	36	48	
226	59	36	48	
226	59	36	48	
226	59	36	48	
226	59	36	48	
226	59	36	48	
226	59	36	48	
226	59	36	48	
226	59	36	48	
222	63	36	48	
