65	18	10	38
65.82612693060756	18.263279346496716	10.199999999999989	38.760000000000005
66.50155696767447	18.876658895630733	10.0	38.0
67.09329931009276	19.10352466751229	10.0	38.0
67.7849253737278	19.17645000337317	10.0	38.0
67.88008312297673	18.30350383469517	10.403999999999996	39.5352
68.41707267444043	18.171672724494883	10.612079999999992	40.32590400000001
69.9557429356094	19.060431720541494	10.199999999999989	38.760000000000005
70.13225609288412	18.52634828516171	10.403999999999996	39.5352
70.78244519120604	18.36679909388939	10.403999999999996	39.5352
72.43057242768703	19.804610273757746	10.0	38.0
73.71977965098712	20.726193280290623	9.611687812379841	36.52441368704345
75.08972866756575	20.19431045427121	9.611687812379841	36.52441368704345
75.97482780775154	20.93390785366853	9.238454260265144	35.10612618900754
76.74344768535153	20.51459162783175	9.423223345470433	35.80824871278769
77.59628531988213	21.260863290405844	9.423223345470433	35.80824871278769
78.77014716135	21.635652046833847	9.423223345470433	35.80824871278769
78.90236545572687	21.133972047049117	9.803921568627459	37.25490196078432
79.54562186448341	21.704792516900806	9.611687812379841	36.524413687043435
79.55927348764061	22.424139942086807	9.803921568627459	37.25490196078431
81.5368285925832	20.641450308470066	10.199999999999989	38.75999999999999
81.6951200427669	19.137424859682486	10.612079999999992	40.32590400000001
81.83136656551794	17.965678015363327	11.040808032000001	41.95507052160001
82.54106253939969	17.771276051865712	11.26162419264	42.794171932032
82.73297972065467	16.93062298466853	11.486856676492806	43.65005537067263
82.12196016338956	17.782583864799854	11.040808032000001	41.95507052159999
82.71756700961046	16.99498766754632	11.486856676492806	43.65005537067263
81.98798533625919	15.480765921041481	11.950925686223115	45.413517607647805
80.89827786955139	15.355036009869032	11.950925686223115	45.413517607647805
80.60266730106648	15.05463530443555	11.950925686223115	45.413517607647805
81.29918531893156	15.647874469479174	11.716593810022658	44.523056478086076
81.28361511510332	16.225237357311716	11.486856676492806	43.65005537067263
81.61755149573285	15.490537293318464	11.950925686223115	45.41351760764779
81.25568232731352	16.4949637768287	11.486856676492806	43.65005537067263
80.85399941917098	17.2044856391768	11.040808032000001	41.95507052159999
80.06848488337249	17.202673353549645	11.040808032000001	41.95507052159999
80.46149187525062	17.878923597781586	10.82432159999999	41.132422079999984
80.69324596568146	17.17057100563657	11.040808032000001	41.95507052159998
80.74816125806639	17.164694999617826	11.040808032000001	41.95507052159999
80.50825608302908	17.215844156450945	11.040808032000001	41.95507052159999
80.96220854737554	17.018729708695755	11.040808032000001	41.95507052159998
80.81619118933541	17.079632853026677	11.040808032000001	41.95507052159998
80.64798522295082	17.065018431815847	11.040808032000001	41.95507052159999
81.53484159811865	16.438267998029293	11.486856676492806	43.65005537067263
81.75526917635138	16.366046284921953	11.486856676492806	43.65005537067263
81.86099831158377	15.991311483427285	11.716593810022658	44.52305647808609
81.7363033511298	16.672624021261118	11.486856676492806	43.65005537067263
81.29517304885614	17.200749634090382	11.040808032000001	41.95507052159998
81.76400954961261	16.558490216186097	11.486856676492806	43.65005537067262
81.63442303399664	16.610994052576668	11.486856676492806	43.65005537067262
81.65474763272296	16.772244803668915	11.486856676492806	43.65005537067263
81.26892645495967	15.233078354095685	11.950925686223115	45.413517607647805
81.63928424368785	16.480936605270063	11.486856676492806	43.65005537067263
81.74815662891845	16.068202510051467	11.716593810022658	44.52305647808609
81.52430677069974	16.187042245686914	11.716593810022658	44.52305647808609
81.6202197199309	16.61607861100884	11.486856676492806	43.65005537067262
81.38157829794748	16.485896114569126	11.486856676492806	43.65005537067262
81.55074830460241	16.500119607750786	11.486856676492806	43.65005537067262
81.56308634696975	15.934919754099429	11.716593810022658	44.52305647808609
80.9603773235069	15.142518343420143	11.950925686223115	45.413517607647805
81.51178599409589	16.555440148508595	11.486856676492806	43.65005537067263
81.60570274475818	15.974149223496298	11.716593810022658	44.52305647808609
81.52932186049635	16.459469251511578	11.486856676492806	43.65005537067263
81.43965446289373	15.845228707358707	11.716593810022658	44.52305647808609
81.48962379870721	16.354926064727586	11.486856676492806	43.65005537067263
81.61876191943719	16.423798498741228	11.486856676492806	43.65005537067263
81.58867170696884	16.476076141169933	11.486856676492806	43.65005537067263
81.60209052970563	16.14748221059643	11.716593810022658	44.52305647808609
81.50322919919397	16.57043342819248	11.486856676492806	43.65005537067263
81.47807729747595	16.010557996863476	11.716593810022658	44.52305647808609
81.55001817333005	16.547544938335548	11.486856676492806	43.65005537067263
81.59356168006042	16.527611497420587	11.486856676492806	43.65005537067263
81.46571554091368	16.045264406884286	11.716593810022658	44.52305647808609
81.50782551772741	16.078731270666587	11.716593810022658	44.52305647808609
81.51774469243067	16.082478065758366	11.716593810022658	44.52305647808609
81.4205180173784	16.470222058637617	11.486856676492806	43.65005537067263
81.51162886735774	16.050208627839098	11.716593810022658	44.52305647808609
81.00282998649689	15.236399862400468	11.950925686223115	45.41351760764782
81.51642404191445	16.044336055367246	11.716593810022658	44.52305647808609
81.45799822146284	15.959571285103848	11.716593810022658	44.52305647808609
81.50724881865555	15.939554897463772	11.716593810022658	44.52305647808609
81.48546756866295	16.05368503415805	11.716593810022658	44.52305647808609
81.60142340220455	16.011156892770117	11.716593810022658	44.52305647808609
81.5867003728346	16.41411994150876	11.486856676492806	43.65005537067263
81.52382479054903	15.988853210704114	11.716593810022658	44.52305647808609
81.44198278130072	16.003825311831427	11.716593810022658	44.52305647808609
81.59150173276122	15.938016785459801	11.716593810022658	44.52305647808609
81.56134724019904	15.934542830640574	11.716593810022658	44.52305647808609
81.4804841937781	15.976772846095805	11.716593810022658	44.52305647808609
81.5105702975147	16.040784368072778	11.716593810022658	44.52305647808609
81.50261193323449	16.090515340306418	11.716593810022658	44.52305647808609
81.45242080918739	16.092711752568874	11.716593810022658	44.52305647808609
81.55431338326075	16.550958988996378	11.486856676492806	43.65005537067263
81.55409960450696	16.015713476262214	11.716593810022658	44.52305647808609
81.62730037746788	16.12977228919855	11.716593810022658	44.52305647808609
81.60048068317161	16.519434762374722	11.486856676492806	43.65005537067263
81.6147577297159	16.1185272821701	11.716593810022658	44.52305647808609
81.59204556632346	16.0678744093997	11.716593810022658	44.52305647808609
81.58024661188858	16.046944396109843	11.716593810022658	44.52305647808609
81.57413354643214	16.012125026156163	11.716593810022658	44.52305647808609
81.56130477805138	16.506399528422726	11.486856676492806	43.65005537067263
81.48260751414094	16.00197739574638	11.716593810022658	44.52305647808609
81.4849764118904	16.4411672524327	11.486856676492806	43.65005537067263
81.48123977159656	16.025495765689243	11.716593810022658	44.52305647808609
81.42392627717241	16.119800017376214	11.716593810022658	44.52305647808609
81.48131612223501	16.099489823737763	11.716593810022658	44.52305647808609
81.4631862879881	15.995752954524484	11.716593810022658	44.52305647808609
81.45835204345607	16.008919836273833	11.716593810022658	44.52305647808609
81.53174192228222	16.019645026922852	11.716593810022658	44.52305647808609
81.48904164315763	16.083112638751643	11.716593810022658	44.52305647808609
81.52091598627419	16.08011166255126	11.716593810022658	44.52305647808609
81.53795078321257	16.10837995250084	11.716593810022658	44.52305647808609
81.51816788881747	16.074726609669533	11.716593810022658	44.52305647808609
81.49455482513598	16.108276637427814	11.716593810022658	44.52305647808609
81.5991977875026	16.535103744423715	11.486856676492806	43.65005537067263
81.59845769313365	16.083736369637975	11.716593810022658	44.52305647808609
81.51289318880566	16.084253587327787	11.716593810022658	44.52305647808609
81.59076741736834	16.156023630441467	11.716593810022658	44.52305647808609
81.54837206676756	16.121370520175745	11.716593810022658	44.52305647808609
81.60077991861385	16.130333963466533	11.716593810022658	44.52305647808609
81.6249611984124	16.548796968593344	11.486856676492806	43.65005537067263
81.57437713657868	16.137329773123113	11.716593810022658	44.52305647808609
81.59201548725687	16.154713366700044	11.716593810022658	44.52305647808609
81.52774032626424	16.095999867497852	11.716593810022658	44.52305647808609
81.58626476926847	16.11332695617056	11.716593810022658	44.52305647808609
81.50132438331248	16.06876945402854	11.716593810022658	44.52305647808609
81.458317778317	15.967238427367882	11.716593810022658	44.52305647808609
81.51983052948903	16.00436206350615	11.716593810022658	44.52305647808609
81.47212151059242	16.003738380768638	11.716593810022658	44.52305647808609
81.51611651270154	16.029167802725752	11.716593810022658	44.52305647808609
81.52022885885135	15.981528227637618	11.716593810022658	44.52305647808609
81.5812270279989	16.05339109034454	11.716593810022658	44.52305647808609
81.49128270026218	15.976422054786774	11.716593810022658	44.52305647808609
81.57007170905182	15.984222854417304	11.716593810022658	44.52305647808609
81.50742669351955	16.050818451285508	11.716593810022658	44.52305647808609
81.59768930181812	16.016594622498076	11.716593810022658	44.52305647808609
81.55600617294968	16.051619263545923	11.716593810022658	44.52305647808609
81.5625813934281	16.080556249891337	11.716593810022658	44.52305647808609
81.53145447236766	16.06130385484348	11.716593810022658	44.52305647808609
81.51075967134935	16.024804353527728	11.716593810022658	44.52305647808609
81.5987636039779	16.07837577450818	11.716593810022658	44.52305647808609
81.52734659239167	16.056477819664067	11.716593810022658	44.52305647808609
81.5178854991462	16.058760068988754	11.716593810022658	44.52305647808609
81.56378608357123	16.081574093357474	11.716593810022658	44.52305647808609
81.51232189364414	16.069697527135112	11.716593810022658	44.52305647808609
81.51003667453665	16.084793323121012	11.716593810022658	44.52305647808609
81.51697127490472	16.094262392254088	11.716593810022658	44.52305647808609
81.53407643503333	16.045805482766028	11.716593810022658	44.52305647808609
81.56708873061018	16.0077251545393	11.716593810022658	44.52305647808609
81.51650154722087	16.07529082024942	11.716593810022658	44.52305647808609
81.59550686021454	16.009266973929627	11.716593810022658	44.52305647808609
81.5662088990379	15.99937146672356	11.716593810022658	44.52305647808609
81.54979596081711	16.032288175304053	11.716593810022658	44.52305647808609
81.56009939208491	16.04972707846884	11.716593810022658	44.52305647808609
81.53967209549819	16.069442104240935	11.716593810022658	44.52305647808609
81.5692658916355	16.06958154719085	11.716593810022658	44.52305647808609
81.6055099013737	16.09885531078151	11.716593810022658	44.52305647808609
81.56716981025777	16.1008747209543	11.716593810022658	44.52305647808609
81.53041579131096	16.07560613939212	11.716593810022658	44.52305647808609
81.51376292960141	16.084814142372593	11.716593810022658	44.52305647808609
81.62640676321378	16.484764300493396	11.486856676492806	43.65005537067263
81.51155815048742	16.04725543087249	11.716593810022658	44.52305647808609
81.53591595074424	16.03684550801694	11.716593810022658	44.52305647808609
81.5354317215328	16.07993879310817	11.716593810022658	44.52305647808609
81.5320365953697	16.03782318703695	11.716593810022658	44.52305647808609
81.5917652241204	16.028072665479996	11.716593810022658	44.52305647808609
81.54050744326896	16.004072036055618	11.716593810022658	44.52305647808609
81.5427952220015	16.06841249086127	11.716593810022658	44.52305647808609
81.48586103676237	16.058177608930286	11.716593810022658	44.52305647808609
81.46298675888173	16.031698271624236	11.716593810022658	44.52305647808609
81.52664769823248	16.068148821529377	11.716593810022658	44.52305647808609
81.53988627381302	16.035540423044218	11.716593810022658	44.52305647808609
81.53506655745876	16.04722382741199	11.716593810022658	44.52305647808609
81.51951206128243	16.083409444197876	11.716593810022658	44.52305647808609
81.58785797644168	16.036486233770894	11.716593810022658	44.52305647808609
81.54371055823111	16.074357278670078	11.716593810022658	44.52305647808609
81.57124019626215	16.11044512072788	11.716593810022658	44.52305647808609
81.61579242542355	16.079504194392165	11.716593810022658	44.52305647808609
81.58933163384341	16.028526877411757	11.716593810022658	44.52305647808609
81.55539687166268	16.097357408681	11.716593810022658	44.52305647808609
81.64468883034944	16.088361331013445	11.716593810022658	44.52305647808609
81.58824264387117	16.091909307181936	11.716593810022658	44.52305647808609
81.60580194370174	16.08294930380221	11.716593810022658	44.52305647808609
81.57660353237104	16.039594055543255	11.716593810022658	44.52305647808609
81.57484395996516	16.04257864976509	11.716593810022658	44.52305647808609
81.59904816313426	15.98816029779551	11.716593810022658	44.52305647808609
81.5456326652446	16.075163803043935	11.716593810022658	44.52305647808609
81.51808400408488	16.08121765939527	11.716593810022658	44.52305647808609
81.51308830454866	16.077511842048857	11.716593810022658	44.52305647808609
81.53748226300857	16.10603776513883	11.716593810022658	44.52305647808609
81.55690690271604	16.18722392906148	11.716593810022658	44.52305647808609
81.56966470222648	16.16552500866422	11.716593810022658	44.52305647808609
81.58421906651363	16.084014680788272	11.716593810022658	44.52305647808609
81.57997669342932	16.09202817722347	11.716593810022658	44.52305647808609
81.62172211798506	16.082364713553773	11.716593810022658	44.52305647808609
81.62537074591923	16.065423726786356	11.716593810022658	44.52305647808609
81.6152854885798	16.1147709985999	11.716593810022658	44.52305647808609
81.56094956607915	16.109247647624365	11.716593810022658	44.52305647808609
81.60124629702266	16.110593344756786	11.716593810022658	44.52305647808609
81.56936088541492	16.069465587893873	11.716593810022658	44.52305647808609
81.60661190835795	16.115602041193284	11.716593810022658	44.52305647808609
81.63654124434946	16.123816623178328	11.716593810022658	44.52305647808609
81.5268902567318	16.16986375092054	11.716593810022658	44.52305647808609
81.53986788158313	16.17293294624578	11.716593810022658	44.52305647808609
81.57238900359522	16.099140575427803	11.716593810022658	44.52305647808609
81.51924937077477	16.10867000604334	11.716593810022658	44.52305647808609
81.52109807128353	16.126386490720066	11.716593810022658	44.52305647808609
81.49733209709119	16.13632256743827	11.716593810022658	44.52305647808609
81.53231909296957	16.16839885404572	11.716593810022658	44.52305647808609
81.49082864426265	16.108728721205956	11.716593810022658	44.52305647808609
81.5330244006806	16.0878698718899	11.716593810022658	44.52305647808609
81.47456139416072	16.100634324827816	11.716593810022658	44.52305647808609
81.44855448602657	16.127544658859193	11.716593810022658	44.52305647808609
81.39655417805223	16.06267650495826	11.716593810022658	44.52305647808609
81.41293812268627	16.09717195964648	11.716593810022658	44.52305647808609
81.37994470581518	16.059330939429188	11.716593810022658	44.52305647808609
81.38281505713316	16.064268173261176	11.716593810022658	44.52305647808609
81.39360035154272	16.085913235148325	11.716593810022658	44.52305647808609
81.422193412299	16.04142623672923	11.716593810022658	44.52305647808609
81.39377712674775	16.00722693814337	11.716593810022658	44.52305647808609
81.28876585608667	15.980694437562747	11.716593810022658	44.52305647808609
81.42289777139914	16.027946601355154	11.716593810022658	44.52305647808609
81.46895244355476	15.981325738468726	11.716593810022658	44.52305647808609
81.58900508420234	16.039134584899706	11.716593810022658	44.52305647808609
81.71493633226953	16.05874090082729	11.716593810022658	44.52305647808609
81.68204109326138	16.102444880178858	11.716593810022658	44.52305647808609
81.6595633730341	16.24130119259828	11.716593810022658	44.52305647808609
81.51566615833579	16.3066534936995	11.716593810022658	44.52305647808609
81.3663907299924	16.336424693316303	11.716593810022658	44.52305647808609
80.59587827122017	15.116284668510183	11.950925686223115	45.41351760764782
81.06062031832985	15.97094882685866	11.716593810022658	44.52305647808609
81.21297737016316	15.96340878044348	11.716593810022658	44.52305647808609
81.26237683192952	15.994125910735015	11.716593810022658	44.52305647808609
81.28513674422412	15.99757746412753	11.716593810022658	44.52305647808609
80.88565573012637	15.269541693056048	11.950925686223115	45.41351760764782
81.7090510917337	16.051782992486487	11.716593810022658	44.52305647808609
80.90206429118341	14.73641841163651	12.189944199947575	46.32178795980077
81.67580614349113	15.975718125025399	11.716593810022658	44.52305647808609
81.54369236597894	15.909909305328089	11.716593810022658	44.52305647808609
81.53886052254771	16.065233261742232	11.716593810022658	44.523056478086076
81.43776910140708	16.021774444016476	11.716593810022658	44.52305647808609
81.41132537438666	15.992802849295533	11.716593810022658	44.52305647808609
81.51912111941964	15.986988206939753	11.716593810022658	44.523056478086076
81.47354136296745	16.013337178711947	11.716593810022658	44.523056478086076
81.53902623634777	15.996588329971768	11.716593810022658	44.523056478086076
81.49440707191532	15.995293946605823	11.716593810022658	44.523056478086076
81.50868128974025	16.00298703638291	11.716593810022658	44.52305647808609
81.46234672684747	16.050838455279493	11.716593810022658	44.52305647808609
81.44028557708013	15.996335460927238	11.716593810022658	44.523056478086076
81.46786469670981	15.981145318297205	11.716593810022658	44.523056478086076
81.49491713758464	16.018636417822496	11.716593810022658	44.52305647808609
81.5397275597638	16.02651404788335	11.716593810022658	44.523056478086076
81.45868865676039	16.046158626335366	11.716593810022658	44.523056478086076
81.47565342323904	16.089265048988214	11.716593810022658	44.52305647808609
81.43701053669217	16.096725114643608	11.716593810022658	44.52305647808609
81.46985099949164	16.052302003178536	11.716593810022658	44.523056478086076
81.50476453391504	16.11847828571403	11.716593810022658	44.523056478086076
81.4943916978621	16.155500077586208	11.716593810022658	44.523056478086076
81.4950045099229	16.135651347935134	11.716593810022658	44.523056478086076
81.47332383349091	16.161208154222994	11.716593810022658	44.52305647808609
81.49561101544258	16.159544539446014	11.716593810022658	44.523056478086076
81.4654703154813	16.214706612707506	11.716593810022658	44.52305647808609
81.50436935748473	16.17251525029813	11.716593810022658	44.523056478086076
81.49360762344122	16.166730926443957	11.716593810022658	44.523056478086076
81.5035812103412	16.170591810199195	11.716593810022658	44.523056478086076
81.52405152560411	16.094193686953876	11.716593810022658	44.52305647808609
81.53876566266537	16.102796130809647	11.716593810022658	44.523056478086076
81.44266370506105	16.115650810836005	11.716593810022658	44.52305647808609
81.45829495394972	16.14487277220808	11.716593810022658	44.52305647808609
81.46283800078848	16.14589751819963	11.716593810022658	44.523056478086076
81.47820334824503	16.13742326130401	11.716593810022658	44.52305647808609
81.47735522921977	16.184848584447057	11.716593810022658	44.52305647808609
81.48022710379377	16.14701224492303	11.716593810022658	44.523056478086076
81.56537481614419	16.114123125966945	11.716593810022658	44.52305647808609
81.50111910425059	16.14013682613292	11.716593810022658	44.52305647808609
81.49655068150592	16.128201569009267	11.716593810022658	44.52305647808609
81.49137263535093	16.094878150315598	11.716593810022658	44.52305647808609
81.44867362327312	16.15819426928471	11.716593810022658	44.52305647808609
81.47020499792538	16.177859769430786	11.716593810022658	44.52305647808609
81.5063079264837	16.187651352638607	11.716593810022658	44.523056478086076
81.49709512738912	16.155507335868545	11.716593810022658	44.523056478086076
81.48693161097835	16.205783023354503	11.716593810022658	44.52305647808609
81.49731972501145	16.141411283263583	11.716593810022658	44.52305647808609
81.52707659561435	16.120695950360645	11.716593810022658	44.52305647808609
81.51917043892912	16.22383814874706	11.716593810022658	44.523056478086076
81.53681174223688	16.144040135798615	11.716593810022658	44.523056478086076
81.50005089837683	16.142243045092112	11.716593810022658	44.523056478086076
81.55422665608577	16.18669518718694	11.716593810022658	44.523056478086076
81.46278835570169	16.150280828682643	11.716593810022658	44.52305647808609
81.5072558211895	16.15486683934113	11.716593810022658	44.52305647808609
81.47186721136939	16.14903974434284	11.716593810022658	44.523056478086076
81.51063527377103	16.13603100480397	11.716593810022658	44.52305647808609
81.46829942822737	16.111671857203287	11.716593810022658	44.523056478086076
81.43629771104047	16.110265303020807	11.716593810022658	44.523056478086076
81.44457393625481	16.1080586841033	11.716593810022658	44.52305647808609
81.4691840025486	16.100810729293055	11.716593810022658	44.523056478086076
81.46547931558469	16.11196574247661	11.716593810022658	44.523056478086076
81.51123548623929	16.1181390093536	11.716593810022658	44.52305647808609
81.4661442960886	16.085983693746964	11.716593810022658	44.523056478086076
81.4425827470198	16.13997490792998	11.716593810022658	44.523056478086076
81.47234533549664	16.099372735608117	11.716593810022658	44.52305647808609
81.44706670034748	16.140328716282507	11.716593810022658	44.523056478086076
81.42872486537604	16.11126876659498	11.716593810022658	44.52305647808609
81.50153333601972	16.160774101252134	11.716593810022658	44.52305647808609
81.4625001558316	16.09045720713434	11.716593810022658	44.52305647808609
81.41348113262556	16.137913855993187	11.716593810022658	44.523056478086076
81.40089045753598	16.21742786939058	11.716593810022658	44.52305647808609
81.40164024050286	16.169553451262257	11.716593810022658	44.523056478086076
81.47406553815956	16.163698363424974	11.716593810022658	44.52305647808609
81.41912482558055	16.168750382322106	11.716593810022658	44.52305647808609
81.49792710685698	16.099740145444724	11.716593810022658	44.523056478086076
81.4385283232531	16.148294099818575	11.716593810022658	44.52305647808609
81.49434230017086	16.1465578132451	11.716593810022658	44.52305647808609
81.46502457391868	16.14787947805134	11.716593810022658	44.52305647808609
81.49144772568249	16.100024238652804	11.716593810022658	44.523056478086076
81.44176651177862	16.11103995357062	11.716593810022658	44.523056478086076
81.4932777707067	16.12677120252417	11.716593810022658	44.52305647808609
81.47737812934226	16.13530783636136	11.716593810022658	44.523056478086076
81.48035419709109	16.063582352180756	11.716593810022658	44.523056478086076
81.50144030112975	16.074432299016845	11.716593810022658	44.523056478086076
81.44470801881614	16.117110537925956	11.716593810022658	44.52305647808609
81.40777089018881	16.122545289471635	11.716593810022658	44.52305647808609
81.42260147141492	16.085836958616742	11.716593810022658	44.52305647808609
81.46317737172159	16.060726903996166	11.716593810022658	44.523056478086076
81.46317057004983	16.093449120585934	11.716593810022658	44.52305647808609
81.47780807915503	16.061328802740004	11.716593810022658	44.523056478086076
81.4528524475326	16.05200877830725	11.716593810022658	44.523056478086076
81.40909309151169	16.07566916972306	11.716593810022658	44.52305647808609
81.46435875109371	16.107734172665293	11.716593810022658	44.52305647808609
81.44434322885895	16.059775315164412	11.716593810022658	44.523056478086076
81.50576500145604	16.08643442497412	11.716593810022658	44.52305647808609
81.4470930259524	16.091075309741544	11.716593810022658	44.52305647808609
81.45970684036487	16.094129944708104	11.716593810022658	44.52305647808609
81.46370922112115	16.103058984509754	11.716593810022658	44.523056478086076
81.47006545739717	16.11404901788573	11.716593810022658	44.523056478086076
81.47142941291195	16.168225486305932	11.716593810022658	44.52305647808609
81.4625092526325	16.090554452314965	11.716593810022658	44.52305647808609
81.49922279279615	16.083300348578017	11.716593810022658	44.523056478086076
81.4321080511698	16.083177596194364	11.716593810022658	44.52305647808609
81.45190081428002	16.122079033870893	11.716593810022658	44.52305647808609
81.40952775060066	16.07207609118142	11.716593810022658	44.52305647808609
81.41268580764648	16.059906679470107	11.716593810022658	44.52305647808609
81.42019537676585	16.109189706401754	11.716593810022658	44.52305647808609
81.44369429884337	16.08282368956065	11.716593810022658	44.523056478086076
81.4774084458444	16.010076990129978	11.716593810022658	44.52305647808609
81.4795917924835	16.05626202081218	11.716593810022658	44.523056478086076
81.47378459848476	16.083925021999566	11.716593810022658	44.52305647808609
81.47259112195307	16.100307848939753	11.716593810022658	44.52305647808609
81.49425831389031	16.057336947187675	11.716593810022658	44.523056478086076
81.50170129791093	16.07430638267012	11.716593810022658	44.52305647808609
81.48104254320577	16.076582312684653	11.716593810022658	44.52305647808609
81.47850319613404	16.101935379417878	11.716593810022658	44.523056478086076
81.50732367679319	16.06219187228876	11.716593810022658	44.523056478086076
81.46978884071353	16.065322100019127	11.716593810022658	44.523056478086076
81.54133669453721	16.07400423302578	11.716593810022658	44.52305647808609
81.66136756964366	16.095090066674974	11.716593810022658	44.52305647808609
81.80587373124348	16.080454840168645	11.716593810022658	44.52305647808609
81.80460509459786	16.146232077632508	11.716593810022658	44.52305647808609
81.12084191013237	15.290149509275544	11.950925686223115	45.413517607647805
81.8252483758194	16.075829733513334	11.716593810022658	44.52305647808609
81.10588150644764	15.318962757600517	11.950925686223115	45.413517607647805
81.81251002207895	16.20507338238622	11.716593810022658	44.52305647808609
81.58191184352341	15.976921703810437	11.716593810022658	44.52305647808609
81.45671918354617	15.940945497560218	11.716593810022658	44.523056478086076
81.50677467196141	16.006981198558893	11.716593810022658	44.52305647808609
81.3670409400072	15.991321724021393	11.716593810022658	44.52305647808609
81.46315292645798	15.974503707500045	11.716593810022658	44.523056478086076
81.53524466066614	16.078711515223684	11.716593810022658	44.523056478086076
81.44718314499428	16.184638748708327	11.716593810022658	44.52305647808609
81.55457989435484	16.155145317813076	11.716593810022658	44.523056478086076
81.36751943002687	16.16417877722743	11.716593810022658	44.523056478086076
81.27758688636222	16.224733377489198	11.716593810022658	44.523056478086076
81.34873355562442	16.12151841126676	11.716593810022658	44.523056478086076
81.32043990637527	16.1050128435007	11.716593810022658	44.523056478086076
81.41944710158998	16.456015255990966	11.486856676492806	43.65005537067263
81.32951838998576	16.111745032152907	11.716593810022658	44.523056478086076
81.29156326504277	16.107442319595076	11.716593810022658	44.523056478086076
81.50873071136135	16.559385220804092	11.486856676492806	43.65005537067263
81.41626240705541	16.12974307933324	11.716593810022658	44.52305647808609
81.39504184376811	16.142900651106327	11.716593810022658	44.523056478086076
81.43767524736873	16.13774438226412	11.716593810022658	44.52305647808609
81.3971799799757	16.14199286832208	11.716593810022658	44.52305647808609
81.4557011098722	16.122573466487733	11.716593810022658	44.523056478086076
81.48569498272606	16.15940837080937	11.716593810022658	44.523056478086076
81.4038811928993	16.14082605831202	11.716593810022658	44.52305647808609
81.46820210447709	16.09612318719527	11.716593810022658	44.523056478086076
81.38333765822303	16.101233926514933	11.716593810022658	44.523056478086076
81.41748503845226	16.134825787435513	11.716593810022658	44.523056478086076
81.43972755296824	16.068112238972336	11.716593810022658	44.52305647808609
81.41125178475704	16.14713512517336	11.716593810022658	44.523056478086076
81.38968055490372	16.091141390816485	11.716593810022658	44.523056478086076
81.43568641577868	16.111402608428566	11.716593810022658	44.52305647808609
81.4226342616834	16.112869432985132	11.716593810022658	44.523056478086076
81.41830419228873	16.10027849670833	11.716593810022658	44.52305647808609
81.40530787447034	16.160754806989114	11.716593810022658	44.523056478086076
81.39903065536726	16.211673866620988	11.716593810022658	44.52305647808609
81.43177605096467	16.114434900135056	11.716593810022658	44.52305647808609
81.43794078928123	16.081201522563997	11.716593810022658	44.523056478086076
81.44457526916376	16.11141337219159	11.716593810022658	44.523056478086076
81.51264485324134	16.135249535640174	11.716593810022658	44.52305647808609
81.49448248453011	16.097648563862744	11.716593810022658	44.523056478086076
81.47656626468093	16.09735591882485	11.716593810022658	44.52305647808609
81.45317927021395	16.086106015910186	11.716593810022658	44.523056478086076
81.5029688127409	16.14788132339505	11.716593810022658	44.523056478086076
81.50158295913282	16.144923251429287	11.716593810022658	44.523056478086076
81.45588223988476	16.102314450157113	11.716593810022658	44.52305647808609
81.51260099853552	16.07686840615617	11.716593810022658	44.52305647808609
81.4574973596647	16.095875507562443	11.716593810022658	44.52305647808609
81.42386003104278	16.075020457022834	11.716593810022658	44.52305647808609
81.45490372729373	16.050070194286175	11.716593810022658	44.523056478086076
81.41537422325528	16.056434449370517	11.716593810022658	44.52305647808609
81.47842918110406	16.07637227148931	11.716593810022658	44.52305647808609
81.40156529605396	16.044508571195774	11.716593810022658	44.523056478086076
81.39106356865797	16.105680029819663	11.716593810022658	44.523056478086076
81.44111428199317	16.138723399822506	11.716593810022658	44.523056478086076
81.49068511561622	16.099285501629392	11.716593810022658	44.523056478086076
81.42291329221312	16.075110295309802	11.716593810022658	44.52305647808609
81.4379920560284	16.17900505113087	11.716593810022658	44.523056478086076
81.41624140806074	16.177457231650838	11.716593810022658	44.52305647808609
81.3617714865152	16.124970796049926	11.716593810022658	44.52305647808609
81.44443242837077	16.111144593243434	11.716593810022658	44.523056478086076
81.41459723523289	16.098188622478286	11.716593810022658	44.523056478086076
81.44700031100314	16.093368287858087	11.716593810022658	44.52305647808609
81.42307816116403	16.075630758216864	11.716593810022658	44.52305647808609
81.48626469439826	16.561999807313494	11.486856676492806	43.65005537067262
81.44115395540331	16.09776517293651	11.716593810022658	44.52305647808609
81.37724197318684	16.111152673258818	11.716593810022658	44.52305647808609
81.37192494837048	16.070719435050034	11.716593810022658	44.523056478086076
81.38798267197743	16.080963432986923	11.716593810022658	44.52305647808609
81.42634242508748	16.109482370882514	11.716593810022658	44.523056478086076
81.44147237521767	16.10457915512797	11.716593810022658	44.52305647808609
81.46193872988393	16.106426862574263	11.716593810022658	44.523056478086076
81.44168712529505	16.07935826995931	11.716593810022658	44.523056478086076
81.43727498317813	16.108756767970778	11.716593810022658	44.52305647808609
81.42406646297964	16.092234011191525	11.716593810022658	44.52305647808609
81.49858190144774	16.074517225692976	11.716593810022658	44.52305647808609
81.48250097112698	16.066788294355245	11.716593810022658	44.523056478086076
81.53642478332807	16.0954717754562	11.716593810022658	44.523056478086076
81.47226065709715	16.087868515108642	11.716593810022658	44.52305647808609
81.44301078996503	16.08129126911358	11.716593810022658	44.52305647808609
81.44994921209192	16.0866478755887	11.716593810022658	44.52305647808609
81.38772543546007	16.100283254426007	11.716593810022658	44.52305647808609
81.42216595345954	16.09492763309245	11.716593810022658	44.523056478086076
81.41085159975725	16.087688978441417	11.716593810022658	44.523056478086076
81.46174486674157	16.081882776088083	11.716593810022658	44.52305647808609
81.506025518091	16.107576041091352	11.716593810022658	44.52305647808609
81.49487389476388	16.090550171854563	11.716593810022658	44.52305647808609
81.4992372802248	16.07369944570095	11.716593810022658	44.523056478086076
81.51443421263257	16.098952378376563	11.716593810022658	44.523056478086076
81.51241237765723	16.11051821931701	11.716593810022658	44.523056478086076
81.52934189653288	16.097151313141087	11.716593810022658	44.52305647808609
81.46556481692186	16.09599611095177	11.716593810022658	44.523056478086076
81.50102746732065	16.08148902379782	11.716593810022658	44.52305647808609
81.44917637592835	16.107139112729183	11.716593810022658	44.523056478086076
81.39483122981795	16.067420534502613	11.716593810022658	44.523056478086076
81.38369390303086	16.080620342546265	11.716593810022658	44.523056478086076
81.43049398357525	16.11830057282864	11.716593810022658	44.523056478086076
81.41987098289293	16.19848136317594	11.716593810022658	44.523056478086076
81.44499406654231	16.130760074201742	11.716593810022658	44.523056478086076
81.3975305624428	16.12791438114591	11.716593810022658	44.523056478086076
81.42198458294259	16.060143349270948	11.716593810022658	44.52305647808609
81.49992982284826	16.082566371265674	11.716593810022658	44.52305647808609
81.47010793796242	16.06404958355181	11.716593810022658	44.52305647808609
81.42070847791932	16.02325455063777	11.716593810022658	44.523056478086076
81.4096282042265	16.093339224602797	11.716593810022658	44.523056478086076
81.4424292348515	16.106522855007793	11.716593810022658	44.523056478086076
81.46412259980937	16.131591633683716	11.716593810022658	44.52305647808609
81.41401726408704	16.103759420092086	11.716593810022658	44.523056478086076
81.42841675427466	16.15303378526176	11.716593810022658	44.52305647808609
81.43913998994161	16.074417245482376	11.716593810022658	44.523056478086076
81.4647934189175	16.06574753516284	11.716593810022658	44.523056478086076
81.42570975768868	16.09692984275792	11.716593810022658	44.52305647808609
81.40160169026393	16.093177471459907	11.716593810022658	44.523056478086076
81.43646068290444	16.110712169176093	11.716593810022658	44.523056478086076
81.35515729832778	16.16708630650537	11.716593810022658	44.52305647808609
81.45046506900312	16.14395806314116	11.716593810022658	44.52305647808609
81.42996948873476	16.14141711285831	11.716593810022658	44.52305647808609
81.40414412481314	16.148118051437987	11.716593810022658	44.523056478086076
81.38483573117759	16.13439785336598	11.716593810022658	44.523056478086076
81.43113178360619	16.11245750265655	11.716593810022658	44.523056478086076
81.39347878239101	16.077611948785343	11.716593810022658	44.523056478086076
81.34923574963045	16.08289247044097	11.716593810022658	44.52305647808609
81.36360152190576	16.11767309852588	11.716593810022658	44.523056478086076
81.41824157676811	16.11657787043192	11.716593810022658	44.523056478086076
81.40471624192958	16.109054894761005	11.716593810022658	44.52305647808609
81.41813823944675	16.103934140730775	11.716593810022658	44.52305647808609
81.39460930763083	16.165668565188657	11.716593810022658	44.52305647808609
81.4366226162695	16.15392686285581	11.716593810022658	44.523056478086076
81.39632324121044	16.07729288134124	11.716593810022658	44.52305647808609
81.42548537009107	16.123890717735218	11.716593810022658	44.523056478086076
81.39144365223808	16.148718529057174	11.716593810022658	44.523056478086076
81.45333844047596	16.10378437166678	11.716593810022658	44.52305647808609
81.47120769861473	16.131550157471406	11.716593810022658	44.523056478086076
81.45785593153494	16.149260663241396	11.716593810022658	44.52305647808609
81.47059003927104	16.139589960576973	11.716593810022658	44.52305647808609
81.38121732972783	16.089252175666306	11.716593810022658	44.52305647808609
81.42067554680366	16.14413664494747	11.716593810022658	44.52305647808609
81.39363751420235	16.105529001587843	11.716593810022658	44.52305647808609
81.41043816234223	16.111314258906322	11.716593810022658	44.52305647808609
81.42457471302215	16.050620194044594	11.716593810022658	44.523056478086076
81.40266222675561	16.11597266351315	11.716593810022658	44.52305647808609
81.44747509406167	16.10683073448124	11.716593810022658	44.52305647808609
81.41569930090108	16.114949436977415	11.716593810022658	44.52305647808609
81.48141634037724	16.468082368532837	11.486856676492806	43.65005537067263
81.41745855314072	16.10848991779326	11.716593810022658	44.523056478086076
81.39987747491972	16.066690868245654	11.716593810022658	44.523056478086076
81.39847568732067	16.008814288209674	11.716593810022658	44.523056478086076
81.36364967942973	16.07268932338855	11.716593810022658	44.52305647808609
81.42054016499864	16.012545076127463	11.716593810022658	44.523056478086076
81.36248850355344	16.094506536350753	11.716593810022658	44.52305647808609
81.33002196542823	16.071563019113096	11.716593810022658	44.523056478086076
81.32187730422268	16.062644197097146	11.716593810022658	44.52305647808609
81.33704530849792	16.104384045479268	11.716593810022658	44.52305647808609
81.28900597234563	16.075255689950364	11.716593810022658	44.523056478086076
81.31156513905309	16.05418959527449	11.716593810022658	44.523056478086076
81.29784869005971	16.063301302570384	11.716593810022658	44.52305647808609
81.34023254941862	16.07081138908053	11.716593810022658	44.523056478086076
81.33519258095647	16.11856631648718	11.716593810022658	44.52305647808609
81.32953314516608	16.127649190107714	11.716593810022658	44.523056478086076
81.32130873082929	16.070652074388175	11.716593810022658	44.523056478086076
81.30518563277455	16.107540372226023	11.716593810022658	44.523056478086076
81.35939789059164	16.132105772743397	11.716593810022658	44.523056478086076
81.28413376250884	16.13557628413827	11.716593810022658	44.52305647808609
81.32539339622541	16.11769518739857	11.716593810022658	44.52305647808609
81.33786954151475	16.123225080722055	11.716593810022658	44.52305647808609
81.26995809057473	16.063815844443727	11.716593810022658	44.52305647808609
81.32023272032123	16.09617372051564	11.716593810022658	44.52305647808609
81.32106166605737	16.06879516022123	11.716593810022658	44.52305647808609
81.32249871508307	16.094726217636993	11.716593810022658	44.52305647808609
81.40901554454327	16.488865989535885	11.486856676492806	43.65005537067263
81.32801729656352	16.080261351220937	11.716593810022658	44.523056478086076
81.30031467747678	16.083194107292304	11.716593810022658	44.52305647808609
81.33105434852027	16.064379238920313	11.716593810022658	44.52305647808609
81.30561664511494	16.08733688899986	11.716593810022658	44.52305647808609
81.33504354108389	16.066908231775148	11.716593810022658	44.52305647808609
81.37576755096723	16.0795085914278	11.716593810022658	44.52305647808609
81.31865197359677	16.07653308389413	11.716593810022658	44.523056478086076
81.37682138481267	16.086414008406432	11.716593810022658	44.523056478086076
81.35058967902167	16.055933756966308	11.716593810022658	44.523056478086076
81.38533726194505	16.10573857091539	11.716593810022658	44.523056478086076
81.34158988695258	16.142207424844035	11.716593810022658	44.52305647808609
81.39931131877766	16.102094217283682	11.716593810022658	44.52305647808609
81.3812747669104	16.050377394867215	11.716593810022658	44.52305647808609
81.39497300756545	16.00769336852162	11.716593810022658	44.52305647808609
81.34067827564634	16.13069343923971	11.716593810022658	44.52305647808609
81.30774499920403	16.108499042049953	11.716593810022658	44.523056478086076
81.42182357217014	16.106370391930295	11.716593810022658	44.523056478086076
81.36771740197551	16.117480049923497	11.716593810022658	44.523056478086076
81.42428760309754	16.05479932793045	11.716593810022658	44.523056478086076
81.3726456911198	16.121712003399825	11.716593810022658	44.52305647808609
81.41664550523552	16.10310069648737	11.716593810022658	44.523056478086076
81.33101602678592	16.149362947227726	11.716593810022658	44.523056478086076
81.3995888001363	16.12406170569623	11.716593810022658	44.523056478086076
81.40135392528536	16.083042207491577	11.716593810022658	44.52305647808609
81.39705046548382	16.100951260177535	11.716593810022658	44.523056478086076
81.41904442985955	16.08077092588113	11.716593810022658	44.52305647808609
81.38303015815197	16.156056729377863	11.716593810022658	44.523056478086076
81.3539937640148	16.10536708663589	11.716593810022658	44.523056478086076
81.41835400103787	16.123327201801207	11.716593810022658	44.52305647808609
81.36781642783995	16.087285445541927	11.716593810022658	44.52305647808609
81.36423921771247	16.089153635405797	11.716593810022658	44.52305647808609
81.4097858741654	16.087825051078607	11.716593810022658	44.523056478086076
81.36881362124825	16.08294794710712	11.716593810022658	44.52305647808609
81.4420886875637	16.088009657871257	11.716593810022658	44.52305647808609
81.36664582977997	16.073330895451253	11.716593810022658	44.52305647808609
81.39115983426657	16.099453598308767	11.716593810022658	44.523056478086076
81.41375473026103	16.070227663997333	11.716593810022658	44.52305647808609
81.40184376854641	16.066557348460766	11.716593810022658	44.52305647808609
81.44329429994535	16.093628179885595	11.716593810022658	44.523056478086076
81.39009196932743	16.062563956062416	11.716593810022658	44.523056478086076
81.35944914408843	16.083967317058207	11.716593810022658	44.523056478086076
81.36236055503363	16.05714860686793	11.716593810022658	44.52305647808609
81.42608219020528	16.03719217840344	11.716593810022658	44.523056478086076
81.35530543862406	16.129698224612664	11.716593810022658	44.523056478086076
81.40494333701089	16.109326918555947	11.716593810022658	44.523056478086076
81.33478696268162	16.0982535611433	11.716593810022658	44.52305647808609
81.37745505554561	16.141980416241704	11.716593810022658	44.523056478086076
81.41346269389506	16.114380291704155	11.716593810022658	44.52305647808609
81.43227150160295	16.138275851213034	11.716593810022658	44.523056478086076
81.3989665000896	16.115092331915204	11.716593810022658	44.523056478086076
81.3367490804081	16.130427797453503	11.716593810022658	44.523056478086076
81.36065077934096	16.127284400492503	11.716593810022658	44.52305647808609
81.31623402118888	16.10591823486053	11.716593810022658	44.52305647808609
81.2914649606221	16.10738337544129	11.716593810022658	44.52305647808609
81.45943542529726	16.556451803698042	11.486856676492806	43.65005537067263
81.3655514519059	16.169380952065136	11.716593810022658	44.523056478086076
81.37049652619523	16.156790595530463	11.716593810022658	44.523056478086076
81.37754063377021	16.15677492848373	11.716593810022658	44.52305647808609
81.38335437694168	16.187438292360394	11.716593810022658	44.523056478086076
81.33470789905071	16.20741205388212	11.716593810022658	44.523056478086076
81.34956692297797	16.138734885180586	11.716593810022658	44.52305647808609
81.3665831039445	16.117851205558726	11.716593810022658	44.52305647808609
81.29735720492407	16.165139076290696	11.716593810022658	44.523056478086076
81.28888320513799	16.089525357190656	11.716593810022658	44.52305647808609
81.29155016755824	16.061485268578654	11.716593810022658	44.52305647808609
81.35531164212163	16.098602802579624	11.716593810022658	44.52305647808609
81.35783748358078	16.106209230941413	11.716593810022658	44.523056478086076
81.273046284891	16.15418675051964	11.716593810022658	44.523056478086076
81.295544044868	16.157476370329636	11.716593810022658	44.52305647808609
81.31183809455602	16.1260737658866	11.716593810022658	44.523056478086076
81.30956203678645	16.15414705847103	11.716593810022658	44.52305647808609
81.40509895838233	16.565290085430423	11.486856676492806	43.65005537067263
81.31551903224957	16.134962153699167	11.716593810022658	44.52305647808609
81.35570011171849	16.124400499422652	11.716593810022658	44.52305647808609
81.34758939802543	16.112904705915465	11.716593810022658	44.523056478086076
81.29276454120453	16.154810564814444	11.716593810022658	44.52305647808609
81.3423382161545	16.15539420428308	11.716593810022658	44.523056478086076
81.35927541286797	16.159249552360595	11.716593810022658	44.52305647808609
81.33003722449587	16.160131424551214	11.716593810022658	44.52305647808609
81.31592796614915	16.173907484216254	11.716593810022658	44.523056478086076
81.33769286065852	16.122506580775028	11.716593810022658	44.52305647808609
81.36697968282893	16.120234138403422	11.716593810022658	44.52305647808609
81.3070806011339	16.220424220491378	11.716593810022658	44.523056478086076
81.33167019616121	16.194891800478725	11.716593810022658	44.523056478086076
81.27032676064613	16.220204054281606	11.716593810022658	44.523056478086076
81.28981397672274	16.167640547641657	11.716593810022658	44.52305647808609
81.33896155373411	16.22322299272005	11.716593810022658	44.523056478086076
81.40170339881911	16.196384468818895	11.716593810022658	44.52305647808609
81.37966542479725	16.156141676975604	11.716593810022658	44.523056478086076
81.34449364067333	16.20331879696224	11.716593810022658	44.52305647808609
81.27783838445875	16.212374876659677	11.716593810022658	44.523056478086076
81.2966110150957	16.23152637117119	11.716593810022658	44.52305647808609
81.3236669348305	16.23190637085759	11.716593810022658	44.52305647808609
81.30612174329957	16.220092508302113	11.716593810022658	44.523056478086076
81.21251666056396	16.140184701989586	11.716593810022658	44.52305647808609
81.27236730834389	16.20908651725085	11.716593810022658	44.523056478086076
81.27749995588049	16.145598240635014	11.716593810022658	44.52305647808609
81.25694698249464	16.206969345385755	11.716593810022658	44.523056478086076
81.27104429558214	16.180925192584215	11.716593810022658	44.52305647808609
81.24974566991538	16.196766696728805	11.716593810022658	44.52305647808609
81.27047348282399	16.212707156763944	11.716593810022658	44.52305647808609
81.32245956949964	16.21556378590495	11.716593810022658	44.52305647808609
81.30918442904763	16.223705227773006	11.716593810022658	44.523056478086076
81.31667292990377	16.235987656853933	11.716593810022658	44.523056478086076
81.31382697210016	16.153331102970018	11.716593810022658	44.52305647808609
81.30895316012375	16.175932935629827	11.716593810022658	44.523056478086076
81.28940456056999	16.15414663392013	11.716593810022658	44.523056478086076
81.23177649284428	16.118065226559462	11.716593810022658	44.523056478086076
81.22074404570485	16.102523339740795	11.716593810022658	44.523056478086076
81.22655599639339	16.13927523364227	11.716593810022658	44.52305647808609
81.28134700650006	16.111180694010482	11.716593810022658	44.523056478086076
81.25870230259281	16.12061960926457	11.716593810022658	44.52305647808609
81.25796455860026	16.152621861737902	11.716593810022658	44.52305647808609
81.36510291436524	16.61678217293912	11.486856676492806	43.65005537067262
81.24381580136479	16.161196264796377	11.716593810022658	44.52305647808609
81.2479459445805	16.14641094269724	11.716593810022658	44.523056478086076
81.25062478063658	16.138297357004323	11.716593810022658	44.52305647808609
81.17328330823483	16.14355007113448	11.716593810022658	44.523056478086076
81.25889346730347	16.14258040891068	11.716593810022658	44.52305647808609
81.20904984594735	16.13357930531288	11.716593810022658	44.52305647808609
81.25842457752073	16.167289698158935	11.716593810022658	44.523056478086076
81.25906152791345	16.166620658394653	11.716593810022658	44.52305647808609
81.26625605780936	16.16243512950999	11.716593810022658	44.52305647808609
81.29799506350136	16.139701240441386	11.716593810022658	44.52305647808609
81.34896003198676	16.130596901851842	11.716593810022658	44.523056478086076
81.28051309825157	16.119334819075778	11.716593810022658	44.52305647808609
81.26619102325006	16.19340073807528	11.716593810022658	44.523056478086076
81.26995247247667	16.16007472842664	11.716593810022658	44.52305647808609
81.26523960482548	16.207225720950877	11.716593810022658	44.52305647808609
81.27219793572448	16.196986892173992	11.716593810022658	44.523056478086076
81.24760963652389	16.130225962380226	11.716593810022658	44.52305647808609
81.27878821056244	16.146665760043614	11.716593810022658	44.523056478086076
81.24749023821975	16.142315050721454	11.716593810022658	44.52305647808609
81.23145855390746	16.156285698627887	11.716593810022658	44.52305647808609
81.32141330420714	16.144784488744182	11.716593810022658	44.52305647808609
81.31088954819232	16.1165952287846	11.716593810022658	44.523056478086076
81.31773955218411	16.149499143688207	11.716593810022658	44.52305647808609
81.2966366872765	16.123844585969746	11.716593810022658	44.523056478086076
81.31676316567673	16.205381847256522	11.716593810022658	44.52305647808609
81.27200678822864	16.157669366632266	11.716593810022658	44.52305647808609
81.26302883200269	16.13597071786967	11.716593810022658	44.52305647808609
81.24946803956945	16.176942454002184	11.716593810022658	44.523056478086076
81.28396143873496	16.14546920661869	11.716593810022658	44.52305647808609
81.24570023760957	16.16653525549128	11.716593810022658	44.523056478086076
81.23385062676134	16.198934866697204	11.716593810022658	44.52305647808609
81.22345118986182	16.165947536005692	11.716593810022658	44.52305647808609
81.24876376639224	16.145137320712035	11.716593810022658	44.523056478086076
81.23423653251129	16.17171287634969	11.716593810022658	44.52305647808609
81.21569760247128	16.17364833202595	11.716593810022658	44.52305647808609
81.22842656622122	16.100465557317154	11.716593810022658	44.52305647808609
81.20872701911446	16.171996221595005	11.716593810022658	44.523056478086076
81.19878130723751	16.12615353532917	11.716593810022658	44.52305647808609
81.18600267031982	16.102949385946008	11.716593810022658	44.52305647808609
81.21577730531902	16.13777793409753	11.716593810022658	44.52305647808609
81.29173360320252	16.183280016658724	11.716593810022658	44.523056478086076
81.27331161270733	16.21139585784125	11.716593810022658	44.523056478086076
81.29750232485604	16.20683377524531	11.716593810022658	44.523056478086076
81.26096799400419	16.218893651789035	11.716593810022658	44.52305647808609
81.23522329346319	16.1956821194924	11.716593810022658	44.523056478086076
81.31706772102669	16.191175567398954	11.716593810022658	44.523056478086076
81.24158329392833	16.174492290177167	11.716593810022658	44.523056478086076
81.27101897396055	16.18956158842173	11.716593810022658	44.52305647808609
81.15608088580807	16.12304699884427	11.716593810022658	44.523056478086076
81.21301994842892	16.227506869333507	11.716593810022658	44.523056478086076
81.21550179609989	16.155243478171872	11.716593810022658	44.52305647808609
81.22678155642666	16.177449737258915	11.716593810022658	44.52305647808609
81.2468156393119	16.22503550054987	11.716593810022658	44.52305647808609
81.26417463141486	16.171908129011857	11.716593810022658	44.52305647808609
81.26098552265432	16.16192166480455	11.716593810022658	44.523056478086076
81.24273832301016	16.219983928455274	11.716593810022658	44.523056478086076
81.26432705281155	16.17780649966937	11.716593810022658	44.523056478086076
81.27226585828227	16.191151983278996	11.716593810022658	44.523056478086076
81.24982696363638	16.15054971760141	11.716593810022658	44.52305647808609
81.26112590392619	16.159352384042446	11.716593810022658	44.523056478086076
81.23972517103255	16.1603549167782	11.716593810022658	44.523056478086076
81.2422835470019	16.19516261270474	11.716593810022658	44.52305647808609
81.26203284922043	16.1871064317306	11.716593810022658	44.52305647808609
81.20482886764997	16.17114393727682	11.716593810022658	44.523056478086076
81.26865712577644	16.139544327582993	11.716593810022658	44.523056478086076
81.20405895104844	16.157428677962077	11.716593810022658	44.52305647808609
81.29684392342435	16.177535788331983	11.716593810022658	44.52305647808609
81.26415212124513	16.178172425559833	11.716593810022658	44.523056478086076
81.24507193248942	16.16320243585285	11.716593810022658	44.523056478086076
81.26478729608291	16.18187254020771	11.716593810022658	44.52305647808609
81.19606525942457	16.155479023940845	11.716593810022658	44.52305647808609
81.27416407865317	16.13948898293329	11.716593810022658	44.52305647808609
81.2921554511096	16.203111079560745	11.716593810022658	44.52305647808609
81.2745086673989	16.175967125869686	11.716593810022658	44.523056478086076
81.22815657935178	16.165110478157683	11.716593810022658	44.523056478086076
81.27290492777361	16.198681504921066	11.716593810022658	44.523056478086076
81.21837203907901	16.181243324935256	11.716593810022658	44.52305647808609
81.26106688920949	16.215331572277858	11.716593810022658	44.523056478086076
81.25674115426783	16.165838718641613	11.716593810022658	44.52305647808609
81.21263350053732	16.16747406206454	11.716593810022658	44.523056478086076
81.23887242922129	16.211577359182602	11.716593810022658	44.52305647808609
81.23775854334991	16.224414644100495	11.716593810022658	44.52305647808609
81.17149646552254	16.184987397435055	11.716593810022658	44.52305647808609
81.24802466631496	16.157233962196056	11.716593810022658	44.523056478086076
81.21806573379065	16.133672842871004	11.716593810022658	44.523056478086076
81.18636031117175	16.159178034976104	11.716593810022658	44.523056478086076
81.20841553937355	16.150851660895807	11.716593810022658	44.523056478086076
81.22623148861216	16.167862395780613	11.716593810022658	44.523056478086076
81.23093674533969	16.11484683169847	11.716593810022658	44.523056478086076
81.21944707247405	16.125423182920958	11.716593810022658	44.52305647808609
81.21992350049055	16.10118080957191	11.716593810022658	44.523056478086076
81.2681956877133	16.139784830431775	11.716593810022658	44.523056478086076
81.23432661915551	16.155151022059453	11.716593810022658	44.523056478086076
81.29633597913485	16.146669340884483	11.716593810022658	44.523056478086076
81.26660582766519	16.155973196758413	11.716593810022658	44.52305647808609
81.26509812750949	16.16650742845388	11.716593810022658	44.523056478086076
81.26029298379503	16.1874058442902	11.716593810022658	44.52305647808609
81.27086171034256	16.15139696853539	11.716593810022658	44.523056478086076
81.24457019177753	16.15638665628165	11.716593810022658	44.523056478086076
81.18585574545402	16.145143933829214	11.716593810022658	44.523056478086076
81.2361811961741	16.168166382421706	11.716593810022658	44.52305647808609
81.19915734224526	16.112847802588266	11.716593810022658	44.52305647808609
81.26684110826966	16.11685230289459	11.716593810022658	44.52305647808609
81.26288361470539	16.123866231312444	11.716593810022658	44.523056478086076
81.27137409636232	16.123205619954664	11.716593810022658	44.52305647808609
81.26853536184738	16.109602693335457	11.716593810022658	44.523056478086076
81.32016015989612	16.124956802593484	11.716593810022658	44.523056478086076
81.29440913122104	16.1325942587131	11.716593810022658	44.52305647808609
81.23547708191481	16.086725764168573	11.716593810022658	44.523056478086076
81.1868521511204	16.08770809582077	11.716593810022658	44.523056478086076
81.14466692158433	16.1136916458273	11.716593810022658	44.523056478086076
81.23281485803179	16.130880433803267	11.716593810022658	44.523056478086076
81.20687593660405	16.091222205465154	11.716593810022658	44.523056478086076
81.2239464627841	16.113458096718684	11.716593810022658	44.523056478086076
81.21728593738743	16.138176457440128	11.716593810022658	44.52305647808609
81.23635723676408	16.15638911889508	11.716593810022658	44.52305647808609
81.20344444126358	16.175590641107494	11.716593810022658	44.52305647808609
81.1984104834617	16.152874080541796	11.716593810022658	44.52305647808609
81.15545170644286	16.158272159847865	11.716593810022658	44.523056478086076
81.13370297387948	16.169221354575196	11.716593810022658	44.523056478086076
81.0441602572899	16.219377893590778	11.716593810022658	44.52305647808609
80.92715698491632	16.052654793120634	11.716593810022658	44.523056478086076
80.9817283215391	16.027980610746166	11.716593810022658	44.523056478086076
81.04784850596143	16.239683545166354	11.716593810022658	44.523056478086076
81.08549783997789	16.35104469566058	11.716593810022658	44.52305647808609
81.08475758490073	16.30944758798294	11.716593810022658	44.523056478086076
81.01482995229651	16.263088452856916	11.716593810022658	44.523056478086076
81.16001196864177	16.21941404644235	11.716593810022658	44.523056478086076
81.29536575504058	15.913324811446305	11.716593810022658	44.52305647808609
81.53987848465938	16.092604754828795	11.716593810022658	44.523056478086076
81.42908285554216	16.17024954039137	11.716593810022658	44.52305647808609
81.58359624786003	16.133703555765013	11.716593810022658	44.52305647808609
81.56349691383414	16.179533273402495	11.716593810022658	44.523056478086076
81.62328863959823	16.23028143936062	11.716593810022658	44.523056478086076
81.67961381590591	16.162747856554507	11.716593810022658	44.52305647808609
81.67815001522226	16.221938490662207	11.716593810022658	44.523056478086076
80.85382674961897	15.362237450400876	11.950925686223115	45.413517607647805
81.44570255873073	16.10978696825246	11.716593810022658	44.523056478086076
81.37745714851376	16.133035703725096	11.716593810022658	44.523056478086076
81.35618754809867	16.131056673575028	11.716593810022658	44.523056478086076
81.31172588036083	16.158200242276127	11.716593810022658	44.52305647808609
81.29067177164178	16.065272688619213	11.716593810022658	44.523056478086076
81.2951737956215	16.08955076559197	11.716593810022658	44.52305647808609
81.3252324225868	16.1000376903043	11.716593810022658	44.523056478086076
81.31770947522043	16.074637946095155	11.716593810022658	44.52305647808609
81.2365557808409	16.0954997697954	11.716593810022658	44.52305647808609
81.26667990715487	16.11957959492388	11.716593810022658	44.52305647808609
81.31402098725593	16.08645324170156	11.716593810022658	44.523056478086076
81.31776699428202	16.13230611090683	11.716593810022658	44.52305647808609
81.30289817189211	16.119740294798607	11.716593810022658	44.52305647808609
81.29835362113589	16.16434540438893	11.716593810022658	44.52305647808609
81.28375001733902	16.14066346677261	11.716593810022658	44.52305647808609
81.25290197218308	16.123356786618626	11.716593810022658	44.523056478086076
81.3101497642218	16.164114570365104	11.716593810022658	44.52305647808609
81.24539726349506	16.084363922380543	11.716593810022658	44.523056478086076
81.25430842221976	16.107512443573274	11.716593810022658	44.52305647808609
81.27224114808861	16.132043324559287	11.716593810022658	44.523056478086076
81.25715467435974	16.133433424943295	11.716593810022658	44.52305647808609
81.28201752594184	16.140140033116655	11.716593810022658	44.52305647808609
81.26494165345984	16.14109486269022	11.716593810022658	44.523056478086076
81.28646576685513	16.162544770245052	11.716593810022658	44.52305647808609
81.27028061928078	16.146200056272907	11.716593810022658	44.52305647808609
81.26260622751951	16.139683451902943	11.716593810022658	44.52305647808609
81.21831016372943	16.099018944664227	11.716593810022658	44.52305647808609
81.24248495103514	16.122215595209813	11.716593810022658	44.52305647808609
81.23086576769587	16.12034132494998	11.716593810022658	44.52305647808609
81.23179658152154	16.095773045522453	11.716593810022658	44.52305647808609
81.25671272954395	16.112972679952907	11.716593810022658	44.52305647808609
81.24314609020631	16.1087069384704	11.716593810022658	44.523056478086076
81.28931523773868	16.15224813271276	11.716593810022658	44.52305647808609
81.21794014670105	16.129596398355343	11.716593810022658	44.523056478086076
81.19711401812462	16.1240893772237	11.716593810022658	44.52305647808609
81.2237198303591	16.129852004062005	11.716593810022658	44.52305647808609
81.19364623260869	16.13026612066685	11.716593810022658	44.52305647808609
81.21504777555369	16.135983928894024	11.716593810022658	44.52305647808609
81.16956037773485	16.13087053970685	11.716593810022658	44.52305647808609
81.19315314914873	16.10750698004826	11.716593810022658	44.52305647808609
81.23568832330557	16.111197754226428	11.716593810022658	44.52305647808609
81.2464987735933	16.110313060633917	11.716593810022658	44.52305647808609
81.22017843200592	16.14015954335824	11.716593810022658	44.52305647808609
81.23750798724664	16.154598051450836	11.716593810022658	44.52305647808609
81.23534697776658	16.154955971461217	11.716593810022658	44.523056478086076
81.22502501520506	16.174049863279134	11.716593810022658	44.523056478086076
81.22078587853616	16.144505516466015	11.716593810022658	44.52305647808609
81.28400374803913	16.152361507427447	11.716593810022658	44.52305647808609
81.2655011387351	16.121174151694856	11.716593810022658	44.523056478086076
81.23909658143332	16.13666736544786	11.716593810022658	44.523056478086076
81.24149253735031	16.18342934544577	11.716593810022658	44.523056478086076
81.24549988900374	16.103491069033023	11.716593810022658	44.523056478086076
81.26910773364364	16.172648725293573	11.716593810022658	44.52305647808609
81.25477514277618	16.1311560404508	11.716593810022658	44.523056478086076
81.26634468332995	16.108076823860838	11.716593810022658	44.523056478086076
81.30270072179528	16.121377244356562	11.716593810022658	44.523056478086076
81.25436132900809	16.128014785937605	11.716593810022658	44.523056478086076
81.24147162773846	16.150375579215893	11.716593810022658	44.52305647808609
81.1983405274962	16.149638755541755	11.716593810022658	44.523056478086076
81.20819887726901	16.108303534893356	11.716593810022658	44.52305647808609
81.20418784433777	16.11859100768753	11.716593810022658	44.52305647808609
81.20613743202327	16.114755231605354	11.716593810022658	44.523056478086076
81.26128653062297	16.094866677396563	11.716593810022658	44.523056478086076
81.25562804282673	16.061112922575578	11.716593810022658	44.52305647808609
81.19358351396308	16.113235625163792	11.716593810022658	44.523056478086076
81.23790383653417	16.123502798294805	11.716593810022658	44.523056478086076
81.28333363106485	16.098737226284907	11.716593810022658	44.523056478086076
81.28940956586096	16.085626713198263	11.716593810022658	44.523056478086076
81.28933371338846	16.064708385565428	11.716593810022658	44.52305647808609
81.28955835485479	16.080317333069548	11.716593810022658	44.52305647808609
81.23856450334529	16.16451473226508	11.716593810022658	44.52305647808609
81.26754124458053	16.150849340825	11.716593810022658	44.523056478086076
81.25833923091439	16.110451919345447	11.716593810022658	44.523056478086076
81.25291087695211	16.11731147866519	11.716593810022658	44.52305647808609
81.21970935299616	16.090723589280774	11.716593810022658	44.52305647808609
81.22141257925371	16.0767143077264	11.716593810022658	44.523056478086076
81.20886993048077	16.142147460289156	11.716593810022658	44.52305647808609
81.20924813396762	16.16143989099169	11.716593810022658	44.52305647808609
81.22347650170663	16.147210825742416	11.716593810022658	44.523056478086076
81.20813268430003	16.152334458379617	11.716593810022658	44.52305647808609
81.24460047332423	16.175331796967516	11.716593810022658	44.52305647808609
81.23280762627292	16.11861352090428	11.716593810022658	44.52305647808609
81.32446630895998	16.160475339161405	11.716593810022658	44.523056478086076
81.23786761025039	16.116123986934642	11.716593810022658	44.52305647808609
81.29188866724617	16.13947580086518	11.716593810022658	44.523056478086076
81.28984917975687	16.16424122339011	11.716593810022658	44.52305647808609
81.27331029069748	16.09599689343465	11.716593810022658	44.52305647808609
81.26982259375211	16.09633335221523	11.716593810022658	44.52305647808609
81.26101803216717	16.139988429302118	11.716593810022658	44.523056478086076
81.24017309205801	16.09395499209455	11.716593810022658	44.523056478086076
81.26904457791683	16.07268205930215	11.716593810022658	44.523056478086076
81.24638048659214	16.095553448238878	11.716593810022658	44.52305647808609
81.22685591107377	16.11007369261213	11.716593810022658	44.523056478086076
81.21865113023583	16.118057328892757	11.716593810022658	44.523056478086076
81.24090382397839	16.102879452125546	11.716593810022658	44.523056478086076
81.23529341022336	16.143584454936555	11.716593810022658	44.523056478086076
81.21039736312005	16.16129643094644	11.716593810022658	44.52305647808609
81.22955372557882	16.127782414619244	11.716593810022658	44.523056478086076
81.23529700840945	16.15586358129237	11.716593810022658	44.52305647808609
81.20563645656651	16.151107765213045	11.716593810022658	44.52305647808609
81.22689881756277	16.132749994183666	11.716593810022658	44.523056478086076
81.20701224221773	16.131823119167496	11.716593810022658	44.52305647808609
81.21864031101792	16.147993274278075	11.716593810022658	44.523056478086076
81.20595368084548	16.157503151003322	11.716593810022658	44.523056478086076
81.23026796976859	16.14415347253429	11.716593810022658	44.52305647808609
81.22546225155769	16.12520899632582	11.716593810022658	44.523056478086076
81.28112940489879	16.171374447502206	11.716593810022658	44.52305647808609
81.24122250264813	16.10242455295882	11.716593810022658	44.523056478086076
81.28782713680886	16.12311470767654	11.716593810022658	44.52305647808609
81.27374413424529	16.119785342406363	11.716593810022658	44.52305647808609
81.19908736328466	16.096664501546794	11.716593810022658	44.523056478086076
81.24279628712057	16.12271261372946	11.716593810022658	44.523056478086076
81.28677932150549	16.122336968544527	11.716593810022658	44.523056478086076
81.24695421207801	16.12464408646932	11.716593810022658	44.52305647808609
81.25063680444246	16.121233168970495	11.716593810022658	44.52305647808609
81.21680896890426	16.11807311581013	11.716593810022658	44.523056478086076
81.21229852741205	16.14259999734824	11.716593810022658	44.523056478086076
81.23296798326118	16.159228172391135	11.716593810022658	44.523056478086076
81.34360804873629	16.55779055951651	11.486856676492806	43.65005537067263
81.2687820826011	16.11837658820947	11.716593810022658	44.523056478086076
81.19008807453602	16.165765444832186	11.716593810022658	44.523056478086076
81.25378541329394	16.1190945583261	11.716593810022658	44.52305647808609
81.23548498427927	16.117383404888994	11.716593810022658	44.523056478086076
81.22616392894643	16.137201664544452	11.716593810022658	44.52305647808609
81.22988762704632	16.08890265229382	11.716593810022658	44.523056478086076
81.29611776343194	16.12435801619959	11.716593810022658	44.523056478086076
81.30426612920127	16.081129248283045	11.716593810022658	44.523056478086076
81.36102950301196	16.063619806210408	11.716593810022658	44.523056478086076
81.39304006296996	16.191068126718744	11.716593810022658	44.523056478086076
81.50049999750593	16.13930877138392	11.716593810022658	44.523056478086076
81.53805194023028	16.12103489258529	11.716593810022658	44.52305647808609
81.57167557824812	16.21997922036937	11.716593810022658	44.52305647808609
81.72870328946898	16.241350108350748	11.716593810022658	44.52305647808609
80.89879269736515	15.283873829153343	11.950925686223115	45.413517607647805
81.7131190563249	16.186935427859414	11.716593810022658	44.52305647808609
80.90684182933806	15.219054094582852	11.950925686223115	45.413517607647805
81.56273697526582	16.082570316264754	11.716593810022658	44.52305647808609
81.38621904006718	16.070411452322386	11.716593810022658	44.523056478086076
81.23986610745402	16.01981529175244	11.716593810022658	44.52305647808609
81.19870835071596	16.08244259458201	11.716593810022658	44.52305647808609
81.00752247880186	16.012506874564824	11.716593810022658	44.52305647808609
80.9706907419614	16.154775119029953	11.716593810022658	44.52305647808609
81.05371128196721	16.15855757440919	11.716593810022658	44.52305647808609
80.96329970502187	16.129041820035336	11.716593810022658	44.523056478086076
81.00416173579244	16.14595482496677	11.716593810022658	44.52305647808609
81.03502217094756	16.17991895387802	11.716593810022658	44.52305647808609
81.16690821760159	16.16803871081829	11.716593810022658	44.523056478086076
81.16746974338652	16.152282759776842	11.716593810022658	44.52305647808609
81.11649353289096	16.183066652968787	11.716593810022658	44.523056478086076
81.15805187735839	16.18007078021819	11.716593810022658	44.52305647808609
81.08171549759312	16.232298046340173	11.716593810022658	44.523056478086076
81.15161401628762	16.13161595531321	11.716593810022658	44.52305647808609
81.09840806376512	16.16892561545769	11.716593810022658	44.523056478086076
81.11061819822051	16.099887755386245	11.716593810022658	44.523056478086076
81.18642741362036	16.142336178323813	11.716593810022658	44.523056478086076
81.14744412179961	16.140748740788734	11.716593810022658	44.523056478086076
81.18701515466817	16.128796199150923	11.716593810022658	44.523056478086076
81.16457090241242	16.118588446171056	11.716593810022658	44.523056478086076
81.18156888054337	16.14207258307162	11.716593810022658	44.523056478086076
81.18238811259029	16.139147650418924	11.716593810022658	44.52305647808609
81.15273725898102	16.159892144225186	11.716593810022658	44.52305647808609
81.23558769929461	16.200720946323766	11.716593810022658	44.523056478086076
81.19158456328262	16.131674733816705	11.716593810022658	44.523056478086076
81.16191913659718	16.130464422424073	11.716593810022658	44.52305647808609
81.14342079683341	16.13342208243723	11.716593810022658	44.523056478086076
81.14975001232013	16.101001857721624	11.716593810022658	44.523056478086076
81.16665997643918	16.169493824196916	11.716593810022658	44.523056478086076
81.1688216221212	16.109456265203097	11.716593810022658	44.52305647808609
81.17309769577402	16.163522580103884	11.716593810022658	44.523056478086076
81.19396349731895	16.16368558938971	11.716593810022658	44.523056478086076
81.17067412795924	16.15047157697315	11.716593810022658	44.52305647808609
81.17918634993833	16.121741853583227	11.716593810022658	44.523056478086076
81.24380104721466	16.11427186149911	11.716593810022658	44.52305647808609
81.1999432045608	16.131779503048573	11.716593810022658	44.523056478086076
81.22424706857073	16.135570877807506	11.716593810022658	44.523056478086076
81.18932397749556	16.158264358968875	11.716593810022658	44.523056478086076
81.20189084955996	16.165956149831214	11.716593810022658	44.523056478086076
81.1802997464013	16.105737408976825	11.716593810022658	44.52305647808609
81.19853161441509	16.113562217820206	11.716593810022658	44.52305647808609
81.23533383596252	16.0944900939791	11.716593810022658	44.523056478086076
81.23504751686845	16.10349933160356	11.716593810022658	44.52305647808609
81.21568651876925	16.11236803453514	11.716593810022658	44.52305647808609
81.16740894833846	16.133407423371477	11.716593810022658	44.523056478086076
81.21823147644058	16.11410838612269	11.716593810022658	44.523056478086076
81.20952142349941	16.13852127096207	11.716593810022658	44.523056478086076
81.12748007351735	16.15149374564022	11.716593810022658	44.523056478086076
81.15088047901995	16.176051118890808	11.716593810022658	44.523056478086076
81.13531180154273	16.133873612258395	11.716593810022658	44.523056478086076
81.20704911847989	16.140348868082892	11.716593810022658	44.523056478086076
81.186963592067	16.195329692801597	11.716593810022658	44.52305647808609
81.1508251572454	16.1276218047125	11.716593810022658	44.523056478086076
81.21429344767152	16.082461541156068	11.716593810022658	44.52305647808609
81.19401916570715	16.131746799811314	11.716593810022658	44.52305647808609
81.166581742836	16.119555435158812	11.716593810022658	44.523056478086076
81.2106370128074	16.12570963385252	11.716593810022658	44.523056478086076
