94	72	17	19
94.47148248159579	72.49567255772135	17.0	19.0
94.35843185326358	72.5121478372569	17.0	19.0
94.40168287210335	72.52131667596642	17.0	19.0
94.49424956695775	72.51203392284741	17.0	19.0
94.42950915890698	72.531486369219	17.0	19.0
94.42560874598702	72.55921257249362	17.0	19.0
94.46949102730196	72.57516106303069	17.0	19.0
94.51389286072795	72.50157009903705	17.0	19.0
94.51358628531399	72.48784698946473	17.0	19.0
94.48900700654607	72.56806577170607	17.0	19.0
94.54074703960785	72.51732251358357	17.0	19.0
94.4152373806835	72.60689445356434	17.0	19.0
94.53952680797964	72.55403785528354	17.0	19.0
94.46130444965425	72.54311403209708	17.0	19.0
94.68329683833052	72.73092673693658	17.0	19.0
94.50256723473326	72.54147538872232	17.340000000000003	19.379999999999995
94.67330112336377	72.97477116112987	17.0	19.0
94.73956626393527	73.4991190822404	17.0	19.0
94.53918489484184	73.85069727594755	17.0	19.0
95.30855619363737	74.42231921663992	16.339869281045736	18.26220684352171
94.98104898747428	74.62979884134442	16.666666666666657	18.627450980392155
95.20209847948897	74.8750732830457	16.666666666666657	18.627450980392155
94.91595170340233	74.93930075544708	17.0	19.0
94.81221158615092	74.93879146428995	17.0	19.0
94.63180271797664	75.0275688507474	17.0	19.0
93.76422302833292	74.33639734832904	17.686800000000005	19.767599999999987
94.0425895964108	74.24103873426559	17.686800000000005	19.767599999999987
93.77086476476768	74.21831365422267	17.340000000000003	19.379999999999995
93.26815148183304	74.25343917433042	17.686800000000005	19.767599999999987
92.86088317719886	74.22289250590194	18.401346719999992	20.566211040000013
94.46415609768395	74.95783310633493	17.686800000000005	19.767599999999987
95.17928557999092	75.59546019740789	17.0	19.0
95.28509127658197	75.70232889333151	17.340000000000003	19.379999999999995
104.98182474466705	72.01387062267437	18.040536000000003	20.16295199999999
108.7478662187731	69.31382160727881	18.7693736544	20.97753526080001
109.49978346720556	69.2787240558264	19.144761127487982	21.397085966015993
107.60093453095229	68.48880048609091	19.918209477038516	22.26152823904303
108.093713893653	68.11949790554846	20.316573666579288	22.706758803823902
107.75686666126687	68.41211904048883	21.13736324270907	23.624111859498385
107.82972108582376	68.16205436938975	20.316573666579274	22.706758803823902
107.93187707787509	68.1222221678518	20.316573666579288	22.706758803823902
107.67670826655639	68.19691708323363	20.72290513991088	23.16089397990038
107.60209017544133	68.23094400213101	20.722905139910864	23.16089397990038
107.70670684422606	68.45133879399854	20.722905139910864	23.16089397990038
108.15750395504539	68.69218500918433	19.918209477038502	22.26152823904303
108.11702795946151	68.32628308522543	20.316573666579288	22.706758803823902
108.32401382869851	68.39872187940017	20.316573666579288	22.706758803823902
108.11342237294048	68.45104785058594	20.316573666579274	22.706758803823902
108.35858567308016	68.3839425696421	20.316573666579288	22.706758803823902
107.7989133746763	68.22032982483707	20.72290513991085	23.16089397990038
108.2532898209639	68.20429165430764	20.316573666579288	22.706758803823902
108.52959253222943	68.13342990194414	20.316573666579274	22.706758803823902
108.42362612102113	68.01992252060101	20.722905139910864	23.16089397990038
108.68266595082719	67.998157761668	20.316573666579274	22.706758803823902
108.4557330312505	68.25511761131757	20.316573666579274	22.706758803823902
109.69973676962334	69.25056165187468	19.527656350037745	21.825027685336323
108.54447325189076	68.26385091126089	20.316573666579274	22.706758803823902
108.34412174939563	68.4619963280815	20.316573666579288	22.706758803823902
107.94327675516541	68.4263053383992	20.316573666579274	22.706758803823902
108.26239057579745	68.48885384265712	20.316573666579288	22.706758803823902
108.42051249994002	68.43404439657043	20.316573666579288	22.706758803823902
108.33058147926269	68.34389528178139	20.316573666579274	22.706758803823902
108.6738952847962	68.34996358345457	20.316573666579274	22.706758803823902
109.3376925978843	67.80635767738168	20.316573666579288	22.706758803823902
110.39220987608861	67.45210203444728	20.316573666579288	22.706758803823902
111.37971720580838	66.35913540447903	20.72290513991085	23.16089397990038
112.14618357248247	66.14375297282699	21.56011050756325	24.096594096688364
112.83896123667341	65.76173482404425	21.56011050756325	24.096594096688364
113.0688489152507	65.27791977954698	20.722905139910864	23.16089397990038
113.6583511823863	64.98278152353137	20.316573666579274	22.706758803823902
113.48517805927088	64.45221969220641	20.722905139910864	23.16089397990038
113.91161395125813	64.28859130763709	21.560110507563266	24.096594096688364
113.67811411381903	64.28508970179195	20.72290513991085	23.16089397990038
113.68693124741621	64.06910173269083	21.560110507563266	24.096594096688364
113.84014431928202	64.13725047570233	21.56011050756325	24.096594096688364
114.02825320204357	64.12457870183003	21.56011050756325	24.096594096688364
113.67389772203947	64.30716333670445	21.56011050756325	24.096594096688364
113.50875523469821	64.1997135302186	21.56011050756325	24.096594096688364
113.32872629202372	64.14391471831748	21.560110507563266	24.096594096688364
112.88197350146511	64.37871756683242	21.560110507563266	24.096594096688364
111.70931378151448	63.67003302592112	22.431138972068823	25.070096498194566
113.05456240101914	64.35358078287896	21.560110507563266	24.096594096688364
113.11824677921193	64.36294164715348	20.72290513991088	23.16089397990038
112.93383727201035	64.43529316412695	21.56011050756325	24.096594096688364
113.39442158613106	64.2934338087001	21.560110507563266	24.096594096688364
113.46455663513193	64.1823723240527	21.560110507563266	24.096594096688364
113.39796282120614	64.22111777284482	21.56011050756325	24.096594096688364
113.40776816989424	64.23345974015815	21.56011050756325	24.096594096688364
113.25924458482494	64.31518041887001	21.560110507563266	24.096594096688364
113.340972618656	64.19988064985964	21.56011050756325	24.096594096688364
113.38801585178116	64.2100844902149	21.560110507563266	24.096594096688364
113.42053848179316	64.17628931685992	21.56011050756325	24.096594096688364
113.27607857428359	64.25148176175396	21.56011050756325	24.096594096688364
113.35920875317464	64.24446750011684	20.722905139910864	23.16089397990038
113.35021302191926	64.31091937417177	21.560110507563266	24.096594096688364
113.31034004337286	64.29257876612434	21.56011050756325	24.096594096688364
113.40487922748093	64.22461149147962	21.56011050756325	24.096594096688364
113.41444507875245	64.15317233664811	21.560110507563266	24.096594096688364
113.35481995025805	64.18831566535863	21.56011050756325	24.096594096688364
113.35381062650285	64.19532638151628	20.722905139910864	23.16089397990038
113.32860594606865	64.12417831523804	21.56011050756325	24.096594096688364
113.27438120014845	64.12129047367797	21.560110507563266	24.096594096688364
113.4276317801985	64.0727381521235	21.560110507563266	24.096594096688364
113.64100202474972	64.09514985055257	21.56011050756325	24.096594096688364
113.72307327703435	64.17492049663035	21.560110507563266	24.096594096688364
113.669705134412	64.218929153217	21.56011050756325	24.096594096688364
113.45888492230667	64.14289691466023	21.560110507563266	24.096594096688364
114.12208028033194	64.02560281940872	21.56011050756325	24.096594096688364
114.20883057227392	63.9589129876289	21.560110507563266	24.096594096688357
114.43739411645366	64.33323738614361	21.560110507563266	24.096594096688364
114.20301966258192	64.44963843061859	21.560110507563266	24.096594096688364
112.11919183116127	63.283310839860114	22.43113897206881	25.070096498194566
112.38440032024253	63.42819220526396	22.43113897206881	25.070096498194566
112.23661683919242	63.24762362973046	22.43113897206881	25.070096498194566
112.7603860354763	63.488858398254216	22.431138972068823	25.070096498194566
113.1473914025908	63.27648304547224	22.43113897206881	25.070096498194566
113.5863786965637	63.49130026255488	22.879761751510202	25.571498428158456
113.86024431878654	63.51046184062819	22.43113897206881	25.070096498194566
116.09962471485973	64.80789519640916	21.560110507563266	24.096594096688364
117.22747159114974	65.09971086373292	21.56011050756325	24.096594096688364
116.50148011693048	64.62155368154427	21.56011050756325	24.096594096688364
120.71189985346761	64.68691763992409	21.991312717714536	24.57852597862211
113.36494407953566	64.19975100902434	21.56011050756325	24.096594096688364
113.33632186333844	64.18604009619762	21.56011050756325	24.096594096688364
113.9264258578591	64.13487088990539	21.56011050756325	24.096594096688335
113.57381520858787	63.32267677360084	22.43113897206881	25.07009649819455
118.94588365094664	62.76693696396888	22.879761751510173	25.571498428158456
131.81774879925092	64.98307364866605	21.991312717714493	24.57852597862211
134.77084139056242	64.37673075703162	22.431138972068823	25.070096498194573
134.91246599316844	63.863942517365665	22.431138972068823	25.07009649819455
133.81725403508898	63.80230290604336	22.431138972068823	25.07009649819455
133.91049775402405	64.08149174768582	22.879761751510216	25.571498428158463
132.62780344193914	63.77584497712186	22.879761751510216	25.571498428158442
131.84717635494496	62.79750265027701	23.80410412627117	26.60458696465605
131.15700668589932	63.57009041536461	22.87976175151016	25.571498428158456
129.16733001343715	62.04316025764561	23.804104126271227	26.60458696465605
126.48176509930525	60.820659729517	24.765789932972552	27.67941227802816
126.97756446059114	60.77854711483864	24.765789932972552	27.67941227802816
127.96469644590923	61.66279865210643	24.280186208796636	27.136678703949173
127.56484870681308	61.7386406359016	24.765789932972552	27.67941227802816
127.52659401437484	61.72869940683311	24.765789932972552	27.67941227802816
126.60085720427013	60.70240627379009	25.766327846264645	28.797660534060498
127.48919131721271	61.64521549563067	24.765789932972552	27.679412278028146
128.17751526112943	62.21186129300875	24.280186208796636	27.136678703949173
127.47697521494379	61.85842168077327	24.765789932972552	27.67941227802816
126.98673969395665	62.09654046352022	24.765789932972552	27.679412278028146
126.18415973623306	62.61084205555513	24.765789932972552	27.679412278028146
125.75438980119169	62.39162739945036	25.766327846264645	28.797660534060498
