208	64	37	46
208.4441855492376	63.943445388407	36.274509803921546	45.09803921568627
208.52240848042584	63.21370429483014	37.0	46.0
208.36874421005066	62.865689639423124	37.0	46.0
207.93210211366502	63.06133364965579	36.274509803921546	45.09803921568627
208.09685368347218	63.58636752328849	37.0	46.0
208.42162441388808	63.79710436762085	37.0	46.0
208.55647536585067	63.753422018867155	37.0	46.0
208.54889668093236	63.60121264391272	37.0	46.0
208.52564763519055	63.460213413877284	37.0	46.0
208.33697219503787	63.4738529015513	37.0	46.0
208.40257901924457	63.49197401842558	36.274509803921546	45.09803921568627
208.61686002079102	63.502583970802434	37.0	46.0
208.28406735464486	63.54749384020742	36.274509803921546	45.09803921568627
208.59759015240425	63.636924874212596	37.0	46.0
208.3011548006647	63.79636656784024	36.274509803921546	45.09803921568627
208.20983875276278	63.86785728983162	36.274509803921546	45.09803921568627
208.31358596062117	63.88177844660542	36.274509803921546	45.09803921568627
208.33412318716086	63.929805343513095	36.274509803921546	45.09803921568627
208.44022831025825	63.838700125021674	36.274509803921546	45.09803921568627
208.44736180604397	63.79839628713394	37.0	46.0
208.23818458615227	63.82916988739656	36.274509803921546	45.09803921568627
209.09225984805812	63.84411882440929	36.274509803921546	45.09803921568627
210.66272319974294	64.38778994760526	36.274509803921546	45.09803921568627
212.24975741691694	64.42651513002365	36.274509803921546	45.09803921568627
213.04929285297237	64.35909582273015	37.0	46.0
213.65561571103666	64.15269080526261	37.0	46.0
213.87212003818595	63.699050124343444	36.274509803921546	45.09803921568627
213.89050913877915	63.32047580798911	37.0	46.0
212.83360644354275	62.507542072807716	37.74000000000001	46.919999999999995
212.19060120028604	62.75838691790676	36.274509803921546	45.09803921568627
210.78887130529756	63.0171615212043	36.274509803921546	45.09803921568627
209.82409925244065	63.694595827938144	37.0	46.0
209.6472489714416	64.07800109248183	36.274509803921546	45.09803921568627
209.62491061612837	64.21764919370196	36.274509803921546	45.09803921568627
209.68818194441982	63.947627359366166	36.274509803921546	45.09803921568627
210.19563347347074	63.76598944463075	36.274509803921546	45.09803921568627
210.74696780949765	63.43524284164852	36.274509803921546	45.09803921568627
211.16322373541993	63.011221436950365	37.0	46.0
211.4789165727654	62.82048901917159	37.0	46.0
211.06203627846804	62.6939565906475	37.0	46.0
210.90756023968274	62.58134162529265	37.0	46.0
210.97176072665957	62.45881934862206	37.0	46.0
210.87863932717434	62.23430801835627	36.274509803921546	45.09803921568627
211.5138210664555	62.23056315675606	37.0	46.0
211.5651474498782	62.191874731768465	37.0	46.0
211.8999291439611	62.08603887145499	37.0	46.0
212.03872347081665	61.95962562613171	37.0	46.0
212.5347593113345	61.525478260143416	37.0	46.0
212.450277048383	61.43925334152671	37.0	46.0
211.95110899331786	60.933907006752996	37.74000000000001	46.919999999999995
212.27278255015213	61.47847342872147	37.0	46.0
212.29050383739002	61.44146847353696	37.0	46.0
211.22903187766178	59.77952040180658	38.4948	47.85839999999999
212.2595275441194	61.590157312873615	37.0	46.0
212.02377191222882	61.15568697445296	37.74000000000001	46.91999999999999
211.99441505250454	61.069307274073964	37.74000000000001	46.91999999999999
211.88247538537692	60.94719591957775	37.74000000000001	46.91999999999999
211.96029234278737	61.144567063589065	37.74000000000001	46.91999999999999
211.77361303553428	61.71039526768037	37.0	46.0
211.33181550024162	61.12597830488356	37.74000000000001	46.91999999999999
211.00615897200095	61.04444594334237	37.74000000000001	46.91999999999999
210.85731858179514	61.72264331844298	37.0	46.0
210.2911278087724	61.73610155270305	37.0	46.0
209.52352297905378	61.86586401680506	37.0	46.0
208.65859650517	61.83839600384195	37.0	46.0
207.90359026175562	61.976174382929074	37.0	46.0
206.8910896338753	61.75487389007897	37.0	46.0
205.33193857361954	61.8173314122685	37.0	46.0
202.37023119502706	60.06203855120032	38.4948	47.85839999999999
201.88499337618381	61.22899778928908	37.74000000000001	46.91999999999999
199.05837114569323	59.77478162397988	38.4948	47.85839999999999
196.89991184887788	58.964787587782766	39.264696000000015	48.815567999999985
196.17346057936095	59.01586849960147	38.4948	47.85839999999999
194.77853682909432	59.05678503382873	38.4948	47.85839999999999
193.4552050252827	59.014503022818886	38.4948	47.85839999999999
191.6719310534662	58.89374166689689	38.4948	47.85839999999999
190.92655485229454	59.857410556465325	37.74000000000001	46.91999999999999
187.60801544674538	57.99219777084056	39.264696000000015	48.815567999999985
186.87514531104495	58.39828896599211	38.4948	47.85839999999999
185.90758266020393	58.36347211385869	38.4948	47.85839999999999
184.05481350160065	57.62438272358722	39.264696000000015	48.815567999999985
183.0936144749964	57.92173977531735	38.4948	47.85839999999999
181.94498090311336	57.3963340383779	39.264696000000015	48.815567999999985
181.87382859943625	57.379527244327974	39.264696000000015	48.815567999999985
183.74357110746496	59.41748892351025	37.74000000000001	46.91999999999999
184.27825687642456	59.86826586354442	36.274509803921546	45.09803921568627
184.79688220499773	60.10691129149508	35.56324490580545	44.213763936947316
184.33080946517578	59.831483905544815	36.274509803921546	45.09803921568627
184.73090321989272	59.97117894584594	37.0	45.99999999999999
183.47453960397388	58.81830768765255	38.4948	47.85839999999999
183.8310091506865	58.88668185494443	38.4948	47.85839999999999
185.56641582916131	60.678788670809276	37.0	45.99999999999999
184.40747542069732	59.23640000159109	38.4948	47.85839999999999
184.68325812852507	59.138042061663924	38.4948	47.85839999999999
184.92743691779293	58.75423901716785	39.26469599999996	48.815567999999985
186.0367398915347	59.4572040085644	38.4948	47.85839999999999
186.34514983504272	59.065846474040086	39.26469599999996	48.815567999999985
187.73951082574555	59.682286611547696	38.4948	47.85839999999999
189.22230300266156	59.91272840444513	38.4948	47.85839999999999
190.33348716621464	59.40321843460076	39.26469599999996	48.815567999999985
192.5116069630138	60.126475087071455	38.4948	47.85839999999999
194.12446954781785	60.010980560724235	38.4948	47.85839999999999
195.16847884704836	59.776986165985605	39.26469599999996	48.815567999999985
197.7126325726246	61.24316312887164	37.74000000000001	46.91999999999999
199.77109593147017	62.11249995808872	37.0	45.99999999999997
200.7718063952142	62.17405716839569	37.0	45.99999999999997
201.92919364337956	62.24799809960254	37.0	45.99999999999997
203.44400375705192	62.25038382866485	37.0	45.99999999999997
204.77554741872348	62.33579324308322	36.274509803921546	45.09803921568624
206.60407709994257	62.40317929378563	36.274509803921546	45.09803921568624
208.50094311719909	62.3675919816329	37.0	45.99999999999997
210.25555864090174	62.539381323033865	36.274509803921546	45.09803921568624
211.7097624827945	62.393737975596395	37.0	45.99999999999997
211.5131291192162	60.83528734785511	38.4948	47.85839999999997
213.50279078712848	62.27338916774072	37.0	45.99999999999997
212.89088364720192	60.601414232082504	38.4948	47.85839999999996
215.25751629254694	61.92352714457651	36.99999999999994	45.99999999999997
216.5922214532868	62.08485015862527	37.0	45.99999999999997
217.79049501594403	61.97353522916511	36.99999999999994	45.99999999999997
218.95067597354125	61.92374785628634	37.0	45.99999999999997
219.91392079217945	62.07819234954526	37.0	45.99999999999997
220.99397708093022	61.9166399124136	36.99999999999994	45.99999999999997
222.08295243205714	61.93753962709616	37.0	45.99999999999997
222.86917024976236	61.531428960443506	37.73999999999995	46.91999999999996
224.12897236109265	61.53266873304166	37.73999999999998	46.91999999999996
225.4407186488453	61.22313373644624	37.73999999999995	46.91999999999996
226.65091349022325	61.122720426417985	37.73999999999998	46.91999999999996
227.73432975349482	60.73810528440424	37.73999999999995	46.91999999999996
229.43501871976238	60.386906048925425	37.73999999999998	46.91999999999996
230.7801746185977	60.25690418027227	37.73999999999995	46.91999999999996
231.8191553576434	60.34893549178207	37.73999999999995	46.91999999999996
231.2256998919253	59.12627904380754	38.49479999999997	47.85839999999996
232.04041434915723	59.005056934202	38.4948	47.85839999999996
232.37900526240276	58.973336048576016	38.4948	47.85839999999996
233.20007435551372	59.9716755915904	37.73999999999995	46.91999999999996
231.699642791292	58.393796639870644	39.26469599999999	48.815567999999956
232.61912679884176	59.99710964577662	37.73999999999995	46.91999999999996
230.9571937673278	58.63287220706114	38.4948	47.85839999999996
232.06895725624202	60.186740702351734	36.99999999999994	45.999999999999964
230.36425754476917	58.499340297835744	38.49479999999997	47.85839999999996
229.9134081391688	58.4471108109293	38.49479999999997	47.85839999999996
230.25489540506175	59.781666567109404	36.99999999999994	45.999999999999964
228.66126065367777	58.01980644058692	38.49479999999997	47.85839999999996
229.86746269162006	59.31781828359529	36.99999999999994	45.99999999999994
229.5183480114344	59.26150974812191	36.274509803921546	45.098039215686214
229.59979041760647	59.53785270958021	36.99999999999994	45.99999999999994
229.08773020782286	59.80473374855441	36.99999999999994	45.99999999999994
228.3240899024713	59.946181248049	36.27450980392152	45.098039215686214
228.10136744313772	60.03024622334243	36.27450980392152	45.098039215686214
228.1397496834474	60.22499045737216	36.274509803921546	45.098039215686214
227.9536310957242	60.34544268304799	36.27450980392152	45.098039215686214
228.10166024293042	60.4494849642425	36.27450980392152	45.098039215686214
228.26820689017438	61.20649435712449	35.56324490580539	44.21376393694728
228.89380862027974	62.30791656851095	34.18228076298101	42.49688959721959
228.41622970857676	61.44800250466482	35.56324490580542	44.21376393694727
227.87823141793928	61.08598022718904	36.274509803921546	45.098039215686214
228.34186772144565	61.60319499454065	35.56324490580542	44.21376393694728
227.88449302127137	61.70791831297401	35.56324490580542	44.21376393694727
227.8051104083043	62.80456794684463	34.18228076298101	42.49688959721959
227.1482572987954	62.78021197919831	34.18228076298095	42.49688959721959
226.58807068602647	62.79860178987472	34.18228076298101	42.49688959721959
226.39535988365355	62.99720361476189	34.18228076298101	42.49688959721959
226.37992429649296	63.04473091357882	34.18228076298101	42.49688959721959
226.76721268730392	63.3473691691885	34.18228076298101	42.49688959721959
227.4028329366781	64.11169499870365	33.512039963706826	41.66361725217607
228.5139708558367	65.3123605510304	32.210726608714765	40.04576821623999
228.4220852961091	64.9784788631251	32.85494114088905	40.846683580564786
228.15573579172033	64.90638918806819	33.512039963706826	41.66361725217607
228.65433253413485	66.0602243707653	32.21072660871479	40.04576821623996
227.9903782264767	65.27909278830344	33.512039963706854	41.66361725217607
227.98668120148454	65.40659850015236	33.512039963706854	41.66361725217607
228.81461096323903	66.44214898591949	32.210726608714765	40.04576821623999
228.98341390278816	66.14669782959584	32.85494114088905	40.846683580564786
229.43449260945198	66.95678843952697	32.210726608714765	40.04576821623996
229.65001842850805	67.67407732540958	31.57914373403409	39.260557074745066
229.95662278484033	68.12427135822541	30.959944837288305	38.49074223014222
229.4085654312994	68.02031992999315	31.579143734034062	39.260557074745066
230.1836702830047	69.40614209650592	30.35288709538071	37.736021794257084
229.55620062836826	68.74110073850706	30.959944837288305	38.49074223014222
229.12479913030307	68.15694659687296	31.579143734034062	39.260557074745066
229.53221296041005	68.65240658840332	30.959944837288276	38.49074223014222
230.1898224299396	69.30420939374814	30.35288709538068	37.736021794257084
229.39327250794045	68.35407105511855	31.57914373403409	39.260557074745066
229.49776996738413	68.44451382052205	31.57914373403409	39.260557074745066
229.41865690881318	68.32696141326869	31.57914373403409	39.260557074745066
229.93839662933752	69.51252166990282	30.35288709538068	37.736021794257084
229.5114887651253	69.68975039447152	30.35288709538071	37.736021794257084
228.06949320832817	68.25440825719426	31.57914373403409	39.260557074745066
228.30730146361262	68.41604498567652	30.959944837288305	38.49074223014222
228.49425962834803	69.14038980207414	30.35288709538068	37.736021794257056
226.99528354605178	67.9997119900484	31.579143734034062	39.260557074745066
227.6317722255787	69.27899070057347	30.35288709538071	37.736021794257084
227.63689217215543	70.02654334861899	29.757732446451627	36.996099798291255
227.2074566844694	70.44612750528131	29.757732446451627	36.996099798291226
226.74166175859534	70.61030275082382	29.757732446451655	36.996099798291226
225.9243243381635	70.48273182992966	29.757732446451655	36.996099798291226
225.11562826130532	70.52819075163964	29.757732446451655	36.996099798291255
224.6775446973624	70.76524539742903	29.757732446451655	36.996099798291226
224.3665767073809	70.95803249063488	29.757732446451655	36.996099798291226
223.40342221308103	71.10011269637354	29.174247496521218	36.27068607675611
222.46086164710445	71.52409509036528	29.757732446451655	36.996099798291255
221.31536409355058	71.82426151973021	29.757732446451655	36.996099798291255
220.26130318197096	71.91639302833303	29.757732446451655	36.996099798291255
219.08090462495127	72.34887874010346	28.602203427961967	35.55949615368246
218.044304799314	72.56320383477784	28.602203427961967	35.55949615368246
216.78343875597108	72.89050149130264	28.602203427961967	35.55949615368246
215.5586386442288	73.25858303485309	28.602203427961967	35.55949615368246
214.28265258189063	73.5697686235506	28.602203427961967	35.55949615368246
213.13649980565762	73.399013444655	28.602203427961967	35.55949615368246
211.98574235874958	73.81278194597799	28.602203427961967	35.55949615368246
209.89457318741273	73.61863355281932	29.757732446451655	36.996099798291226
209.0613010855306	73.68674885202586	29.757732446451655	36.996099798291226
207.33507339591495	73.74380973891287	30.35288709538065	37.736021794257056
203.78364108366918	72.85927384532705	31.579143734034062	39.26055707474504
202.41644557726624	73.76205539337857	30.35288709538065	37.736021794257056
200.13876290083405	74.05164978733157	29.757732446451655	36.996099798291226
198.71624990613373	73.46952133897295	30.35288709538065	37.736021794257056
197.74573295186818	73.78155286619291	29.757732446451655	36.996099798291226
196.64378409119985	73.88741496849353	29.757732446451655	36.996099798291226
195.93771415660746	73.77670414326697	29.757732446451655	36.996099798291226
194.42750145542547	73.42377422953334	29.757732446451655	36.996099798291226
192.90481531719092	72.56487958030026	30.35288709538065	37.736021794257056
191.4805453625166	71.59234969924977	30.959944837288276	38.49074223014219
191.64955717643636	71.10810008518872	30.959944837288276	38.49074223014219
193.132618342298	72.16943070980636	29.757732446451655	36.996099798291226
193.98266969034754	71.82439944936053	30.35288709538065	37.736021794257056
195.01983523352388	72.39413279643128	29.174247496521218	36.27068607675611
196.40220004157584	72.16963472522205	29.174247496521218	36.27068607675611
197.40401208543236	71.75054401438062	29.757732446451655	36.996099798291226
197.78588172521938	70.57275697027298	30.959944837288276	38.49074223014219
198.63561641262288	69.33537760829206	32.21072660871471	40.045768216239935
200.2239499077638	69.04388312503326	32.21072660871471	40.045768216239935
201.8512300957052	68.50656644971976	32.21072660871471	40.045768216239935
203.47985393845332	67.45450811042882	32.854941140889025	40.84668358056473
205.6342166665622	67.42476055777341	32.21072660871471	40.045768216239935
206.0118080065733	66.02315658182607	33.5120399637068	41.66361725217604
206.36164047389815	65.71627805980916	33.5120399637068	41.66361725217604
206.5608383357955	64.88952142468585	34.18228076298095	42.496889597219536
207.7629638924976	64.51209519727084	34.18228076298095	42.496889597219564
209.09565560582217	63.678761498428656	34.865926378240545	43.346827389163934
211.19031721343205	63.85023151120034	34.18228076298095	42.49688959721954
211.96671349077596	63.297327540458156	34.865926378240545	43.346827389163934
213.04962146126346	63.76682409055682	34.18228076298095	42.49688959721956
213.66619891497024	63.7810214670392	34.18228076298095	42.49688959721954
214.32477371143204	63.55786723264874	34.18228076298095	42.49688959721956
214.95223795199618	63.54214719758733	34.18228076298095	42.49688959721956
215.39007270274368	63.515316522092554	34.18228076298095	42.49688959721956
215.63209747092884	63.56874572197852	34.18228076298095	42.49688959721954
215.57226843309587	63.696595834419334	34.18228076298095	42.49688959721956
215.00741369420248	63.692350387538475	34.18228076298095	42.49688959721954
214.46946602061914	63.52092715845469	34.18228076298095	42.49688959721954
213.39575977343586	62.37565849188847	35.56324490580539	44.21376393694723
213.52202265413243	63.07269608481928	34.18228076298095	42.49688959721954
212.80220396241262	63.024552547422296	34.18228076298095	42.49688959721954
211.67812284804816	61.779437310111376	35.56324490580539	44.21376393694723
210.4736704397988	60.865987403933595	36.27450980392149	45.09803921568618
210.09952020529192	60.26483742032864	36.27450980392149	45.09803921568618
209.68987712548858	59.83541623923817	36.99999999999994	45.999999999999886
207.7307040867583	57.730494449610156	38.494799999999884	47.8583999999999
208.74565590472668	58.221128681992504	37.739999999999895	46.919999999999895
207.44466906284958	56.046988681748836	39.2646959999999	48.81556799999988
208.0548335151339	55.70770534637808	38.494799999999884	47.858399999999875
208.8316324265113	57.05347283967522	36.999999999999886	45.999999999999886
208.5253899791824	56.593097937827174	37.739999999999895	46.919999999999895
207.08925137693987	54.80729449260779	39.2646959999999	48.81556799999989
206.59953141617683	54.33757508650327	39.2646959999999	48.81556799999988
206.019486657558	52.54339416750272	40.85098971839989	50.787716947199876
206.5438355546725	53.20683944504552	39.2646959999999	48.81556799999987
206.2102755119789	52.30873238187094	39.2646959999999	48.81556799999987
205.67961964264464	51.16837657565682	40.85098971839989	50.78771694719987
205.214594377264	50.41686017001217	40.85098971839989	50.78771694719987
205.12021268879008	50.208677035338866	40.85098971839989	50.78771694719987
205.52450029407922	51.08008928837323	39.2646959999999	48.81556799999987
205.8383643326682	50.70746663031376	39.2646959999999	48.81556799999987
204.90405666786464	49.56618437834082	40.85098971839989	50.78771694719987
204.90101223990092	49.68449855852715	40.85098971839989	50.78771694719987
204.1725318575067	47.61462536804048	42.501369703023215	52.83954071186673
204.9432316712132	47.422381076518946	43.35139709708369	53.89633152610406
204.52165716565415	46.82868503941154	42.501369703023215	52.83954071186673
204.19048610608544	44.60543957573472	44.21842503902536	54.97425815662615
204.75812080776234	45.395250884933006	44.21842503902536	54.97425815662615
204.34969602177298	45.201765604249374	44.21842503902536	54.97425815662615
204.63016653610222	44.45971913261151	45.10279353980587	56.07374331975868
204.8738233254697	45.32499968977697	44.21842503902536	54.97425815662615
206.42548089168451	46.354958867299175	43.35139709708369	53.89633152610406
206.0140238467968	44.790556211722645	44.21842503902536	54.97425815662615
206.16709136283205	45.58389624662664	44.21842503902536	54.97425815662615
206.3406979115082	44.84562098606666	45.10279353980587	56.07374331975868
207.09905098146663	44.46466476139591	45.10279353980587	56.07374331975868
208.9239707284058	44.594458540009356	45.10279353980587	56.07374331975868
210.94829183757253	44.503936485430174	44.21842503902536	54.97425815662615
213.13059714202313	43.6781622585558	45.10279353980587	56.07374331975868
215.62759027232656	42.64215224090937	46.92494639881406	58.33912254987692
218.0674841953564	42.68827201735895	45.1027935398059	56.07374331975867
220.5245022060363	41.15911560365881	46.92494639881403	58.3391225498769
223.03386675945399	41.07728662506742	46.92494639881403	58.33912254987691
223.8876126786763	40.44093547880839	46.92494639881403	58.3391225498769
225.1027805858438	40.85270075410835	46.92494639881403	58.3391225498769
227.48354224140954	41.2158062172649	46.00484941060196	57.195218186153824
228.047741514013	39.99057116975593	46.92494639881403	58.33912254987691
229.87842272288333	39.75080896380397	46.92494639881403	58.33912254987691
228.7813717478894	37.72022751041453	48.8207142333261	60.69602310089192
229.8154637627087	37.13662188581006	48.8207142333261	60.69602310089192
229.58009022175344	37.45710597175268	48.8207142333261	60.69602310089192
230.66219729056658	39.539459466966576	46.924946398814	58.33912254987689
228.40955980091516	38.5542909435588	47.8634453267903	59.505905000874435
229.20001169230736	40.37489687679093	46.00484941060196	57.195218186153824
227.21621576584536	38.2851709899311	47.8634453267903	59.505905000874435
227.23675029629308	40.70071509626467	46.00484941060196	57.195218186153824
224.5354762987357	38.79193610293582	47.8634453267903	59.505905000874435
224.3064229756665	40.2014598931636	46.924946398814	58.33912254987689
221.7028042155938	38.836590136921025	47.86344532679027	59.50590500087443
219.5035915712602	37.86354253159989	49.79712851799263	61.909943562909746
218.88622295221364	38.40340949148939	48.8207142333261	60.696023100891914
217.64366172981818	40.90645137369828	46.92494639881403	58.33912254987688
215.93500231353448	42.460584255240676	45.10279353980587	56.07374331975862
214.33548040360765	41.92906713367499	46.00484941060196	57.195218186153795
213.96995987061248	41.244809951736485	46.924946398814	58.33912254987689
213.27935351647866	42.75847733423507	46.00484941060196	57.195218186153795
212.1086198486761	44.465345816924874	44.218425039025334	54.974258156626114
212.29709419945763	46.502084568126016	43.35139709708369	53.89633152610403
211.64223870047516	48.16820992936546	42.501369703023215	52.839540711866675
211.9135391524746	51.11506941871332	40.85098971839983	50.78771694719981
211.13690772540554	52.98505185108317	40.85098971839983	50.78771694719981
211.58532609790024	55.6164266166123	39.264695999999844	48.815567999999814
212.94313617534235	59.06598819251198	37.73999999999984	46.91999999999982
212.93384887060802	60.21081178660313	36.27450980392143	45.0980392156861
213.12708904107234	61.44212521212195	34.86592637824049	43.34682738916388
213.63584813269262	63.10832622744935	33.51203996370674	41.66361725217595
213.53010576611786	63.622239903797	32.85494114088897	40.84668358056465
211.7780739800198	62.688383661182826	34.182280762980895	42.49688959721948
210.84973282851587	63.298892327978706	33.51203996370674	41.66361725217595
210.0607771712781	64.13919507633375	32.85494114088897	40.846683580564644
207.41678180182873	65.00433194629746	32.85494114088897	40.846683580564644
206.4330486551081	64.41961889393875	34.182280762980895	42.49688959721945
203.94376860527944	65.901382886762	33.51203996370674	41.66361725217595
200.63678405467255	68.49318434626414	32.21072660871465	40.04576821623985
199.10317670484764	69.59193327863963	33.51203996370674	41.66361725217595
198.74308583662744	70.69663972365846	32.85494114088897	40.846683580564644
198.69136591034004	72.12778695955717	31.579143734034005	39.26055707474495
197.54646615964313	73.2767506643226	30.95994483728822	38.490742230142104
196.20958117604852	74.58797990280314	30.352887095380595	37.73602179425694
196.2571341769773	75.14507439917756	29.75773244645154	36.99609979829114
195.27617837184548	75.74434786291849	30.352887095380595	37.73602179425694
195.6598316145019	75.65211730916886	30.352887095380595	37.73602179425697
196.41354987027938	75.89358857927002	30.352887095380595	37.73602179425694
193.97709518041376	75.05976017044577	31.57914373403395	39.26055707474492
192.97813392560542	75.19913118442685	32.21072660871465	40.04576821623982
194.38181410040036	75.21985088555166	31.57914373403395	39.26055707474492
193.7296170254947	74.99509090052311	32.21072660871465	40.04576821623982
193.39412568495896	75.15748570540089	31.57914373403395	39.26055707474492
193.50746887815475	76.48170043524891	30.352887095380595	37.73602179425694
193.3581761272766	76.30558578775725	29.17424749652116	36.27068607675602
191.84285189470447	76.51958219140198	30.352887095380595	37.73602179425694
189.66718644162694	76.11422324306983	31.57914373403395	39.26055707474492
187.67999687573496	76.17052684892417	32.85494114088891	40.846683580564616
185.74565558672828	76.64646542705599	33.51203996370674	41.663617252175925
185.15942317822993	77.13491585511767	32.21072660871465	40.04576821623982
184.3702463061456	77.73145818956212	32.21072660871465	40.04576821623985
185.2786137618646	78.40645213605134	30.95994483728822	38.490742230142104
186.64362818995934	79.8423653614592	29.75773244645154	36.99609979829114
187.29690179324308	80.60318172971026	29.75773244645154	36.99609979829114
187.29575153762022	81.648154263181	29.17424749652116	36.27068607675599
187.44120394734406	83.12686721690346	30.352887095380595	37.73602179425694
189.0225773481228	83.0164818936198	30.352887095380595	37.73602179425694
189.81840932804735	82.36719450145105	31.57914373403395	39.26055707474492
191.47023727655636	81.83342688235827	30.95994483728822	38.490742230142075
193.5784420449525	80.79562040371803	30.352887095380595	37.73602179425694
195.5140961022094	79.26468842895073	29.75773244645154	36.99609979829111
196.47997096639534	78.34138763515517	29.75773244645154	36.99609979829111
196.58851179202367	77.30815043289267	30.95994483728822	38.490742230142075
197.18987266889937	76.83012564520645	32.21072660871465	40.04576821623982
199.4633639415248	76.61815741576254	33.51203996370674	41.663617252175925
202.21980040688462	76.09183440763772	34.18228076298084	42.49688959721942
204.6843642999505	76.27839320627629	34.18228076298084	42.49688959721942
206.752200968782	77.06872595879452	34.18228076298084	42.49688959721945
208.8503485945852	76.93231863562897	34.18228076298084	42.49688959721942
209.66980385167113	76.64404009991756	34.18228076298084	42.49688959721945
212.06282447165566	75.59879009996372	32.85494114088891	40.846683580564616
213.88768244544585	74.27646743546875	32.85494114088891	40.846683580564616
216.41727925204955	73.29659207024196	34.18228076298084	42.49688959721945
220.716533323177	74.1137866525448	34.18228076298084	42.49688959721945
224.36453886074807	75.84711876893675	32.85494114088894	40.846683580564616
225.30917646254062	76.92960066841661	34.18228076298084	42.49688959721945
226.47303205048377	77.08635995657491	34.18228076298084	42.49688959721942
224.97649527887273	76.46752586473826	35.56324490580528	44.21376393694709
225.051191610241	77.07873256016725	34.18228076298084	42.49688959721942
224.65083200332862	76.19227060171536	34.18228076298084	42.49688959721945
224.645841352339	75.59678615554634	33.512039963706684	41.663617252175925
221.8148324244109	74.57974065043456	34.18228076298084	42.49688959721942
219.29104591684958	74.09249231319382	34.86592637824049	43.34682738916382
216.93661456657003	73.43606747926705	35.56324490580528	44.21376393694712
216.64136334113505	73.99864633364169	34.18228076298084	42.49688959721945
214.45686118093354	73.80911279757518	34.18228076298084	42.49688959721945
213.28964193517618	73.36599165648485	32.85494114088897	40.846683580564644
210.04450111153585	73.07719971090532	34.18228076298084	42.49688959721945
207.82217619463304	73.04436460304697	34.18228076298084	42.49688959721945
206.63475367127185	72.80854234914602	34.18228076298084	42.49688959721945
205.24252766158796	71.90017958656543	35.56324490580528	44.21376393694709
204.45625510490996	71.41847268997668	36.99999999999983	45.99999999999977
204.46828607116703	69.81591038136361	36.99999999999983	45.99999999999977
205.04664059378248	68.23199442792583	35.56324490580528	44.21376393694712
205.41569251655548	66.46974107119098	34.18228076298084	42.49688959721945
204.86239409927848	64.64898752620536	34.18228076298084	42.49688959721945
204.71342983371798	63.13431929508193	34.18228076298084	42.49688959721944
204.00866741829563	60.826063350058256	35.56324490580528	44.213763936947096
203.24804650806055	58.623006645974215	36.274509803921376	45.09803921568604
204.34193931808312	57.32939962798211	36.99999999999983	45.99999999999977
204.33300941474047	56.6426677335612	36.99999999999983	45.99999999999977
203.38345088988194	54.93237942475925	38.49479999999977	47.85839999999976
203.2107091203647	54.6837778883542	38.49479999999983	47.85839999999976
202.3805189047463	54.899552644937	37.73999999999978	46.91999999999976
200.78743790398335	55.26584685807221	36.274509803921376	45.09803921568604
199.26823748141203	55.83922195433555	36.99999999999977	45.99999999999975
196.46807666093937	55.727479973846144	36.274509803921376	45.09803921568604
196.14780375961348	55.13300847382601	37.73999999999978	46.91999999999976
196.094274156675	55.721897454696595	36.99999999999977	45.99999999999975
193.6198023971486	55.968953304473786	35.56324490580528	44.21376393694709
193.32948584830055	56.53183574643606	34.18228076298084	42.49688959721942
192.56550361696435	57.6790799062623	32.85494114088891	40.846683580564616
192.11500022259546	58.312546291202835	32.21072660871465	40.04576821623982
191.69861181085798	58.92221946742171	31.57914373403395	39.26055707474492
191.0814421017179	59.38522744171422	31.57914373403395	39.26055707474492
189.9789684611211	59.24788503580412	32.21072660871465	40.04576821623982
190.2468963700596	59.66664986990344	31.57914373403395	39.26055707474492
190.8634000551928	60.85090580020713	30.352887095380595	37.73602179425694
190.96496195885203	61.29686950881478	30.352887095380595	37.73602179425694
190.6612082220791	61.8612450710382	30.352887095380595	37.73602179425694
190.32477538166935	61.57666419697563	30.959944837288162	38.490742230142075
190.36585651145535	61.671162147591644	31.57914373403395	39.26055707474492
191.05430636016624	62.482103742053084	30.959944837288162	38.490742230142075
191.35392217717657	62.561575293674565	30.959944837288162	38.490742230142075
192.4552104481654	63.62299338007044	29.75773244645154	36.99609979829111
191.70564754249074	63.49554599028234	30.352887095380595	37.73602179425694
191.5941058441116	63.415924267453235	29.75773244645154	36.99609979829111
192.05843941141768	62.913151964100194	29.75773244645154	36.99609979829111
193.09857220981561	61.434639570926734	30.352887095380595	37.73602179425694
195.1863259443744	60.42105468516033	29.75773244645154	36.99609979829111
195.46879704105976	59.60732807835595	30.352887095380595	37.73602179425694
196.67828486272347	58.79995056749419	30.352887095380595	37.73602179425694
197.96869407326724	57.5711207611519	31.57914373403395	39.26055707474492
200.26950164177197	56.91101613538108	32.85494114088891	40.846683580564594
202.327277595228	57.07800185985424	34.18228076298084	42.49688959721942
203.01187703411193	57.45881471941103	35.56324490580528	44.21376393694707
205.8758075228409	58.32491749746633	36.274509803921376	45.098039215686015
207.8395674165777	59.617290057316055	36.274509803921376	45.098039215686015
208.65489960925547	60.85996488720937	34.86592637824043	43.34682738916379
208.64267667831732	62.76735016544214	33.512039963706684	41.6636172521759
208.68869803863203	63.2266391344909	34.18228076298084	42.4968895972194
211.14478182824453	64.85905283870466	32.85494114088891	40.84668358056459
213.74731098068	66.89453407447415	31.57914373403395	39.260557074744895
215.45367489769762	68.84472462585651	32.210726608714594	40.04576821623979
216.58573854360858	71.85932557912628	33.512039963706684	41.6636172521759
218.5191152222454	75.92310021663124	32.210726608714594	40.04576821623979
219.53289372885996	79.59700667120184	30.959944837288162	38.49074223014205
219.74604117231132	81.52326065678058	32.210726608714594	40.04576821623979
219.83762131808862	83.33061123920058	32.85494114088891	40.84668358056459
221.28551672289723	85.68290302750243	31.57914373403395	39.260557074744895
221.40650613095377	88.36489199051086	32.85494114088891	40.84668358056457
222.4861033246248	91.1157028819267	32.85494114088891	40.84668358056459
223.6791660557577	93.30914141426724	32.210726608714594	40.04576821623978
223.52212892993003	94.51134863370869	32.210726608714594	40.04576821623978
223.18465580452494	95.14867099962296	33.512039963706684	41.66361725217587
223.3364785037039	96.99821741024518	32.85494114088888	40.84668358056457
224.99254447045053	98.58261426503762	32.210726608714594	40.04576821623979
225.7327534623558	100.61876385412592	33.512039963706684	41.66361725217587
227.41934914948882	102.63816297987907	32.210726608714594	40.04576821623979
226.410976912262	103.07166832832885	33.512039963706655	41.66361725217587
224.59961072940825	102.56461715510135	34.86592637824043	43.34682738916378
223.00875701761126	102.9283159084593	35.56324490580525	44.21376393694706
222.00614869440858	103.51807962451538	34.18228076298084	42.49688959721938
219.30645488594604	103.07644331473446	34.86592637824043	43.346827389163764
216.64646697499006	102.97219369457397	34.86592637824043	43.34682738916379
212.07922724646173	102.47723921938265	36.27450980392132	45.098039215685986
209.80582219499175	102.45720517050837	35.56324490580522	44.213763936947046
206.5907105844432	102.45747411524513	36.99999999999977	45.999999999999716
200.09106773414328	101.94324131869293	38.49479999999977	47.85839999999969
197.60441282175447	102.31595617474976	36.99999999999977	45.9999999999997
194.0438698033376	100.84901760556625	36.27450980392132	45.098039215685986
192.7031454726992	100.75607677271289	36.99999999999977	45.9999999999997
190.58977724314562	99.63201840476066	38.49479999999977	47.858399999999676
191.74131350480735	99.86311316467496	36.99999999999977	45.999999999999716
190.61786122078024	99.67534276051099	37.73999999999978	46.91999999999969
188.20753228889188	98.16269734871015	39.26469599999973	48.815567999999686
188.07077250251848	98.18731073346842	37.739999999999725	46.9199999999997
187.55861247496426	97.69028631476236	36.99999999999977	45.9999999999997
188.31870408999268	96.70755389941726	35.56324490580522	44.21376393694703
185.98232416339678	94.54435611841757	36.27450980392132	45.09803921568596
184.1859481288863	93.67888300370876	36.99999999999977	45.99999999999969
182.7296777050926	93.27303145704988	36.99999999999977	45.99999999999969
183.49899890069707	92.47036130139392	35.56324490580522	44.21376393694703
181.98275261553857	92.1059119889008	35.56324490580522	44.21376393694703
181.6512513984997	91.77713910123408	34.18228076298078	42.49688959721935
180.374215383617	91.2377545548644	34.18228076298078	42.49688959721938
180.7115676080789	90.64541343078382	32.85494114088891	40.84668358056457
182.17847114927864	90.22237020303135	32.210726608714594	40.045768216239765
182.8263261512035	90.20147607840529	30.959944837288162	38.490742230142004
184.61126006745982	91.38312183580463	30.352887095380538	37.73602179425687
186.4589324771235	91.68405396862445	29.757732446451485	36.996099798291056
188.88447666809986	92.64288819656461	28.602203427961854	35.5594961536823
190.78034842763637	92.71685422683025	28.602203427961854	35.5594961536823
193.1164193997833	92.65795891802128	29.174247496521104	36.270686076755936
195.8276812028115	93.78387931816316	29.174247496521104	36.27068607675592
200.42056817299047	93.32267728701437	29.757732446451485	36.99609979829107
200.99589818517805	94.52117584129769	29.757732446451485	36.996099798291056
201.2585236145808	93.4398725633159	30.352887095380538	37.736021794256885
198.71969900353932	93.04810246353505	30.352887095380538	37.73602179425687
199.587328671477	88.02929810669413	30.352887095380538	37.736021794256885
197.34598381331654	85.40513946330705	29.174247496521104	36.270686076755936
192.51659372451238	81.8516392662925	30.352887095380538	37.73602179425686
190.26780369291066	80.87439167509882	31.57914373403389	39.26055707474484
186.55572768527304	80.53618936373705	32.854941140888855	40.84668358056453
187.37736845815877	77.41339778394945	32.210726608714594	40.045768216239736
186.56086128207914	76.70308815151769	31.57914373403389	39.26055707474484
185.1483682922069	75.23221757205764	32.854941140888855	40.84668358056453
203.94427976689067	66.45619296276178	34.18228076298078	42.49688959721934
182.96329792628012	71.17421683870529	32.854941140888855	40.84668358056453
183.0882176682161	71.12080766983908	32.210726608714594	40.045768216239736
181.2466895346995	72.40486101435371	32.210726608714594	40.045768216239736
184.58250419478054	74.3914159944374	32.854941140888855	40.84668358056453
189.29395908215864	78.91951173050774	31.57914373403389	39.26055707474484
192.8904997101291	84.3352427308436	30.352887095380538	37.73602179425686
194.11523722321294	90.14131464027646	31.57914373403389	39.260557074744824
196.81095376614928	95.54338370440078	30.352887095380538	37.73602179425686
198.00687524897086	97.67728177169805	30.959944837288106	38.490742230141976
200.22079832193455	101.15189064694911	29.757732446451485	36.99609979829103
201.18606356947532	103.32472427956813	30.35288709538048	37.73602179425686
202.77516623120553	104.68962783443342	29.174247496521048	36.27068607675591
205.13367805615496	106.83949087998985	28.041375909766487	34.86225113106104
206.27944789154904	107.96821008926071	26.952495107426444	33.50850743085451
208.38326412076594	109.8620357111883	26.424014811202426	32.851477873386784
208.6253316542381	109.03388280218064	25.90589687372784	32.20733124841843
209.71310686278528	110.56700638668126	24.899939324997945	30.956681322970397
209.7254263958772	110.45178830405865	24.411705220586214	30.34968757153962
208.75601929219974	109.80459081747298	24.411705220586214	30.34968757153962
206.9948047899923	107.88623163478563	24.899939324997945	30.956681322970397
206.17727558252528	106.87350545072559	25.397938111497922	31.575814949429827
204.82656959224082	105.56967511760679	26.424014811202426	32.85147787338677
203.12976580282276	103.29947641995946	27.491545009574963	34.17867757947161
200.4616375704996	101.32852542575286	28.602203427961797	35.55949615368225
200.83207321227226	99.62070862599579	28.041375909766487	34.86225113106103
199.48346069060395	97.51841838763752	27.491545009574963	34.17867757947161
198.66497395108362	95.73453830802647	28.041375909766487	34.86225113106103
197.63843145406238	94.65984509888277	28.041375909766487	34.86225113106103
197.15381235823287	92.90090340752913	28.041375909766487	34.86225113106104
195.84334494069876	90.69138386020201	28.602203427961797	35.55949615368226
196.074218237558	90.21161450820183	28.041375909766487	34.86225113106104
195.53423445371834	89.02811967711045	28.602203427961797	35.55949615368226
195.23204775093308	88.7905651994844	29.174247496521048	36.27068607675591
194.89905578142657	89.24203716045598	30.35288709538048	37.73602179425683
193.60354332160477	89.50520508276945	31.57914373403389	39.260557074744824
195.34934492087777	91.40484483521186	30.35288709538048	37.73602179425683
196.38572831850547	92.84891216376738	29.757732446451485	36.99609979829103
197.3094741792648	94.23030834255744	29.757732446451485	36.996099798291
197.3309684944719	95.78561910159621	29.757732446451485	36.996099798291
198.39352536877652	97.08259972457822	29.174247496521048	36.27068607675588
199.37779134877408	98.32885822645812	29.174247496521048	36.27068607675588
200.24535463800294	99.50412400335274	29.174247496521048	36.270686076755894
200.75719954161303	101.21230322031285	29.757732446451485	36.99609979829101
201.6855652464111	102.28374314476729	29.757732446451485	36.99609979829101
202.08531048501044	102.92462265576653	28.602203427961797	35.55949615368225
203.54759068596067	104.3081409722547	28.041375909766487	34.862251131061015
203.75915928479634	104.71730591623472	28.041375909766487	34.862251131061015
203.96029493142487	104.88469223126738	28.041375909766487	34.86225113106103
203.87574747094592	104.88549650370064	28.041375909766487	34.862251131061015
203.52238663794367	104.57260623126531	28.041375909766487	34.86225113106103
203.70665713197943	104.49484734554626	28.041375909766487	34.86225113106103
203.59054799315263	104.09660376773081	28.041375909766487	34.862251131061015
201.88955920697663	102.50460956628574	28.602203427961797	35.55949615368225
201.00186816046448	101.46467457155548	29.757732446451428	36.99609979829101
201.11060056312346	101.63096590253593	28.602203427961797	35.55949615368223
200.49010516073275	100.51699583954465	28.602203427961797	35.55949615368223
198.99484016008574	98.04330426266046	28.602203427961797	35.55949615368223
197.1955453838661	95.079293195773	28.041375909766487	34.862251131061015
195.30622287634176	88.91702115051199	28.041375909766487	34.862251131061015
192.19653671913855	83.88976815316414	29.174247496521048	36.27068607675588
190.27520935635897	80.22043261971108	29.757732446451428	36.996099798291
188.31589684681876	76.56790588015456	29.757732446451428	36.996099798291
185.23402406155716	72.76344412975092	30.959944837288106	38.49074223014193
184.97317701279798	70.73581738819749	29.757732446451428	36.99609979829097
184.41794428813853	68.81649922761062	28.602203427961797	35.55949615368223
183.5201196273304	67.22877172911602	28.602203427961797	35.55949615368223
183.90085590734557	66.45356436965744	27.491545009574963	34.178677579471554
184.90939405008746	66.78199048942173	26.42401481120237	32.851477873386756
184.07915892175802	66.39855273338854	26.952495107426444	33.50850743085448
185.02208760464788	67.47200448495246	25.90589687372784	32.20733124841837
186.45748805794264	68.91007918269241	24.899939324997888	30.956681322970354
187.23310066523968	70.42362254673371	25.397938111497865	31.57581494942977
188.13804360264825	72.44130483087818	26.42401481120237	32.851477873386756
188.37342286210506	74.42512392757595	26.952495107426444	33.50850743085448
189.8914085850998	77.8362180907503	28.04137590976643	34.86225113106099
190.51905760024658	79.83974508061465	29.17424749652099	36.27068607675585
192.97865323560495	84.63431728955817	28.04137590976643	34.86225113106099
194.76324704934018	87.81537226156745	27.491545009574963	34.178677579471554
196.71980778262173	93.21818650761637	28.04137590976643	34.86225113106099
199.11544717366866	97.44118163340423	28.04137590976643	34.86225113106099
200.66929105831395	100.50190026884209	28.602203427961797	35.559496153682204
202.50321617666762	104.11869180281889	29.757732446451428	36.99609979829097
204.64435422527015	106.01319011152702	28.602203427961797	35.559496153682204
207.40051343671772	108.6836316425249	27.491545009574963	34.17867757947154
209.80878739789776	110.38930573453177	26.952495107426444	33.50850743085448
211.09295623829536	110.97668492121505	28.04137590976643	34.86225113106099
212.35078077794162	111.8957276281009	28.04137590976643	34.86225113106099
211.7950247073118	111.25482481950223	29.17424749652099	36.27068607675585
212.25142698100274	111.343411288786	29.757732446451428	36.99609979829097
210.96077378953655	110.49391803741406	30.95994483728805	38.490742230141905
210.8464453091356	110.23014436397037	30.95994483728805	38.490742230141905
209.6816103169556	109.66299205468965	30.95994483728805	38.490742230141905
208.49882397965047	109.65059952707924	30.95994483728805	38.490742230141905
207.78965084374627	109.84423010473014	30.35288709538048	37.73602179425677
204.27023798232935	107.66468363100742	31.579143734033835	39.26055707474475
204.33144707292732	106.33964622145248	30.35288709538048	37.73602179425677
203.40913734685327	104.83819995939683	29.757732446451428	36.99609979829097
201.74647919831153	102.4372204406594	29.17424749652099	36.27068607675584
200.59210881485689	99.80873655616068	28.602203427961797	35.559496153682204
199.63791907792128	97.01074619494725	27.491545009574963	34.178677579471554
198.02990167416405	94.48768202584598	27.491545009574963	34.17867757947154
197.0717269828802	91.4973508907544	28.04137590976643	34.86225113106096
196.16221542813634	88.68058276126803	28.04137590976643	34.86225113106099
195.28227582107286	86.88627786720923	28.04137590976643	34.86225113106099
194.55076628357804	85.20859787037497	28.04137590976643	34.86225113106099
193.88559191791092	83.6652220077076	27.491545009574907	34.178677579471525
193.57539763127858	83.15083377656353	28.04137590976643	34.86225113106096
192.20075646847718	81.32103823298344	29.17424749652099	36.27068607675582
192.01276591359698	80.90609051545222	29.17424749652099	36.27068607675582
192.30534730806113	81.15444021322136	28.60220342796174	35.559496153682204
192.74068773526764	81.42010168703868	28.60220342796174	35.559496153682176
192.36870078021576	82.35367103890012	29.17424749652099	36.27068607675582
192.63113236268987	83.09442770071502	29.17424749652099	36.27068607675582
193.71539509937367	84.53695997648401	28.60220342796174	35.559496153682176
194.32763600235995	86.15389766458617	28.60220342796174	35.559496153682204
195.84377337427105	88.52464724428137	27.491545009574963	34.178677579471554
196.86733750318086	91.09529118612143	28.04137590976643	34.86225113106096
197.0638767692438	93.21879178414977	28.60220342796174	35.559496153682204
198.2574603683207	95.4648624348477	28.60220342796174	35.559496153682176
200.49680851537875	98.31213797523918	27.491545009574963	34.178677579471554
200.7785789868075	100.15406478775947	28.60220342796174	35.559496153682176
201.71246924171328	102.018531705767	29.17424749652099	36.27068607675582
204.08768643968625	104.35563514540533	28.04137590976643	34.86225113106096
205.07270050247394	105.69184175076994	28.04137590976643	34.86225113106097
206.09603240687494	106.80454283606791	26.952495107426387	33.508507430854436
207.57506004959154	108.49368543332561	26.42401481120237	32.85147787338671
208.01417182484414	108.69209402728572	25.905896873727784	32.20733124841834
208.22321299539334	109.15392598234115	25.905896873727784	32.20733124841834
208.38172383908778	109.25815355582665	26.42401481120237	32.8514778733867
208.04879048282328	108.76515882395874	25.905896873727784	32.20733124841833
208.36586088702256	108.7126249179795	25.397938111497808	31.57581494942974
207.57321893253607	107.94630267957223	25.397938111497808	31.57581494942974
206.97555492971094	107.3254249111157	25.397938111497865	31.57581494942974
205.47785362145513	105.79111844194254	26.42401481120237	32.851477873386685
203.4534334993002	103.42995819035592	27.491545009574907	34.17867757947154
203.7226401124384	102.78207740461706	26.42401481120237	32.85147787338671
202.60114244376234	101.17924112119945	26.42401481120237	32.8514778733867
201.7198698414132	98.82594690619763	25.905896873727784	32.20733124841834
200.05159592547002	96.81415450429675	26.952495107426387	33.508507430854436
198.93654625818183	95.40837702263002	26.952495107426387	33.50850743085442
197.91322811451454	93.66597870975919	27.491545009574907	34.178677579471525
198.7200554920203	92.99539623579342	26.424014811202312	32.8514778733867
196.99346301301804	91.20013350449204	27.491545009574907	34.178677579471525
196.76859507836085	90.88047661022034	28.04137590976643	34.86225113106093
197.02936871310447	90.72675057907402	26.952495107426387	33.50850743085442
198.04557357236575	91.64005041972467	26.424014811202312	32.8514778733867
198.35724558321246	91.98424587434963	26.424014811202312	32.85147787338667
198.65145837665932	93.00127687240729	26.424014811202312	32.85147787338667
198.03204866370226	93.26471481812419	26.952495107426387	33.50850743085442
197.4921707268132	93.14201519067615	27.491545009574907	34.178677579471525
197.08277592700654	93.49009675988108	28.04137590976643	34.86225113106093
196.67353163523595	93.30280351697257	28.04137590976643	34.86225113106096
195.9382636975477	93.25345715806114	28.04137590976643	34.86225113106096
195.03235599281646	92.35187539293284	27.491545009574907	34.1786775794715
194.17900176825157	91.20402274607076	27.491545009574907	34.1786775794715
193.8504268892241	90.18985419211162	28.04137590976643	34.86225113106093
193.7221836993567	89.02503894192941	28.04137590976643	34.86225113106093
193.94537124282823	87.518942674965	28.04137590976643	34.86225113106093
193.00543663672502	85.37822143829045	29.17424749652099	36.270686076755794
193.1269443547702	84.72040630337966	30.352887095380424	37.736021794256715
191.99193951926907	82.67053911241513	31.579143734033778	39.260557074744696
192.38222833344378	82.3132626756564	30.959944837287992	38.490742230141876
192.10116383161343	81.12532979293823	31.579143734033778	39.260557074744696
193.76803247938653	81.08845790143151	30.352887095380424	37.736021794256715
193.45385146543063	79.68496492978991	30.959944837287992	38.490742230141876
195.0022682526416	78.7060970987888	30.352887095380424	37.736021794256715
194.68631024223862	77.50913049186528	30.959944837287992	38.49074223014185
196.18095410935945	77.5259056528478	30.352887095380424	37.736021794256715
194.87987808932198	76.89867947898298	31.579143734033778	39.260557074744696
193.8287240384462	76.70504556800071	32.85494114088874	40.84668358056439
192.5104909774879	76.2550835895656	34.18228076298067	42.496889597219194
190.93305722276702	76.71066370669408	35.56324490580505	44.21376393694683
190.60143475364194	77.19787448966714	34.86592637824026	43.346827389163565
188.98805152926178	77.30988366662473	36.27450980392115	45.09803921568576
188.58016294022093	77.4490395933439	36.9999999999996	45.99999999999949
188.39751364297868	76.7141979775163	36.27450980392115	45.09803921568579
188.23765357455784	75.81292238886428	36.27450980392115	45.09803921568576
187.3882523267285	74.25467135479354	36.9999999999996	45.99999999999949
185.28188908683447	70.63780477448537	36.27450980392115	45.09803921568576
183.86906558854844	67.6361873993398	35.56324490580505	44.21376393694683
184.45244831429966	66.1494336303341	34.18228076298067	42.496889597219166
184.3273964477559	64.00792506861688	32.85494114088874	40.84668358056439
184.240962054823	62.39352375516977	31.579143734033778	39.260557074744696
183.33191298807836	61.765025635459224	31.579143734033778	39.260557074744696
183.63863508197733	62.105631847191646	30.352887095380424	37.736021794256715
182.7966434297034	61.619551943089924	29.174247496520934	36.27068607675577
181.8382744512574	62.879793399417785	29.174247496520934	36.27068607675577
180.41916412698325	69.6458864073311	30.352887095380424	37.736021794256715
178.1619856275158	77.63286239064794	29.75773244645137	36.996099798290885
173.72789571676643	83.96888421518467	30.959944837287992	38.49074223014185
172.12458128814856	93.62427101095527	30.959944837287992	38.49074223014186
174.2817700750724	98.84633107076795	29.75773244645137	36.996099798290885
177.11088693187975	103.84960830519654	28.60220342796174	35.55949615368212
179.83838399458074	109.62024518457937	28.60220342796174	35.55949615368212
181.03729977148095	114.00762749069025	28.602203427961683	35.55949615368212
182.15024062827652	117.26271390137093	29.75773244645137	36.9960997982909
182.24718181440292	117.94073495384865	30.959944837287992	38.49074223014185
185.5628631611554	120.61816288917804	29.75773244645137	36.99609979829087
185.6531320845076	121.25833205649371	30.959944837287992	38.49074223014185
187.70016655520917	122.48103489541279	30.959944837287992	38.49074223014185
189.21322976663447	123.52602661021365	30.959944837287992	38.49074223014185
189.75341302386596	124.32720271998419	32.210726608714424	40.04576821623955
191.79365889928926	126.27422606867202	30.959944837287992	38.49074223014185
193.22501545498986	127.90695695903192	30.352887095380368	37.7360217942567
194.10387661579912	129.46251063681254	29.75773244645137	36.99609979829086
194.08869873025515	130.45272907284206	30.352887095380368	37.736021794256715
194.3551863890895	131.10837059920874	30.352887095380368	37.736021794256715
193.53766787425167	131.38739294861585	30.959944837287992	38.49074223014185
193.65880599710906	131.97390913748845	30.959944837287992	38.49074223014185
194.07497230825513	132.6510442484586	30.959944837287992	38.49074223014185
193.89139267789557	133.65408388496843	30.959944837287992	38.49074223014185
195.14502296612397	135.47355957600394	30.352887095380368	37.736021794256715
195.83028357853985	136.91896227744337	29.75773244645137	36.99609979829086
194.88621059075126	136.47782035725186	30.959944837287992	38.49074223014179
