152	77	62	42
153.97946564586226	78.22667207139722	60.78431372549022	41.176470588235276
154.2063820462534	77.6241512108044	60.78431372549022	41.176470588235304
154.08067457452506	77.18355004183235	60.78431372549022	41.176470588235276
152.65920366940696	75.85107353365677	63.24000000000001	42.84
152.2028470888642	75.1368311713685	64.50479999999999	43.696799999999996
152.8525612594139	74.85010776137943	63.24000000000001	42.84
151.6168710320286	72.97874645939942	65.794896	44.57073599999998
153.55071151517953	73.80168592161851	63.24000000000001	42.84
153.0062374133688	73.40674453001824	63.24000000000001	42.839999999999975
152.3867246496289	72.92427121548266	64.50479999999999	43.696799999999996
153.71572835708045	73.55699679412172	62.0	41.99999999999997
154.82256396635302	72.93770407435994	60.784313725490165	41.176470588235276
155.0490952238151	71.79468525955896	60.784313725490165	41.176470588235276
153.89053774759913	69.60196667201899	63.23999999999995	42.839999999999975
153.2335152893938	68.90187646696685	64.50479999999999	43.696799999999996
153.2906961722265	68.4113850866284	64.50479999999999	43.696799999999996
154.78307570030196	67.97483495100226	64.50479999999999	43.696799999999996
155.95602800511932	70.35913972729641	61.99999999999994	41.99999999999997
155.33856259266514	69.26211772000727	64.50479999999993	43.69679999999997
154.37349511844172	68.67506763414352	65.79489599999994	44.570735999999954
155.14346403229507	69.3765413168366	64.50479999999993	43.69679999999997
154.78753420632972	69.10717575155036	64.50479999999999	43.69679999999997
154.2257043361235	69.33814669410793	64.50479999999999	43.69679999999997
153.91638216991208	70.35149900668735	63.23999999999995	42.839999999999975
152.67498576186082	71.07159491003861	63.23999999999995	42.839999999999975
153.3870129509682	71.70520124400059	60.784313725490165	41.176470588235276
152.37799576855707	71.55877371823252	60.784313725490165	41.17647058823525
151.0932328902498	71.71749529227591	60.784313725490165	41.176470588235276
149.4521611972017	71.99346610700388	60.784313725490165	41.176470588235276
147.73336955430463	71.93685423871247	60.784313725490165	41.17647058823525
146.25672955337726	71.44196755333982	60.784313725490165	41.176470588235276
143.9907598405965	71.26756725088396	60.784313725490165	41.17647058823525
142.88556252980695	71.53134728974305	60.784313725490165	41.176470588235276
140.85825568457014	71.67062905260809	60.784313725490165	41.176470588235276
139.7306596057596	70.79653550158869	60.784313725490165	41.17647058823525
139.77721099140877	71.48925691713879	58.423984741916684	39.577538050975846
136.30468789641648	70.98494220003948	60.784313725490165	41.176470588235276
133.68834798859183	71.35317591995886	60.784313725490165	41.176470588235276
133.12614350328874	71.72358551254126	60.784313725490165	41.176470588235276
131.99611075627533	72.28018016969509	60.784313725490165	41.17647058823525
129.7732351257417	72.15753262786853	60.784313725490165	41.17647058823525
128.48681760499056	72.97303204931248	60.784313725490165	41.176470588235276
126.66832088839665	73.3663447549736	60.78431372549015	41.17647058823525
125.41461265679946	73.5169983350485	60.78431372549015	41.176470588235276
123.68284943641994	73.59159233152135	60.78431372549015	41.17647058823525
121.83918935986263	73.14025861377715	60.78431372549015	41.17647058823525
120.39129053384151	72.8769386246205	60.78431372549015	41.17647058823525
120.30899319900814	73.27227095516002	59.59246443675505	40.36908881199534
118.35353330849593	72.52179577483332	60.78431372549015	41.176470588235276
117.49305014317538	72.40262630538703	60.78431372549015	41.17647058823525
116.8246099441182	72.28529269022692	60.78431372549015	41.176470588235276
116.20040164240073	72.41821944007344	60.78431372549015	41.176470588235276
115.86792244568365	72.1843621342376	60.78431372549015	41.176470588235276
114.46963480826626	71.85362760127342	60.78431372549015	41.17647058823525
113.83235765995191	72.45359688701024	60.78431372549015	41.176470588235276
114.0737456205253	73.3831116383422	59.59246443675505	40.36908881199537
114.0461163148749	73.7753707713635	59.59246443675505	40.36908881199534
113.13786584040845	73.48731811917861	60.78431372549015	41.17647058823525
113.89252143408908	74.60513233185259	59.59246443675505	40.36908881199537
114.7035263474448	74.18477690781441	60.78431372549015	41.17647058823525
115.21834948890763	74.10988822630353	60.78431372549015	41.17647058823525
115.73991824890017	74.33275070639394	60.78431372549015	41.176470588235276
116.9410813110539	74.20423884154525	60.78431372549015	41.17647058823525
118.44038912839689	74.65716284144875	60.78431372549015	41.17647058823525
119.54465549369625	74.6601324702113	60.78431372549015	41.17647058823525
120.45928994443112	74.38193715484903	60.78431372549015	41.17647058823525
121.5815553601473	74.80465239499674	60.78431372549015	41.176470588235276
122.81668807737238	74.72931796736736	60.78431372549015	41.176470588235276
124.01103229780635	74.6561459120179	60.78431372549015	41.176470588235276
124.47161611098153	73.7746875623901	61.99999999999994	41.99999999999997
128.58681337818015	74.84063473936354	60.784313725490165	41.176470588235276
130.5383478400612	74.2388597736645	60.784313725490165	41.176470588235276
132.09559934126085	74.85322413565711	60.784313725490165	41.176470588235276
132.9680988502299	75.03273171915927	60.784313725490165	41.176470588235276
133.33836232991223	74.04710647382774	63.23999999999995	42.839999999999975
134.91046267887714	74.35911529855971	63.23999999999995	42.83999999999995
137.28727046079473	75.37953661373457	60.784313725490165	41.17647058823525
138.33223344120896	76.25332600917659	59.59246443675505	40.36908881199534
137.72054220919188	75.76549308019501	60.784313725490165	41.17647058823525
138.17992044209296	75.53005681624451	60.784313725490165	41.17647058823525
138.4326543315151	73.3965980409219	63.23999999999995	42.83999999999995
137.36013800080164	73.33546549811756	64.50479999999993	43.69679999999997
138.6559065296858	72.72243026469565	63.23999999999995	42.83999999999995
138.2322801254744	71.39175490567665	65.79489599999994	44.570735999999954
138.47597442755864	70.59095325094343	65.79489599999994	44.570735999999954
136.68837141802317	68.66740666719	67.11079391999994	45.462150719999954
139.06102153836179	68.97907162327283	64.50479999999993	43.69679999999997
138.73257525251964	65.64542590098245	67.11079391999994	45.462150719999954
139.32364917766748	67.00775934095095	65.79489599999994	44.570735999999954
140.64767630245774	68.25548885359787	63.23999999999995	42.83999999999995
140.42707578563542	66.0995620246025	65.79489599999994	44.570735999999954
139.8718114141323	67.16420786127821	64.50479999999993	43.69679999999997
139.40683180620036	67.48865018601643	64.50479999999993	43.69679999999997
140.10112364398137	67.28931748796728	64.50479999999993	43.69679999999994
141.08116596458188	67.89725537512564	63.23999999999995	42.83999999999995
141.10982750933877	65.82114140193389	64.50479999999993	43.69679999999997
138.639622241053	65.0731700021735	67.11079391999994	45.462150719999954
138.22645560837938	65.31926814716651	67.11079391999994	45.462150719999954
138.56674032882444	67.10582959987572	65.79489599999994	44.570735999999954
138.5956748637786	65.22380421717816	67.11079391999994	45.462150719999954
139.36152528792923	67.00982567953133	64.50479999999993	43.69679999999994
139.97190093821035	67.42515865877243	63.23999999999995	42.83999999999995
140.92377275495156	66.54912544795849	64.50479999999993	43.69679999999997
141.8886221552378	66.0262070617031	64.50479999999993	43.69679999999997
139.92085255156817	72.19773934992595	63.23999999999995	42.83999999999995
139.34152220143338	70.47391061954383	64.50479999999993	43.69679999999994
139.47713598980496	68.3382234829711	67.11079391999994	45.462150719999954
141.03727634049488	72.78129666280327	64.50479999999993	43.69679999999994
141.66857622726468	68.33163153436806	64.50479999999993	43.69679999999997
140.39884776191184	67.54076342259141	65.79489599999994	44.570735999999954
138.7233664721307	67.09929376230389	67.11079391999994	45.462150719999954
139.4463967449472	68.58424867727359	65.79489599999994	44.570735999999954
139.21485151144597	70.05239225581346	64.50479999999993	43.69679999999997
139.09302844623326	67.49128234513474	67.11079391999994	45.462150719999954
139.93677867049854	67.36592913735575	67.11079391999994	45.462150719999954
139.02096284674113	66.18191910459684	68.45300979839993	46.37139373439996
138.58879110612554	65.60762854474781	68.45300979839993	46.37139373439996
139.91578920255188	68.77382698324604	65.79489599999994	44.570735999999954
141.35066150108668	67.16859556475535	64.50479999999993	43.69679999999997
141.1745000623089	67.08712724566504	65.79489599999994	44.570735999999954
139.46791962027376	66.04563951169203	67.11079391999994	45.462150719999954
138.85437084334043	65.51280481628051	68.45300979839993	46.37139373439996
141.7298800454867	66.18483384141825	65.79489599999994	44.570735999999954
139.2332062941407	64.2107210533974	68.45300979839993	46.37139373439993
140.651012285534	64.91707115491775	67.11079391999994	45.462150719999954
142.31382045620938	65.88124618038707	64.50479999999993	43.69679999999994
141.40308501419372	66.49433802801619	65.79489599999994	44.570735999999954
140.11791171456417	63.7327346739985	67.11079391999994	45.46215071999995
143.06483715684743	65.15224951881653	64.50479999999993	43.69679999999994
140.17776054422728	66.0126454916765	65.79489599999988	44.570735999999954
139.19200124555147	62.5716836404723	68.45300979839988	46.37139373439993
138.38351556694545	60.438818698386186	68.45300979839988	46.37139373439993
139.69832419212617	61.2270887021577	68.45300979839988	46.37139373439993
139.6810952330335	61.75570518069125	68.45300979839993	46.37139373439993
140.7594330402829	62.64484450961608	67.11079391999988	45.462150719999926
140.16815851206934	62.19932465863289	67.11079391999988	45.462150719999926
140.78534154363243	62.93552490976036	65.79489599999988	44.570735999999926
140.21793554831606	61.12146098921953	67.11079391999994	45.462150719999926
141.73771765571738	62.82294243436388	65.79489599999988	44.570735999999926
138.7510253193241	59.90556803866251	68.45300979839988	46.37139373439993
141.4573010794234	56.73961819634596	65.79489599999988	44.570735999999926
142.61684301219083	57.688047306499016	63.239999999999895	42.83999999999992
142.0962947249347	56.54661304062702	63.239999999999895	42.83999999999992
142.94471451600245	56.16341690637897	63.239999999999895	42.83999999999992
142.01804187535055	56.1556975214023	63.239999999999895	42.83999999999992
141.69063258250662	56.07601453035036	63.239999999999895	42.83999999999992
144.19420203224155	57.36347857551915	60.78431372549011	41.17647058823522
142.04878331066817	56.15692692184564	63.239999999999895	42.83999999999992
142.53913451047026	55.54895954253794	63.239999999999895	42.83999999999992
140.66861900588003	56.299798903943454	65.79489599999988	44.570735999999926
141.5494432886765	57.29587397677032	64.50479999999988	43.69679999999993
142.25472399200788	59.25470293428083	63.239999999999895	42.83999999999992
141.11020612504387	57.19024677684054	65.79489599999988	44.570735999999926
141.98403636075992	58.203548422098805	63.239999999999895	42.83999999999992
139.83413753219568	57.01444070299816	65.79489599999988	44.570735999999926
139.1779215421989	56.34607386169194	68.45300979839988	46.37139373439992
140.36983479228215	56.199629225776214	67.11079391999988	45.462150719999904
140.44640158164168	53.92025391446321	67.11079391999988	45.462150719999904
140.2055306803822	56.09811276215641	68.45300979839988	46.37139373439992
143.1769259374847	55.852243090114534	65.79489599999988	44.570735999999904
141.29177999094435	53.71240021704397	67.11079391999988	45.462150719999904
140.686125764661	54.647958089881634	68.45300979839988	46.37139373439992
143.11107652960646	56.61562869104396	65.79489599999988	44.57073599999992
143.86948669234167	56.78114360949602	65.79489599999988	44.57073599999992
143.5180125141202	56.65458763106928	65.79489599999988	44.570735999999904
141.77424983209318	55.42315504477217	68.45300979839988	46.3713937343999
144.25898380332848	57.360118778294236	65.79489599999988	44.5707359999999
143.4460724833266	57.7114475046062	67.11079391999988	45.4621507199999
143.0695717906089	56.78988654905514	67.11079391999988	45.4621507199999
142.32320703725634	56.01581783319122	67.11079391999988	45.4621507199999
142.12388026154318	57.16106932520637	68.45300979839988	46.3713937343999
140.875811909743	56.89090998899094	68.45300979839988	46.3713937343999
143.16314016816216	57.532315010584114	65.79489599999988	44.5707359999999
143.3404482136421	56.98017028063842	65.79489599999988	44.5707359999999
141.36696303606686	55.69970997267268	67.11079391999988	45.4621507199999
139.6253145017675	55.05568322668381	68.45300979839988	46.3713937343999
140.61418042236272	56.86379760006763	65.79489599999982	44.5707359999999
140.77702278925574	58.793396836882046	63.23999999999984	42.83999999999991
139.15587956138842	58.29320950838853	65.79489599999982	44.5707359999999
137.61809782314327	58.91853067320481	65.79489599999988	44.5707359999999
133.8347462212484	57.33359999316943	67.11079391999988	45.4621507199999
131.79185626778192	56.206437171595994	67.11079391999988	45.4621507199999
130.81599096045207	58.00302353234224	64.50479999999988	43.69679999999991
129.2271262643447	59.1845247779088	63.239999999999895	42.83999999999991
125.69697170289116	58.14353202360934	65.79489599999984	44.5707359999999
125.84340884731314	59.47436129056219	63.23999999999988	42.8399999999999
121.6192889910241	58.02773771710481	65.79489599999984	44.5707359999999
121.20473950134046	59.228496415285214	63.23999999999988	42.83999999999991
118.88713184429541	59.602497298039204	63.23999999999985	42.83999999999991
115.5056472870814	58.60600514338499	65.79489599999987	44.5707359999999
112.30034823766752	57.34337318565298	67.11079391999988	45.4621507199999
111.29722782778664	57.93612514713	65.79489599999987	44.5707359999999
111.13576798984056	58.67274060711895	64.50479999999988	43.69679999999991
109.03949249728048	58.008535600946445	65.79489599999984	44.5707359999999
110.05980861587797	58.833265868917756	63.23999999999988	42.83999999999991
107.6072965320964	58.59248813369621	64.50479999999988	43.69679999999991
106.01008687417018	58.83514368056538	64.50479999999988	43.69679999999991
103.12448393702773	58.63983590151591	65.79489599999987	44.5707359999999
100.69926101963884	57.60652762511779	67.11079391999988	45.4621507199999
99.26415779243459	57.788950756890856	67.11079391999988	45.4621507199999
99.48133703803894	58.55278074032775	65.79489599999987	44.5707359999999
98.40377495685864	58.91627996830215	65.79489599999987	44.5707359999999
97.69370167375139	58.78716682091061	65.79489599999987	44.5707359999999
98.26032801549718	58.87782361723647	64.50479999999988	43.69679999999991
98.53041353789224	59.79929408655283	63.23999999999988	42.8399999999999
98.05211184211119	59.2787479787008	63.23999999999988	42.8399999999999
97.96106704820092	59.21221271446799	63.23999999999988	42.8399999999999
97.14277408981819	58.74339852523224	65.79489599999984	44.5707359999999
98.95547527042841	59.154732890418906	63.23999999999988	42.83999999999991
99.87230812765195	58.74468396806409	63.23999999999988	42.8399999999999
98.76190548483412	57.40434848514005	65.79489599999984	44.5707359999999
100.0646090071145	57.1054580793095	65.79489599999987	44.5707359999999
101.12729683542999	56.8349608500354	65.79489599999984	44.5707359999999
104.04439720280924	56.853578636495634	63.23999999999985	42.83999999999991
103.93746354909182	56.423268573349276	65.79489599999984	44.5707359999999
106.52576774147849	55.79223545424401	64.50479999999988	43.69679999999991
108.49776948637493	56.30046161420927	61.99999999999987	41.999999999999915
110.09864661313163	56.66961734081908	63.23999999999988	42.8399999999999
110.98727249070195	56.689241537445646	63.23999999999985	42.83999999999991
112.5995623933962	56.53815757383071	63.23999999999988	42.8399999999999
114.29314832340468	57.729117823720124	63.23999999999985	42.83999999999991
114.69043111162769	56.20656177679763	65.79489599999987	44.5707359999999
116.55487483881849	58.20730339691841	63.23999999999988	42.83999999999991
118.9247360915558	58.12654460485914	63.23999999999985	42.83999999999991
119.04550014335129	58.16223547601085	64.50479999999988	43.69679999999991
119.49447678308353	59.408689827244935	63.23999999999985	42.83999999999991
121.37264139659241	59.47575232313432	63.23999999999985	42.83999999999991
122.27410153210089	59.5948172838095	63.23999999999988	42.8399999999999
121.94069231728413	60.14046562776975	63.23999999999988	42.83999999999991
121.77360900241011	61.34667034503956	63.23999999999985	42.8399999999999
123.18667843757088	62.29909343315674	61.99999999999987	41.999999999999915
121.31436895356798	63.600211164469776	63.23999999999988	42.8399999999999
122.58367233132107	63.939395446920905	63.23999999999988	42.8399999999999
122.94231072701028	62.14993542197269	63.23999999999985	42.83999999999991
123.02656263277154	60.22731558407459	64.50479999999988	43.69679999999991
124.34893011516316	60.11826401256455	61.99999999999987	41.999999999999915
123.42206317891235	60.07239922710787	63.23999999999985	42.83999999999991
123.27766584763916	59.85303765158133	64.50479999999988	43.69679999999991
124.36276434408698	60.39043685827616	61.99999999999987	41.999999999999915
124.3362871641521	60.73501820940057	63.23999999999985	42.8399999999999
124.70111122616437	60.48155361465831	61.99999999999987	41.999999999999915
127.37026615569889	61.55547357706445	60.78431372549005	41.17647058823519
127.09607436407612	61.911727317885635	59.59246443675494	40.36908881199528
127.36986771688265	61.473338369194266	59.59246443675494	40.36908881199528
127.49846443988096	61.214169765778024	59.59246443675494	40.36908881199528
128.17599187009378	61.28664200112824	59.59246443675494	40.36908881199528
126.98545392334046	61.669215073546866	59.59246443675494	40.36908881199528
127.80758053540029	61.384819900242306	59.59246443675494	40.36908881199528
127.21851610365653	60.8401934658379	60.78431372549005	41.17647058823519
126.13974515686235	60.814780372286364	63.23999999999984	42.83999999999989
126.1431689911146	60.411467700710745	63.23999999999984	42.83999999999989
125.24490328805736	60.28089840932929	64.50479999999986	43.69679999999989
126.61353343015668	61.476448692475344	63.23999999999984	42.83999999999989
128.51579162654832	62.72668884155196	60.78431372549005	41.17647058823519
128.45976385072308	63.534853991443086	59.59246443675494	40.36908881199528
128.00930064380697	63.21147156995545	60.78431372549005	41.17647058823519
126.14929023607505	62.06225014602295	63.23999999999984	42.83999999999989
126.67979183260934	62.022453161084385	63.23999999999984	42.83999999999989
125.33118175720118	61.930696737789866	64.50479999999983	43.69679999999989
125.92801811951743	62.501432718550085	61.999999999999844	41.99999999999989
125.12358198290345	63.05751579825796	64.50479999999986	43.696799999999904
124.93645697390224	62.75603540789771	65.79489599999982	44.5707359999999
126.07938228391134	63.231541173578975	63.23999999999984	42.83999999999989
125.76371271128619	62.86732450113996	63.23999999999984	42.83999999999989
125.85194870492099	62.133849628596955	64.50479999999986	43.696799999999904
126.37460968106006	62.47071794907235	63.23999999999984	42.83999999999989
126.41912400652615	62.519634248819685	63.23999999999984	42.83999999999989
126.32466376491811	62.445260015605186	63.23999999999984	42.83999999999989
125.82712199944045	62.14470783137829	64.50479999999983	43.69679999999989
126.59447703074778	62.792508325323425	63.23999999999984	42.83999999999989
126.99989448647815	62.44870941151008	63.23999999999984	42.83999999999989
127.80579009382316	62.50020931926308	63.23999999999984	42.83999999999989
127.59623643572989	62.138046282845956	64.50479999999983	43.696799999999904
128.6167610878495	61.97972725683915	64.50479999999982	43.696799999999904
129.8188592026589	61.65662023556946	63.23999999999984	42.83999999999989
129.76652217081016	61.160324834169295	64.50479999999988	43.69679999999989
132.25392727788497	60.20579075463988	63.23999999999984	42.83999999999989
