394.5	180.5	9.0	13.0	
394.5	180.5	9.0	13.0	
394.5	180.5	9.0	13.0	
394.5	180.5	9.0	13.0	
394.5	180.5	9.0	13.0	
394.5	180.5	9.0	13.0	
394.5	180.5	9.0	13.0	
394.5	180.5	9.0	13.0	
394.5	180.5	9.0	13.0	
394.5	180.5	9.0	13.0	
394.5	180.5	9.0	13.0	
394.5	180.5	9.0	13.0	
394.5	180.5	9.0	13.0	
394.5	180.5	9.0	13.0	
394.5	180.5	9.0	13.0	
394.5	180.5	9.0	13.0	
394.5	180.5	9.0	13.0	
394.5	180.5	9.0	13.0	
394.5	180.5	9.0	13.0	
394.5	180.5	9.0	13.0	
394.5	180.5	9.0	13.0	
394.5	180.5	9.0	13.0	
394.5	180.5	9.0	13.0	
394.5	180.5	9.0	13.0	
394.5	180.5	9.0	13.0	
394.5	180.5	9.0	13.0	
394.5	180.5	9.0	13.0	
394.5	180.5	9.0	13.0	
394.5	180.5	9.0	13.0	
394.5	180.5	9.0	13.0	
394.5	180.5	9.0	13.0	
394.5	180.5	9.0	13.0	
394.5	180.5	9.0	13.0	
394.5	180.5	9.0	13.0	
394.5	180.5	9.0	13.0	
394.5	180.5	9.0	13.0	
394.5	180.5	9.0	13.0	
394.5	180.5	9.0	13.0	
394.5	180.5	9.0	13.0	
394.5	180.5	9.0	13.0	
394.5	180.5	9.0	13.0	
394.5	180.5	9.0	13.0	
394.5	180.5	9.0	13.0	
394.5	180.5	9.0	13.0	
394.5	180.5	9.0	13.0	
394.5	180.5	9.0	13.0	
394.5	180.5	9.0	13.0	
394.5	180.5	9.0	13.0	
394.5	180.5	9.0	13.0	
394.5	180.5	9.0	13.0	
394.5	180.5	9.0	13.0	
394.5	180.5	9.0	13.0	
394.5	180.5	9.0	13.0	
394.5	180.5	9.0	13.0	
394.5	180.5	9.0	13.0	
394.5	180.5	9.0	13.0	
394.5	180.5	9.0	13.0	
394.5	180.5	9.0	13.0	
394.5	180.5	9.0	13.0	
394.5	180.5	9.0	13.0	
394.5	180.5	9.0	13.0	
394.5	180.5	9.0	13.0	
394.5	180.5	9.0	13.0	
394.5	180.5	9.0	13.0	
394.5	180.5	9.0	13.0	
394.5	180.5	9.0	13.0	
394.5	180.5	9.0	13.0	
394.5	180.5	9.0	13.0	
394.5	180.5	9.0	13.0	
394.5	180.5	9.0	13.0	
394.5	180.5	9.0	13.0	
394.5	180.5	9.0	13.0	
394.5	180.5	9.0	13.0	
394.5	180.5	9.0	13.0	
394.5	180.5	9.0	13.0	
394.5	180.5	9.0	13.0	
394.5	180.5	9.0	13.0	
394.5	180.5	9.0	13.0	
394.5	180.5	9.0	13.0	
394.5	180.5	9.0	13.0	
394.5	180.5	9.0	13.0	
394.5	180.5	9.0	13.0	
394.5	180.5	9.0	13.0	
394.5	180.5	9.0	13.0	
394.5	180.5	9.0	13.0	
394.5	180.5	9.0	13.0	
394.5	180.5	9.0	13.0	
394.5	180.5	9.0	13.0	
394.5	180.5	9.0	13.0	
394.5	180.5	9.0	13.0	
394.5	180.5	9.0	13.0	
394.5	180.5	9.0	13.0	
394.5	180.5	9.0	13.0	
394.5	180.5	9.0	13.0	
394.5	180.5	9.0	13.0	
394.5	180.5	9.0	13.0	
394.5	180.5	9.0	13.0	
394.5	180.5	9.0	13.0	
394.5	180.5	9.0	13.0	
394.5	180.5	9.0	13.0	
394.5	180.5	9.0	13.0	
394.5	180.5	9.0	13.0	
394.5	180.5	9.0	13.0	
394.5	180.5	9.0	13.0	
394.5	180.5	9.0	13.0	
394.5	180.5	9.0	13.0	
394.5	180.5	9.0	13.0	
394.5	180.5	9.0	13.0	
394.5	180.5	9.0	13.0	
394.5	180.5	9.0	13.0	
394.5	180.5	9.0	13.0	
394.5	180.5	9.0	13.0	
394.5	180.5	9.0	13.0	
394.5	180.5	9.0	13.0	
394.5	180.5	9.0	13.0	
394.5	180.5	9.0	13.0	
394.5	180.5	9.0	13.0	
394.5	180.5	9.0	13.0	
394.5	180.5	9.0	13.0	
394.5	180.5	9.0	13.0	
394.5	180.5	9.0	13.0	
394.5	180.5	9.0	13.0	
394.5	180.5	9.0	13.0	
394.5	180.5	9.0	13.0	
394.5	180.5	9.0	13.0	
394.5	180.5	9.0	13.0	
394.5	180.5	9.0	13.0	
394.5	180.5	9.0	13.0	
394.5	180.5	9.0	13.0	
394.5	180.5	9.0	13.0	
394.5	180.5	9.0	13.0	
394.5	180.5	9.0	13.0	
394.5	180.5	9.0	13.0	
394.5	180.5	9.0	13.0	
394.5	180.5	9.0	13.0	
394.5	180.5	9.0	13.0	
394.5	180.5	9.0	13.0	
394.5	180.5	9.0	13.0	
394.5	180.5	9.0	13.0	
394.5	180.5	9.0	13.0	
394.5	180.5	9.0	13.0	
409.5	177.5	9.0	13.0	
394.5	180.5	9.0	13.0	
380.5	177.5	9.0	13.0	
367.5	168.5	9.0	13.0	
370.5	168.5	9.0	13.0	
373.5	168.5	9.0	13.0	
377.5	168.5	9.0	13.0	
380.5	168.5	9.0	13.0	
383.5	168.5	9.0	13.0	
387.5	169.5	9.0	13.0	
390.5	169.5	9.0	13.0	
393.5	169.5	9.0	13.0	
396.5	169.5	9.0	13.0	
399.5	169.5	9.0	13.0	
401.5	169.5	9.0	13.0	
403.5	170.5	9.0	13.0	
405.5	170.5	9.0	13.0	
407.5	170.5	9.0	13.0	
408.5	170.5	9.0	13.0	
409.5	170.5	9.0	13.0	
410.5	170.5	9.0	13.0	
411.5	170.5	9.0	13.0	
412.5	170.5	9.0	13.0	
412.5	171.5	9.0	13.0	
412.5	171.5	9.0	13.0	
412.5	171.5	9.0	13.0	
411.5	171.5	9.0	13.0	
411.5	171.5	9.0	13.0	
411.5	171.5	9.0	13.0	
411.5	171.5	9.0	13.0	
411.5	171.5	9.0	13.0	
411.5	171.5	9.0	13.0	
411.5	171.5	9.0	13.0	
411.5	171.5	9.0	13.0	
411.5	171.5	9.0	13.0	
411.5	171.5	9.0	13.0	
411.5	171.5	9.0	13.0	
411.5	171.5	9.0	13.0	
411.5	171.5	9.0	13.0	
411.5	171.5	9.0	13.0	
411.5	171.5	9.0	13.0	
411.5	171.5	9.0	13.0	
411.5	171.5	9.0	13.0	
411.5	171.5	9.0	13.0	
411.5	171.5	9.0	13.0	
411.5	171.5	9.0	13.0	
411.5	171.5	9.0	13.0	
411.5	171.5	9.0	13.0	
411.5	171.5	9.0	13.0	
411.5	171.5	9.0	13.0	
411.5	171.5	9.0	13.0	
411.5	171.5	9.0	13.0	
411.5	171.5	9.0	13.0	
411.5	171.5	9.0	13.0	
411.5	171.5	9.0	13.0	
411.5	171.5	9.0	13.0	
411.5	171.5	9.0	13.0	
411.5	171.5	9.0	13.0	
411.5	171.5	9.0	13.0	
411.5	171.5	9.0	13.0	
411.5	171.5	9.0	13.0	
411.5	171.5	9.0	13.0	
411.5	171.5	9.0	13.0	
411.5	171.5	9.0	13.0	
411.5	171.5	9.0	13.0	
411.5	171.5	9.0	13.0	
411.5	171.5	9.0	13.0	
411.5	171.5	9.0	13.0	
411.5	171.5	9.0	13.0	
