146.5	65.0	55.0	72.0	
148.5	66.0	55.0	72.0	
150.5	66.0	55.0	72.0	
149.5	65.0	55.0	72.0	
147.5	64.0	55.0	72.0	
147.5	64.0	55.0	72.0	
147.5	64.0	55.0	72.0	
147.5	65.0	55.0	72.0	
147.5	65.0	55.0	72.0	
147.5	65.0	55.0	72.0	
147.5	65.0	55.0	72.0	
147.5	65.0	55.0	72.0	
146.5	65.0	55.0	72.0	
146.5	65.0	55.0	72.0	
146.5	65.0	55.0	72.0	
146.5	65.0	55.0	72.0	
146.5	65.0	55.0	72.0	
146.5	65.0	55.0	72.0	
146.5	65.0	55.0	72.0	
146.5	65.0	55.0	72.0	
146.5	64.0	55.0	72.0	
146.5	64.0	55.0	72.0	
146.5	64.0	55.0	72.0	
146.5	64.0	55.0	72.0	
146.5	64.0	55.0	72.0	
146.5	64.0	55.0	72.0	
146.5	64.0	55.0	72.0	
146.5	64.0	55.0	72.0	
146.5	64.0	55.0	72.0	
146.5	64.0	55.0	72.0	
146.5	64.0	55.0	72.0	
146.5	64.0	55.0	72.0	
146.5	64.0	55.0	72.0	
146.5	64.0	55.0	72.0	
146.5	64.0	55.0	72.0	
146.5	64.0	55.0	72.0	
146.5	64.0	55.0	72.0	
146.5	64.0	55.0	72.0	
146.5	64.0	55.0	72.0	
146.5	65.0	55.0	72.0	
146.5	65.0	55.0	72.0	
147.5	65.0	55.0	72.0	
147.5	65.0	55.0	72.0	
147.5	65.0	55.0	72.0	
147.5	64.0	55.0	72.0	
147.5	64.0	55.0	72.0	
147.5	64.0	55.0	72.0	
147.5	64.0	55.0	72.0	
147.5	64.0	55.0	72.0	
147.5	64.0	55.0	72.0	
147.5	64.0	55.0	72.0	
147.5	64.0	55.0	72.0	
146.5	64.0	55.0	72.0	
146.5	64.0	55.0	72.0	
146.5	64.0	55.0	72.0	
146.5	64.0	55.0	72.0	
146.5	64.0	55.0	72.0	
146.5	64.0	55.0	72.0	
146.5	64.0	55.0	72.0	
146.5	64.0	55.0	72.0	
146.5	64.0	55.0	72.0	
147.5	64.0	55.0	72.0	
147.5	64.0	55.0	72.0	
147.5	64.0	55.0	72.0	
146.5	64.0	55.0	72.0	
145.5	64.0	55.0	72.0	
146.5	64.0	55.0	72.0	
147.5	64.0	55.0	72.0	
146.5	64.0	55.0	72.0	
146.5	64.0	55.0	72.0	
146.5	64.0	55.0	72.0	
146.5	65.0	55.0	72.0	
146.5	65.0	55.0	72.0	
146.5	65.0	55.0	72.0	
146.5	65.0	55.0	72.0	
146.5	65.0	55.0	72.0	
146.5	65.0	55.0	72.0	
146.5	65.0	55.0	72.0	
145.5	66.0	55.0	72.0	
145.5	66.0	55.0	72.0	
145.5	66.0	55.0	72.0	
146.5	66.0	55.0	72.0	
146.5	66.0	55.0	72.0	
147.5	66.0	55.0	72.0	
147.5	66.0	55.0	72.0	
147.5	65.0	55.0	72.0	
147.5	65.0	55.0	72.0	
147.5	65.0	55.0	72.0	
147.5	65.0	55.0	72.0	
147.5	65.0	55.0	72.0	
147.5	65.0	55.0	72.0	
147.5	64.0	55.0	72.0	
147.5	64.0	55.0	72.0	
147.5	64.0	55.0	72.0	
147.5	64.0	55.0	72.0	
147.5	64.0	55.0	72.0	
147.5	64.0	55.0	72.0	
147.5	64.0	55.0	72.0	
147.5	64.0	55.0	72.0	
147.5	63.0	55.0	72.0	
147.5	63.0	55.0	72.0	
147.5	63.0	55.0	72.0	
147.5	63.0	55.0	72.0	
147.5	63.0	55.0	72.0	
147.5	63.0	55.0	72.0	
147.5	63.0	55.0	72.0	
146.5	63.0	55.0	72.0	
146.5	63.0	55.0	72.0	
146.5	63.0	55.0	72.0	
146.5	63.0	55.0	72.0	
145.5	64.0	55.0	72.0	
145.5	64.0	55.0	72.0	
145.5	64.0	55.0	72.0	
145.5	65.0	55.0	72.0	
145.5	65.0	55.0	72.0	
145.5	65.0	55.0	72.0	
145.5	66.0	55.0	72.0	
145.5	66.0	55.0	72.0	
145.5	66.0	55.0	72.0	
145.5	66.0	55.0	72.0	
145.5	66.0	55.0	72.0	
145.5	66.0	55.0	72.0	
145.5	66.0	55.0	72.0	
145.5	66.0	55.0	72.0	
145.5	66.0	55.0	72.0	
145.5	66.0	55.0	72.0	
144.5	66.0	55.0	72.0	
144.5	66.0	55.0	72.0	
144.5	66.0	55.0	72.0	
143.5	66.0	55.0	72.0	
143.5	65.0	55.0	72.0	
142.5	65.0	55.0	72.0	
142.5	65.0	55.0	72.0	
141.5	65.0	55.0	72.0	
141.5	64.0	55.0	72.0	
141.5	64.0	55.0	72.0	
141.5	63.0	55.0	72.0	
141.5	63.0	55.0	72.0	
141.5	63.0	55.0	72.0	
140.5	62.0	55.0	72.0	
140.5	61.0	55.0	72.0	
139.5	60.0	55.0	72.0	
138.5	59.0	55.0	72.0	
138.5	58.0	55.0	72.0	
137.5	57.0	55.0	72.0	
137.5	57.0	55.0	72.0	
137.5	57.0	55.0	72.0	
137.5	57.0	55.0	72.0	
136.5	57.0	55.0	72.0	
135.5	57.0	55.0	72.0	
134.5	57.0	55.0	72.0	
133.5	57.0	55.0	72.0	
132.5	57.0	55.0	72.0	
132.5	57.0	55.0	72.0	
132.5	57.0	55.0	72.0	
132.5	57.0	55.0	72.0	
132.5	58.0	55.0	72.0	
132.5	59.0	55.0	72.0	
133.5	59.0	55.0	72.0	
133.5	60.0	55.0	72.0	
133.5	61.0	55.0	72.0	
134.5	61.0	55.0	72.0	
135.5	61.0	55.0	72.0	
136.5	61.0	55.0	72.0	
136.5	61.0	55.0	72.0	
137.5	61.0	55.0	72.0	
137.5	61.0	55.0	72.0	
137.5	61.0	55.0	72.0	
137.5	61.0	55.0	72.0	
137.5	62.0	55.0	72.0	
137.5	62.0	55.0	72.0	
137.5	62.0	55.0	72.0	
137.5	62.0	55.0	72.0	
137.5	62.0	55.0	72.0	
137.5	62.0	55.0	72.0	
137.5	62.0	55.0	72.0	
137.5	62.0	55.0	72.0	
137.5	62.0	55.0	72.0	
137.5	62.0	55.0	72.0	
137.5	62.0	55.0	72.0	
137.5	62.0	55.0	72.0	
137.5	62.0	55.0	72.0	
137.5	61.0	55.0	72.0	
137.5	61.0	55.0	72.0	
136.5	61.0	55.0	72.0	
136.5	61.0	55.0	72.0	
137.5	60.0	55.0	72.0	
137.5	60.0	55.0	72.0	
137.5	61.0	55.0	72.0	
138.5	61.0	55.0	72.0	
138.5	61.0	55.0	72.0	
138.5	61.0	55.0	72.0	
138.5	61.0	55.0	72.0	
138.5	61.0	55.0	72.0	
138.5	61.0	55.0	72.0	
138.5	61.0	55.0	72.0	
138.5	60.0	55.0	72.0	
138.5	60.0	55.0	72.0	
138.5	60.0	55.0	72.0	
138.5	59.0	55.0	72.0	
138.5	59.0	55.0	72.0	
138.5	59.0	55.0	72.0	
138.5	58.0	55.0	72.0	
138.5	58.0	55.0	72.0	
138.5	58.0	55.0	72.0	
137.5	58.0	55.0	72.0	
137.5	58.0	55.0	72.0	
137.5	58.0	55.0	72.0	
137.5	58.0	55.0	72.0	
137.5	58.0	55.0	72.0	
137.5	58.0	55.0	72.0	
137.5	58.0	55.0	72.0	
137.5	58.0	55.0	72.0	
137.5	58.0	55.0	72.0	
136.5	58.0	55.0	72.0	
136.5	58.0	55.0	72.0	
136.5	58.0	55.0	72.0	
136.5	58.0	55.0	72.0	
136.5	58.0	55.0	72.0	
135.5	58.0	55.0	72.0	
135.5	58.0	55.0	72.0	
135.5	58.0	55.0	72.0	
135.5	58.0	55.0	72.0	
135.5	59.0	55.0	72.0	
135.5	59.0	55.0	72.0	
135.5	59.0	55.0	72.0	
136.5	60.0	55.0	72.0	
136.5	60.0	55.0	72.0	
137.5	61.0	55.0	72.0	
137.5	61.0	55.0	72.0	
137.5	61.0	55.0	72.0	
137.5	61.0	55.0	72.0	
137.5	61.0	55.0	72.0	
137.5	61.0	55.0	72.0	
138.5	61.0	55.0	72.0	
138.5	61.0	55.0	72.0	
138.5	61.0	55.0	72.0	
138.5	61.0	55.0	72.0	
138.5	62.0	55.0	72.0	
138.5	62.0	55.0	72.0	
137.5	62.0	55.0	72.0	
137.5	62.0	55.0	72.0	
137.5	62.0	55.0	72.0	
136.5	62.0	55.0	72.0	
136.5	62.0	55.0	72.0	
135.5	62.0	55.0	72.0	
135.5	62.0	55.0	72.0	
134.5	62.0	55.0	72.0	
134.5	61.0	55.0	72.0	
134.5	61.0	55.0	72.0	
135.5	61.0	55.0	72.0	
136.5	61.0	55.0	72.0	
137.5	61.0	55.0	72.0	
138.5	61.0	55.0	72.0	
139.5	61.0	55.0	72.0	
139.5	61.0	55.0	72.0	
139.5	61.0	55.0	72.0	
139.5	61.0	55.0	72.0	
139.5	61.0	55.0	72.0	
139.5	60.0	55.0	72.0	
138.5	60.0	55.0	72.0	
138.5	60.0	55.0	72.0	
138.5	60.0	55.0	72.0	
138.5	60.0	55.0	72.0	
138.5	60.0	55.0	72.0	
138.5	60.0	55.0	72.0	
138.5	60.0	55.0	72.0	
138.5	59.0	55.0	72.0	
138.5	59.0	55.0	72.0	
138.5	59.0	55.0	72.0	
138.5	59.0	55.0	72.0	
138.5	58.0	55.0	72.0	
138.5	58.0	55.0	72.0	
138.5	58.0	55.0	72.0	
138.5	59.0	55.0	72.0	
138.5	59.0	55.0	72.0	
137.5	59.0	55.0	72.0	
137.5	59.0	55.0	72.0	
137.5	59.0	55.0	72.0	
136.5	59.0	55.0	72.0	
136.5	59.0	55.0	72.0	
136.5	59.0	55.0	72.0	
136.5	59.0	55.0	72.0	
136.5	59.0	55.0	72.0	
136.5	59.0	55.0	72.0	
136.5	59.0	55.0	72.0	
136.5	59.0	55.0	72.0	
136.5	59.0	55.0	72.0	
136.5	59.0	55.0	72.0	
136.5	59.0	55.0	72.0	
136.5	59.0	55.0	72.0	
136.5	59.0	55.0	72.0	
136.5	59.0	55.0	72.0	
137.5	59.0	55.0	72.0	
137.5	59.0	55.0	72.0	
137.5	59.0	55.0	72.0	
138.5	59.0	55.0	72.0	
138.5	59.0	55.0	72.0	
137.5	59.0	55.0	72.0	
137.5	59.0	55.0	72.0	
137.5	59.0	55.0	72.0	
137.5	59.0	55.0	72.0	
137.5	59.0	55.0	72.0	
137.5	59.0	55.0	72.0	
137.5	59.0	55.0	72.0	
136.5	59.0	55.0	72.0	
137.5	59.0	55.0	72.0	
136.5	59.0	55.0	72.0	
136.5	59.0	55.0	72.0	
136.5	59.0	55.0	72.0	
136.5	59.0	55.0	72.0	
137.5	59.0	55.0	72.0	
136.5	59.0	55.0	72.0	
136.5	59.0	55.0	72.0	
136.5	59.0	55.0	72.0	
136.5	59.0	55.0	72.0	
136.5	59.0	55.0	72.0	
136.5	59.0	55.0	72.0	
136.5	59.0	55.0	72.0	
136.5	59.0	55.0	72.0	
136.5	59.0	55.0	72.0	
137.5	59.0	55.0	72.0	
138.5	59.0	55.0	72.0	
137.5	59.0	55.0	72.0	
137.5	59.0	55.0	72.0	
137.5	59.0	55.0	72.0	
136.5	59.0	55.0	72.0	
137.5	59.0	55.0	72.0	
136.5	59.0	55.0	72.0	
136.5	59.0	55.0	72.0	
136.5	59.0	55.0	72.0	
136.5	59.0	55.0	72.0	
136.5	60.0	55.0	72.0	
136.5	60.0	55.0	72.0	
136.5	59.0	55.0	72.0	
136.5	59.0	55.0	72.0	
137.5	59.0	55.0	72.0	
137.5	59.0	55.0	72.0	
137.5	59.0	55.0	72.0	
137.5	59.0	55.0	72.0	
137.5	59.0	55.0	72.0	
137.5	59.0	55.0	72.0	
137.5	59.0	55.0	72.0	
137.5	59.0	55.0	72.0	
137.5	59.0	55.0	72.0	
137.5	59.0	55.0	72.0	
137.5	59.0	55.0	72.0	
137.5	59.0	55.0	72.0	
137.5	59.0	55.0	72.0	
137.5	59.0	55.0	72.0	
137.5	59.0	55.0	72.0	
137.5	59.0	55.0	72.0	
137.5	59.0	55.0	72.0	
137.5	59.0	55.0	72.0	
137.5	59.0	55.0	72.0	
137.5	59.0	55.0	72.0	
136.5	59.0	55.0	72.0	
136.5	59.0	55.0	72.0	
136.5	59.0	55.0	72.0	
136.5	59.0	55.0	72.0	
136.5	59.0	55.0	72.0	
136.5	59.0	55.0	72.0	
136.5	59.0	55.0	72.0	
136.5	59.0	55.0	72.0	
136.5	59.0	55.0	72.0	
136.5	59.0	55.0	72.0	
136.5	59.0	55.0	72.0	
136.5	59.0	55.0	72.0	
136.5	59.0	55.0	72.0	
136.5	59.0	55.0	72.0	
136.5	58.0	55.0	72.0	
136.5	58.0	55.0	72.0	
136.5	58.0	55.0	72.0	
136.5	58.0	55.0	72.0	
136.5	58.0	55.0	72.0	
136.5	58.0	55.0	72.0	
136.5	58.0	55.0	72.0	
136.5	58.0	55.0	72.0	
136.5	58.0	55.0	72.0	
136.5	58.0	55.0	72.0	
136.5	58.0	55.0	72.0	
136.5	58.0	55.0	72.0	
136.5	58.0	55.0	72.0	
136.5	58.0	55.0	72.0	
135.5	58.0	55.0	72.0	
135.5	58.0	55.0	72.0	
135.5	58.0	55.0	72.0	
135.5	58.0	55.0	72.0	
135.5	58.0	55.0	72.0	
135.5	58.0	55.0	72.0	
135.5	58.0	55.0	72.0	
135.5	59.0	55.0	72.0	
135.5	59.0	55.0	72.0	
135.5	59.0	55.0	72.0	
135.5	59.0	55.0	72.0	
135.5	59.0	55.0	72.0	
135.5	59.0	55.0	72.0	
135.5	59.0	55.0	72.0	
135.5	59.0	55.0	72.0	
134.5	59.0	55.0	72.0	
134.5	59.0	55.0	72.0	
133.5	59.0	55.0	72.0	
133.5	59.0	55.0	72.0	
132.5	59.0	55.0	72.0	
132.5	59.0	55.0	72.0	
133.5	59.0	55.0	72.0	
134.5	59.0	55.0	72.0	
134.5	58.0	55.0	72.0	
134.5	58.0	55.0	72.0	
134.5	58.0	55.0	72.0	
133.5	58.0	55.0	72.0	
133.5	58.0	55.0	72.0	
133.5	58.0	55.0	72.0	
133.5	58.0	55.0	72.0	
133.5	59.0	55.0	72.0	
132.5	59.0	55.0	72.0	
132.5	60.0	55.0	72.0	
131.5	61.0	55.0	72.0	
130.5	62.0	55.0	72.0	
129.5	63.0	55.0	72.0	
128.5	65.0	55.0	72.0	
126.5	67.0	55.0	72.0	
124.5	68.0	55.0	72.0	
122.5	69.0	55.0	72.0	
119.5	70.0	55.0	72.0	
117.5	70.0	55.0	72.0	
115.5	71.0	55.0	72.0	
114.5	71.0	55.0	72.0	
114.5	72.0	55.0	72.0	
114.5	73.0	55.0	72.0	
115.5	74.0	55.0	72.0	
115.5	75.0	55.0	72.0	
115.5	76.0	55.0	72.0	
113.5	76.0	55.0	72.0	
110.5	77.0	55.0	72.0	
106.5	77.0	55.0	72.0	
102.5	76.0	55.0	72.0	
100.5	73.0	55.0	72.0	
98.5	69.0	55.0	72.0	
98.5	65.0	55.0	72.0	
98.5	62.0	55.0	72.0	
98.5	60.0	55.0	72.0	
97.5	58.0	55.0	72.0	
97.5	56.0	55.0	72.0	
96.5	55.0	55.0	72.0	
96.5	53.0	55.0	72.0	
95.5	51.0	55.0	72.0	
94.5	49.0	55.0	72.0	
93.5	47.0	55.0	72.0	
92.5	45.0	55.0	72.0	
92.5	43.0	55.0	72.0	
91.5	41.0	55.0	72.0	
91.5	39.0	55.0	72.0	
91.5	37.0	55.0	72.0	
92.5	35.0	55.0	72.0	
93.5	33.0	55.0	72.0	
94.5	31.0	55.0	72.0	
95.5	30.0	55.0	72.0	
96.5	29.0	55.0	72.0	
97.5	28.0	55.0	72.0	
98.5	28.0	55.0	72.0	
99.5	28.0	55.0	72.0	
100.5	28.0	55.0	72.0	
100.5	28.0	55.0	72.0	
99.5	28.0	55.0	72.0	
100.5	28.0	55.0	72.0	
100.5	28.0	55.0	72.0	
101.5	28.0	55.0	72.0	
101.5	28.0	55.0	72.0	
103.5	28.0	55.0	72.0	
104.5	28.0	55.0	72.0	
106.5	28.0	55.0	72.0	
108.5	27.0	55.0	72.0	
111.5	27.0	55.0	72.0	
113.5	27.0	55.0	72.0	
115.5	27.0	55.0	72.0	
116.5	27.0	55.0	72.0	
115.5	28.0	55.0	72.0	
112.5	29.0	55.0	72.0	
111.5	29.0	55.0	72.0	
111.5	29.0	55.0	72.0	
111.5	29.0	55.0	72.0	
111.5	30.0	55.0	72.0	
111.5	30.0	55.0	72.0	
112.5	31.0	55.0	72.0	
114.5	32.0	55.0	72.0	
115.5	33.0	55.0	72.0	
115.5	34.0	55.0	72.0	
115.5	34.0	55.0	72.0	
115.5	34.0	55.0	72.0	
115.5	34.0	55.0	72.0	
114.5	34.0	55.0	72.0	
114.5	35.0	55.0	72.0	
114.5	35.0	55.0	72.0	
114.5	36.0	55.0	72.0	
114.5	36.0	55.0	72.0	
114.5	37.0	55.0	72.0	
115.5	37.0	55.0	72.0	
115.5	38.0	55.0	72.0	
116.5	38.0	55.0	72.0	
116.5	38.0	55.0	72.0	
116.5	38.0	55.0	72.0	
117.5	39.0	55.0	72.0	
117.5	39.0	55.0	72.0	
118.5	40.0	55.0	72.0	
118.5	40.0	55.0	72.0	
119.5	41.0	55.0	72.0	
119.5	41.0	55.0	72.0	
120.5	42.0	55.0	72.0	
120.5	42.0	55.0	72.0	
120.5	42.0	55.0	72.0	
120.5	42.0	55.0	72.0	
121.5	42.0	55.0	72.0	
121.5	42.0	55.0	72.0	
122.5	42.0	55.0	72.0	
122.5	42.0	55.0	72.0	
123.5	42.0	55.0	72.0	
123.5	42.0	55.0	72.0	
123.5	42.0	55.0	72.0	
123.5	42.0	55.0	72.0	
123.5	42.0	55.0	72.0	
123.5	42.0	55.0	72.0	
123.5	42.0	55.0	72.0	
123.5	42.0	55.0	72.0	
123.5	42.0	55.0	72.0	
123.5	42.0	55.0	72.0	
123.5	42.0	55.0	72.0	
123.5	42.0	55.0	72.0	
123.5	42.0	55.0	72.0	
123.5	42.0	55.0	72.0	
123.5	42.0	55.0	72.0	
123.5	42.0	55.0	72.0	
123.5	42.0	55.0	72.0	
123.5	42.0	55.0	72.0	
123.5	43.0	55.0	72.0	
123.5	43.0	55.0	72.0	
123.5	43.0	55.0	72.0	
123.5	43.0	55.0	72.0	
123.5	43.0	55.0	72.0	
123.5	43.0	55.0	72.0	
123.5	42.0	55.0	72.0	
123.5	42.0	55.0	72.0	
123.5	42.0	55.0	72.0	
123.5	42.0	55.0	72.0	
123.5	41.0	55.0	72.0	
123.5	41.0	55.0	72.0	
123.5	41.0	55.0	72.0	
123.5	41.0	55.0	72.0	
123.5	41.0	55.0	72.0	
123.5	41.0	55.0	72.0	
123.5	41.0	55.0	72.0	
123.5	41.0	55.0	72.0	
123.5	41.0	55.0	72.0	
123.5	41.0	55.0	72.0	
123.5	41.0	55.0	72.0	
123.5	41.0	55.0	72.0	
123.5	41.0	55.0	72.0	
123.5	41.0	55.0	72.0	
123.5	41.0	55.0	72.0	
123.5	41.0	55.0	72.0	
123.5	41.0	55.0	72.0	
124.5	40.0	55.0	72.0	
124.5	40.0	55.0	72.0	
124.5	40.0	55.0	72.0	
124.5	40.0	55.0	72.0	
124.5	40.0	55.0	72.0	
124.5	40.0	55.0	72.0	
124.5	39.0	55.0	72.0	
124.5	39.0	55.0	72.0	
125.5	39.0	55.0	72.0	
125.5	39.0	55.0	72.0	
125.5	39.0	55.0	72.0	
126.5	39.0	55.0	72.0	
126.5	39.0	55.0	72.0	
126.5	39.0	55.0	72.0	
126.5	39.0	55.0	72.0	
126.5	39.0	55.0	72.0	
126.5	39.0	55.0	72.0	
126.5	39.0	55.0	72.0	
126.5	39.0	55.0	72.0	
126.5	39.0	55.0	72.0	
126.5	39.0	55.0	72.0	
126.5	39.0	55.0	72.0	
125.5	39.0	55.0	72.0	
125.5	39.0	55.0	72.0	
124.5	39.0	55.0	72.0	
123.5	39.0	55.0	72.0	
122.5	40.0	55.0	72.0	
122.5	40.0	55.0	72.0	
122.5	40.0	55.0	72.0	
122.5	40.0	55.0	72.0	
122.5	40.0	55.0	72.0	
122.5	40.0	55.0	72.0	
122.5	40.0	55.0	72.0	
122.5	40.0	55.0	72.0	
122.5	39.0	55.0	72.0	
122.5	39.0	55.0	72.0	
122.5	39.0	55.0	72.0	
122.5	39.0	55.0	72.0	
122.5	39.0	55.0	72.0	
122.5	39.0	55.0	72.0	
