38	25	36	68	
40	25	36	68	
40	25	36	68	
39	25	36	68	
39	25	36	68	
39	25	36	68	
39	26	36	68	
39	26	36	68	
40	26	36	68	
38	25	36	68	
39	25	36	68	
39	25	36	68	
40	26	36	68	
39	26	36	68	
38	26	36	68	
39	26	36	68	
38	26	36	68	
38	26	36	68	
40	26	36	68	
38	26	36	68	
38	26	36	68	
42	26	36	68	
40	26	36	68	
40	26	36	68	
40	27	36	68	
40	27	36	68	
41	27	36	68	
39	27	36	68	
41	26	36	68	
41	25	36	68	
40	25	36	68	
41	25	36	68	
41	26	36	68	
40	26	36	68	
41	26	36	68	
40	26	36	68	
42	26	36	68	
42	26	36	68	
42	26	36	68	
42	27	36	68	
41	27	36	68	
42	25	36	68	
44	25	36	68	
44	24	36	68	
44	25	36	68	
45	24	36	68	
46	24	36	68	
46	23	36	68	
46	25	36	68	
46	25	36	68	
48	25	36	68	
49	25	36	68	
49	25	36	68	
48	23	36	68	
50	24	36	68	
50	24	36	68	
52	24	36	68	
53	25	36	68	
55	25	36	68	
54	25	36	68	
52	24	36	68	
52	24	36	68	
53	25	36	68	
53	23	36	68	
53	24	36	68	
53	22	36	68	
57	24	36	68	
59	24	36	68	
60	25	36	68	
56	23	36	68	
55	22	36	68	
55	22	36	68	
58	24	36	68	
57	23	36	68	
57	24	36	68	
60	25	36	68	
62	25	36	68	
64	26	36	68	
63	26	36	68	
61	24	36	68	
66	24	36	68	
67	24	36	68	
63	23	36	68	
62	22	36	68	
66	24	36	68	
65	23	36	68	
70	24	36	68	
72	24	36	68	
73	25	36	68	
71	24	36	68	
70	23	36	68	
72	23	36	68	
74	23	36	68	
75	24	36	68	
76	24	36	68	
75	24	36	68	
76	23	36	68	
76	23	36	68	
79	22	36	68	
80	22	36	68	
83	22	36	68	
84	22	36	68	
85	22	36	68	
83	22	36	68	
83	22	36	68	
84	21	36	68	
87	20	36	68	
87	22	36	68	
88	21	36	68	
91	19	36	68	
94	18	36	68	
93	18	36	68	
93	19	36	68	
94	18	36	68	
98	18	36	68	
95	21	36	68	
98	18	36	68	
98	19	36	68	
100	18	36	68	
99	20	36	68	
101	18	36	68	
98	21	36	68	
101	17	36	68	
100	20	36	68	
102	19	36	68	
99	21	36	68	
99	22	36	68	
100	20	36	68	
101	19	36	68	
99	21	36	68	
101	20	36	68	
101	20	36	68	
102	18	36	68	
105	19	36	68	
105	19	36	68	
105	20	36	68	
105	21	36	68	
106	21	36	68	
107	22	36	68	
108	22	36	68	
109	22	36	68	
110	22	36	68	
112	23	36	68	
112	22	36	68	
113	22	36	68	
112	22	36	68	
113	21	36	68	
114	21	36	68	
115	21	36	68	
115	22	36	68	
117	22	36	68	
118	21	36	68	
118	23	36	68	
119	23	36	68	
120	24	36	68	
120	23	36	68	
119	24	36	68	
118	24	36	68	
119	24	36	68	
121	21	36	68	
122	23	36	68	
122	25	36	68	
124	22	36	68	
125	25	36	68	
126	26	36	68	
127	26	36	68	
127	27	36	68	
128	23	36	68	
128	25	36	68	
129	23	36	68	
129	27	36	68	
130	27	36	68	
129	26	36	68	
129	24	36	68	
129	27	36	68	
130	27	36	68	
130	26	36	68	
130	23	36	68	
131	23	36	68	
131	22	36	68	
130	24	36	68	
131	23	36	68	
131	23	36	68	
132	22	36	68	
131	22	36	68	
131	23	36	68	
131	25	36	68	
132	24	36	68	
133	25	36	68	
133	24	36	68	
133	25	36	68	
134	25	36	68	
134	25	36	68	
134	25	36	68	
135	25	36	68	
135	25	36	68	
134	24	36	68	
135	23	36	68	
136	23	36	68	
134	23	36	68	
133	24	36	68	
133	24	36	68	
135	24	36	68	
134	25	36	68	
135	24	36	68	
133	25	36	68	
133	25	36	68	
133	25	36	68	
133	26	36	68	
132	24	36	68	
132	24	36	68	
132	26	36	68	
131	27	36	68	
131	28	36	68	
131	24	36	68	
131	27	36	68	
130	27	36	68	
131	24	36	68	
130	27	36	68	
130	26	36	68	
129	27	36	68	
131	23	36	68	
131	21	36	68	
130	27	36	68	
130	27	36	68	
130	27	36	68	
130	26	36	68	
131	24	36	68	
130	27	36	68	
129	27	36	68	
130	24	36	68	
131	22	36	68	
131	22	36	68	
130	23	36	68	
130	24	36	68	
130	26	36	68	
130	24	36	68	
129	26	36	68	
129	25	36	68	
128	24	36	68	
128	24	36	68	
129	24	36	68	
130	21	36	68	
130	22	36	68	
130	20	36	68	
129	22	36	68	
128	24	36	68	
128	22	36	68	
125	26	36	68	
125	23	36	68	
125	22	36	68	
125	22	36	68	
124	21	36	68	
123	23	36	68	
123	24	36	68	
123	24	36	68	
123	23	36	68	
121	23	36	68	
123	23	36	68	
122	23	36	68	
121	27	36	68	
122	25	36	68	
120	27	36	68	
121	25	36	68	
122	25	36	68	
122	24	36	68	
120	24	36	68	
120	26	36	68	
121	25	36	68	
122	25	36	68	
121	25	36	68	
120	26	36	68	
121	25	36	68	
121	25	36	68	
120	26	36	68	
119	25	36	68	
123	24	36	68	
121	26	36	68	
121	26	36	68	
121	25	36	68	
121	25	36	68	
121	25	36	68	
122	25	36	68	
123	24	36	68	
125	25	36	68	
125	25	36	68	
123	26	36	68	
126	24	36	68	
124	24	36	68	
122	25	36	68	
121	26	36	68	
123	25	36	68	
125	25	36	68	
123	24	36	68	
122	24	36	68	
122	24	36	68	
121	24	36	68	
121	23	36	68	
121	23	36	68	
121	23	36	68	
121	24	36	68	
122	24	36	68	
121	24	36	68	
123	24	36	68	
124	23	36	68	
122	23	36	68	
122	23	36	68	
121	25	36	68	
121	25	36	68	
121	27	36	68	
121	27	36	68	
121	24	36	68	
120	25	36	68	
121	24	36	68	
120	25	36	68	
120	25	36	68	
121	24	36	68	
122	24	36	68	
122	23	36	68	
123	23	36	68	
123	23	36	68	
120	24	36	68	
120	25	36	68	
120	23	36	68	
118	25	36	68	
118	24	36	68	
119	24	36	68	
118	23	36	68	
117	24	36	68	
116	25	36	68	
116	24	36	68	
115	25	36	68	
115	24	36	68	
114	23	36	68	
114	24	36	68	
115	24	36	68	
115	23	36	68	
115	24	36	68	
114	23	36	68	
115	23	36	68	
114	24	36	68	
115	23	36	68	
114	23	36	68	
114	23	36	68	
114	21	36	68	
115	22	36	68	
115	21	36	68	
115	22	36	68	
114	23	36	68	
115	22	36	68	
115	23	36	68	
114	22	36	68	
114	24	36	68	
114	24	36	68	
113	24	36	68	
114	24	36	68	
114	25	36	68	
114	23	36	68	
113	25	36	68	
114	25	36	68	
114	24	36	68	
114	25	36	68	
115	24	36	68	
115	23	36	68	
114	24	36	68	
114	23	36	68	
114	24	36	68	
114	23	36	68	
113	25	36	68	
113	25	36	68	
114	23	36	68	
115	23	36	68	
115	23	36	68	
115	23	36	68	
115	23	36	68	
114	24	36	68	
114	23	36	68	
114	24	36	68	
115	23	36	68	
114	24	36	68	
114	24	36	68	
113	24	36	68	
113	24	36	68	
114	24	36	68	
113	24	36	68	
113	24	36	68	
113	24	36	68	
113	24	36	68	
113	25	36	68	
113	25	36	68	
113	24	36	68	
112	24	36	68	
114	24	36	68	
114	25	36	68	
113	24	36	68	
113	24	36	68	
113	25	36	68	
113	24	36	68	
113	25	36	68	
112	24	36	68	
112	24	36	68	
113	22	36	68	
112	23	36	68	
112	23	36	68	
111	24	36	68	
111	24	36	68	
112	23	36	68	
113	23	36	68	
112	24	36	68	
113	23	36	68	
112	24	36	68	
111	25	36	68	
112	24	36	68	
110	24	36	68	
108	24	36	68	
108	24	36	68	
110	23	36	68	
110	25	36	68	
109	24	36	68	
110	25	36	68	
111	26	36	68	
109	25	36	68	
109	24	36	68	
111	24	36	68	
111	25	36	68	
112	26	36	68	
112	26	36	68	
111	27	36	68	
111	25	36	68	
111	25	36	68	
112	26	36	68	
112	27	36	68	
112	25	36	68	
111	26	36	68	
111	27	36	68	
111	27	36	68	
111	27	36	68	
111	27	36	68	
111	27	36	68	
111	27	36	68	
111	26	36	68	
110	27	36	68	
110	26	36	68	
110	27	36	68	
108	27	36	68	
110	27	36	68	
110	27	36	68	
109	27	36	68	
108	27	36	68	
107	28	36	68	
108	28	36	68	
108	27	36	68	
109	27	36	68	
108	27	36	68	
108	27	36	68	
108	27	36	68	
109	26	36	68	
110	26	36	68	
108	26	36	68	
108	27	36	68	
109	27	36	68	
108	27	36	68	
108	26	36	68	
108	27	36	68	
108	27	36	68	
108	26	36	68	
108	26	36	68	
108	26	36	68	
108	26	36	68	
110	27	36	68	
111	27	36	68	
