219.0	86.5	32.0	15.0	
219.0	86.5	32.0	15.0	
219.0	86.5	32.0	15.0	
218.0	86.5	32.0	15.0	
218.0	86.5	32.0	15.0	
218.0	86.5	32.0	15.0	
218.0	86.5	32.0	15.0	
218.0	86.5	32.0	15.0	
218.0	86.5	32.0	15.0	
218.0	86.5	32.0	15.0	
224.0	88.5	32.0	15.0	
224.0	88.5	32.0	15.0	
224.0	88.5	32.0	15.0	
218.0	89.5	32.0	15.0	
218.0	89.5	32.0	15.0	
218.0	89.5	32.0	15.0	
218.0	89.5	32.0	15.0	
218.0	89.5	32.0	15.0	
218.0	89.5	32.0	15.0	
218.0	89.5	32.0	15.0	
211.0	90.5	32.0	15.0	
211.0	90.5	32.0	15.0	
211.0	90.5	32.0	15.0	
211.0	90.5	32.0	15.0	
203.0	91.5	32.0	15.0	
188.0	93.5	32.0	15.0	
200.0	92.5	32.0	15.0	
200.0	91.5	32.0	15.0	
187.0	94.5	32.0	15.0	
191.0	93.5	32.0	15.0	
191.0	93.5	32.0	15.0	
193.0	92.5	32.0	15.0	
184.0	92.5	32.0	15.0	
182.0	94.5	32.0	15.0	
183.0	94.5	32.0	15.0	
183.0	94.5	32.0	15.0	
184.0	93.5	32.0	15.0	
182.0	93.5	32.0	15.0	
174.0	95.5	32.0	15.0	
167.0	96.5	32.0	15.0	
173.0	95.5	32.0	15.0	
174.0	94.5	32.0	15.0	
174.0	94.5	32.0	15.0	
165.0	96.5	32.0	15.0	
167.0	96.5	32.0	15.0	
154.0	91.5	32.0	15.0	
165.0	95.5	32.0	15.0	
164.0	95.5	32.0	15.0	
154.0	97.5	32.0	15.0	
160.0	97.5	32.0	15.0	
152.0	98.5	32.0	15.0	
153.0	97.5	32.0	15.0	
153.0	98.5	32.0	15.0	
151.0	98.5	32.0	15.0	
150.0	98.5	32.0	15.0	
151.0	97.5	32.0	15.0	
146.0	99.5	32.0	15.0	
142.0	99.5	32.0	15.0	
133.0	101.5	32.0	15.0	
143.0	98.5	32.0	15.0	
142.0	98.5	32.0	15.0	
135.0	100.5	32.0	15.0	
125.0	102.5	32.0	15.0	
134.0	99.5	32.0	15.0	
132.0	99.5	32.0	15.0	
122.0	102.5	32.0	15.0	
119.0	102.5	32.0	15.0	
126.0	100.5	32.0	15.0	
120.0	102.5	32.0	15.0	
109.0	104.5	32.0	15.0	
117.0	102.5	32.0	15.0	
119.0	102.5	32.0	15.0	
111.0	103.5	32.0	15.0	
103.0	104.5	32.0	15.0	
108.0	103.5	32.0	15.0	
109.0	103.5	32.0	15.0	
102.0	102.5	32.0	15.0	
94.0	104.5	32.0	15.0	
103.0	104.5	32.0	15.0	
102.0	103.5	32.0	15.0	
95.0	104.5	32.0	15.0	
88.0	104.5	32.0	15.0	
92.0	105.5	32.0	15.0	
92.0	104.5	32.0	15.0	
86.0	105.5	32.0	15.0	
77.0	104.5	32.0	15.0	
83.0	105.5	32.0	15.0	
80.0	106.5	32.0	15.0	
80.0	106.5	32.0	15.0	
80.0	106.5	32.0	15.0	
74.0	107.5	32.0	15.0	
66.0	105.5	32.0	15.0	
73.0	107.5	32.0	15.0	
70.0	107.5	32.0	15.0	
56.0	107.5	32.0	15.0	
61.0	109.5	32.0	15.0	
61.0	108.5	32.0	15.0	
55.0	110.5	32.0	15.0	
55.0	110.5	32.0	15.0	
54.0	109.5	32.0	15.0	
53.0	109.5	32.0	15.0	
