233	62	22	30	
233	62	22	30	
233	62	22	30	
233	62	22	30	
233	62	22	30	
233	62	22	30	
233	62	22	30	
234	62	22	30	
234	62	22	30	
234	61	22	30	
234	62	22	30	
233	62	22	30	
234	62	22	30	
233	62	22	30	
233	61	22	30	
233	61	22	30	
233	61	22	30	
232	61	22	30	
233	61	22	30	
233	61	22	30	
233	61	22	30	
232	60	22	30	
232	60	22	30	
232	60	22	30	
232	60	22	30	
233	60	22	30	
232	60	22	30	
232	60	22	30	
232	60	22	30	
232	60	22	30	
231	60	22	30	
230	60	22	30	
231	60	22	30	
230	60	22	30	
231	59	22	30	
231	59	22	30	
231	59	22	30	
232	59	22	30	
232	60	22	30	
232	60	22	30	
232	60	22	30	
231	60	22	30	
231	60	22	30	
231	60	22	30	
232	60	22	30	
232	60	22	30	
232	60	22	30	
232	60	22	30	
232	60	22	30	
232	60	22	30	
232	60	22	30	
232	60	22	30	
232	61	22	30	
233	61	22	30	
232	61	22	30	
232	61	22	30	
233	61	22	30	
233	62	22	30	
233	62	22	30	
233	62	22	30	
233	62	22	30	
233	63	22	30	
233	63	22	30	
233	63	22	30	
233	63	22	30	
233	63	22	30	
233	62	22	30	
232	62	22	30	
232	62	22	30	
232	62	22	30	
232	62	22	30	
233	62	22	30	
233	62	22	30	
233	62	22	30	
232	62	22	30	
233	62	22	30	
233	62	22	30	
232	62	22	30	
232	62	22	30	
232	62	22	30	
232	62	22	30	
232	62	22	30	
232	63	22	30	
232	62	22	30	
232	62	22	30	
232	62	22	30	
232	62	22	30	
232	62	22	30	
231	62	22	30	
232	62	22	30	
233	62	22	30	
233	62	22	30	
232	62	22	30	
232	62	22	30	
233	62	22	30	
233	62	22	30	
233	62	22	30	
233	62	22	30	
233	62	22	30	
232	62	22	30	
232	62	22	30	
232	62	22	30	
232	62	22	30	
232	62	22	30	
232	62	22	30	
231	62	22	30	
231	62	22	30	
232	62	22	30	
232	62	22	30	
232	62	22	30	
232	62	22	30	
232	62	22	30	
232	62	22	30	
232	62	22	30	
232	62	22	30	
232	63	22	30	
232	63	22	30	
232	63	22	30	
232	63	22	30	
233	63	22	30	
233	63	22	30	
233	62	22	30	
233	62	22	30	
233	62	22	30	
233	62	22	30	
233	62	22	30	
233	62	22	30	
233	62	22	30	
233	62	22	30	
233	62	22	30	
233	62	22	30	
233	62	22	30	
233	62	22	30	
233	62	22	30	
234	62	22	30	
234	61	22	30	
234	61	22	30	
233	61	22	30	
233	61	22	30	
233	61	22	30	
233	61	22	30	
233	62	22	30	
233	62	22	30	
233	62	22	30	
233	62	22	30	
233	62	22	30	
234	62	22	30	
234	63	22	30	
233	62	22	30	
233	62	22	30	
233	62	22	30	
233	62	22	30	
233	63	22	30	
233	63	22	30	
233	63	22	30	
233	63	22	30	
233	63	22	30	
232	62	22	30	
232	62	22	30	
232	62	22	30	
233	62	22	30	
233	62	22	30	
233	62	22	30	
233	62	22	30	
233	62	22	30	
233	62	22	30	
233	62	22	30	
232	62	22	30	
233	62	22	30	
233	62	22	30	
233	62	22	30	
233	62	22	30	
233	62	22	30	
233	62	22	30	
233	62	22	30	
233	62	22	30	
233	62	22	30	
233	62	22	30	
233	62	22	30	
233	62	22	30	
233	63	22	30	
233	63	22	30	
233	63	22	30	
234	63	22	30	
233	62	22	30	
234	62	22	30	
233	62	22	30	
234	62	22	30	
234	63	22	30	
234	63	22	30	
234	63	22	30	
234	63	22	30	
234	63	22	30	
234	63	22	30	
234	63	22	30	
233	62	22	30	
234	62	22	30	
234	62	22	30	
234	62	22	30	
233	62	22	30	
233	62	22	30	
233	62	22	30	
233	62	22	30	
233	62	22	30	
233	62	22	30	
233	62	22	30	
233	62	22	30	
233	62	22	30	
233	62	22	30	
233	62	22	30	
232	62	22	30	
232	62	22	30	
232	62	22	30	
232	62	22	30	
232	63	22	30	
232	63	22	30	
232	63	22	30	
232	63	22	30	
232	63	22	30	
232	63	22	30	
232	63	22	30	
232	63	22	30	
232	63	22	30	
232	63	22	30	
231	62	22	30	
231	62	22	30	
231	62	22	30	
232	62	22	30	
232	61	22	30	
233	61	22	30	
233	60	22	30	
233	59	22	30	
233	57	22	30	
234	55	22	30	
234	52	22	30	
233	49	22	30	
232	48	22	30	
232	46	22	30	
231	44	22	30	
231	43	22	30	
231	42	22	30	
231	40	22	30	
231	39	22	30	
231	38	22	30	
231	37	22	30	
230	36	22	30	
230	36	22	30	
229	34	22	30	
228	33	22	30	
228	31	22	30	
227	30	22	30	
226	30	22	30	
226	30	22	30	
226	31	22	30	
226	32	22	30	
227	35	22	30	
226	37	22	30	
226	40	22	30	
226	42	22	30	
226	43	22	30	
226	45	22	30	
226	47	22	30	
226	49	22	30	
226	51	22	30	
226	53	22	30	
227	56	22	30	
228	59	22	30	
228	61	22	30	
228	63	22	30	
229	65	22	30	
228	66	22	30	
228	68	22	30	
227	70	22	30	
227	72	22	30	
226	74	22	30	
225	76	22	30	
225	77	22	30	
224	79	22	30	
225	80	22	30	
225	81	22	30	
225	82	22	30	
225	83	22	30	
224	84	22	30	
224	85	22	30	
225	85	22	30	
225	85	22	30	
225	85	22	30	
225	85	22	30	
225	84	22	30	
225	84	22	30	
226	84	22	30	
226	85	22	30	
225	86	22	30	
226	87	22	30	
226	88	22	30	
227	89	22	30	
228	89	22	30	
230	89	22	30	
232	89	22	30	
232	88	22	30	
235	88	22	30	
237	88	22	30	
239	88	22	30	
240	87	22	30	
243	87	22	30	
243	85	22	30	
246	85	22	30	
248	85	22	30	
250	85	22	30	
251	85	22	30	
253	84	22	30	
256	84	22	30	
257	84	22	30	
259	83	22	30	
260	83	22	30	
261	83	22	30	
262	83	22	30	
262	83	22	30	
263	83	22	30	
263	83	22	30	
262	82	22	30	
262	81	22	30	
262	79	22	30	
262	75	22	30	
262	73	22	30	
262	69	22	30	
260	65	22	30	
261	62	22	30	
261	60	22	30	
261	56	22	30	
261	54	22	30	
261	50	22	30	
261	47	22	30	
262	45	22	30	
262	44	22	30	
262	41	22	30	
262	39	22	30	
262	38	22	30	
262	37	22	30	
262	36	22	30	
263	36	22	30	
262	35	22	30	
262	34	22	30	
262	34	22	30	
262	34	22	30	
261	34	22	30	
261	36	22	30	
260	37	22	30	
261	39	22	30	
261	41	22	30	
260	43	22	30	
261	45	22	30	
261	46	22	30	
261	47	22	30	
261	48	22	30	
260	49	22	30	
260	52	22	30	
258	54	22	30	
258	57	22	30	
257	60	22	30	
254	63	22	30	
251	66	22	30	
249	69	22	30	
247	72	22	30	
245	75	22	30	
243	77	22	30	
242	80	22	30	
240	83	22	30	
239	86	22	30	
237	87	22	30	
236	89	22	30	
235	90	22	30	
233	92	22	30	
231	93	22	30	
231	94	22	30	
231	95	22	30	
229	95	22	30	
229	95	22	30	
229	96	22	30	
228	95	22	30	
229	95	22	30	
228	95	22	30	
228	95	22	30	
228	94	22	30	
229	92	22	30	
230	89	22	30	
230	84	22	30	
232	79	22	30	
232	76	22	30	
231	72	22	30	
231	68	22	30	
231	65	22	30	
230	61	22	30	
230	57	22	30	
229	54	22	30	
228	51	22	30	
227	49	22	30	
226	47	22	30	
225	45	22	30	
224	44	22	30	
224	43	22	30	
224	43	22	30	
224	42	22	30	
223	41	22	30	
223	41	22	30	
223	41	22	30	
223	41	22	30	
223	41	22	30	
224	41	22	30	
225	41	22	30	
225	41	22	30	
226	42	22	30	
227	42	22	30	
228	43	22	30	
230	45	22	30	
232	48	22	30	
234	51	22	30	
237	54	22	30	
240	57	22	30	
242	59	22	30	
245	63	22	30	
248	65	22	30	
251	69	22	30	
252	72	22	30	
252	74	22	30	
254	76	22	30	
255	78	22	30	
256	80	22	30	
258	83	22	30	
258	85	22	30	
258	87	22	30	
258	88	22	30	
257	89	22	30	
258	89	22	30	
258	89	22	30	
259	90	22	30	
259	90	22	30	
259	90	22	30	
259	90	22	30	
259	90	22	30	
258	90	22	30	
259	89	22	30	
259	89	22	30	
259	86	22	30	
259	83	22	30	
259	80	22	30	
259	76	22	30	
260	72	22	30	
259	67	22	30	
259	63	22	30	
259	58	22	30	
260	54	22	30	
261	49	22	30	
261	46	22	30	
261	42	22	30	
261	40	22	30	
261	37	22	30	
261	35	22	30	
261	34	22	30	
262	33	22	30	
262	33	22	30	
262	33	22	30	
262	33	22	30	
263	33	22	30	
263	33	22	30	
262	33	22	30	
264	33	22	30	
265	34	22	30	
268	34	22	30	
270	35	22	30	
274	36	22	30	
280	37	22	30	
286	37	22	30	
289	37	22	30	
292	36	22	30	
295	35	22	30	
297	36	22	30	
299	38	22	30	
301	37	22	30	
303	37	22	30	
304	37	22	30	
303	37	22	30	
304	37	22	30	
304	37	22	30	
302	37	22	30	
300	38	22	30	
299	38	22	30	
296	36	22	30	
294	36	22	30	
291	36	22	30	
288	37	22	30	
283	38	22	30	
278	39	22	30	
275	39	22	30	
271	39	22	30	
267	39	22	30	
263	39	22	30	
260	39	22	30	
259	39	22	30	
257	40	22	30	
255	40	22	30	
252	40	22	30	
250	41	22	30	
247	41	22	30	
244	41	22	30	
242	41	22	30	
240	41	22	30	
237	41	22	30	
235	41	22	30	
233	41	22	30	
231	41	22	30	
229	41	22	30	
228	41	22	30	
227	41	22	30	
226	41	22	30	
225	41	22	30	
225	41	22	30	
224	41	22	30	
223	40	22	30	
221	40	22	30	
220	40	22	30	
219	40	22	30	
219	40	22	30	
219	40	22	30	
219	39	22	30	
218	39	22	30	
218	40	22	30	
218	40	22	30	
218	40	22	30	
218	40	22	30	
218	40	22	30	
219	39	22	30	
219	38	22	30	
218	38	22	30	
217	37	22	30	
217	36	22	30	
216	36	22	30	
215	36	22	30	
214	36	22	30	
214	36	22	30	
214	36	22	30	
213	35	22	30	
213	35	22	30	
213	35	22	30	
213	35	22	30	
213	35	22	30	
213	35	22	30	
213	35	22	30	
213	35	22	30	
213	35	22	30	
213	35	22	30	
213	35	22	30	
213	35	22	30	
213	35	22	30	
213	35	22	30	
212	35	22	30	
212	35	22	30	
212	35	22	30	
211	35	22	30	
211	35	22	30	
210	35	22	30	
210	35	22	30	
210	35	22	30	
209	34	22	30	
208	33	22	30	
208	33	22	30	
208	32	22	30	
207	31	22	30	
207	31	22	30	
207	31	22	30	
207	30	22	30	
207	29	22	30	
208	30	22	30	
208	30	22	30	
208	30	22	30	
208	30	22	30	
209	30	22	30	
209	30	22	30	
209	30	22	30	
210	31	22	30	
210	31	22	30	
211	32	22	30	
211	32	22	30	
211	32	22	30	
212	33	22	30	
212	33	22	30	
212	33	22	30	
212	33	22	30	
213	33	22	30	
213	33	22	30	
214	33	22	30	
214	33	22	30	
214	33	22	30	
214	33	22	30	
214	33	22	30	
214	33	22	30	
214	33	22	30	
214	33	22	30	
214	33	22	30	
214	33	22	30	
214	33	22	30	
213	33	22	30	
214	33	22	30	
214	32	22	30	
214	32	22	30	
214	32	22	30	
214	31	22	30	
213	31	22	30	
213	32	22	30	
213	32	22	30	
214	33	22	30	
214	34	22	30	
214	34	22	30	
213	35	22	30	
213	35	22	30	
213	35	22	30	
213	35	22	30	
214	35	22	30	
213	35	22	30	
213	34	22	30	
213	34	22	30	
213	33	22	30	
213	33	22	30	
213	33	22	30	
214	33	22	30	
213	33	22	30	
213	33	22	30	
213	33	22	30	
213	33	22	30	
213	33	22	30	
213	33	22	30	
213	33	22	30	
213	33	22	30	
213	33	22	30	
213	33	22	30	
213	33	22	30	
213	33	22	30	
213	33	22	30	
213	33	22	30	
213	34	22	30	
214	34	22	30	
214	34	22	30	
214	34	22	30	
214	34	22	30	
215	35	22	30	
215	35	22	30	
216	35	22	30	
216	35	22	30	
216	35	22	30	
217	35	22	30	
217	36	22	30	
218	36	22	30	
218	37	22	30	
218	37	22	30	
218	37	22	30	
218	38	22	30	
218	38	22	30	
220	40	22	30	
221	40	22	30	
223	40	22	30	
224	39	22	30	
226	38	22	30	
229	37	22	30	
231	35	22	30	
233	34	22	30	
237	34	22	30	
240	32	22	30	
243	31	22	30	
246	31	22	30	
248	30	22	30	
249	30	22	30	
250	30	22	30	
251	30	22	30	
253	30	22	30	
253	29	22	30	
253	29	22	30	
253	29	22	30	
252	30	22	30	
253	30	22	30	
253	31	22	30	
251	31	22	30	
250	32	22	30	
249	32	22	30	
247	33	22	30	
244	34	22	30	
240	34	22	30	
235	35	22	30	
230	36	22	30	
226	37	22	30	
222	37	22	30	
220	37	22	30	
218	36	22	30	
217	36	22	30	
217	35	22	30	
216	35	22	30	
217	34	22	30	
217	34	22	30	
218	34	22	30	
218	34	22	30	
218	34	22	30	
218	34	22	30	
218	34	22	30	
218	34	22	30	
219	34	22	30	
219	34	22	30	
219	34	22	30	
219	34	22	30	
220	35	22	30	
220	36	22	30	
220	36	22	30	
219	36	22	30	
219	36	22	30	
218	35	22	30	
218	34	22	30	
218	33	22	30	
218	32	22	30	
218	32	22	30	
218	32	22	30	
218	33	22	30	
218	33	22	30	
219	33	22	30	
218	33	22	30	
218	33	22	30	
218	34	22	30	
219	34	22	30	
220	34	22	30	
219	34	22	30	
218	34	22	30	
220	35	22	30	
222	37	22	30	
224	38	22	30	
225	37	22	30	
226	37	22	30	
226	37	22	30	
226	37	22	30	
226	37	22	30	
226	37	22	30	
226	37	22	30	
227	37	22	30	
228	37	22	30	
229	36	22	30	
229	36	22	30	
229	36	22	30	
229	36	22	30	
229	36	22	30	
229	36	22	30	
229	36	22	30	
229	36	22	30	
229	35	22	30	
229	35	22	30	
230	35	22	30	
230	35	22	30	
230	35	22	30	
231	35	22	30	
233	35	22	30	
234	35	22	30	
236	35	22	30	
237	33	22	30	
237	33	22	30	
237	33	22	30	
238	32	22	30	
238	32	22	30	
238	32	22	30	
237	32	22	30	
237	33	22	30	
236	34	22	30	
236	33	22	30	
235	33	22	30	
235	33	22	30	
235	32	22	30	
234	32	22	30	
232	32	22	30	
233	32	22	30	
232	32	22	30	
232	32	22	30	
232	31	22	30	
233	30	22	30	
231	31	22	30	
232	31	22	30	
232	30	22	30	
231	30	22	30	
231	30	22	30	
230	30	22	30	
228	31	22	30	
227	32	22	30	
225	32	22	30	
224	32	22	30	
223	32	22	30	
221	32	22	30	
221	32	22	30	
221	31	22	30	
220	31	22	30	
221	31	22	30	
221	31	22	30	
222	31	22	30	
222	32	22	30	
222	32	22	30	
223	32	22	30	
223	31	22	30	
223	32	22	30	
223	32	22	30	
223	32	22	30	
223	32	22	30	
225	32	22	30	
226	33	22	30	
228	33	22	30	
230	34	22	30	
232	35	22	30	
233	34	22	30	
234	34	22	30	
235	35	22	30	
235	35	22	30	
236	35	22	30	
236	35	22	30	
236	35	22	30	
236	35	22	30	
236	36	22	30	
236	36	22	30	
236	36	22	30	
236	36	22	30	
236	36	22	30	
237	36	22	30	
238	36	22	30	
238	35	22	30	
238	34	22	30	
238	35	22	30	
239	34	22	30	
240	33	22	30	
240	33	22	30	
240	34	22	30	
240	34	22	30	
239	32	22	30	
238	31	22	30	
237	30	22	30	
237	30	22	30	
237	30	22	30	
237	30	22	30	
237	30	22	30	
237	30	22	30	
237	30	22	30	
238	30	22	30	
238	30	22	30	
239	31	22	30	
239	31	22	30	
239	31	22	30	
239	31	22	30	
239	31	22	30	
239	31	22	30	
239	30	22	30	
239	30	22	30	
239	29	22	30	
239	29	22	30	
240	28	22	30	
240	27	22	30	
240	28	22	30	
240	28	22	30	
240	28	22	30	
240	28	22	30	
239	28	22	30	
239	28	22	30	
239	28	22	30	
238	29	22	30	
239	29	22	30	
239	29	22	30	
239	30	22	30	
238	29	22	30	
237	29	22	30	
237	29	22	30	
237	29	22	30	
238	29	22	30	
239	28	22	30	
238	29	22	30	
238	29	22	30	
237	29	22	30	
237	29	22	30	
237	27	22	30	
237	27	22	30	
236	27	22	30	
235	26	22	30	
234	26	22	30	
234	24	22	30	
234	23	22	30	
235	21	22	30	
237	19	22	30	
238	16	22	30	
239	14	22	30	
240	12	22	30	
241	11	22	30	
241	10	22	30	
241	10	22	30	
241	11	22	30	
242	11	22	30	
242	12	22	30	
242	12	22	30	
241	12	22	30	
241	12	22	30	
241	12	22	30	
240	12	22	30	
240	13	22	30	
239	13	22	30	
239	13	22	30	
239	13	22	30	
239	14	22	30	
239	15	22	30	
238	15	22	30	
237	15	22	30	
236	16	22	30	
236	17	22	30	
235	19	22	30	
234	21	22	30	
233	22	22	30	
232	24	22	30	
231	25	22	30	
230	27	22	30	
229	27	22	30	
229	28	22	30	
228	27	22	30	
228	27	22	30	
227	27	22	30	
228	28	22	30	
228	27	22	30	
228	27	22	30	
230	28	22	30	
230	30	22	30	
230	32	22	30	
231	35	22	30	
231	38	22	30	
230	39	22	30	
230	39	22	30	
230	39	22	30	
