322.0	130.5	22.0	41.0	
320.0	163.5	22.0	41.0	
320.0	163.5	22.0	41.0	
315.0	155.5	22.0	41.0	
313.0	146.5	22.0	41.0	
320.0	129.5	22.0	41.0	
321.0	129.5	22.0	41.0	
312.0	146.5	22.0	41.0	
318.0	163.5	22.0	41.0	
318.0	163.5	22.0	41.0	
320.0	162.5	22.0	41.0	
311.0	160.5	22.0	41.0	
318.0	161.5	22.0	41.0	
310.0	154.5	22.0	41.0	
320.0	137.5	22.0	41.0	
307.0	166.5	22.0	41.0	
318.0	165.5	22.0	41.0	
318.0	165.5	22.0	41.0	
320.0	163.5	22.0	41.0	
330.0	172.5	22.0	41.0	
322.0	164.5	22.0	41.0	
311.0	156.5	22.0	41.0	
311.0	156.5	22.0	41.0	
311.0	156.5	22.0	41.0	
329.0	169.5	22.0	41.0	
321.0	161.5	22.0	41.0	
321.0	161.5	22.0	41.0	
320.0	161.5	22.0	41.0	
326.0	160.5	22.0	41.0	
326.0	160.5	22.0	41.0	
332.0	169.5	22.0	41.0	
333.0	170.5	22.0	41.0	
321.0	163.5	22.0	41.0	
320.0	163.5	22.0	41.0	
319.0	163.5	22.0	41.0	
309.0	170.5	22.0	41.0	
324.0	162.5	22.0	41.0	
324.0	162.5	22.0	41.0	
339.0	161.5	22.0	41.0	
351.0	168.5	22.0	41.0	
335.0	172.5	22.0	41.0	
343.0	163.5	22.0	41.0	
344.0	162.5	22.0	41.0	
352.0	166.5	22.0	41.0	
335.0	173.5	22.0	41.0	
333.0	173.5	22.0	41.0	
333.0	172.5	22.0	41.0	
347.0	164.5	22.0	41.0	
335.0	172.5	22.0	41.0	
333.0	172.5	22.0	41.0	
333.0	172.5	22.0	41.0	
333.0	172.5	22.0	41.0	
332.0	172.5	22.0	41.0	
333.0	172.5	22.0	41.0	
321.0	164.5	22.0	41.0	
328.0	164.5	22.0	41.0	
341.0	163.5	22.0	41.0	
334.0	171.5	22.0	41.0	
333.0	171.5	22.0	41.0	
333.0	172.5	22.0	41.0	
334.0	170.5	22.0	41.0	
342.0	162.5	22.0	41.0	
334.0	171.5	22.0	41.0	
333.0	172.5	22.0	41.0	
332.0	172.5	22.0	41.0	
351.0	165.5	22.0	41.0	
354.0	165.5	22.0	41.0	
349.0	165.5	22.0	41.0	
350.0	165.5	22.0	41.0	
348.0	165.5	22.0	41.0	
335.0	172.5	22.0	41.0	
334.0	172.5	22.0	41.0	
334.0	170.5	22.0	41.0	
333.0	170.5	22.0	41.0	
331.0	171.5	22.0	41.0	
331.0	172.5	22.0	41.0	
350.0	165.5	22.0	41.0	
352.0	165.5	22.0	41.0	
352.0	165.5	22.0	41.0	
352.0	166.5	22.0	41.0	
352.0	166.5	22.0	41.0	
352.0	166.5	22.0	41.0	
352.0	166.5	22.0	41.0	
353.0	166.5	22.0	41.0	
352.0	166.5	22.0	41.0	
354.0	166.5	22.0	41.0	
353.0	166.5	22.0	41.0	
353.0	166.5	22.0	41.0	
353.0	165.5	22.0	41.0	
352.0	165.5	22.0	41.0	
352.0	165.5	22.0	41.0	
353.0	165.5	22.0	41.0	
352.0	165.5	22.0	41.0	
352.0	165.5	22.0	41.0	
351.0	165.5	22.0	41.0	
352.0	165.5	22.0	41.0	
352.0	165.5	22.0	41.0	
351.0	165.5	22.0	41.0	
352.0	165.5	22.0	41.0	
352.0	165.5	22.0	41.0	
353.0	165.5	22.0	41.0	
353.0	165.5	22.0	41.0	
351.0	165.5	22.0	41.0	
352.0	165.5	22.0	41.0	
352.0	165.5	22.0	41.0	
349.0	165.5	22.0	41.0	
350.0	165.5	22.0	41.0	
348.0	165.5	22.0	41.0	
351.0	165.5	22.0	41.0	
352.0	165.5	22.0	41.0	
351.0	165.5	22.0	41.0	
352.0	164.5	22.0	41.0	
352.0	164.5	22.0	41.0	
352.0	163.5	22.0	41.0	
360.0	153.5	22.0	41.0	
355.0	161.5	22.0	41.0	
355.0	161.5	22.0	41.0	
