204.5	1.0	53.0	156.0	
203.5	-3.0	53.0	156.0	
203.5	-5.0	53.0	156.0	
203.5	-1.0	53.0	156.0	
202.5	-3.0	53.0	156.0	
203.5	-4.0	53.0	156.0	
203.5	-6.0	53.0	156.0	
204.5	-2.0	53.0	156.0	
205.5	0.0	53.0	156.0	
205.5	0.0	53.0	156.0	
205.5	-2.0	53.0	156.0	
206.5	0.0	53.0	156.0	
204.5	1.0	53.0	156.0	
206.5	0.0	53.0	156.0	
205.5	-4.0	53.0	156.0	
206.5	-1.0	53.0	156.0	
204.5	-6.0	53.0	156.0	
205.5	-3.0	53.0	156.0	
203.5	-4.0	53.0	156.0	
203.5	1.0	53.0	156.0	
205.5	-2.0	53.0	156.0	
205.5	-3.0	53.0	156.0	
204.5	-3.0	53.0	156.0	
204.5	-2.0	53.0	156.0	
204.5	-4.0	53.0	156.0	
202.5	-1.0	53.0	156.0	
202.5	-1.0	53.0	156.0	
202.5	-1.0	53.0	156.0	
203.5	-3.0	53.0	156.0	
201.5	0.0	53.0	156.0	
201.5	-4.0	53.0	156.0	
202.5	-7.0	53.0	156.0	
203.5	-4.0	53.0	156.0	
203.5	-4.0	53.0	156.0	
202.5	-4.0	53.0	156.0	
202.5	-3.0	53.0	156.0	
201.5	0.0	53.0	156.0	
201.5	-4.0	53.0	156.0	
202.5	-1.0	53.0	156.0	
202.5	-2.0	53.0	156.0	
203.5	-2.0	53.0	156.0	
203.5	0.0	53.0	156.0	
203.5	1.0	53.0	156.0	
204.5	-1.0	53.0	156.0	
203.5	-2.0	53.0	156.0	
203.5	0.0	53.0	156.0	
204.5	-2.0	53.0	156.0	
205.5	-3.0	53.0	156.0	
204.5	-3.0	53.0	156.0	
204.5	-2.0	53.0	156.0	
205.5	-3.0	53.0	156.0	
204.5	-1.0	53.0	156.0	
205.5	-1.0	53.0	156.0	
206.5	-3.0	53.0	156.0	
205.5	-4.0	53.0	156.0	
204.5	-2.0	53.0	156.0	
204.5	-3.0	53.0	156.0	
204.5	-3.0	53.0	156.0	
205.5	-4.0	53.0	156.0	
205.5	-3.0	53.0	156.0	
205.5	-2.0	53.0	156.0	
206.5	-1.0	53.0	156.0	
205.5	-1.0	53.0	156.0	
205.5	-2.0	53.0	156.0	
205.5	-3.0	53.0	156.0	
206.5	-3.0	53.0	156.0	
206.5	-2.0	53.0	156.0	
206.5	-4.0	53.0	156.0	
207.5	-5.0	53.0	156.0	
207.5	-5.0	53.0	156.0	
208.5	-5.0	53.0	156.0	
207.5	-4.0	53.0	156.0	
206.5	-5.0	53.0	156.0	
205.5	-6.0	53.0	156.0	
205.5	-6.0	53.0	156.0	
204.5	-5.0	53.0	156.0	
205.5	-6.0	53.0	156.0	
206.5	-7.0	53.0	156.0	
205.5	-6.0	53.0	156.0	
206.5	-6.0	53.0	156.0	
205.5	-6.0	53.0	156.0	
205.5	-7.0	53.0	156.0	
206.5	-7.0	53.0	156.0	
207.5	-6.0	53.0	156.0	
206.5	-6.0	53.0	156.0	
205.5	-5.0	53.0	156.0	
205.5	-6.0	53.0	156.0	
206.5	-7.0	53.0	156.0	
205.5	-5.0	53.0	156.0	
206.5	-6.0	53.0	156.0	
206.5	-6.0	53.0	156.0	
206.5	-6.0	53.0	156.0	
205.5	-4.0	53.0	156.0	
207.5	-7.0	53.0	156.0	
205.5	-5.0	53.0	156.0	
205.5	-6.0	53.0	156.0	
206.5	-7.0	53.0	156.0	
207.5	-6.0	53.0	156.0	
205.5	-7.0	53.0	156.0	
205.5	-5.0	53.0	156.0	
205.5	-5.0	53.0	156.0	
205.5	-6.0	53.0	156.0	
206.5	-7.0	53.0	156.0	
205.5	-5.0	53.0	156.0	
206.5	-7.0	53.0	156.0	
206.5	-6.0	53.0	156.0	
206.5	-6.0	53.0	156.0	
205.5	-5.0	53.0	156.0	
206.5	-7.0	53.0	156.0	
206.5	-8.0	53.0	156.0	
206.5	-8.0	53.0	156.0	
204.5	-6.0	53.0	156.0	
205.5	-6.0	53.0	156.0	
206.5	-6.0	53.0	156.0	
204.5	-6.0	53.0	156.0	
206.5	-6.0	53.0	156.0	
206.5	-6.0	53.0	156.0	
206.5	-7.0	53.0	156.0	
206.5	-8.0	53.0	156.0	
207.5	-7.0	53.0	156.0	
205.5	-7.0	53.0	156.0	
207.5	-7.0	53.0	156.0	
207.5	-8.0	53.0	156.0	
208.5	-7.0	53.0	156.0	
207.5	-6.0	53.0	156.0	
206.5	-7.0	53.0	156.0	
205.5	-6.0	53.0	156.0	
206.5	-7.0	53.0	156.0	
206.5	-8.0	53.0	156.0	
207.5	-8.0	53.0	156.0	
207.5	-9.0	53.0	156.0	
207.5	-9.0	53.0	156.0	
206.5	-8.0	53.0	156.0	
206.5	-8.0	53.0	156.0	
206.5	-7.0	53.0	156.0	
206.5	-7.0	53.0	156.0	
206.5	-5.0	53.0	156.0	
206.5	-7.0	53.0	156.0	
207.5	-9.0	53.0	156.0	
206.5	-7.0	53.0	156.0	
207.5	-8.0	53.0	156.0	
207.5	-6.0	53.0	156.0	
207.5	-8.0	53.0	156.0	
207.5	-9.0	53.0	156.0	
206.5	-6.0	53.0	156.0	
207.5	-8.0	53.0	156.0	
208.5	-8.0	53.0	156.0	
208.5	-8.0	53.0	156.0	
208.5	-8.0	53.0	156.0	
207.5	-8.0	53.0	156.0	
208.5	-6.0	53.0	156.0	
207.5	-7.0	53.0	156.0	
207.5	-6.0	53.0	156.0	
206.5	-7.0	53.0	156.0	
207.5	-8.0	53.0	156.0	
207.5	-7.0	53.0	156.0	
207.5	-7.0	53.0	156.0	
207.5	-6.0	53.0	156.0	
207.5	-7.0	53.0	156.0	
207.5	-7.0	53.0	156.0	
207.5	-7.0	53.0	156.0	
207.5	-6.0	53.0	156.0	
207.5	-8.0	53.0	156.0	
207.5	-7.0	53.0	156.0	
207.5	-7.0	53.0	156.0	
207.5	-6.0	53.0	156.0	
207.5	-7.0	53.0	156.0	
207.5	-8.0	53.0	156.0	
207.5	-9.0	53.0	156.0	
207.5	-8.0	53.0	156.0	
208.5	-7.0	53.0	156.0	
208.5	-8.0	53.0	156.0	
208.5	-8.0	53.0	156.0	
207.5	-8.0	53.0	156.0	
207.5	-7.0	53.0	156.0	
208.5	-7.0	53.0	156.0	
208.5	-8.0	53.0	156.0	
208.5	-9.0	53.0	156.0	
208.5	-8.0	53.0	156.0	
208.5	-7.0	53.0	156.0	
208.5	-9.0	53.0	156.0	
208.5	-9.0	53.0	156.0	
207.5	-8.0	53.0	156.0	
208.5	-8.0	53.0	156.0	
208.5	-9.0	53.0	156.0	
208.5	-9.0	53.0	156.0	
207.5	-8.0	53.0	156.0	
207.5	-9.0	53.0	156.0	
208.5	-9.0	53.0	156.0	
207.5	-7.0	53.0	156.0	
207.5	-8.0	53.0	156.0	
206.5	-6.0	53.0	156.0	
207.5	-6.0	53.0	156.0	
207.5	-8.0	53.0	156.0	
207.5	-6.0	53.0	156.0	
207.5	-7.0	53.0	156.0	
207.5	-8.0	53.0	156.0	
207.5	-7.0	53.0	156.0	
208.5	-8.0	53.0	156.0	
207.5	-8.0	53.0	156.0	
207.5	-8.0	53.0	156.0	
207.5	-8.0	53.0	156.0	
207.5	-9.0	53.0	156.0	
208.5	-8.0	53.0	156.0	
207.5	-9.0	53.0	156.0	
207.5	-7.0	53.0	156.0	
208.5	-8.0	53.0	156.0	
208.5	-8.0	53.0	156.0	
208.5	-9.0	53.0	156.0	
208.5	-10.0	53.0	156.0	
208.5	-9.0	53.0	156.0	
207.5	-8.0	53.0	156.0	
208.5	-9.0	53.0	156.0	
208.5	-9.0	53.0	156.0	
207.5	-10.0	53.0	156.0	
207.5	-9.0	53.0	156.0	
207.5	-9.0	53.0	156.0	
206.5	-9.0	53.0	156.0	
208.5	-10.0	53.0	156.0	
208.5	-10.0	53.0	156.0	
208.5	-10.0	53.0	156.0	
208.5	-9.0	53.0	156.0	
208.5	-8.0	53.0	156.0	
208.5	-8.0	53.0	156.0	
208.5	-11.0	53.0	156.0	
208.5	-10.0	53.0	156.0	
208.5	-11.0	53.0	156.0	
210.5	-10.0	53.0	156.0	
208.5	-11.0	53.0	156.0	
208.5	-10.0	53.0	156.0	
207.5	-9.0	53.0	156.0	
208.5	-11.0	53.0	156.0	
209.5	-11.0	53.0	156.0	
208.5	-10.0	53.0	156.0	
207.5	-9.0	53.0	156.0	
209.5	-9.0	53.0	156.0	
207.5	-9.0	53.0	156.0	
206.5	-9.0	53.0	156.0	
208.5	-10.0	53.0	156.0	
208.5	-11.0	53.0	156.0	
208.5	-11.0	53.0	156.0	
209.5	-11.0	53.0	156.0	
208.5	-12.0	53.0	156.0	
208.5	-10.0	53.0	156.0	
208.5	-11.0	53.0	156.0	
208.5	-11.0	53.0	156.0	
208.5	-11.0	53.0	156.0	
208.5	-12.0	53.0	156.0	
209.5	-12.0	53.0	156.0	
209.5	-10.0	53.0	156.0	
208.5	-9.0	53.0	156.0	
207.5	-10.0	53.0	156.0	
207.5	-12.0	53.0	156.0	
209.5	-11.0	53.0	156.0	
208.5	-12.0	53.0	156.0	
209.5	-11.0	53.0	156.0	
209.5	-13.0	53.0	156.0	
210.5	-13.0	53.0	156.0	
209.5	-13.0	53.0	156.0	
209.5	-14.0	53.0	156.0	
208.5	-13.0	53.0	156.0	
209.5	-14.0	53.0	156.0	
210.5	-14.0	53.0	156.0	
210.5	-13.0	53.0	156.0	
210.5	-13.0	53.0	156.0	
209.5	-12.0	53.0	156.0	
210.5	-13.0	53.0	156.0	
211.5	-14.0	53.0	156.0	
210.5	-13.0	53.0	156.0	
210.5	-13.0	53.0	156.0	
209.5	-12.0	53.0	156.0	
209.5	-12.0	53.0	156.0	
209.5	-12.0	53.0	156.0	
210.5	-12.0	53.0	156.0	
209.5	-12.0	53.0	156.0	
209.5	-13.0	53.0	156.0	
208.5	-12.0	53.0	156.0	
209.5	-12.0	53.0	156.0	
209.5	-13.0	53.0	156.0	
209.5	-14.0	53.0	156.0	
209.5	-13.0	53.0	156.0	
209.5	-12.0	53.0	156.0	
209.5	-12.0	53.0	156.0	
209.5	-11.0	53.0	156.0	
208.5	-12.0	53.0	156.0	
209.5	-12.0	53.0	156.0	
209.5	-12.0	53.0	156.0	
209.5	-12.0	53.0	156.0	
208.5	-12.0	53.0	156.0	
208.5	-12.0	53.0	156.0	
209.5	-13.0	53.0	156.0	
209.5	-13.0	53.0	156.0	
208.5	-12.0	53.0	156.0	
209.5	-11.0	53.0	156.0	
207.5	-12.0	53.0	156.0	
209.5	-11.0	53.0	156.0	
209.5	-12.0	53.0	156.0	
208.5	-12.0	53.0	156.0	
210.5	-12.0	53.0	156.0	
210.5	-11.0	53.0	156.0	
210.5	-12.0	53.0	156.0	
208.5	-12.0	53.0	156.0	
208.5	-12.0	53.0	156.0	
208.5	-12.0	53.0	156.0	
209.5	-14.0	53.0	156.0	
211.5	-14.0	53.0	156.0	
211.5	-14.0	53.0	156.0	
212.5	-15.0	53.0	156.0	
212.5	-15.0	53.0	156.0	
209.5	-13.0	53.0	156.0	
210.5	-15.0	53.0	156.0	
211.5	-15.0	53.0	156.0	
210.5	-13.0	53.0	156.0	
211.5	-13.0	53.0	156.0	
211.5	-13.0	53.0	156.0	
211.5	-14.0	53.0	156.0	
211.5	-15.0	53.0	156.0	
210.5	-12.0	53.0	156.0	
211.5	-15.0	53.0	156.0	
212.5	-15.0	53.0	156.0	
211.5	-13.0	53.0	156.0	
211.5	-12.0	53.0	156.0	
212.5	-16.0	53.0	156.0	
212.5	-14.0	53.0	156.0	
211.5	-15.0	53.0	156.0	
211.5	-14.0	53.0	156.0	
211.5	-17.0	53.0	156.0	
211.5	-15.0	53.0	156.0	
211.5	-16.0	53.0	156.0	
211.5	-15.0	53.0	156.0	
211.5	-14.0	53.0	156.0	
211.5	-15.0	53.0	156.0	
210.5	-13.0	53.0	156.0	
211.5	-15.0	53.0	156.0	
210.5	-15.0	53.0	156.0	
211.5	-16.0	53.0	156.0	
210.5	-14.0	53.0	156.0	
211.5	-16.0	53.0	156.0	
210.5	-14.0	53.0	156.0	
210.5	-16.0	53.0	156.0	
210.5	-16.0	53.0	156.0	
210.5	-14.0	53.0	156.0	
209.5	-14.0	53.0	156.0	
210.5	-14.0	53.0	156.0	
211.5	-13.0	53.0	156.0	
210.5	-12.0	53.0	156.0	
209.5	-12.0	53.0	156.0	
211.5	-12.0	53.0	156.0	
210.5	-12.0	53.0	156.0	
210.5	-12.0	53.0	156.0	
210.5	-12.0	53.0	156.0	
210.5	-12.0	53.0	156.0	
211.5	-11.0	53.0	156.0	
209.5	-12.0	53.0	156.0	
210.5	-13.0	53.0	156.0	
210.5	-12.0	53.0	156.0	
211.5	-10.0	53.0	156.0	
211.5	-10.0	53.0	156.0	
212.5	-10.0	53.0	156.0	
209.5	-13.0	53.0	156.0	
211.5	-12.0	53.0	156.0	
210.5	-13.0	53.0	156.0	
211.5	-12.0	53.0	156.0	
212.5	-11.0	53.0	156.0	
209.5	-13.0	53.0	156.0	
208.5	-13.0	53.0	156.0	
208.5	-13.0	53.0	156.0	
209.5	-14.0	53.0	156.0	
208.5	-15.0	53.0	156.0	
210.5	-13.0	53.0	156.0	
208.5	-13.0	53.0	156.0	
211.5	-12.0	53.0	156.0	
209.5	-13.0	53.0	156.0	
208.5	-13.0	53.0	156.0	
210.5	-13.0	53.0	156.0	
208.5	-14.0	53.0	156.0	
208.5	-15.0	53.0	156.0	
208.5	-15.0	53.0	156.0	
211.5	-12.0	53.0	156.0	
210.5	-13.0	53.0	156.0	
211.5	-14.0	53.0	156.0	
211.5	-14.0	53.0	156.0	
211.5	-14.0	53.0	156.0	
210.5	-14.0	53.0	156.0	
210.5	-16.0	53.0	156.0	
210.5	-17.0	53.0	156.0	
211.5	-12.0	53.0	156.0	
211.5	-17.0	53.0	156.0	
210.5	-13.0	53.0	156.0	
209.5	-13.0	53.0	156.0	
209.5	-15.0	53.0	156.0	
211.5	-16.0	53.0	156.0	
211.5	-17.0	53.0	156.0	
210.5	-17.0	53.0	156.0	
212.5	-17.0	53.0	156.0	
211.5	-17.0	53.0	156.0	
