153.5	45.5	9.0	19.0	
153.5	45.5	9.0	19.0	
153.5	45.5	9.0	19.0	
153.5	45.5	9.0	19.0	
153.5	45.5	9.0	19.0	
153.5	45.5	9.0	19.0	
153.5	45.5	9.0	19.0	
153.5	45.5	9.0	19.0	
153.5	45.5	9.0	19.0	
153.5	45.5	9.0	19.0	
153.5	45.5	9.0	19.0	
153.5	45.5	9.0	19.0	
153.5	45.5	9.0	19.0	
153.5	45.5	9.0	19.0	
153.5	45.5	9.0	19.0	
153.5	45.5	9.0	19.0	
153.5	45.5	9.0	19.0	
153.5	45.5	9.0	19.0	
153.5	45.5	9.0	19.0	
153.5	45.5	9.0	19.0	
153.5	45.5	9.0	19.0	
153.5	45.5	9.0	19.0	
153.5	45.5	9.0	19.0	
153.5	45.5	9.0	19.0	
153.5	45.5	9.0	19.0	
153.5	45.5	9.0	19.0	
153.5	45.5	9.0	19.0	
153.5	45.5	9.0	19.0	
153.5	45.5	9.0	19.0	
153.5	45.5	9.0	19.0	
153.5	45.5	9.0	19.0	
153.5	45.5	9.0	19.0	
153.5	45.5	9.0	19.0	
153.5	45.5	9.0	19.0	
153.5	45.5	9.0	19.0	
153.5	45.5	9.0	19.0	
152.5	35.5	9.0	19.0	
149.5	42.5	9.0	19.0	
148.5	42.5	9.0	19.0	
152.5	45.5	9.0	19.0	
153.5	45.5	9.0	19.0	
153.5	45.5	9.0	19.0	
153.5	45.5	9.0	19.0	
153.5	45.5	9.0	19.0	
153.5	45.5	9.0	19.0	
153.5	45.5	9.0	19.0	
153.5	45.5	9.0	19.0	
153.5	45.5	9.0	19.0	
153.5	45.5	9.0	19.0	
153.5	45.5	9.0	19.0	
153.5	45.5	9.0	19.0	
153.5	45.5	9.0	19.0	
153.5	45.5	9.0	19.0	
153.5	45.5	9.0	19.0	
153.5	45.5	9.0	19.0	
153.5	45.5	9.0	19.0	
153.5	45.5	9.0	19.0	
153.5	45.5	9.0	19.0	
153.5	45.5	9.0	19.0	
153.5	45.5	9.0	19.0	
141.5	31.5	9.0	19.0	
138.5	29.5	9.0	19.0	
139.5	37.5	9.0	19.0	
139.5	38.5	9.0	19.0	
139.5	38.5	9.0	19.0	
139.5	38.5	9.0	19.0	
139.5	38.5	9.0	19.0	
139.5	38.5	9.0	19.0	
139.5	38.5	9.0	19.0	
140.5	37.5	9.0	19.0	
139.5	37.5	9.0	19.0	
139.5	37.5	9.0	19.0	
139.5	36.5	9.0	19.0	
138.5	36.5	9.0	19.0	
137.5	36.5	9.0	19.0	
136.5	37.5	9.0	19.0	
136.5	37.5	9.0	19.0	
136.5	37.5	9.0	19.0	
136.5	28.5	9.0	19.0	
135.5	35.5	9.0	19.0	
135.5	34.5	9.0	19.0	
136.5	36.5	9.0	19.0	
136.5	36.5	9.0	19.0	
136.5	36.5	9.0	19.0	
136.5	36.5	9.0	19.0	
135.5	27.5	9.0	19.0	
135.5	28.5	9.0	19.0	
133.5	28.5	9.0	19.0	
133.5	28.5	9.0	19.0	
133.5	28.5	9.0	19.0	
132.5	28.5	9.0	19.0	
133.5	34.5	9.0	19.0	
133.5	34.5	9.0	19.0	
133.5	34.5	9.0	19.0	
133.5	34.5	9.0	19.0	
132.5	26.5	9.0	19.0	
130.5	26.5	9.0	19.0	
130.5	26.5	9.0	19.0	
130.5	26.5	9.0	19.0	
130.5	25.5	9.0	19.0	
131.5	33.5	9.0	19.0	
131.5	34.5	9.0	19.0	
130.5	34.5	9.0	19.0	
130.5	34.5	9.0	19.0	
130.5	34.5	9.0	19.0	
130.5	34.5	9.0	19.0	
130.5	25.5	9.0	19.0	
130.5	24.5	9.0	19.0	
130.5	24.5	9.0	19.0	
129.5	23.5	9.0	19.0	
129.5	23.5	9.0	19.0	
129.5	23.5	9.0	19.0	
129.5	23.5	9.0	19.0	
128.5	24.5	9.0	19.0	
128.5	31.5	9.0	19.0	
129.5	32.5	9.0	19.0	
129.5	32.5	9.0	19.0	
129.5	32.5	9.0	19.0	
129.5	23.5	9.0	19.0	
129.5	22.5	9.0	19.0	
129.5	22.5	9.0	19.0	
129.5	23.5	9.0	19.0	
128.5	24.5	9.0	19.0	
127.5	24.5	9.0	19.0	
127.5	24.5	9.0	19.0	
128.5	31.5	9.0	19.0	
128.5	31.5	9.0	19.0	
128.5	31.5	9.0	19.0	
128.5	31.5	9.0	19.0	
128.5	31.5	9.0	19.0	
126.5	22.5	9.0	19.0	
126.5	23.5	9.0	19.0	
126.5	30.5	9.0	19.0	
126.5	30.5	9.0	19.0	
126.5	30.5	9.0	19.0	
126.5	30.5	9.0	19.0	
125.5	21.5	9.0	19.0	
125.5	21.5	9.0	19.0	
125.5	22.5	9.0	19.0	
125.5	22.5	9.0	19.0	
125.5	29.5	9.0	19.0	
125.5	29.5	9.0	19.0	
125.5	29.5	9.0	19.0	
125.5	29.5	9.0	19.0	
124.5	29.5	9.0	19.0	
124.5	29.5	9.0	19.0	
124.5	29.5	9.0	19.0	
124.5	20.5	9.0	19.0	
124.5	21.5	9.0	19.0	
124.5	21.5	9.0	19.0	
124.5	21.5	9.0	19.0	
124.5	21.5	9.0	19.0	
124.5	23.5	9.0	19.0	
124.5	26.5	9.0	19.0	
124.5	26.5	9.0	19.0	
124.5	26.5	9.0	19.0	
124.5	26.5	9.0	19.0	
127.5	24.5	9.0	19.0	
127.5	24.5	9.0	19.0	
122.5	26.5	9.0	19.0	
123.5	25.5	9.0	19.0	
123.5	25.5	9.0	19.0	
123.5	25.5	9.0	19.0	
123.5	25.5	9.0	19.0	
123.5	25.5	9.0	19.0	
122.5	25.5	9.0	19.0	
123.5	18.5	9.0	19.0	
123.5	18.5	9.0	19.0	
123.5	18.5	9.0	19.0	
123.5	18.5	9.0	19.0	
121.5	17.5	9.0	19.0	
121.5	18.5	9.0	19.0	
121.5	19.5	9.0	19.0	
120.5	22.5	9.0	19.0	
120.5	22.5	9.0	19.0	
120.5	22.5	9.0	19.0	
120.5	22.5	9.0	19.0	
120.5	22.5	9.0	19.0	
120.5	22.5	9.0	19.0	
120.5	22.5	9.0	19.0	
120.5	25.5	9.0	19.0	
120.5	25.5	9.0	19.0	
120.5	25.5	9.0	19.0	
120.5	25.5	9.0	19.0	
120.5	25.5	9.0	19.0	
120.5	25.5	9.0	19.0	
120.5	25.5	9.0	19.0	
120.5	16.5	9.0	19.0	
120.5	21.5	9.0	19.0	
120.5	21.5	9.0	19.0	
120.5	22.5	9.0	19.0	
121.5	24.5	9.0	19.0	
121.5	24.5	9.0	19.0	
121.5	24.5	9.0	19.0	
119.5	23.5	9.0	19.0	
120.5	22.5	9.0	19.0	
120.5	22.5	9.0	19.0	
120.5	22.5	9.0	19.0	
120.5	22.5	9.0	19.0	
120.5	22.5	9.0	19.0	
120.5	22.5	9.0	19.0	
120.5	22.5	9.0	19.0	
120.5	22.5	9.0	19.0	
120.5	22.5	9.0	19.0	
120.5	22.5	9.0	19.0	
119.5	22.5	9.0	19.0	
119.5	21.5	9.0	19.0	
119.5	21.5	9.0	19.0	
119.5	21.5	9.0	19.0	
119.5	20.5	9.0	19.0	
119.5	20.5	9.0	19.0	
118.5	18.5	9.0	19.0	
118.5	18.5	9.0	19.0	
117.5	18.5	9.0	19.0	
129.5	13.5	9.0	19.0	
121.5	21.5	9.0	19.0	
119.5	20.5	9.0	19.0	
119.5	20.5	9.0	19.0	
118.5	20.5	9.0	19.0	
118.5	20.5	9.0	19.0	
107.5	11.5	9.0	19.0	
107.5	11.5	9.0	19.0	
106.5	11.5	9.0	19.0	
106.5	11.5	9.0	19.0	
106.5	11.5	9.0	19.0	
106.5	11.5	9.0	19.0	
106.5	11.5	9.0	19.0	
106.5	11.5	9.0	19.0	
106.5	11.5	9.0	19.0	
106.5	11.5	9.0	19.0	
106.5	11.5	9.0	19.0	
106.5	11.5	9.0	19.0	
111.5	12.5	9.0	19.0	
111.5	12.5	9.0	19.0	
111.5	12.5	9.0	19.0	
111.5	12.5	9.0	19.0	
111.5	12.5	9.0	19.0	
111.5	12.5	9.0	19.0	
111.5	12.5	9.0	19.0	
111.5	12.5	9.0	19.0	
111.5	12.5	9.0	19.0	
111.5	12.5	9.0	19.0	
114.5	12.5	9.0	19.0	
114.5	12.5	9.0	19.0	
114.5	12.5	9.0	19.0	
119.5	20.5	9.0	19.0	
119.5	21.5	9.0	19.0	
119.5	21.5	9.0	19.0	
119.5	21.5	9.0	19.0	
119.5	21.5	9.0	19.0	
119.5	21.5	9.0	19.0	
119.5	21.5	9.0	19.0	
119.5	21.5	9.0	19.0	
119.5	21.5	9.0	19.0	
119.5	21.5	9.0	19.0	
119.5	21.5	9.0	19.0	
119.5	21.5	9.0	19.0	
119.5	21.5	9.0	19.0	
119.5	21.5	9.0	19.0	
119.5	21.5	9.0	19.0	
120.5	13.5	9.0	19.0	
120.5	13.5	9.0	19.0	
120.5	13.5	9.0	19.0	
118.5	13.5	9.0	19.0	
117.5	14.5	9.0	19.0	
117.5	14.5	9.0	19.0	
117.5	14.5	9.0	19.0	
117.5	13.5	9.0	19.0	
117.5	13.5	9.0	19.0	
117.5	13.5	9.0	19.0	
117.5	13.5	9.0	19.0	
117.5	13.5	9.0	19.0	
117.5	13.5	9.0	19.0	
117.5	13.5	9.0	19.0	
117.5	13.5	9.0	19.0	
117.5	13.5	9.0	19.0	
118.5	12.5	9.0	19.0	
118.5	12.5	9.0	19.0	
118.5	12.5	9.0	19.0	
118.5	12.5	9.0	19.0	
118.5	12.5	9.0	19.0	
118.5	12.5	9.0	19.0	
118.5	12.5	9.0	19.0	
118.5	12.5	9.0	19.0	
118.5	12.5	9.0	19.0	
118.5	12.5	9.0	19.0	
118.5	12.5	9.0	19.0	
118.5	12.5	9.0	19.0	
118.5	12.5	9.0	19.0	
118.5	12.5	9.0	19.0	
118.5	12.5	9.0	19.0	
118.5	12.5	9.0	19.0	
118.5	12.5	9.0	19.0	
118.5	12.5	9.0	19.0	
121.5	19.5	9.0	19.0	
121.5	19.5	9.0	19.0	
121.5	19.5	9.0	19.0	
121.5	19.5	9.0	19.0	
121.5	19.5	9.0	19.0	
121.5	19.5	9.0	19.0	
121.5	19.5	9.0	19.0	
121.5	19.5	9.0	19.0	
121.5	19.5	9.0	19.0	
121.5	19.5	9.0	19.0	
121.5	19.5	9.0	19.0	
121.5	19.5	9.0	19.0	
121.5	19.5	9.0	19.0	
121.5	19.5	9.0	19.0	
122.5	19.5	9.0	19.0	
122.5	19.5	9.0	19.0	
122.5	19.5	9.0	19.0	
122.5	19.5	9.0	19.0	
122.5	19.5	9.0	19.0	
122.5	19.5	9.0	19.0	
122.5	19.5	9.0	19.0	
118.5	13.5	9.0	19.0	
118.5	12.5	9.0	19.0	
118.5	12.5	9.0	19.0	
118.5	12.5	9.0	19.0	
118.5	12.5	9.0	19.0	
118.5	12.5	9.0	19.0	
119.5	12.5	9.0	19.0	
119.5	12.5	9.0	19.0	
119.5	12.5	9.0	19.0	
119.5	12.5	9.0	19.0	
119.5	12.5	9.0	19.0	
119.5	13.5	9.0	19.0	
119.5	12.5	9.0	19.0	
119.5	12.5	9.0	19.0	
119.5	12.5	9.0	19.0	
121.5	17.5	9.0	19.0	
121.5	17.5	9.0	19.0	
121.5	17.5	9.0	19.0	
118.5	12.5	9.0	19.0	
118.5	12.5	9.0	19.0	
118.5	12.5	9.0	19.0	
118.5	12.5	9.0	19.0	
118.5	12.5	9.0	19.0	
118.5	12.5	9.0	19.0	
118.5	12.5	9.0	19.0	
118.5	12.5	9.0	19.0	
121.5	11.5	9.0	19.0	
122.5	11.5	9.0	19.0	
123.5	11.5	9.0	19.0	
123.5	13.5	9.0	19.0	
120.5	11.5	9.0	19.0	
120.5	11.5	9.0	19.0	
120.5	11.5	9.0	19.0	
120.5	11.5	9.0	19.0	
124.5	18.5	9.0	19.0	
125.5	19.5	9.0	19.0	
126.5	19.5	9.0	19.0	
126.5	19.5	9.0	19.0	
126.5	21.5	9.0	19.0	
120.5	20.5	9.0	19.0	
120.5	20.5	9.0	19.0	
120.5	20.5	9.0	19.0	
120.5	20.5	9.0	19.0	
119.5	20.5	9.0	19.0	
121.5	16.5	9.0	19.0	
123.5	20.5	9.0	19.0	
123.5	20.5	9.0	19.0	
121.5	16.5	9.0	19.0	
121.5	16.5	9.0	19.0	
121.5	16.5	9.0	19.0	
121.5	16.5	9.0	19.0	
121.5	16.5	9.0	19.0	
121.5	16.5	9.0	19.0	
126.5	13.5	9.0	19.0	
127.5	13.5	9.0	19.0	
127.5	13.5	9.0	19.0	
127.5	13.5	9.0	19.0	
127.5	13.5	9.0	19.0	
127.5	13.5	9.0	19.0	
128.5	19.5	9.0	19.0	
128.5	20.5	9.0	19.0	
128.5	20.5	9.0	19.0	
128.5	20.5	9.0	19.0	
131.5	20.5	9.0	19.0	
131.5	20.5	9.0	19.0	
131.5	20.5	9.0	19.0	
131.5	20.5	9.0	19.0	
131.5	20.5	9.0	19.0	
130.5	14.5	9.0	19.0	
130.5	14.5	9.0	19.0	
130.5	14.5	9.0	19.0	
130.5	14.5	9.0	19.0	
130.5	14.5	9.0	19.0	
130.5	14.5	9.0	19.0	
131.5	13.5	9.0	19.0	
131.5	13.5	9.0	19.0	
130.5	22.5	9.0	19.0	
130.5	22.5	9.0	19.0	
130.5	22.5	9.0	19.0	
130.5	22.5	9.0	19.0	
130.5	22.5	9.0	19.0	
130.5	22.5	9.0	19.0	
130.5	22.5	9.0	19.0	
130.5	22.5	9.0	19.0	
130.5	22.5	9.0	19.0	
130.5	22.5	9.0	19.0	
130.5	22.5	9.0	19.0	
130.5	22.5	9.0	19.0	
130.5	22.5	9.0	19.0	
130.5	22.5	9.0	19.0	
130.5	22.5	9.0	19.0	
130.5	22.5	9.0	19.0	
130.5	22.5	9.0	19.0	
130.5	22.5	9.0	19.0	
130.5	22.5	9.0	19.0	
130.5	22.5	9.0	19.0	
130.5	22.5	9.0	19.0	
130.5	22.5	9.0	19.0	
130.5	22.5	9.0	19.0	
130.5	22.5	9.0	19.0	
130.5	22.5	9.0	19.0	
130.5	22.5	9.0	19.0	
130.5	22.5	9.0	19.0	
130.5	22.5	9.0	19.0	
130.5	22.5	9.0	19.0	
121.5	19.5	9.0	19.0	
120.5	19.5	9.0	19.0	
120.5	19.5	9.0	19.0	
120.5	19.5	9.0	19.0	
120.5	19.5	9.0	19.0	
120.5	19.5	9.0	19.0	
120.5	19.5	9.0	19.0	
120.5	19.5	9.0	19.0	
120.5	19.5	9.0	19.0	
120.5	19.5	9.0	19.0	
120.5	19.5	9.0	19.0	
120.5	19.5	9.0	19.0	
120.5	19.5	9.0	19.0	
120.5	19.5	9.0	19.0	
120.5	19.5	9.0	19.0	
120.5	19.5	9.0	19.0	
120.5	19.5	9.0	19.0	
120.5	19.5	9.0	19.0	
120.5	19.5	9.0	19.0	
127.5	21.5	9.0	19.0	
131.5	21.5	9.0	19.0	
131.5	21.5	9.0	19.0	
131.5	21.5	9.0	19.0	
129.5	21.5	9.0	19.0	
129.5	21.5	9.0	19.0	
129.5	21.5	9.0	19.0	
129.5	21.5	9.0	19.0	
129.5	21.5	9.0	19.0	
129.5	21.5	9.0	19.0	
129.5	21.5	9.0	19.0	
129.5	21.5	9.0	19.0	
129.5	21.5	9.0	19.0	
129.5	21.5	9.0	19.0	
129.5	21.5	9.0	19.0	
129.5	22.5	9.0	19.0	
129.5	22.5	9.0	19.0	
129.5	21.5	9.0	19.0	
129.5	21.5	9.0	19.0	
129.5	21.5	9.0	19.0	
129.5	21.5	9.0	19.0	
129.5	21.5	9.0	19.0	
122.5	19.5	9.0	19.0	
121.5	19.5	9.0	19.0	
121.5	19.5	9.0	19.0	
121.5	19.5	9.0	19.0	
121.5	19.5	9.0	19.0	
121.5	19.5	9.0	19.0	
121.5	19.5	9.0	19.0	
121.5	19.5	9.0	19.0	
121.5	19.5	9.0	19.0	
121.5	19.5	9.0	19.0	
121.5	19.5	9.0	19.0	
121.5	19.5	9.0	19.0	
121.5	19.5	9.0	19.0	
121.5	19.5	9.0	19.0	
121.5	19.5	9.0	19.0	
121.5	19.5	9.0	19.0	
121.5	19.5	9.0	19.0	
120.5	19.5	9.0	19.0	
120.5	19.5	9.0	19.0	
121.5	18.5	9.0	19.0	
121.5	18.5	9.0	19.0	
123.5	16.5	9.0	19.0	
123.5	16.5	9.0	19.0	
123.5	16.5	9.0	19.0	
123.5	16.5	9.0	19.0	
123.5	15.5	9.0	19.0	
123.5	15.5	9.0	19.0	
124.5	15.5	9.0	19.0	
124.5	15.5	9.0	19.0	
124.5	15.5	9.0	19.0	
124.5	15.5	9.0	19.0	
123.5	14.5	9.0	19.0	
123.5	14.5	9.0	19.0	
125.5	14.5	9.0	19.0	
125.5	14.5	9.0	19.0	
125.5	14.5	9.0	19.0	
122.5	19.5	9.0	19.0	
123.5	16.5	9.0	19.0	
122.5	19.5	9.0	19.0	
122.5	19.5	9.0	19.0	
122.5	19.5	9.0	19.0	
121.5	19.5	9.0	19.0	
121.5	19.5	9.0	19.0	
121.5	19.5	9.0	19.0	
121.5	19.5	9.0	19.0	
121.5	19.5	9.0	19.0	
121.5	19.5	9.0	19.0	
121.5	19.5	9.0	19.0	
121.5	19.5	9.0	19.0	
120.5	19.5	9.0	19.0	
120.5	19.5	9.0	19.0	
124.5	12.5	9.0	19.0	
124.5	11.5	9.0	19.0	
124.5	11.5	9.0	19.0	
124.5	11.5	9.0	19.0	
124.5	11.5	9.0	19.0	
123.5	10.5	9.0	19.0	
123.5	10.5	9.0	19.0	
120.5	18.5	9.0	19.0	
119.5	19.5	9.0	19.0	
119.5	19.5	9.0	19.0	
119.5	19.5	9.0	19.0	
120.5	10.5	9.0	19.0	
120.5	9.5	9.0	19.0	
120.5	9.5	9.0	19.0	
120.5	9.5	9.0	19.0	
120.5	9.5	9.0	19.0	
120.5	9.5	9.0	19.0	
121.5	9.5	9.0	19.0	
121.5	9.5	9.0	19.0	
121.5	9.5	9.0	19.0	
121.5	9.5	9.0	19.0	
121.5	9.5	9.0	19.0	
122.5	9.5	9.0	19.0	
122.5	9.5	9.0	19.0	
122.5	9.5	9.0	19.0	
122.5	9.5	9.0	19.0	
122.5	9.5	9.0	19.0	
123.5	9.5	9.0	19.0	
123.5	9.5	9.0	19.0	
123.5	9.5	9.0	19.0	
123.5	9.5	9.0	19.0	
123.5	9.5	9.0	19.0	
123.5	9.5	9.0	19.0	
124.5	9.5	9.0	19.0	
122.5	17.5	9.0	19.0	
123.5	18.5	9.0	19.0	
132.5	21.5	9.0	19.0	
134.5	21.5	9.0	19.0	
135.5	21.5	9.0	19.0	
127.5	9.5	9.0	19.0	
126.5	8.5	9.0	19.0	
134.5	21.5	9.0	19.0	
135.5	22.5	9.0	19.0	
135.5	22.5	9.0	19.0	
135.5	22.5	9.0	19.0	
135.5	22.5	9.0	19.0	
135.5	22.5	9.0	19.0	
135.5	22.5	9.0	19.0	
135.5	22.5	9.0	19.0	
135.5	22.5	9.0	19.0	
135.5	22.5	9.0	19.0	
127.5	9.5	9.0	19.0	
126.5	7.5	9.0	19.0	
126.5	7.5	9.0	19.0	
134.5	20.5	9.0	19.0	
135.5	22.5	9.0	19.0	
135.5	22.5	9.0	19.0	
135.5	22.5	9.0	19.0	
135.5	22.5	9.0	19.0	
136.5	22.5	9.0	19.0	
136.5	22.5	9.0	19.0	
136.5	22.5	9.0	19.0	
136.5	22.5	9.0	19.0	
136.5	22.5	9.0	19.0	
136.5	22.5	9.0	19.0	
135.5	22.5	9.0	19.0	
135.5	22.5	9.0	19.0	
135.5	22.5	9.0	19.0	
135.5	22.5	9.0	19.0	
135.5	22.5	9.0	19.0	
136.5	22.5	9.0	19.0	
137.5	22.5	9.0	19.0	
137.5	22.5	9.0	19.0	
137.5	22.5	9.0	19.0	
135.5	15.5	9.0	19.0	
135.5	14.5	9.0	19.0	
132.5	7.5	9.0	19.0	
132.5	7.5	9.0	19.0	
133.5	6.5	9.0	19.0	
133.5	6.5	9.0	19.0	
133.5	6.5	9.0	19.0	
134.5	6.5	9.0	19.0	
134.5	6.5	9.0	19.0	
134.5	6.5	9.0	19.0	
135.5	6.5	9.0	19.0	
135.5	6.5	9.0	19.0	
135.5	6.5	9.0	19.0	
136.5	21.5	9.0	19.0	
136.5	23.5	9.0	19.0	
136.5	23.5	9.0	19.0	
136.5	24.5	9.0	19.0	
136.5	24.5	9.0	19.0	
136.5	24.5	9.0	19.0	
136.5	24.5	9.0	19.0	
136.5	25.5	9.0	19.0	
136.5	24.5	9.0	19.0	
136.5	24.5	9.0	19.0	
136.5	24.5	9.0	19.0	
136.5	24.5	9.0	19.0	
136.5	24.5	9.0	19.0	
135.5	24.5	9.0	19.0	
135.5	24.5	9.0	19.0	
135.5	24.5	9.0	19.0	
135.5	24.5	9.0	19.0	
135.5	24.5	9.0	19.0	
135.5	24.5	9.0	19.0	
135.5	24.5	9.0	19.0	
135.5	24.5	9.0	19.0	
135.5	24.5	9.0	19.0	
135.5	24.5	9.0	19.0	
135.5	24.5	9.0	19.0	
135.5	24.5	9.0	19.0	
135.5	24.5	9.0	19.0	
135.5	24.5	9.0	19.0	
135.5	24.5	9.0	19.0	
135.5	24.5	9.0	19.0	
135.5	24.5	9.0	19.0	
135.5	24.5	9.0	19.0	
135.5	24.5	9.0	19.0	
135.5	24.5	9.0	19.0	
135.5	24.5	9.0	19.0	
135.5	24.5	9.0	19.0	
135.5	24.5	9.0	19.0	
135.5	24.5	9.0	19.0	
135.5	24.5	9.0	19.0	
135.5	24.5	9.0	19.0	
135.5	24.5	9.0	19.0	
135.5	24.5	9.0	19.0	
135.5	24.5	9.0	19.0	
135.5	24.5	9.0	19.0	
135.5	24.5	9.0	19.0	
135.5	24.5	9.0	19.0	
135.5	24.5	9.0	19.0	
135.5	24.5	9.0	19.0	
135.5	24.5	9.0	19.0	
135.5	24.5	9.0	19.0	
135.5	24.5	9.0	19.0	
135.5	24.5	9.0	19.0	
135.5	24.5	9.0	19.0	
135.5	24.5	9.0	19.0	
135.5	24.5	9.0	19.0	
135.5	24.5	9.0	19.0	
135.5	24.5	9.0	19.0	
135.5	24.5	9.0	19.0	
135.5	24.5	9.0	19.0	
135.5	24.5	9.0	19.0	
135.5	24.5	9.0	19.0	
135.5	24.5	9.0	19.0	
135.5	24.5	9.0	19.0	
135.5	24.5	9.0	19.0	
135.5	24.5	9.0	19.0	
135.5	24.5	9.0	19.0	
135.5	24.5	9.0	19.0	
135.5	24.5	9.0	19.0	
135.5	24.5	9.0	19.0	
135.5	24.5	9.0	19.0	
135.5	24.5	9.0	19.0	
135.5	24.5	9.0	19.0	
135.5	24.5	9.0	19.0	
135.5	24.5	9.0	19.0	
135.5	24.5	9.0	19.0	
135.5	24.5	9.0	19.0	
135.5	24.5	9.0	19.0	
135.5	24.5	9.0	19.0	
135.5	24.5	9.0	19.0	
135.5	24.5	9.0	19.0	
135.5	24.5	9.0	19.0	
135.5	24.5	9.0	19.0	
135.5	24.5	9.0	19.0	
135.5	24.5	9.0	19.0	
135.5	24.5	9.0	19.0	
135.5	24.5	9.0	19.0	
141.5	47.5	9.0	19.0	
142.5	50.5	9.0	19.0	
142.5	50.5	9.0	19.0	
142.5	50.5	9.0	19.0	
142.5	50.5	9.0	19.0	
142.5	50.5	9.0	19.0	
142.5	50.5	9.0	19.0	
142.5	50.5	9.0	19.0	
142.5	50.5	9.0	19.0	
142.5	50.5	9.0	19.0	
142.5	50.5	9.0	19.0	
142.5	50.5	9.0	19.0	
142.5	50.5	9.0	19.0	
142.5	50.5	9.0	19.0	
142.5	50.5	9.0	19.0	
142.5	50.5	9.0	19.0	
142.5	50.5	9.0	19.0	
142.5	50.5	9.0	19.0	
142.5	50.5	9.0	19.0	
142.5	50.5	9.0	19.0	
142.5	50.5	9.0	19.0	
142.5	50.5	9.0	19.0	
142.5	50.5	9.0	19.0	
142.5	50.5	9.0	19.0	
142.5	50.5	9.0	19.0	
142.5	50.5	9.0	19.0	
142.5	50.5	9.0	19.0	
142.5	50.5	9.0	19.0	
142.5	50.5	9.0	19.0	
142.5	50.5	9.0	19.0	
142.5	50.5	9.0	19.0	
142.5	50.5	9.0	19.0	
142.5	50.5	9.0	19.0	
142.5	50.5	9.0	19.0	
142.5	50.5	9.0	19.0	
142.5	50.5	9.0	19.0	
142.5	50.5	9.0	19.0	
142.5	50.5	9.0	19.0	
142.5	50.5	9.0	19.0	
142.5	50.5	9.0	19.0	
142.5	50.5	9.0	19.0	
142.5	50.5	9.0	19.0	
142.5	50.5	9.0	19.0	
142.5	50.5	9.0	19.0	
142.5	50.5	9.0	19.0	
142.5	50.5	9.0	19.0	
142.5	50.5	9.0	19.0	
142.5	50.5	9.0	19.0	
142.5	49.5	9.0	19.0	
142.5	49.5	9.0	19.0	
142.5	49.5	9.0	19.0	
142.5	49.5	9.0	19.0	
142.5	49.5	9.0	19.0	
143.5	49.5	9.0	19.0	
143.5	49.5	9.0	19.0	
143.5	49.5	9.0	19.0	
143.5	49.5	9.0	19.0	
143.5	49.5	9.0	19.0	
143.5	49.5	9.0	19.0	
143.5	49.5	9.0	19.0	
143.5	49.5	9.0	19.0	
143.5	49.5	9.0	19.0	
143.5	49.5	9.0	19.0	
143.5	49.5	9.0	19.0	
143.5	49.5	9.0	19.0	
143.5	49.5	9.0	19.0	
143.5	49.5	9.0	19.0	
143.5	49.5	9.0	19.0	
143.5	49.5	9.0	19.0	
143.5	49.5	9.0	19.0	
143.5	49.5	9.0	19.0	
143.5	49.5	9.0	19.0	
143.5	49.5	9.0	19.0	
142.5	49.5	9.0	19.0	
142.5	52.5	9.0	19.0	
142.5	51.5	9.0	19.0	
142.5	51.5	9.0	19.0	
142.5	51.5	9.0	19.0	
142.5	51.5	9.0	19.0	
142.5	51.5	9.0	19.0	
142.5	51.5	9.0	19.0	
142.5	51.5	9.0	19.0	
142.5	51.5	9.0	19.0	
142.5	51.5	9.0	19.0	
142.5	51.5	9.0	19.0	
142.5	51.5	9.0	19.0	
142.5	51.5	9.0	19.0	
142.5	51.5	9.0	19.0	
142.5	51.5	9.0	19.0	
142.5	51.5	9.0	19.0	
142.5	51.5	9.0	19.0	
142.5	51.5	9.0	19.0	
142.5	51.5	9.0	19.0	
142.5	51.5	9.0	19.0	
142.5	51.5	9.0	19.0	
142.5	51.5	9.0	19.0	
142.5	51.5	9.0	19.0	
142.5	51.5	9.0	19.0	
142.5	51.5	9.0	19.0	
142.5	51.5	9.0	19.0	
142.5	51.5	9.0	19.0	
142.5	50.5	9.0	19.0	
142.5	50.5	9.0	19.0	
142.5	50.5	9.0	19.0	
142.5	50.5	9.0	19.0	
142.5	50.5	9.0	19.0	
142.5	50.5	9.0	19.0	
142.5	50.5	9.0	19.0	
142.5	50.5	9.0	19.0	
142.5	50.5	9.0	19.0	
142.5	50.5	9.0	19.0	
142.5	50.5	9.0	19.0	
142.5	50.5	9.0	19.0	
142.5	51.5	9.0	19.0	
142.5	51.5	9.0	19.0	
142.5	51.5	9.0	19.0	
143.5	51.5	9.0	19.0	
143.5	51.5	9.0	19.0	
143.5	51.5	9.0	19.0	
143.5	51.5	9.0	19.0	
143.5	51.5	9.0	19.0	
143.5	51.5	9.0	19.0	
143.5	51.5	9.0	19.0	
143.5	52.5	9.0	19.0	
143.5	52.5	9.0	19.0	
143.5	52.5	9.0	19.0	
143.5	52.5	9.0	19.0	
143.5	52.5	9.0	19.0	
143.5	52.5	9.0	19.0	
143.5	52.5	9.0	19.0	
143.5	52.5	9.0	19.0	
143.5	52.5	9.0	19.0	
143.5	52.5	9.0	19.0	
144.5	52.5	9.0	19.0	
144.5	52.5	9.0	19.0	
144.5	52.5	9.0	19.0	
145.5	53.5	9.0	19.0	
145.5	53.5	9.0	19.0	
145.5	53.5	9.0	19.0	
147.5	46.5	9.0	19.0	
147.5	46.5	9.0	19.0	
147.5	51.5	9.0	19.0	
147.5	54.5	9.0	19.0	
147.5	54.5	9.0	19.0	
147.5	53.5	9.0	19.0	
148.5	54.5	9.0	19.0	
148.5	54.5	9.0	19.0	
148.5	54.5	9.0	19.0	
148.5	54.5	9.0	19.0	
148.5	55.5	9.0	19.0	
148.5	55.5	9.0	19.0	
148.5	55.5	9.0	19.0	
148.5	55.5	9.0	19.0	
150.5	54.5	9.0	19.0	
151.5	57.5	9.0	19.0	
151.5	57.5	9.0	19.0	
151.5	57.5	9.0	19.0	
150.5	57.5	9.0	19.0	
150.5	57.5	9.0	19.0	
151.5	57.5	9.0	19.0	
150.5	56.5	9.0	19.0	
151.5	57.5	9.0	19.0	
151.5	57.5	9.0	19.0	
151.5	57.5	9.0	19.0	
152.5	58.5	9.0	19.0	
153.5	58.5	9.0	19.0	
152.5	58.5	9.0	19.0	
155.5	65.5	9.0	19.0	
152.5	58.5	9.0	19.0	
157.5	57.5	9.0	19.0	
156.5	60.5	9.0	19.0	
156.5	60.5	9.0	19.0	
155.5	60.5	9.0	19.0	
156.5	61.5	9.0	19.0	
153.5	59.5	9.0	19.0	
156.5	60.5	9.0	19.0	
165.5	40.5	9.0	19.0	
166.5	38.5	9.0	19.0	
166.5	38.5	9.0	19.0	
166.5	38.5	9.0	19.0	
166.5	38.5	9.0	19.0	
166.5	38.5	9.0	19.0	
166.5	38.5	9.0	19.0	
166.5	38.5	9.0	19.0	
166.5	38.5	9.0	19.0	
166.5	38.5	9.0	19.0	
166.5	38.5	9.0	19.0	
166.5	38.5	9.0	19.0	
166.5	38.5	9.0	19.0	
166.5	38.5	9.0	19.0	
166.5	38.5	9.0	19.0	
166.5	38.5	9.0	19.0	
166.5	38.5	9.0	19.0	
166.5	38.5	9.0	19.0	
166.5	38.5	9.0	19.0	
163.5	63.5	9.0	19.0	
162.5	66.5	9.0	19.0	
162.5	67.5	9.0	19.0	
161.5	67.5	9.0	19.0	
163.5	67.5	9.0	19.0	
163.5	66.5	9.0	19.0	
162.5	66.5	9.0	19.0	
161.5	65.5	9.0	19.0	
163.5	67.5	9.0	19.0	
164.5	75.5	9.0	19.0	
164.5	68.5	9.0	19.0	
164.5	68.5	9.0	19.0	
165.5	69.5	9.0	19.0	
165.5	69.5	9.0	19.0	
166.5	69.5	9.0	19.0	
168.5	72.5	9.0	19.0	
167.5	71.5	9.0	19.0	
167.5	70.5	9.0	19.0	
168.5	70.5	9.0	19.0	
168.5	70.5	9.0	19.0	
169.5	59.5	9.0	19.0	
170.5	69.5	9.0	19.0	
170.5	69.5	9.0	19.0	
170.5	73.5	9.0	19.0	
170.5	73.5	9.0	19.0	
171.5	72.5	9.0	19.0	
171.5	73.5	9.0	19.0	
171.5	73.5	9.0	19.0	
171.5	73.5	9.0	19.0	
174.5	71.5	9.0	19.0	
174.5	71.5	9.0	19.0	
173.5	76.5	9.0	19.0	
173.5	76.5	9.0	19.0	
174.5	64.5	9.0	19.0	
175.5	79.5	9.0	19.0	
174.5	73.5	9.0	19.0	
174.5	73.5	9.0	19.0	
174.5	73.5	9.0	19.0	
174.5	73.5	9.0	19.0	
174.5	75.5	9.0	19.0	
174.5	75.5	9.0	19.0	
174.5	75.5	9.0	19.0	
176.5	74.5	9.0	19.0	
176.5	74.5	9.0	19.0	
177.5	74.5	9.0	19.0	
178.5	74.5	9.0	19.0	
178.5	74.5	9.0	19.0	
178.5	74.5	9.0	19.0	
179.5	77.5	9.0	19.0	
180.5	78.5	9.0	19.0	
179.5	80.5	9.0	19.0	
179.5	80.5	9.0	19.0	
179.5	77.5	9.0	19.0	
181.5	79.5	9.0	19.0	
181.5	79.5	9.0	19.0	
181.5	79.5	9.0	19.0	
181.5	79.5	9.0	19.0	
179.5	83.5	9.0	19.0	
179.5	83.5	9.0	19.0	
181.5	82.5	9.0	19.0	
182.5	81.5	9.0	19.0	
189.5	76.5	9.0	19.0	
185.5	82.5	9.0	19.0	
185.5	82.5	9.0	19.0	
183.5	77.5	9.0	19.0	
184.5	76.5	9.0	19.0	
184.5	76.5	9.0	19.0	
186.5	81.5	9.0	19.0	
186.5	81.5	9.0	19.0	
186.5	77.5	9.0	19.0	
189.5	74.5	9.0	19.0	
190.5	74.5	9.0	19.0	
187.5	78.5	9.0	19.0	
187.5	80.5	9.0	19.0	
187.5	80.5	9.0	19.0	
187.5	80.5	9.0	19.0	
187.5	80.5	9.0	19.0	
187.5	80.5	9.0	19.0	
187.5	80.5	9.0	19.0	
189.5	81.5	9.0	19.0	
187.5	78.5	9.0	19.0	
187.5	78.5	9.0	19.0	
187.5	78.5	9.0	19.0	
189.5	81.5	9.0	19.0	
189.5	81.5	9.0	19.0	
189.5	83.5	9.0	19.0	
189.5	82.5	9.0	19.0	
188.5	78.5	9.0	19.0	
189.5	81.5	9.0	19.0	
189.5	82.5	9.0	19.0	
188.5	78.5	9.0	19.0	
188.5	77.5	9.0	19.0	
189.5	70.5	9.0	19.0	
190.5	77.5	9.0	19.0	
190.5	81.5	9.0	19.0	
189.5	78.5	9.0	19.0	
190.5	76.5	9.0	19.0	
190.5	81.5	9.0	19.0	
190.5	84.5	9.0	19.0	
190.5	84.5	9.0	19.0	
190.5	84.5	9.0	19.0	
190.5	84.5	9.0	19.0	
190.5	83.5	9.0	19.0	
190.5	83.5	9.0	19.0	
190.5	78.5	9.0	19.0	
190.5	81.5	9.0	19.0	
190.5	78.5	9.0	19.0	
190.5	78.5	9.0	19.0	
190.5	82.5	9.0	19.0	
191.5	79.5	9.0	19.0	
191.5	81.5	9.0	19.0	
190.5	78.5	9.0	19.0	
191.5	80.5	9.0	19.0	
191.5	80.5	9.0	19.0	
191.5	80.5	9.0	19.0	
191.5	80.5	9.0	19.0	
191.5	80.5	9.0	19.0	
191.5	83.5	9.0	19.0	
191.5	83.5	9.0	19.0	
191.5	83.5	9.0	19.0	
191.5	84.5	9.0	19.0	
191.5	84.5	9.0	19.0	
191.5	84.5	9.0	19.0	
191.5	84.5	9.0	19.0	
191.5	84.5	9.0	19.0	
191.5	84.5	9.0	19.0	
191.5	84.5	9.0	19.0	
191.5	84.5	9.0	19.0	
191.5	84.5	9.0	19.0	
191.5	81.5	9.0	19.0	
191.5	81.5	9.0	19.0	
191.5	81.5	9.0	19.0	
191.5	81.5	9.0	19.0	
191.5	84.5	9.0	19.0	
191.5	84.5	9.0	19.0	
191.5	84.5	9.0	19.0	
191.5	88.5	9.0	19.0	
191.5	88.5	9.0	19.0	
191.5	85.5	9.0	19.0	
195.5	73.5	9.0	19.0	
195.5	73.5	9.0	19.0	
195.5	73.5	9.0	19.0	
191.5	81.5	9.0	19.0	
191.5	81.5	9.0	19.0	
191.5	83.5	9.0	19.0	
191.5	83.5	9.0	19.0	
191.5	83.5	9.0	19.0	
191.5	83.5	9.0	19.0	
191.5	83.5	9.0	19.0	
191.5	83.5	9.0	19.0	
191.5	83.5	9.0	19.0	
191.5	83.5	9.0	19.0	
191.5	84.5	9.0	19.0	
191.5	84.5	9.0	19.0	
191.5	84.5	9.0	19.0	
191.5	84.5	9.0	19.0	
191.5	84.5	9.0	19.0	
191.5	84.5	9.0	19.0	
191.5	84.5	9.0	19.0	
191.5	84.5	9.0	19.0	
191.5	84.5	9.0	19.0	
191.5	76.5	9.0	19.0	
191.5	80.5	9.0	19.0	
191.5	82.5	9.0	19.0	
191.5	78.5	9.0	19.0	
191.5	78.5	9.0	19.0	
191.5	78.5	9.0	19.0	
191.5	78.5	9.0	19.0	
191.5	80.5	9.0	19.0	
191.5	78.5	9.0	19.0	
191.5	78.5	9.0	19.0	
191.5	78.5	9.0	19.0	
191.5	78.5	9.0	19.0	
191.5	77.5	9.0	19.0	
191.5	77.5	9.0	19.0	
191.5	80.5	9.0	19.0	
191.5	77.5	9.0	19.0	
191.5	77.5	9.0	19.0	
191.5	79.5	9.0	19.0	
191.5	77.5	9.0	19.0	
191.5	77.5	9.0	19.0	
191.5	77.5	9.0	19.0	
191.5	79.5	9.0	19.0	
191.5	78.5	9.0	19.0	
191.5	77.5	9.0	19.0	
191.5	77.5	9.0	19.0	
191.5	79.5	9.0	19.0	
191.5	78.5	9.0	19.0	
191.5	77.5	9.0	19.0	
192.5	77.5	9.0	19.0	
192.5	77.5	9.0	19.0	
192.5	77.5	9.0	19.0	
191.5	87.5	9.0	19.0	
191.5	82.5	9.0	19.0	
192.5	77.5	9.0	19.0	
191.5	79.5	9.0	19.0	
191.5	75.5	9.0	19.0	
191.5	75.5	9.0	19.0	
190.5	86.5	9.0	19.0	
190.5	86.5	9.0	19.0	
190.5	81.5	9.0	19.0	
190.5	81.5	9.0	19.0	
190.5	87.5	9.0	19.0	
200.5	82.5	9.0	19.0	
191.5	76.5	9.0	19.0	
191.5	76.5	9.0	19.0	
191.5	83.5	9.0	19.0	
191.5	83.5	9.0	19.0	
191.5	83.5	9.0	19.0	
192.5	72.5	9.0	19.0	
191.5	79.5	9.0	19.0	
190.5	78.5	9.0	19.0	
189.5	77.5	9.0	19.0	
189.5	77.5	9.0	19.0	
189.5	77.5	9.0	19.0	
189.5	77.5	9.0	19.0	
190.5	80.5	9.0	19.0	
190.5	77.5	9.0	19.0	
190.5	79.5	9.0	19.0	
190.5	81.5	9.0	19.0	
190.5	78.5	9.0	19.0	
190.5	78.5	9.0	19.0	
190.5	81.5	9.0	19.0	
193.5	78.5	9.0	19.0	
193.5	78.5	9.0	19.0	
193.5	78.5	9.0	19.0	
192.5	81.5	9.0	19.0	
192.5	81.5	9.0	19.0	
192.5	81.5	9.0	19.0	
192.5	81.5	9.0	19.0	
193.5	80.5	9.0	19.0	
194.5	79.5	9.0	19.0	
195.5	79.5	9.0	19.0	
195.5	79.5	9.0	19.0	
195.5	79.5	9.0	19.0	
194.5	81.5	9.0	19.0	
194.5	81.5	9.0	19.0	
194.5	81.5	9.0	19.0	
194.5	81.5	9.0	19.0	
196.5	81.5	9.0	19.0	
196.5	81.5	9.0	19.0	
196.5	81.5	9.0	19.0	
196.5	81.5	9.0	19.0	
196.5	81.5	9.0	19.0	
200.5	81.5	9.0	19.0	
199.5	80.5	9.0	19.0	
200.5	80.5	9.0	19.0	
200.5	79.5	9.0	19.0	
201.5	78.5	9.0	19.0	
203.5	82.5	9.0	19.0	
203.5	82.5	9.0	19.0	
203.5	77.5	9.0	19.0	
205.5	80.5	9.0	19.0	
204.5	79.5	9.0	19.0	
205.5	79.5	9.0	19.0	
206.5	81.5	9.0	19.0	
207.5	80.5	9.0	19.0	
206.5	81.5	9.0	19.0	
207.5	80.5	9.0	19.0	
207.5	81.5	9.0	19.0	
207.5	76.5	9.0	19.0	
208.5	78.5	9.0	19.0	
209.5	78.5	9.0	19.0	
208.5	79.5	9.0	19.0	
207.5	83.5	9.0	19.0	
207.5	83.5	9.0	19.0	
207.5	83.5	9.0	19.0	
212.5	75.5	9.0	19.0	
212.5	75.5	9.0	19.0	
213.5	75.5	9.0	19.0	
214.5	79.5	9.0	19.0	
214.5	79.5	9.0	19.0	
214.5	77.5	9.0	19.0	
215.5	74.5	9.0	19.0	
216.5	74.5	9.0	19.0	
214.5	74.5	9.0	19.0	
215.5	74.5	9.0	19.0	
215.5	76.5	9.0	19.0	
215.5	76.5	9.0	19.0	
215.5	77.5	9.0	19.0	
218.5	73.5	9.0	19.0	
218.5	73.5	9.0	19.0	
220.5	74.5	9.0	19.0	
220.5	74.5	9.0	19.0	
220.5	74.5	9.0	19.0	
220.5	74.5	9.0	19.0	
220.5	74.5	9.0	19.0	
220.5	74.5	9.0	19.0	
220.5	74.5	9.0	19.0	
220.5	74.5	9.0	19.0	
220.5	74.5	9.0	19.0	
220.5	74.5	9.0	19.0	
220.5	74.5	9.0	19.0	
220.5	74.5	9.0	19.0	
220.5	74.5	9.0	19.0	
220.5	74.5	9.0	19.0	
220.5	74.5	9.0	19.0	
220.5	74.5	9.0	19.0	
220.5	74.5	9.0	19.0	
220.5	74.5	9.0	19.0	
220.5	74.5	9.0	19.0	
220.5	74.5	9.0	19.0	
220.5	74.5	9.0	19.0	
220.5	74.5	9.0	19.0	
220.5	74.5	9.0	19.0	
220.5	74.5	9.0	19.0	
220.5	74.5	9.0	19.0	
220.5	74.5	9.0	19.0	
220.5	74.5	9.0	19.0	
220.5	74.5	9.0	19.0	
220.5	74.5	9.0	19.0	
220.5	74.5	9.0	19.0	
220.5	74.5	9.0	19.0	
220.5	74.5	9.0	19.0	
220.5	74.5	9.0	19.0	
220.5	74.5	9.0	19.0	
220.5	74.5	9.0	19.0	
220.5	74.5	9.0	19.0	
220.5	74.5	9.0	19.0	
220.5	74.5	9.0	19.0	
220.5	74.5	9.0	19.0	
220.5	74.5	9.0	19.0	
220.5	74.5	9.0	19.0	
220.5	74.5	9.0	19.0	
220.5	74.5	9.0	19.0	
220.5	74.5	9.0	19.0	
220.5	74.5	9.0	19.0	
220.5	74.5	9.0	19.0	
220.5	74.5	9.0	19.0	
220.5	74.5	9.0	19.0	
