219	87	32	15
219	87	32	15
217	87	32	15
216	88	33	15
213	87	33	15
212	87	33	15
210	86	33	15
209	87	33	15
208	87	33	15
206	87	33	15
205	88	33	15
204	88	33	15
202	88	33	15
201	88	33	15
199	88	33	15
198	88	33	15
196	89	33	15
194	88	33	15
192	89	33	15
191	89	32	15
190	90	32	15
189	90	32	15
188	90	32	15
185	89	32	15
183	90	32	15
182	90	32	15
180	90	32	15
178	90	32	15
177	90	32	15
175	91	32	15
174	91	32	15
172	91	32	15
169	91	32	15
167	91	32	15
165	92	32	15
163	92	33	15
162	92	33	15
161	93	33	15
159	93	33	15
157	94	33	15
153	95	33	15
151	96	33	15
150	95	33	15
148	95	34	16
147	95	34	16
146	95	34	16
145	96	35	16
142	95	35	16
138	95	36	16
136	96	36	17
134	95	36	17
133	96	37	17
131	96	37	17
130	98	37	17
127	96	37	17
125	97	37	17
119	98	38	17
117	98	38	17
115	97	38	17
114	98	38	17
113	98	38	17
112	97	38	17
110	98	38	17
106	98	38	18
103	98	38	18
101	98	38	17
99	98	38	17
98	99	38	17
96	99	37	17
95	99	38	17
92	100	38	17
91	100	38	17
86	101	38	18
83	101	38	18
81	100	38	18
79	101	38	18
77	101	38	18
75	101	38	18
74	101	38	18
71	102	38	18
67	102	38	18
65	102	38	18
63	102	38	18
60	102	38	18
58	103	38	18
56	103	38	18
54	103	38	18
51	104	38	18
49	104	39	18
45	105	39	18
43	105	39	18
40	106	39	18
38	105	39	18
36	106	40	18
34	106	40	18
31	106	40	18
27	106	40	18
24	107	40	19
21	107	40	19
18	107	40	19
16	107	41	19
