3.5	81.5	17.0	27.0	
4.581466018883626	81.3455048544452	17.0	27.0	
7.102973504496152	81.9938288241871	17.0	26.0	
11.701016566495461	81.8455048544452	17.0	26.0	
14.327434040927123	81.19100970889039	17.0	27.0	
18.189812679797217	81.03651456333559	17.0	27.0	
20.816230154228883	79.95504854445196	17.0	27.0	
23.442647628660545	80.10954369000676	17.0	27.0	
26.069065103092207	80.26403883556156	17.0	27.0	
28.69548257752387	80.10954369000676	17.0	27.0	
31.32190005195553	79.95504854445196	17.0	27.0	
35.18427869082562	79.80055339889715	17.0	27.0	
37.81069616525728	79.64605825334235	17.0	27.0	
40.437113639688945	79.49156310778754	17.0	27.0	
43.06353111412061	79.64605825334235	17.0	27.0	
45.70947612488708	78.99041442917961	17.0	28.0	
48.335893599318744	79.3359192836248	17.0	27.0	
50.962311073750406	79.18142413807	17.0	27.0	
53.58872854818207	78.09995811918637	17.0	27.0	
55.90615573150413	77.94546297363156	17.0	27.0	
58.53257320593579	77.79096782807676	17.0	27.0	
60.85000038925784	77.63647268252195	17.0	27.0	
63.476417863689505	76.55500666363832	17.0	27.0	
65.99792534930204	77.20333063338023	17.0	26.0	
70.1721599634768	77.35030001794722	16.0	26.0	
71.00707569115401	77.20197604820531	17.0	26.0	
73.32450287447607	75.62051002932168	17.0	27.0	
76.73595417854007	76.26883399906359	17.0	26.0	
78.07086990621728	76.4171579688055	17.0	26.0	
81.06934944385613	76.56412735337248	16.0	26.0	
83.27389021236098	75.53534166140355	16.0	26.0	
85.77236974999983	75.38837227683656	16.0	26.0	
88.27084928763867	76.4171579688055	16.0	26.0	
90.2923567732512	76.26883399906359	17.0	26.0	
92.81386425886373	75.2305662108702	17.0	26.0	
95.51840502736859	75.08359682630321	16.0	26.0	
96.54719071933752	74.93662744173622	16.0	26.0	
98.9408124521934	75.57742872013951	16.0	25.0	
101.33443418504928	74.31021721450992	16.0	25.0	
103.72805591790515	75.29582616333293	16.0	25.0	
105.84007509395445	75.15502488492965	16.0	25.0	
107.95209427000376	75.01422360652636	16.0	25.0	
110.06411344605306	74.02861465770334	16.0	25.0	
112.56325388634234	74.39533862835073	15.0	24.0	
114.56239432663162	74.52861465770334	15.0	24.0	
116.5615347669209	73.59568245223501	15.0	24.0	
117.76101903109446	73.72895848158763	15.0	24.0	
120.82636770620468	73.59568245223501	15.0	24.0	
122.82550814649395	73.4624064228824	15.0	24.0	
124.82464858678321	73.59568245223501	15.0	24.0	
126.82378902707248	72.66275024676668	15.0	24.0	
128.82292946736175	72.79602627611929	15.0	24.0	
130.02241373153532	72.66275024676668	15.0	24.0	
132.28810623052985	72.52947421741406	15.0	24.0	
134.55379872952437	72.39619818806145	15.0	24.0	
135.75328299369795	72.52947421741406	15.0	24.0	
137.75242343398722	71.59654201194573	15.0	24.0	
139.75156387427648	71.72981804129834	15.0	24.0	
140.95104813845006	71.86309407065096	15.0	24.0	
143.19712388294312	72.4952161732682	15.0	23.0	
145.44319962743617	72.62733827588545	15.0	23.0	
147.7088921264307	71.99406224653283	15.0	24.0	
148.64182433189902	71.86078621718022	15.0	24.0	
149.8413085960726	70.92785401171189	15.0	24.0	
152.08738434056565	72.35270873003256	15.0	23.0	
154.08652478085492	70.653224465859	15.0	24.0	
155.2860090450285	70.51994843650638	15.0	24.0	
157.53208478952155	71.15207053912363	15.0	23.0	
158.7211837130767	71.28419264174087	15.0	23.0	
160.70301525233526	71.15207053912363	15.0	23.0	
161.8921141758904	71.01994843650638	15.0	23.0	
164.13818992038347	70.88782633388914	15.0	23.0	
166.12002145964203	70.75570423127189	15.0	23.0	
167.3195057238156	70.3889802606245	15.0	24.0	
169.31864616410488	70.25570423127189	15.0	24.0	
170.51813042827845	70.12242820191928	15.0	24.0	
171.45106263374677	69.98915217256666	15.0	24.0	
173.69713837823983	70.62127427518391	15.0	23.0	
174.63007058370815	69.98799824583129	15.0	24.0	
175.8191695072633	70.62012034844852	15.0	23.0	
178.08486200625782	69.98684431909591	15.0	24.0	
179.27396092981297	70.35472221647868	15.0	23.0	
181.66017738080686	70.22897445307909	14.0	23.0	
182.349276304362	70.09685235046186	15.0	23.0	
184.33110784362057	69.1719976321412	15.0	23.0	
185.52020676717572	69.30411973475844	15.0	23.0	
186.44506148549638	69.1719976321412	15.0	23.0	
188.83127793649027	69.04624986874161	14.0	23.0	
189.9630078070866	68.92050210534202	14.0	23.0	
191.09473767768293	68.04026776154487	14.0	23.0	
192.9809541286768	68.16601552494446	14.0	23.0	
194.11268399927314	68.29176328834404	14.0	23.0	
195.24441386986948	68.41751105174363	14.0	23.0	
197.13063032086336	68.29176328834404	14.0	23.0	
198.01086466466052	68.16601552494446	14.0	23.0	
199.14259453525685	68.04026776154487	14.0	23.0	
200.27432440585318	67.91451999814528	14.0	23.0	
202.16054085684706	67.7887722347457	14.0	23.0	
203.2922707274434	67.6630244713461	14.0	23.0	
204.42400059803973	66.78279012754895	14.0	23.0	
205.55573046863606	66.90853789094854	14.0	23.0	
206.4359648124332	67.03428565434812	14.0	23.0	
208.3221812634271	67.16003341774771	14.0	23.0	
209.20241560722425	67.2857811811473	14.0	23.0	
210.33414547782058	67.16003341774771	14.0	23.0	
211.46587534841692	67.03428565434812	14.0	23.0	
212.59760521901325	66.90853789094854	14.0	23.0	
212.72335298241285	66.78279012754895	14.0	23.0	
214.60956943340673	66.65704236414936	14.0	23.0	
215.4898037772039	65.7768080203522	14.0	23.0	
217.37602022819777	65.9025557837518	14.0	23.0	
218.25625457199493	66.02830354715138	14.0	23.0	
219.38798444259126	66.15405131055097	14.0	23.0	
220.5197143131876	66.27979907395056	14.0	23.0	
220.6454620765872	66.15405131055097	14.0	23.0	
221.77719194718352	66.02830354715138	14.0	23.0	
222.90892181777986	65.9025557837518	14.0	23.0	
224.0406516883762	65.7768080203522	14.0	23.0	
225.17238155897252	65.65106025695262	14.0	23.0	
226.30411142956885	65.52531249355303	14.0	23.0	
227.43584130016518	65.39956473015344	14.0	23.0	
228.31607564396234	65.52531249355303	14.0	23.0	
229.1963099877595	64.64507814975588	14.0	23.0	
230.07654433155665	64.77082591315546	14.0	23.0	
230.9567786753538	64.89657367655505	14.0	23.0	
231.8289741809602	66.26876918216145	14.0	22.0	
232.70116968656657	66.14416982421768	14.0	22.0	
233.58140403036373	64.51243995362135	14.0	23.0	
233.70715179376333	64.38669219022177	14.0	23.0	
234.82854601525727	65.01129154816553	14.0	22.0	
235.70074152086366	65.1358909061093	14.0	22.0	
