53.5	19.0	85.0	92.0	
53.923659651135196	19.423659651135196	85.0	92.0	
54.34731930227039	19.847319302270392	85.0	92.0	
54.77097895340559	19.423659651135196	85.0	92.0	
55.35224574478703	20.842392859753758	83.0	90.0	
55.77097895340559	20.423659651135196	83.0	90.0	
56.685978953405595	21.838659651135202	82.0	88.0	
57.1009789534056	21.423659651135196	82.0	88.0	
58.51222705370516	21.512411550835637	80.0	87.0	
58.92347515400472	21.101163450536077	80.0	87.0	
59.33472325430428	20.689915350236518	80.0	87.0	
60.24465465100377	21.27998395353702	79.0	85.0	
60.65458604770326	21.689915350236518	79.0	85.0	
61.254656366384154	23.089845031555626	77.0	83.0	
61.65458604770326	23.489774712874734	77.0	83.0	
62.05451572902237	23.889704394193842	77.0	83.0	
62.45444541034148	24.28963407551295	77.0	83.0	
63.84559755465364	24.39848193120079	75.0	82.0	
64.7280240181731	25.780908394720257	74.0	80.0	
65.11045048169257	25.39848193120079	74.0	80.0	
65.49287694521203	25.780908394720257	74.0	80.0	
66.3728029248449	26.66083437435313	73.0	79.0	
66.75272890447778	26.280908394720257	73.0	79.0	
67.38280492580108	27.650832373396952	71.0	77.0	
67.75272890447778	27.280908394720257	71.0	77.0	
68.61392483468741	28.64210432492989	70.0	75.0	
69.26150463095328	29.494524528664016	68.0	74.0	
69.61392483468741	29.846944732398143	68.0	74.0	
69.26150463095328	30.19936493613227	68.0	74.0	
69.61392483468741	30.551785139866396	68.0	74.0	
69.76400520105706	31.401704773496746	67.0	73.0	
69.41408556742671	31.751624407127096	67.0	73.0	
69.76400520105706	31.401704773496746	67.0	73.0	
70.60519796182435	32.74289753426403	66.0	71.0	
70.26400520105706	33.08409029503132	66.0	71.0	
70.60519796182435	33.4252830557986	66.0	71.0	
71.27278255905246	34.25769845857049	64.0	70.0	
71.60519796182435	34.590113861342374	64.0	70.0	
71.27278255905246	34.25769845857049	64.0	70.0	
71.44409197506806	35.586389042554885	63.0	68.0	
71.77278255905246	35.91507962653928	63.0	68.0	
72.59397175563292	36.736268823119744	62.0	67.0	
72.27278255905246	37.057458019700206	62.0	67.0	
71.951593362472	37.37864721628067	62.0	67.0	
71.63040416589153	37.69983641286113	62.0	67.0	
71.30921496931107	38.021025609441594	62.0	67.0	
72.12790368891062	38.202336889842044	61.0	66.0	
72.44659240851017	38.521025609441594	61.0	66.0	
72.12790368891062	38.83971432904114	61.0	66.0	
72.31794401411405	40.14967400383772	60.0	64.0	
72.00798433931747	40.45963367863429	60.0	64.0	
71.6980246645209	42.62935140221033	60.0	64.0	
71.38806498972433	42.31939172741376	60.0	64.0	
71.6980246645209	42.62935140221033	60.0	64.0	
71.38806498972433	42.31939172741376	60.0	64.0	
72.68925014872124	42.51820656841684	58.0	63.0	
72.89056553244515	43.316891184692935	57.0	62.0	
72.59188091616906	43.615575800969026	57.0	62.0	
70.50108860223638	43.91426041724512	57.0	62.0	
71.2922715344285	44.70544334943723	56.0	61.0	
71.58345446662061	44.41426041724512	56.0	61.0	
71.2922715344285	44.70544334943723	56.0	61.0	
71.58345446662061	44.99662628162935	56.0	61.0	
71.2922715344285	45.28780921382146	56.0	61.0	
71.50358918304552	46.076491565204435	55.0	60.0	
71.21490683166255	46.36517391658741	55.0	60.0	
71.50358918304552	46.65385626797038	55.0	60.0	
69.48281272336473	46.36517391658741	55.0	60.0	
70.26276807694812	47.6451292701708	54.0	58.0	
70.54272343053151	47.92508462375419	54.0	58.0	
70.77026930595271	48.69753874833299	53.0	57.0	
70.49781518137391	48.96999287291179	53.0	57.0	
70.22536105679511	49.24244699749059	53.0	57.0	
69.95290693221631	49.51490112206939	53.0	57.0	
68.0457280601647	49.24244699749059	53.0	57.0	
68.27577436043084	50.01240069722445	52.0	56.0	
68.5457280601647	50.28235439695831	52.0	56.0	
68.27577436043084	50.55230809669217	52.0	56.0	
68.5457280601647	50.28235439695831	52.0	56.0	
68.27577436043084	50.55230809669217	52.0	56.0	
68.00582066069698	50.28235439695831	52.0	56.0	
67.73586696096312	50.55230809669217	52.0	56.0	
67.97341458433071	50.78985572005976	51.0	55.0	
67.7109622076983	50.52740334342735	51.0	55.0	
65.87379557127144	50.78985572005976	51.0	55.0	
66.63374748990256	51.54980763869088	50.0	54.0	
66.37379557127144	51.28985572005976	50.0	54.0	
66.11384365264033	51.54980763869088	50.0	54.0	
65.85389173400921	51.28985572005976	50.0	54.0	
66.10144124381361	52.04230621025536	49.0	53.0	
65.84899075361801	52.29475670045096	49.0	53.0	
65.59654026342241	52.54720719064656	49.0	53.0	
63.82938683205319	52.29475670045096	49.0	53.0	
64.57933682705219	53.04470669544996	48.0	52.0	
64.32938683205319	53.29465669044896	48.0	52.0	
64.57933682705219	53.54460668544796	48.0	52.0	
62.82968686205919	53.29465669044896	48.0	52.0	
63.07963685705819	53.54460668544796	48.0	52.0	
63.33718840892952	54.28705513357663	47.0	51.0	
63.57963685705819	54.5295035817053	47.0	51.0	
62.82968686205919	53.7795535867063	48.0	52.0	
63.08723841393052	54.52200203483497	47.0	51.0	
61.39009927702983	54.2795535867063	47.0	51.0	
62.130047188043875	54.53960567569226	46.0	50.0	
61.89009927702983	54.299657764678216	46.0	50.0	
61.65015136601579	54.53960567569226	46.0	50.0	
61.41020345500175	54.299657764678216	46.0	50.0	
61.17025554398771	54.53960567569226	46.0	50.0	
60.930307632973665	54.299657764678216	46.0	50.0	
61.197861402632114	55.03210399501977	45.0	49.0	
60.96541517229056	54.799657764678216	45.0	49.0	
60.73296894194901	54.567211534336664	45.0	49.0	
59.10584532955812	54.33476530399511	45.0	49.0	
59.37589968380678	55.064710949746456	44.0	48.0	
59.60584532955812	55.2946565954978	44.0	48.0	
59.37589968380678	55.52460224124914	44.0	48.0	
59.145954038055436	55.2946565954978	44.0	48.0	
58.91600839230409	55.52460224124914	44.0	48.0	
57.30638887204472	55.2946565954978	44.0	48.0	
57.536334517796064	55.52460224124914	44.0	48.0	
58.258778330926475	55.80215842811873	43.0	47.0	
58.036334517796064	55.57971461498832	43.0	47.0	
57.81389070466565	55.35727080185791	43.0	47.0	
56.26536317827163	56.0784890199142	43.0	46.0	
56.48658139632792	56.299707237970495	43.0	46.0	
56.707799614384214	56.52092545602679	43.0	46.0	
55.15927208799019	56.299707237970495	43.0	46.0	
55.38049030604648	56.52092545602679	43.0	46.0	
55.601708524102776	56.299707237970495	43.0	46.0	
55.38049030604648	56.52092545602679	43.0	46.0	
55.601708524102776	56.299707237970495	43.0	46.0	
54.05318099770875	56.52092545602679	43.0	46.0	
54.33446314292776	56.8022076012458	42.0	45.0	
54.55318099770875	56.58348974646481	42.0	45.0	
54.33446314292776	56.364771891683816	42.0	45.0	
54.62324642957391	57.075988605037665	41.0	44.0	
54.41202971622006	57.287205318391514	41.0	44.0	
54.62324642957391	57.49842203174536	41.0	44.0	
53.144729436096995	57.70963874509921	41.0	44.0	
53.355946149450844	57.49842203174536	41.0	44.0	
53.56716286280469	57.70963874509921	41.0	44.0	
53.355946149450844	57.49842203174536	41.0	44.0	
53.56716286280469	57.70963874509921	41.0	44.0	
52.08864586932778	57.49842203174536	41.0	44.0	
52.29986258268163	57.70963874509921	41.0	44.0	
52.59114626803421	58.000922430451794	40.0	43.0	
52.38242995338679	57.792206115804376	40.0	43.0	
52.59114626803421	57.58348980115696	40.0	43.0	
52.38242995338679	57.37477348650954	40.0	43.0	
52.6812148943082	58.07598854558813	39.0	42.0	
52.479999835229606	58.277203604666724	39.0	42.0	
52.6812148943082	58.478418663745316	39.0	42.0	
51.27270948075808	58.67963372282391	39.0	42.0	
51.47392453983667	58.478418663745316	39.0	42.0	
51.675139598915266	58.67963372282391	39.0	42.0	
51.47392453983667	58.478418663745316	39.0	42.0	
51.675139598915266	59.88692407729543	39.0	42.0	
50.26663418536515	58.478418663745316	39.0	42.0	
50.56669669513383	58.67835615397664	38.0	42.0	
50.36675920490251	58.478418663745316	38.0	42.0	
50.56669669513383	58.67835615397664	38.0	42.0	
50.36675920490251	58.478418663745316	38.0	42.0	
50.56669669513383	58.67835615397664	38.0	42.0	
49.16713426351457	58.478418663745316	38.0	42.0	
49.36707175374589	58.67835615397664	38.0	42.0	
49.56700924397721	58.478418663745316	38.0	42.0	
49.36707175374589	58.67835615397664	38.0	42.0	
49.56700924397721	58.478418663745316	38.0	42.0	
48.16744681235795	58.67835615397664	38.0	42.0	
48.36738430258927	58.478418663745316	38.0	42.0	
48.56732179282059	58.67835615397664	38.0	42.0	
47.167759361201334	58.478418663745316	38.0	42.0	
48.55876169764797	59.177133283237694	38.0	41.0	
47.167759361201334	59.37584790273007	38.0	41.0	
47.36647398069371	59.57456252222245	38.0	41.0	
47.56518860018609	58.18356018577582	38.0	41.0	
47.87397536842636	58.87477341753555	37.0	40.0	
47.682762136666625	59.06598664929528	37.0	40.0	
47.49154890490689	59.257199881055016	37.0	40.0	
47.682762136666625	59.44841311281475	37.0	40.0	
46.344269514348525	59.63962634457448	37.0	40.0	
46.53548274610826	59.44841311281475	37.0	40.0	
46.344269514348525	59.63962634457448	37.0	40.0	
46.53548274610826	59.44841311281475	37.0	40.0	
45.19699012379015	59.63962634457448	37.0	40.0	
46.53548274610826	59.44841311281475	37.0	40.0	
45.19699012379015	59.63962634457448	37.0	40.0	
45.388203355549884	59.44841311281475	37.0	40.0	
45.57941658730961	60.78690573513285	37.0	40.0	
44.2409239649915	59.44841311281475	37.0	40.0	
44.432137196751235	60.78690573513285	37.0	40.0	
44.62335042851097	59.44841311281475	37.0	40.0	
44.432137196751235	60.78690573513285	37.0	40.0	
44.62335042851097	59.44841311281475	37.0	40.0	
43.28485780619286	60.78690573513285	37.0	40.0	
44.62335042851097	59.44841311281475	37.0	40.0	
43.28485780619286	60.78690573513285	37.0	40.0	
43.47607103795259	59.44841311281475	37.0	40.0	
43.78735829328494	60.1371258574824	36.0	39.0	
43.598645548617284	60.32583860215006	36.0	39.0	
43.40993280394963	60.51455134681771	36.0	39.0	
43.598645548617284	60.32583860215006	36.0	39.0	
42.27765633594369	60.51455134681771	36.0	39.0	
43.598645548617284	60.32583860215006	36.0	39.0	
42.27765633594369	60.51455134681771	36.0	39.0	
42.466369080611344	60.32583860215006	36.0	39.0	
42.655081825279	60.51455134681771	36.0	39.0	
42.466369080611344	60.32583860215006	36.0	39.0	
42.655081825279	60.51455134681771	36.0	39.0	
41.3340926126054	60.32583860215006	36.0	39.0	
42.655081825279	60.51455134681771	36.0	39.0	
41.3340926126054	60.32583860215006	36.0	39.0	
41.52280535727306	60.51455134681771	36.0	39.0	
41.3340926126054	59.193562134144116	36.0	39.0	
41.51657548851435	59.87604501005306	36.0	38.0	
41.83536428577015	60.057256212797256	35.0	38.0	
41.1528814098612	60.2397390887062	36.0	38.0	
40.970398533952256	60.42222196461515	36.0	38.0	
40.78791565804331	60.60470484052409	36.0	38.0	
40.605432782134365	60.42222196461515	36.0	38.0	
40.42294990622542	60.60470484052409	36.0	38.0	
40.605432782134365	60.42222196461515	36.0	38.0	
39.32805265077174	61.69960209597777	36.0	38.0	
40.605432782134365	60.42222196461515	36.0	38.0	
39.32805265077174	61.69960209597777	36.0	38.0	
39.510535526680684	60.42222196461515	36.0	38.0	
39.82932432393648	61.69070038382455	35.0	38.0	
39.64811312119228	61.50948918108034	35.0	38.0	
39.46690191844808	61.32827797833613	35.0	38.0	
39.64811312119228	61.50948918108034	35.0	38.0	
39.46690191844808	60.24101076187094	35.0	38.0	
39.64811312119228	61.50948918108034	35.0	38.0	
38.37963470198287	60.24101076187094	35.0	38.0	
39.05834536198949	60.919721421877554	34.0	37.0	
39.2370560219961	61.09843208188417	34.0	37.0	
39.41576668200272	60.919721421877554	34.0	37.0	
39.594477342009334	61.09843208188417	34.0	37.0	
38.34350272196303	61.277142741890785	34.0	37.0	
39.594477342009334	61.09843208188417	34.0	37.0	
38.34350272196303	60.919721421877554	34.0	37.0	
38.52221338196964	60.74101076187094	34.0	37.0	
38.34350272196303	60.562300101864324	34.0	37.0	
38.52221338196964	60.38358944185771	34.0	37.0	
38.34350272196303	60.562300101864324	34.0	37.0	
38.52221338196964	60.38358944185771	34.0	37.0	
38.34350272196303	60.562300101864324	34.0	37.0	
38.52221338196964	60.38358944185771	34.0	37.0	
38.34350272196303	60.562300101864324	34.0	37.0	
38.52221338196964	60.38358944185771	34.0	37.0	
37.271238761923335	61.634564061904015	34.0	37.0	
36.95244996466754	60.95335285915982	35.0	38.0	
37.13366116741174	60.77214165641561	35.0	38.0	
37.31487237015594	60.590930453671405	35.0	38.0	
37.49608357290014	60.409719250927196	35.0	38.0	
37.67729477564434	60.590930453671405	35.0	38.0	
37.49608357290014	60.409719250927196	35.0	38.0	
37.67729477564434	60.590930453671405	35.0	38.0	
37.49608357290014	60.409719250927196	35.0	38.0	
37.67729477564434	60.590930453671405	35.0	38.0	
37.49608357290014	60.409719250927196	35.0	38.0	
37.67729477564434	60.590930453671405	35.0	38.0	
36.40881635643493	60.409719250927196	35.0	38.0	
37.08752701644155	61.08842991093381	34.0	37.0	
37.26623767644816	61.26714057094043	34.0	37.0	
37.44494833645478	61.44585123094704	34.0	37.0	
37.623658996461394	61.26714057094043	34.0	37.0	
37.44494833645478	61.08842991093381	34.0	37.0	
37.623658996461394	60.909719250927196	34.0	37.0	
37.44494833645478	60.73100859092058	34.0	37.0	
37.623658996461394	60.552297930913966	34.0	37.0	
37.44494833645478	60.37358727090735	34.0	37.0	
37.617430219561385	61.04606915401395	34.0	36.0	
37.43871955955477	60.367358494007334	34.0	37.0	
37.611201442661375	61.03984037711393	34.0	36.0	
37.43871955955477	61.21232226022053	34.0	36.0	
37.611201442661375	61.38480414332713	34.0	36.0	
37.43871955955477	61.55728602643373	34.0	36.0	
37.611201442661375	61.38480414332713	34.0	36.0	
36.40382826091515	61.55728602643373	34.0	36.0	
37.61120144266137	61.38480414332713	34.0	36.0	
36.36022682261506	60.706093483320515	34.0	37.0	
37.61120144266137	60.5273828233139	34.0	37.0	
36.36022682261506	60.348672163307285	34.0	37.0	
37.56760000436128	61.02115404641388	34.0	36.0	
36.316625384314975	60.34244338640727	34.0	37.0	
37.523998566061195	61.01492526951387	34.0	36.0	
36.27302394601489	60.33621460950725	34.0	37.0	
37.48039712776111	61.00869649261385	34.0	36.0	
37.30168646775449	60.687407152620466	34.0	37.0	
37.12297580774788	60.86611781262708	34.0	37.0	
36.94426514774126	61.0448284726337	34.0	37.0	
36.76555448773465	61.22353913264031	34.0	37.0	
36.58684382772803	61.40224979264693	34.0	37.0	
36.40813316772142	61.58096045265354	34.0	37.0	
36.58684382772803	60.329985832607235	34.0	37.0	
36.414361944621426	61.002467715713834	34.0	36.0	
36.58684382772803	61.17494959882043	34.0	36.0	
35.37947064598181	61.34743148192703	34.0	36.0	
36.58684382772803	61.51991336503363	34.0	36.0	
35.37947064598181	61.34743148192703	34.0	36.0	
36.58684382772803	61.51991336503363	34.0	36.0	
35.37947064598181	61.34743148192703	34.0	36.0	
36.58684382772803	61.51991336503363	34.0	36.0	
35.37947064598181	61.34743148192703	34.0	36.0	
35.55195252908842	61.51991336503363	34.0	36.0	
35.37947064598181	61.34743148192703	34.0	36.0	
35.55195252908842	61.51991336503363	34.0	36.0	
35.37947064598181	61.34743148192703	34.0	36.0	
35.55195252908842	61.51991336503363	34.0	36.0	
34.34457934734219	61.34743148192703	34.0	36.0	
35.55195252908841	61.51991336503363	34.0	36.0	
34.34457934734219	61.34743148192703	34.0	36.0	
35.55195252908841	61.51991336503363	34.0	36.0	
34.34457934734219	61.34743148192703	34.0	36.0	
34.517061230448796	61.51991336503363	34.0	36.0	
34.34457934734219	61.34743148192703	34.0	36.0	
34.517061230448796	62.55480466367325	34.0	36.0	
33.30968804870257	61.34743148192703	34.0	36.0	
33.482169931809175	62.55480466367325	34.0	36.0	
33.65465181491578	61.34743148192703	34.0	36.0	
32.44727863316956	61.51991336503363	34.0	36.0	
33.1184875698522	61.348704428350985	33.0	36.0	
33.28969650653484	61.51991336503363	33.0	36.0	
33.1184875698522	61.348704428350985	33.0	36.0	
32.94727863316956	62.547166985129465	33.0	36.0	
32.77606969648692	61.348704428350985	33.0	36.0	
