138.5	94.0	59.0	42.0	
138.14939338283483	93.64939338283483	59.0	42.0	
138.9924859359455	93.80630082972415	58.0	41.0	
139.33557848905616	93.46320827661347	58.0	41.0	
139.67867104216683	93.12011572350279	58.0	41.0	
140.0217635952775	92.77702317039211	58.0	41.0	
139.17115697811232	91.92641655322694	59.0	42.0	
139.5217635952775	91.57580993606177	59.0	42.0	
139.17115697811232	89.12156361590563	59.0	42.0	
140.014249531223	89.96465616901631	58.0	41.0	
140.35734208433365	90.30774872212699	58.0	41.0	
140.70043463744432	90.65084127523767	58.0	41.0	
140.35734208433365	88.24919340346295	58.0	41.0	
141.1929199441516	88.413615543645	57.0	40.0	
140.34982739104095	87.57052299053431	58.0	41.0	
140.6929199441516	87.22743043742364	58.0	41.0	
140.34982739104095	86.88433788431296	58.0	41.0	
140.6929199441516	86.54124533120228	58.0	41.0	
141.03601249726228	84.13959745942756	58.0	41.0	
144.37682966227112	84.97399991157168	56.0	40.0	
144.54994091973018	87.7622211093583	55.0	39.0	
143.21436305991222	86.92664324954033	57.0	40.0	
143.54994091973018	86.59106538972237	57.0	40.0	
142.7068483666195	85.7479728366117	58.0	41.0	
141.85624174945434	85.59857945377686	59.0	42.0	
139.40199542929818	85.94918607094203	59.0	42.0	
139.55890287618752	88.85083394271675	58.0	41.0	
136.60465655603136	88.00022732555158	59.0	42.0	
135.74653646444196	84.99338668442579	60.0	43.0	
135.8959298472768	87.94763300458193	59.0	42.0	
132.889089206151	87.08951291299253	60.0	43.0	
132.5309691145616	86.73139282140313	60.0	43.0	
130.0241284734358	86.37327272981373	60.0	43.0	
129.6660083818464	86.01515263822434	60.0	43.0	
127.15916774072062	85.65703254663494	60.0	43.0	
126.80104764913122	85.29891245504554	60.0	43.0	
124.29420700800543	84.94079236345614	60.0	43.0	
123.93608691641603	84.58267227186674	60.0	43.0	
121.42924627529024	84.22455218027734	60.0	43.0	
121.57863965812507	85.07515879744251	59.0	42.0	
119.12439333796891	85.42576541460768	59.0	42.0	
117.2227454661942	86.26885796771836	58.0	41.0	
117.38716760637624	87.10443582753632	57.0	40.0	
117.05158974655828	87.44001368735428	57.0	40.0	
114.70254472783259	87.77559154717224	57.0	40.0	
114.36696686801463	88.1111694069902	57.0	40.0	
111.46531899623992	87.26807685387952	58.0	41.0	
111.62974113642196	87.43249899406156	57.0	40.0	
109.28069611769627	87.76807685387952	57.0	40.0	
109.61627397751423	87.43249899406156	57.0	40.0	
108.77318142440356	86.58940644095088	58.0	41.0	
105.8189351042474	85.73879982378571	59.0	42.0	
106.66202765735807	85.89570727067503	58.0	41.0	
104.26037978558335	85.55261471756435	58.0	41.0	
104.60347233869402	85.20952216445367	58.0	41.0	
104.76789447887606	85.37394430463571	57.0	40.0	
104.4323166190581	85.70952216445367	57.0	40.0	
104.59791416691397	86.04392461659779	56.0	40.0	
103.762336307096	86.37950247641575	57.0	40.0	
103.42675844727805	86.71508033623371	57.0	40.0	
104.26116089942218	87.04948278837783	56.0	40.0	
104.09673875924014	87.38506064819579	57.0	40.0	
104.93114121138427	87.71946310033991	56.0	40.0	
107.27195837639312	88.05386555248403	56.0	40.0	
107.10753623621108	88.38944341230199	57.0	40.0	
107.44311409602903	88.72502127211995	57.0	40.0	
110.28393126103788	88.39061881997583	56.0	40.0	
110.11950912085584	88.72619667979379	57.0	40.0	
112.46855413958153	89.06177453961175	57.0	40.0	
112.80413199939949	89.3973523994297	57.0	40.0	
113.13970985921745	89.73293025924767	57.0	40.0	
115.48875487794314	89.3973523994297	57.0	40.0	
117.83779989666883	89.73293025924767	57.0	40.0	
118.17337775648679	89.3973523994297	57.0	40.0	
120.52242277521248	89.73293025924767	57.0	40.0	
120.85800063503044	90.06850811906563	57.0	40.0	
123.20704565375613	90.40408597888359	57.0	40.0	
123.54262351357409	90.73966383870155	57.0	40.0	
123.87820137339205	90.40408597888359	57.0	40.0	
124.21377923321	90.73966383870155	57.0	40.0	
126.5628242519357	90.40408597888359	57.0	40.0	
125.71973169882503	89.5609934257729	58.0	41.0	
126.55530955864299	89.72541556595495	57.0	40.0	
126.89088741846095	89.38983770613699	57.0	40.0	
127.22646527827891	89.72541556595495	57.0	40.0	
127.56204313809687	89.38983770613699	57.0	40.0	
127.22646527827891	89.05425984631903	57.0	40.0	
127.56204313809687	88.71868198650107	57.0	40.0	
127.22646527827891	88.38310412668311	57.0	40.0	
128.06086773042304	88.04870167453899	56.0	40.0	
128.39527018256717	87.71429922239487	56.0	40.0	
128.7296726347113	87.37989677025075	56.0	40.0	
128.90278389217036	88.2067855127917	55.0	39.0	
129.2296726347113	88.53367425533264	55.0	39.0	
129.55656137725225	88.86056299787359	55.0	39.0	
129.2296726347113	89.18745174041453	55.0	39.0	
129.55656137725225	89.51434048295548	55.0	39.0	
129.8834501197932	89.18745174041453	55.0	39.0	
130.21033886233414	89.51434048295548	55.0	39.0	
130.53722760487508	89.18745174041453	55.0	39.0	
130.21033886233414	89.51434048295548	55.0	39.0	
130.53722760487508	91.80256168074209	55.0	39.0	
130.37163005701922	93.64337884575092	56.0	40.0	
130.70603250916335	93.97778129789504	56.0	40.0	
130.37163005701922	94.31218375003915	56.0	40.0	
130.70603250916335	96.65300091504798	56.0	40.0	
131.04043496130748	96.31859846290386	56.0	40.0	
131.37483741345162	96.65300091504798	56.0	40.0	
131.70923986559575	96.9874033671921	56.0	40.0	
132.04364231773988	97.32180581933622	56.0	40.0	
131.20806445792192	97.65738367915418	57.0	40.0	
131.54364231773988	97.32180581933622	57.0	40.0	
131.20806445792192	97.65738367915418	57.0	40.0	
131.54364231773988	97.32180581933622	57.0	40.0	
131.20806445792192	97.65738367915418	57.0	40.0	
131.54364231773988	97.99296153897214	57.0	40.0	
131.20806445792192	98.3285393987901	57.0	40.0	
131.54364231773988	98.66411725860806	57.0	40.0	
131.20806445792192	98.99969511842602	57.0	40.0	
131.54364231773988	99.33527297824398	57.0	40.0	
131.20806445792192	101.68431799696967	57.0	40.0	
131.54364231773988	104.03336301569536	57.0	40.0	
131.20806445792192	104.36894087551332	57.0	40.0	
131.54364231773988	104.70451873533128	57.0	40.0	
131.87922017755784	105.04009659514924	57.0	40.0	
132.2147980373758	104.70451873533128	57.0	40.0	
134.5638430561015	104.36894087551332	57.0	40.0	
134.22826519628353	104.03336301569536	57.0	40.0	
134.5638430561015	103.6977851558774	57.0	40.0	
134.22826519628353	101.34874013715171	57.0	40.0	
134.5638430561015	101.01316227733375	57.0	40.0	
134.89942091591945	100.67758441751579	57.0	40.0	
135.2349987757374	100.34200655769783	57.0	40.0	
135.57057663555537	100.00642869787987	57.0	40.0	
135.90615449537333	97.65738367915418	57.0	40.0	
136.2417323551913	97.32180581933622	57.0	40.0	
136.57731021500925	96.98622795951826	57.0	40.0	
136.2417323551913	94.63718294079257	57.0	40.0	
136.57731021500925	94.30160508097461	57.0	40.0	
136.2417323551913	91.95256006224892	57.0	40.0	
136.57731021500925	89.60351504352323	57.0	40.0	
136.9128880748272	86.58331430516162	57.0	40.0	
137.24846593464517	86.24773644534366	57.0	40.0	
136.4053733815345	85.40464389223298	58.0	41.0	
136.74846593464517	83.00299602045827	58.0	41.0	
136.4053733815345	82.65990346734759	58.0	41.0	
136.74846593464517	82.31681091423691	58.0	41.0	
136.4053733815345	77.17042261757682	58.0	41.0	
136.74846593464517	74.7687747458021	58.0	41.0	
137.09155848775583	74.42568219269143	58.0	41.0	
139.49320635953055	74.7687747458021	58.0	41.0	
138.64259974236538	82.33272694060088	59.0	42.0	
137.78447965077598	85.05580776490548	60.0	43.0	
136.91884663804328	84.9214407776382	61.0	44.0	
137.28447965077598	84.55580776490548	61.0	44.0	
137.65011266350868	84.19017475217277	61.0	44.0	
137.28447965077598	84.55580776490548	61.0	44.0	
137.65011266350868	84.19017475217277	61.0	44.0	
138.01574567624138	84.55580776490548	61.0	44.0	
138.38137868897408	84.19017475217277	61.0	44.0	
138.74701170170678	84.55580776490548	61.0	44.0	
139.11264471443948	84.9214407776382	61.0	44.0	
141.67207580356848	85.28707379037091	61.0	44.0	
141.30644279083577	85.65270680310363	61.0	44.0	
141.67207580356848	85.28707379037091	61.0	44.0	
141.30644279083577	85.65270680310363	61.0	44.0	
141.67207580356848	85.28707379037091	61.0	44.0	
141.30644279083577	85.65270680310363	61.0	44.0	
141.67207580356848	85.28707379037091	61.0	44.0	
141.30644279083577	85.65270680310363	61.0	44.0	
141.67207580356848	85.28707379037091	61.0	44.0	
141.30644279083577	85.65270680310363	61.0	44.0	
141.67207580356848	85.28707379037091	61.0	44.0	
139.11264471443948	85.65270680310363	61.0	44.0	
139.47827772717218	85.28707379037091	61.0	44.0	
139.11264471443948	85.65270680310363	61.0	44.0	
136.5532136253105	85.28707379037091	61.0	44.0	
136.1875806125778	85.65270680310363	61.0	44.0	
133.6281495234488	85.28707379037091	61.0	44.0	
133.2625165107161	84.9214407776382	61.0	44.0	
130.7030854215871	84.55580776490548	61.0	44.0	
127.08281468175886	84.43013215630951	63.0	45.0	
126.70849029035483	84.80445654771354	63.0	45.0	
124.08821955052659	84.43013215630951	63.0	45.0	
121.46794881069835	84.80445654771354	63.0	45.0	
121.09362441929431	84.43013215630951	63.0	45.0	
118.47335367946607	84.80445654771354	63.0	45.0	
118.09902928806204	84.43013215630951	63.0	45.0	
115.4787585482338	84.80445654771354	63.0	45.0	
112.85848780840556	84.43013215630951	63.0	45.0	
112.48416341700153	84.80445654771354	63.0	45.0	
109.86389267717328	84.43013215630951	63.0	45.0	
109.48956828576925	84.80445654771354	63.0	45.0	
106.86929754594101	84.43013215630951	63.0	45.0	
106.49497315453698	84.80445654771354	63.0	45.0	
103.87470241470874	84.43013215630951	63.0	45.0	
103.5003780233047	84.80445654771354	63.0	45.0	
101.94094693417571	84.93882353498083	61.0	44.0	
101.57531392144301	84.57319052224811	61.0	44.0	
99.01588283231402	84.2075575095154	61.0	44.0	
99.38151584504672	84.57319052224811	61.0	44.0	
99.01588283231402	84.2075575095154	61.0	44.0	
96.45645174318503	84.57319052224811	61.0	44.0	
96.82208475591774	84.93882353498083	61.0	44.0	
96.45645174318503	85.30445654771354	61.0	44.0	
96.09081873045231	85.67008956044626	61.0	44.0	
95.7251857177196	85.30445654771354	61.0	44.0	
95.35955270498688	85.67008956044626	61.0	44.0	
95.7251857177196	85.30445654771354	61.0	44.0	
95.35955270498688	84.93882353498083	61.0	44.0	
95.7251857177196	84.57319052224811	61.0	44.0	
96.09081873045231	84.2075575095154	61.0	44.0	
96.45645174318503	83.84192449678268	61.0	44.0	
96.82208475591774	83.47629148404997	61.0	44.0	
97.18771776865046	83.84192449678268	61.0	44.0	
99.74714885777945	83.47629148404997	61.0	44.0	
99.38151584504675	83.84192449678268	61.0	44.0	
99.74714885777945	83.47629148404997	61.0	44.0	
100.11278187051215	83.84192449678268	61.0	44.0	
102.67221295964114	83.47629148404997	61.0	44.0	
103.03784597237384	83.84192449678268	61.0	44.0	
103.40347898510655	83.47629148404997	61.0	44.0	
105.96291007423554	83.84192449678268	61.0	44.0	
105.59727706150284	84.2075575095154	61.0	44.0	
105.96291007423554	84.57319052224811	61.0	44.0	
106.32854308696824	84.93882353498083	61.0	44.0	
108.88797417609723	85.30445654771354	61.0	44.0	
109.25360718882993	85.67008956044626	61.0	44.0	
109.61924020156263	86.03572257317897	61.0	44.0	
109.98487321429533	85.67008956044626	61.0	44.0	
110.35050622702803	85.30445654771354	61.0	44.0	
110.71613923976074	85.67008956044626	61.0	44.0	
111.08177225249344	85.30445654771354	61.0	44.0	
111.93989234408284	85.44633645612414	60.0	43.0	
112.29801243567223	85.80445654771354	60.0	43.0	
112.65613252726163	85.44633645612414	60.0	43.0	
113.01425261885103	85.08821636453474	60.0	43.0	
113.8648592360162	85.23760974736958	59.0	42.0	
114.21546585318137	84.8870031302044	59.0	42.0	
114.56607247034654	84.53639651303924	59.0	42.0	
114.21546585318137	84.18578989587407	59.0	42.0	
114.56607247034654	84.53639651303924	59.0	42.0	
114.91667908751171	84.18578989587407	59.0	42.0	
115.26728570467688	84.53639651303924	59.0	42.0	
115.61789232184205	84.18578989587407	59.0	42.0	
115.26728570467688	84.53639651303924	59.0	42.0	
115.61789232184205	84.18578989587407	59.0	42.0	
115.26728570467688	84.53639651303924	59.0	42.0	
115.61789232184205	84.18578989587407	59.0	42.0	
115.26728570467688	83.8351832787089	59.0	42.0	
115.61789232184205	83.48457666154373	59.0	42.0	
115.96849893900722	83.8351832787089	59.0	42.0	
116.31910555617239	83.48457666154373	59.0	42.0	
116.66971217333756	83.8351832787089	59.0	42.0	
116.31910555617239	83.48457666154373	59.0	42.0	
116.66971217333756	83.8351832787089	59.0	42.0	
116.31910555617239	84.18578989587407	59.0	42.0	
116.66971217333756	84.53639651303924	59.0	42.0	
116.31910555617239	84.18578989587407	59.0	42.0	
115.96849893900722	84.53639651303924	59.0	42.0	
116.31910555617239	84.18578989587407	59.0	42.0	
116.66971217333756	84.53639651303924	59.0	42.0	
116.31910555617239	84.18578989587407	59.0	42.0	
116.66971217333756	84.53639651303924	59.0	42.0	
116.31910555617239	84.18578989587407	59.0	42.0	
116.66971217333756	84.53639651303924	59.0	42.0	
116.31910555617239	84.18578989587407	59.0	42.0	
116.66971217333756	84.53639651303924	59.0	42.0	
116.31910555617239	84.18578989587407	59.0	42.0	
116.66971217333756	84.53639651303924	59.0	42.0	
116.31910555617239	84.18578989587407	59.0	42.0	
116.66971217333756	84.53639651303924	59.0	42.0	
116.52783226492696	83.67827642144984	60.0	43.0	
116.88595235651636	83.32015632986044	60.0	43.0	
117.24407244810575	83.67827642144984	60.0	43.0	
117.60219253969515	83.32015632986044	60.0	43.0	
117.96031263128455	82.96203623827104	60.0	43.0	
120.01974372041354	79.90260514914205	61.0	44.0	
