153.5	45.5	9.0	19.0	
153.5	45.5	9.0	19.0	
153.5	45.5	9.0	19.0	
153.5	45.5	9.0	19.0	
152.7466076719265	45.5	9.0	19.0	
152.7466076719265	44.746607671926505	9.0	19.0	
152.7466076719265	44.746607671926505	9.0	19.0	
152.7466076719265	44.746607671926505	9.0	19.0	
153.5	44.746607671926505	9.0	19.0	
152.7466076719265	44.746607671926505	9.0	19.0	
152.7466076719265	44.746607671926505	9.0	19.0	
152.7466076719265	44.746607671926505	9.0	19.0	
151.99321534385302	43.99321534385301	9.0	19.0	
151.99321534385302	43.99321534385301	9.0	19.0	
151.99321534385302	43.99321534385301	9.0	19.0	
151.99321534385302	44.746607671926505	9.0	19.0	
151.99321534385302	43.99321534385301	9.0	19.0	
151.99321534385302	43.99321534385301	9.0	19.0	
151.99321534385302	43.99321534385301	9.0	19.0	
151.99321534385302	43.99321534385301	9.0	19.0	
151.99321534385302	43.99321534385301	9.0	19.0	
151.99321534385302	43.239823015779514	9.0	19.0	
151.23982301577954	43.239823015779514	9.0	19.0	
151.23982301577954	43.99321534385301	9.0	19.0	
150.48643068770605	43.99321534385301	9.0	19.0	
150.48643068770605	43.99321534385301	9.0	19.0	
150.48643068770605	43.99321534385301	9.0	19.0	
150.48643068770605	43.99321534385301	9.0	19.0	
150.48643068770605	43.239823015779514	9.0	19.0	
149.73303835963256	43.239823015779514	9.0	19.0	
148.97964603155907	43.239823015779514	9.0	19.0	
148.97964603155907	42.48643068770602	9.0	19.0	
148.97964603155907	42.48643068770602	9.0	19.0	
148.97964603155907	42.48643068770602	9.0	19.0	
148.97964603155907	42.48643068770602	9.0	19.0	
148.97964603155907	41.73303835963252	9.0	19.0	
148.97964603155907	40.97964603155903	9.0	19.0	
148.97964603155907	40.97964603155903	9.0	19.0	
148.97964603155907	40.97964603155903	9.0	19.0	
148.97964603155907	40.97964603155903	9.0	19.0	
148.97964603155907	40.97964603155903	9.0	19.0	
148.97964603155907	40.97964603155903	9.0	19.0	
148.97964603155907	40.97964603155903	9.0	19.0	
148.97964603155907	40.22625370348553	9.0	19.0	
148.22625370348558	40.22625370348553	9.0	19.0	
148.22625370348558	40.22625370348553	9.0	19.0	
148.97964603155907	40.97964603155903	9.0	19.0	
148.22625370348558	40.22625370348553	9.0	19.0	
148.22625370348558	40.22625370348553	9.0	19.0	
148.22625370348558	40.22625370348553	9.0	19.0	
148.22625370348558	40.22625370348553	9.0	19.0	
148.22625370348558	40.22625370348553	9.0	19.0	
148.22625370348558	40.22625370348553	9.0	19.0	
148.22625370348558	40.22625370348553	9.0	19.0	
147.4728613754121	40.22625370348553	9.0	19.0	
147.4728613754121	39.47286137541204	9.0	19.0	
147.4728613754121	40.22625370348553	9.0	19.0	
147.4728613754121	39.47286137541204	9.0	19.0	
147.4728613754121	40.22625370348553	9.0	19.0	
147.4728613754121	40.22625370348553	9.0	19.0	
146.7194690473386	40.22625370348553	9.0	19.0	
145.96607671926512	40.22625370348553	9.0	19.0	
145.96607671926512	40.22625370348553	9.0	19.0	
145.96607671926512	40.22625370348553	9.0	19.0	
145.96607671926512	39.47286137541204	9.0	19.0	
145.21268439119163	39.47286137541204	9.0	19.0	
145.21268439119163	39.47286137541204	9.0	19.0	
145.21268439119163	39.47286137541204	9.0	19.0	
145.21268439119163	39.47286137541204	9.0	19.0	
145.21268439119163	39.47286137541204	9.0	19.0	
144.45929206311814	39.47286137541204	9.0	19.0	
144.45929206311814	39.47286137541204	9.0	19.0	
144.45929206311814	39.47286137541204	9.0	19.0	
144.45929206311814	39.47286137541204	9.0	19.0	
144.45929206311814	39.47286137541204	9.0	19.0	
144.45929206311814	39.47286137541204	9.0	19.0	
144.45929206311814	38.71946904733854	9.0	19.0	
143.70589973504465	37.96607671926505	9.0	19.0	
142.95250740697116	37.96607671926505	9.0	19.0	
142.95250740697116	37.96607671926505	9.0	19.0	
142.95250740697116	37.96607671926505	9.0	19.0	
142.19911507889768	37.21268439119155	9.0	19.0	
142.19911507889768	37.21268439119155	9.0	19.0	
142.19911507889768	37.21268439119155	9.0	19.0	
142.19911507889768	37.21268439119155	9.0	19.0	
142.19911507889768	37.21268439119155	9.0	19.0	
141.4457227508242	37.21268439119155	9.0	19.0	
141.4457227508242	37.21268439119155	9.0	19.0	
141.4457227508242	37.21268439119155	9.0	19.0	
141.4457227508242	37.21268439119155	9.0	19.0	
140.6923304227507	37.21268439119155	9.0	19.0	
139.9389380946772	37.21268439119155	9.0	19.0	
139.9389380946772	37.21268439119155	9.0	19.0	
139.18554576660372	36.459292063118056	9.0	19.0	
139.18554576660372	36.459292063118056	9.0	19.0	
139.18554576660372	37.21268439119155	9.0	19.0	
138.43215343853024	36.459292063118056	9.0	19.0	
138.43215343853024	36.459292063118056	9.0	19.0	
138.43215343853024	36.459292063118056	9.0	19.0	
138.43215343853024	36.459292063118056	9.0	19.0	
138.43215343853024	36.459292063118056	9.0	19.0	
137.67876111045675	36.459292063118056	9.0	19.0	
136.92536878238326	36.459292063118056	9.0	19.0	
136.92536878238326	35.70589973504456	9.0	19.0	
136.92536878238326	35.70589973504456	9.0	19.0	
136.17197645430977	35.70589973504456	9.0	19.0	
136.92536878238326	34.952507406971066	9.0	19.0	
136.17197645430977	34.952507406971066	9.0	19.0	
136.17197645430977	34.952507406971066	9.0	19.0	
136.17197645430977	34.952507406971066	9.0	19.0	
136.17197645430977	34.952507406971066	9.0	19.0	
136.17197645430977	34.952507406971066	9.0	19.0	
135.41858412623628	34.19911507889757	9.0	19.0	
136.17197645430977	34.19911507889757	9.0	19.0	
135.41858412623628	34.19911507889757	9.0	19.0	
136.17197645430977	34.19911507889757	9.0	19.0	
135.41858412623628	34.19911507889757	9.0	19.0	
135.41858412623628	34.19911507889757	9.0	19.0	
135.41858412623628	33.445722750824075	9.0	19.0	
135.41858412623628	33.445722750824075	9.0	19.0	
135.41858412623628	33.445722750824075	9.0	19.0	
134.6651917981628	33.445722750824075	9.0	19.0	
133.9117994700893	33.445722750824075	9.0	19.0	
134.6651917981628	33.445722750824075	9.0	19.0	
134.6651917981628	33.445722750824075	9.0	19.0	
133.9117994700893	33.445722750824075	9.0	19.0	
133.9117994700893	33.445722750824075	9.0	19.0	
133.9117994700893	33.445722750824075	9.0	19.0	
133.9117994700893	33.445722750824075	9.0	19.0	
133.9117994700893	33.445722750824075	9.0	19.0	
133.9117994700893	32.69233042275058	9.0	19.0	
133.15840714201582	31.938938094677084	9.0	19.0	
133.15840714201582	31.938938094677084	9.0	19.0	
133.15840714201582	31.938938094677084	9.0	19.0	
133.15840714201582	31.938938094677084	9.0	19.0	
133.15840714201582	31.938938094677084	9.0	19.0	
132.40501481394233	31.18554576660359	9.0	19.0	
132.40501481394233	31.18554576660359	9.0	19.0	
133.15840714201582	31.18554576660359	9.0	19.0	
132.40501481394233	31.18554576660359	9.0	19.0	
132.40501481394233	31.18554576660359	9.0	19.0	
132.40501481394233	31.18554576660359	9.0	19.0	
132.40501481394233	31.18554576660359	9.0	19.0	
132.40501481394233	31.18554576660359	9.0	19.0	
132.40501481394233	31.18554576660359	9.0	19.0	
132.40501481394233	30.432153438530094	9.0	19.0	
132.40501481394233	30.432153438530094	9.0	19.0	
132.40501481394233	30.432153438530094	9.0	19.0	
132.40501481394233	30.432153438530094	9.0	19.0	
132.40501481394233	30.432153438530094	9.0	19.0	
132.40501481394233	30.432153438530094	9.0	19.0	
132.40501481394233	29.6787611104566	9.0	19.0	
132.40501481394233	28.925368782383103	9.0	19.0	
132.40501481394233	28.925368782383103	9.0	19.0	
132.40501481394233	28.925368782383103	9.0	19.0	
132.40501481394233	28.925368782383103	9.0	19.0	
132.40501481394233	28.925368782383103	9.0	19.0	
132.40501481394233	28.925368782383103	9.0	19.0	
131.65162248586884	28.925368782383103	9.0	19.0	
130.89823015779535	28.925368782383103	9.0	19.0	
130.89823015779535	28.171976454309608	9.0	19.0	
130.89823015779535	28.171976454309608	9.0	19.0	
130.89823015779535	28.171976454309608	9.0	19.0	
130.89823015779535	28.171976454309608	9.0	19.0	
130.14483782972187	28.171976454309608	9.0	19.0	
130.14483782972187	28.171976454309608	9.0	19.0	
130.14483782972187	28.171976454309608	9.0	19.0	
129.39144550164838	28.171976454309608	9.0	19.0	
129.39144550164838	28.171976454309608	9.0	19.0	
129.39144550164838	27.418584126236112	9.0	19.0	
129.39144550164838	27.418584126236112	9.0	19.0	
129.39144550164838	27.418584126236112	9.0	19.0	
129.39144550164838	27.418584126236112	9.0	19.0	
129.39144550164838	27.418584126236112	9.0	19.0	
128.6380531735749	27.418584126236112	9.0	19.0	
127.8846608455014	27.418584126236112	9.0	19.0	
127.8846608455014	27.418584126236112	9.0	19.0	
127.8846608455014	27.418584126236112	9.0	19.0	
128.6380531735749	27.418584126236112	9.0	19.0	
127.8846608455014	27.418584126236112	9.0	19.0	
127.8846608455014	27.418584126236112	9.0	19.0	
127.8846608455014	27.418584126236112	9.0	19.0	
127.8846608455014	27.418584126236112	9.0	19.0	
127.8846608455014	27.418584126236112	9.0	19.0	
127.8846608455014	26.665191798162617	9.0	19.0	
127.8846608455014	25.91179947008912	9.0	19.0	
127.8846608455014	25.91179947008912	9.0	19.0	
127.8846608455014	25.91179947008912	9.0	19.0	
127.8846608455014	25.91179947008912	9.0	19.0	
127.8846608455014	25.91179947008912	9.0	19.0	
127.8846608455014	25.91179947008912	9.0	19.0	
127.8846608455014	25.91179947008912	9.0	19.0	
127.8846608455014	25.158407142015626	9.0	19.0	
127.8846608455014	25.91179947008912	9.0	19.0	
127.8846608455014	25.158407142015626	9.0	19.0	
127.8846608455014	25.91179947008912	9.0	19.0	
127.8846608455014	25.158407142015626	9.0	19.0	
127.8846608455014	25.158407142015626	9.0	19.0	
127.8846608455014	25.158407142015626	9.0	19.0	
127.8846608455014	25.158407142015626	9.0	19.0	
127.8846608455014	25.158407142015626	9.0	19.0	
127.8846608455014	25.158407142015626	9.0	19.0	
127.8846608455014	25.158407142015626	9.0	19.0	
127.8846608455014	25.158407142015626	9.0	19.0	
127.8846608455014	25.158407142015626	9.0	19.0	
127.8846608455014	25.158407142015626	9.0	19.0	
127.8846608455014	25.158407142015626	9.0	19.0	
127.8846608455014	24.40501481394213	9.0	19.0	
127.8846608455014	24.40501481394213	9.0	19.0	
127.8846608455014	24.40501481394213	9.0	19.0	
127.8846608455014	24.40501481394213	9.0	19.0	
127.13126851742791	24.40501481394213	9.0	19.0	
127.13126851742791	24.40501481394213	9.0	19.0	
127.13126851742791	23.651622485868636	9.0	19.0	
127.13126851742791	22.89823015779514	9.0	19.0	
127.13126851742791	22.89823015779514	9.0	19.0	
127.13126851742791	22.89823015779514	9.0	19.0	
127.13126851742791	22.89823015779514	9.0	19.0	
127.13126851742791	22.144837829721645	9.0	19.0	
126.37787618935442	22.89823015779514	9.0	19.0	
127.13126851742791	22.89823015779514	9.0	19.0	
127.13126851742791	22.89823015779514	9.0	19.0	
127.13126851742791	22.89823015779514	9.0	19.0	
127.13126851742791	22.89823015779514	9.0	19.0	
127.8846608455014	22.89823015779514	9.0	19.0	
127.8846608455014	22.89823015779514	9.0	19.0	
127.8846608455014	22.89823015779514	9.0	19.0	
127.8846608455014	22.89823015779514	9.0	19.0	
127.8846608455014	22.89823015779514	9.0	19.0	
127.8846608455014	23.651622485868636	9.0	19.0	
127.8846608455014	22.89823015779514	9.0	19.0	
127.8846608455014	23.651622485868636	9.0	19.0	
127.13126851742791	22.89823015779514	9.0	19.0	
127.13126851742791	23.651622485868636	9.0	19.0	
127.13126851742791	22.89823015779514	9.0	19.0	
127.13126851742791	23.651622485868636	9.0	19.0	
127.13126851742791	22.89823015779514	9.0	19.0	
126.37787618935442	23.651622485868636	9.0	19.0	
126.37787618935442	23.651622485868636	9.0	19.0	
125.62448386128094	22.89823015779514	9.0	19.0	
124.87109153320745	22.89823015779514	9.0	19.0	
124.87109153320745	22.89823015779514	9.0	19.0	
124.87109153320745	22.89823015779514	9.0	19.0	
124.87109153320745	22.89823015779514	9.0	19.0	
124.11769920513396	22.89823015779514	9.0	19.0	
124.11769920513396	22.89823015779514	9.0	19.0	
124.11769920513396	22.89823015779514	9.0	19.0	
124.87109153320745	22.89823015779514	9.0	19.0	
124.87109153320745	22.89823015779514	9.0	19.0	
124.87109153320745	22.89823015779514	9.0	19.0	
124.87109153320745	22.89823015779514	9.0	19.0	
124.87109153320745	22.89823015779514	9.0	19.0	
125.62448386128094	22.89823015779514	9.0	19.0	
125.62448386128094	22.89823015779514	9.0	19.0	
124.87109153320745	22.89823015779514	9.0	19.0	
124.87109153320745	22.144837829721645	9.0	19.0	
124.87109153320745	22.144837829721645	9.0	19.0	
124.87109153320745	22.144837829721645	9.0	19.0	
124.87109153320745	22.144837829721645	9.0	19.0	
124.87109153320745	22.89823015779514	9.0	19.0	
124.87109153320745	22.144837829721645	9.0	19.0	
124.87109153320745	22.89823015779514	9.0	19.0	
124.87109153320745	22.89823015779514	9.0	19.0	
124.87109153320745	22.144837829721645	9.0	19.0	
124.87109153320745	22.144837829721645	9.0	19.0	
124.87109153320745	22.144837829721645	9.0	19.0	
124.11769920513396	22.144837829721645	9.0	19.0	
124.11769920513396	22.89823015779514	9.0	19.0	
124.11769920513396	22.89823015779514	9.0	19.0	
124.11769920513396	22.89823015779514	9.0	19.0	
124.11769920513396	22.89823015779514	9.0	19.0	
124.11769920513396	22.89823015779514	9.0	19.0	
124.11769920513396	22.89823015779514	9.0	19.0	
124.11769920513396	22.89823015779514	9.0	19.0	
124.11769920513396	22.89823015779514	9.0	19.0	
124.11769920513396	22.89823015779514	9.0	19.0	
124.11769920513396	22.144837829721645	9.0	19.0	
124.11769920513396	22.144837829721645	9.0	19.0	
124.11769920513396	22.89823015779514	9.0	19.0	
124.11769920513396	22.144837829721645	9.0	19.0	
124.11769920513396	22.144837829721645	9.0	19.0	
124.11769920513396	22.144837829721645	9.0	19.0	
124.11769920513396	22.89823015779514	9.0	19.0	
124.11769920513396	22.89823015779514	9.0	19.0	
124.11769920513396	22.89823015779514	9.0	19.0	
124.11769920513396	22.89823015779514	9.0	19.0	
124.11769920513396	22.144837829721645	9.0	19.0	
124.11769920513396	22.89823015779514	9.0	19.0	
124.87109153320745	22.89823015779514	9.0	19.0	
124.87109153320745	22.89823015779514	9.0	19.0	
124.87109153320745	22.89823015779514	9.0	19.0	
124.87109153320745	22.89823015779514	9.0	19.0	
124.87109153320745	22.89823015779514	9.0	19.0	
124.87109153320745	22.89823015779514	9.0	19.0	
124.87109153320745	22.89823015779514	9.0	19.0	
124.87109153320745	22.89823015779514	9.0	19.0	
125.62448386128094	22.89823015779514	9.0	19.0	
125.62448386128094	22.89823015779514	9.0	19.0	
125.62448386128094	22.89823015779514	9.0	19.0	
125.62448386128094	22.89823015779514	9.0	19.0	
125.62448386128094	22.89823015779514	9.0	19.0	
125.62448386128094	22.89823015779514	9.0	19.0	
125.62448386128094	22.89823015779514	9.0	19.0	
126.37787618935442	22.144837829721645	9.0	19.0	
127.13126851742791	22.144837829721645	9.0	19.0	
127.13126851742791	22.144837829721645	9.0	19.0	
127.13126851742791	22.144837829721645	9.0	19.0	
127.13126851742791	22.144837829721645	9.0	19.0	
127.13126851742791	22.144837829721645	9.0	19.0	
127.13126851742791	22.144837829721645	9.0	19.0	
127.13126851742791	22.144837829721645	9.0	19.0	
127.13126851742791	22.144837829721645	9.0	19.0	
127.13126851742791	22.144837829721645	9.0	19.0	
127.13126851742791	22.144837829721645	9.0	19.0	
127.13126851742791	22.144837829721645	9.0	19.0	
127.13126851742791	22.144837829721645	9.0	19.0	
127.13126851742791	22.144837829721645	9.0	19.0	
127.13126851742791	22.144837829721645	9.0	19.0	
127.13126851742791	22.144837829721645	9.0	19.0	
127.13126851742791	22.144837829721645	9.0	19.0	
127.13126851742791	22.144837829721645	9.0	19.0	
127.13126851742791	22.144837829721645	9.0	19.0	
127.13126851742791	22.144837829721645	9.0	19.0	
127.13126851742791	22.144837829721645	9.0	19.0	
127.13126851742791	22.144837829721645	9.0	19.0	
127.13126851742791	22.144837829721645	9.0	19.0	
126.37787618935442	22.144837829721645	9.0	19.0	
126.37787618935442	22.144837829721645	9.0	19.0	
126.37787618935442	22.144837829721645	9.0	19.0	
126.37787618935442	22.144837829721645	9.0	19.0	
126.37787618935442	22.144837829721645	9.0	19.0	
126.37787618935442	22.144837829721645	9.0	19.0	
126.37787618935442	22.144837829721645	9.0	19.0	
126.37787618935442	22.144837829721645	9.0	19.0	
126.37787618935442	21.39144550164815	9.0	19.0	
126.37787618935442	22.144837829721645	9.0	19.0	
126.37787618935442	21.39144550164815	9.0	19.0	
126.37787618935442	22.144837829721645	9.0	19.0	
126.37787618935442	22.144837829721645	9.0	19.0	
126.37787618935442	22.144837829721645	9.0	19.0	
127.13126851742791	22.144837829721645	9.0	19.0	
127.13126851742791	21.39144550164815	9.0	19.0	
127.13126851742791	21.39144550164815	9.0	19.0	
127.8846608455014	21.39144550164815	9.0	19.0	
127.8846608455014	21.39144550164815	9.0	19.0	
127.8846608455014	21.39144550164815	9.0	19.0	
127.8846608455014	22.144837829721645	9.0	19.0	
127.8846608455014	21.39144550164815	9.0	19.0	
128.6380531735749	22.144837829721645	9.0	19.0	
128.6380531735749	22.144837829721645	9.0	19.0	
128.6380531735749	22.144837829721645	9.0	19.0	
128.6380531735749	22.144837829721645	9.0	19.0	
128.6380531735749	22.144837829721645	9.0	19.0	
128.6380531735749	22.144837829721645	9.0	19.0	
128.6380531735749	22.144837829721645	9.0	19.0	
128.6380531735749	22.144837829721645	9.0	19.0	
128.6380531735749	22.144837829721645	9.0	19.0	
128.6380531735749	22.144837829721645	9.0	19.0	
128.6380531735749	22.144837829721645	9.0	19.0	
129.39144550164838	22.144837829721645	9.0	19.0	
130.14483782972187	22.144837829721645	9.0	19.0	
130.89823015779535	22.144837829721645	9.0	19.0	
130.89823015779535	22.144837829721645	9.0	19.0	
130.89823015779535	22.144837829721645	9.0	19.0	
130.89823015779535	22.144837829721645	9.0	19.0	
130.89823015779535	22.144837829721645	9.0	19.0	
131.65162248586884	22.144837829721645	9.0	19.0	
131.65162248586884	22.144837829721645	9.0	19.0	
132.40501481394233	22.144837829721645	9.0	19.0	
133.15840714201582	22.144837829721645	9.0	19.0	
133.15840714201582	22.144837829721645	9.0	19.0	
133.15840714201582	22.144837829721645	9.0	19.0	
133.15840714201582	22.144837829721645	9.0	19.0	
133.15840714201582	22.144837829721645	9.0	19.0	
133.15840714201582	22.89823015779514	9.0	19.0	
133.15840714201582	22.89823015779514	9.0	19.0	
133.15840714201582	22.89823015779514	9.0	19.0	
133.15840714201582	22.89823015779514	9.0	19.0	
133.15840714201582	22.89823015779514	9.0	19.0	
133.15840714201582	22.89823015779514	9.0	19.0	
133.9117994700893	22.89823015779514	9.0	19.0	
133.9117994700893	22.89823015779514	9.0	19.0	
133.9117994700893	22.89823015779514	9.0	19.0	
133.15840714201582	22.144837829721645	9.0	19.0	
133.15840714201582	22.89823015779514	9.0	19.0	
133.15840714201582	22.89823015779514	9.0	19.0	
133.15840714201582	22.89823015779514	9.0	19.0	
133.15840714201582	22.89823015779514	9.0	19.0	
133.15840714201582	22.89823015779514	9.0	19.0	
133.15840714201582	22.89823015779514	9.0	19.0	
133.15840714201582	22.89823015779514	9.0	19.0	
133.15840714201582	23.651622485868636	9.0	19.0	
133.15840714201582	23.651622485868636	9.0	19.0	
133.15840714201582	23.651622485868636	9.0	19.0	
132.40501481394233	23.651622485868636	9.0	19.0	
132.40501481394233	23.651622485868636	9.0	19.0	
132.40501481394233	23.651622485868636	9.0	19.0	
132.40501481394233	23.651622485868636	9.0	19.0	
132.40501481394233	23.651622485868636	9.0	19.0	
132.40501481394233	23.651622485868636	9.0	19.0	
132.40501481394233	23.651622485868636	9.0	19.0	
132.40501481394233	23.651622485868636	9.0	19.0	
132.40501481394233	23.651622485868636	9.0	19.0	
132.40501481394233	23.651622485868636	9.0	19.0	
132.40501481394233	23.651622485868636	9.0	19.0	
132.40501481394233	23.651622485868636	9.0	19.0	
132.40501481394233	23.651622485868636	9.0	19.0	
132.40501481394233	23.651622485868636	9.0	19.0	
132.40501481394233	23.651622485868636	9.0	19.0	
132.40501481394233	22.89823015779514	9.0	19.0	
132.40501481394233	22.89823015779514	9.0	19.0	
132.40501481394233	22.89823015779514	9.0	19.0	
132.40501481394233	23.651622485868636	9.0	19.0	
132.40501481394233	23.651622485868636	9.0	19.0	
132.40501481394233	22.89823015779514	9.0	19.0	
133.15840714201582	22.89823015779514	9.0	19.0	
133.15840714201582	22.89823015779514	9.0	19.0	
133.15840714201582	22.89823015779514	9.0	19.0	
133.15840714201582	22.89823015779514	9.0	19.0	
133.15840714201582	22.89823015779514	9.0	19.0	
133.15840714201582	22.89823015779514	9.0	19.0	
133.15840714201582	22.89823015779514	9.0	19.0	
133.15840714201582	22.89823015779514	9.0	19.0	
133.15840714201582	22.89823015779514	9.0	19.0	
133.15840714201582	22.89823015779514	9.0	19.0	
133.15840714201582	22.89823015779514	9.0	19.0	
133.15840714201582	22.89823015779514	9.0	19.0	
133.15840714201582	22.89823015779514	9.0	19.0	
133.15840714201582	22.89823015779514	9.0	19.0	
132.40501481394233	22.89823015779514	9.0	19.0	
132.40501481394233	22.89823015779514	9.0	19.0	
132.40501481394233	22.89823015779514	9.0	19.0	
132.40501481394233	22.89823015779514	9.0	19.0	
132.40501481394233	22.89823015779514	9.0	19.0	
132.40501481394233	22.89823015779514	9.0	19.0	
132.40501481394233	22.89823015779514	9.0	19.0	
132.40501481394233	22.89823015779514	9.0	19.0	
132.40501481394233	22.89823015779514	9.0	19.0	
132.40501481394233	22.89823015779514	9.0	19.0	
132.40501481394233	22.89823015779514	9.0	19.0	
132.40501481394233	22.89823015779514	9.0	19.0	
132.40501481394233	23.651622485868636	9.0	19.0	
132.40501481394233	23.651622485868636	9.0	19.0	
132.40501481394233	23.651622485868636	9.0	19.0	
132.40501481394233	23.651622485868636	9.0	19.0	
132.40501481394233	23.651622485868636	9.0	19.0	
132.40501481394233	23.651622485868636	9.0	19.0	
132.40501481394233	23.651622485868636	9.0	19.0	
132.40501481394233	23.651622485868636	9.0	19.0	
132.40501481394233	22.89823015779514	9.0	19.0	
132.40501481394233	22.89823015779514	9.0	19.0	
132.40501481394233	22.89823015779514	9.0	19.0	
132.40501481394233	22.89823015779514	9.0	19.0	
132.40501481394233	22.89823015779514	9.0	19.0	
132.40501481394233	22.89823015779514	9.0	19.0	
132.40501481394233	22.89823015779514	9.0	19.0	
132.40501481394233	22.89823015779514	9.0	19.0	
132.40501481394233	22.89823015779514	9.0	19.0	
132.40501481394233	22.89823015779514	9.0	19.0	
133.15840714201582	22.89823015779514	9.0	19.0	
133.15840714201582	22.89823015779514	9.0	19.0	
133.15840714201582	22.89823015779514	9.0	19.0	
133.15840714201582	22.89823015779514	9.0	19.0	
132.40501481394233	22.89823015779514	9.0	19.0	
132.40501481394233	23.651622485868636	9.0	19.0	
132.40501481394233	23.651622485868636	9.0	19.0	
132.40501481394233	23.651622485868636	9.0	19.0	
132.40501481394233	23.651622485868636	9.0	19.0	
132.40501481394233	23.651622485868636	9.0	19.0	
133.15840714201582	23.651622485868636	9.0	19.0	
133.15840714201582	23.651622485868636	9.0	19.0	
133.15840714201582	23.651622485868636	9.0	19.0	
133.15840714201582	23.651622485868636	9.0	19.0	
133.15840714201582	23.651622485868636	9.0	19.0	
133.15840714201582	23.651622485868636	9.0	19.0	
133.15840714201582	23.651622485868636	9.0	19.0	
133.15840714201582	23.651622485868636	9.0	19.0	
133.15840714201582	23.651622485868636	9.0	19.0	
133.15840714201582	23.651622485868636	9.0	19.0	
133.15840714201582	23.651622485868636	9.0	19.0	
133.15840714201582	23.651622485868636	9.0	19.0	
133.15840714201582	23.651622485868636	9.0	19.0	
133.15840714201582	23.651622485868636	9.0	19.0	
133.15840714201582	23.651622485868636	9.0	19.0	
133.15840714201582	23.651622485868636	9.0	19.0	
133.15840714201582	23.651622485868636	9.0	19.0	
133.15840714201582	23.651622485868636	9.0	19.0	
133.9117994700893	23.651622485868636	9.0	19.0	
133.9117994700893	23.651622485868636	9.0	19.0	
133.9117994700893	23.651622485868636	9.0	19.0	
133.9117994700893	23.651622485868636	9.0	19.0	
133.9117994700893	23.651622485868636	9.0	19.0	
133.15840714201582	23.651622485868636	9.0	19.0	
133.15840714201582	23.651622485868636	9.0	19.0	
133.15840714201582	23.651622485868636	9.0	19.0	
133.15840714201582	23.651622485868636	9.0	19.0	
133.15840714201582	22.89823015779514	9.0	19.0	
133.15840714201582	22.89823015779514	9.0	19.0	
133.15840714201582	22.89823015779514	9.0	19.0	
133.15840714201582	22.89823015779514	9.0	19.0	
133.15840714201582	22.89823015779514	9.0	19.0	
133.15840714201582	22.89823015779514	9.0	19.0	
133.15840714201582	22.89823015779514	9.0	19.0	
133.15840714201582	22.89823015779514	9.0	19.0	
133.15840714201582	22.89823015779514	9.0	19.0	
133.15840714201582	22.89823015779514	9.0	19.0	
133.15840714201582	22.89823015779514	9.0	19.0	
133.15840714201582	22.144837829721645	9.0	19.0	
133.15840714201582	22.144837829721645	9.0	19.0	
133.15840714201582	22.144837829721645	9.0	19.0	
133.15840714201582	22.144837829721645	9.0	19.0	
133.15840714201582	22.144837829721645	9.0	19.0	
133.15840714201582	22.144837829721645	9.0	19.0	
133.15840714201582	22.144837829721645	9.0	19.0	
133.15840714201582	22.144837829721645	9.0	19.0	
133.15840714201582	22.144837829721645	9.0	19.0	
133.15840714201582	22.144837829721645	9.0	19.0	
133.15840714201582	22.144837829721645	9.0	19.0	
133.15840714201582	22.144837829721645	9.0	19.0	
133.15840714201582	22.144837829721645	9.0	19.0	
133.15840714201582	22.144837829721645	9.0	19.0	
133.15840714201582	22.144837829721645	9.0	19.0	
133.15840714201582	22.89823015779514	9.0	19.0	
133.15840714201582	22.144837829721645	9.0	19.0	
133.15840714201582	22.144837829721645	9.0	19.0	
133.15840714201582	22.144837829721645	9.0	19.0	
133.15840714201582	22.144837829721645	9.0	19.0	
133.15840714201582	22.144837829721645	9.0	19.0	
133.15840714201582	22.89823015779514	9.0	19.0	
133.15840714201582	22.89823015779514	9.0	19.0	
133.15840714201582	22.89823015779514	9.0	19.0	
133.15840714201582	22.89823015779514	9.0	19.0	
133.9117994700893	22.89823015779514	9.0	19.0	
133.9117994700893	22.89823015779514	9.0	19.0	
133.9117994700893	22.89823015779514	9.0	19.0	
133.9117994700893	22.89823015779514	9.0	19.0	
133.9117994700893	22.89823015779514	9.0	19.0	
133.9117994700893	22.89823015779514	9.0	19.0	
133.9117994700893	22.89823015779514	9.0	19.0	
133.9117994700893	22.89823015779514	9.0	19.0	
133.9117994700893	22.89823015779514	9.0	19.0	
133.9117994700893	22.89823015779514	9.0	19.0	
133.9117994700893	22.89823015779514	9.0	19.0	
133.9117994700893	22.89823015779514	9.0	19.0	
133.9117994700893	22.89823015779514	9.0	19.0	
133.15840714201582	22.89823015779514	9.0	19.0	
133.15840714201582	22.144837829721645	9.0	19.0	
133.15840714201582	22.144837829721645	9.0	19.0	
133.15840714201582	22.144837829721645	9.0	19.0	
133.15840714201582	22.144837829721645	9.0	19.0	
133.15840714201582	22.144837829721645	9.0	19.0	
133.15840714201582	22.144837829721645	9.0	19.0	
133.9117994700893	22.144837829721645	9.0	19.0	
133.9117994700893	22.144837829721645	9.0	19.0	
133.9117994700893	22.144837829721645	9.0	19.0	
133.9117994700893	22.144837829721645	9.0	19.0	
133.15840714201582	22.144837829721645	9.0	19.0	
133.15840714201582	22.144837829721645	9.0	19.0	
133.15840714201582	22.144837829721645	9.0	19.0	
133.15840714201582	21.39144550164815	9.0	19.0	
133.15840714201582	21.39144550164815	9.0	19.0	
133.15840714201582	21.39144550164815	9.0	19.0	
133.15840714201582	21.39144550164815	9.0	19.0	
133.15840714201582	21.39144550164815	9.0	19.0	
133.15840714201582	21.39144550164815	9.0	19.0	
133.15840714201582	21.39144550164815	9.0	19.0	
133.15840714201582	21.39144550164815	9.0	19.0	
133.15840714201582	21.39144550164815	9.0	19.0	
133.15840714201582	21.39144550164815	9.0	19.0	
133.15840714201582	21.39144550164815	9.0	19.0	
133.9117994700893	22.144837829721645	9.0	19.0	
133.9117994700893	22.144837829721645	9.0	19.0	
133.9117994700893	21.39144550164815	9.0	19.0	
134.6651917981628	21.39144550164815	9.0	19.0	
134.6651917981628	22.144837829721645	9.0	19.0	
135.41858412623628	22.144837829721645	9.0	19.0	
136.17197645430977	21.39144550164815	9.0	19.0	
136.17197645430977	21.39144550164815	9.0	19.0	
136.92536878238326	22.144837829721645	9.0	19.0	
136.92536878238326	22.144837829721645	9.0	19.0	
136.92536878238326	22.144837829721645	9.0	19.0	
136.92536878238326	22.89823015779514	9.0	19.0	
137.67876111045675	22.89823015779514	9.0	19.0	
137.67876111045675	22.89823015779514	9.0	19.0	
137.67876111045675	22.89823015779514	9.0	19.0	
137.67876111045675	22.89823015779514	9.0	19.0	
137.67876111045675	22.89823015779514	9.0	19.0	
137.67876111045675	22.89823015779514	9.0	19.0	
137.67876111045675	23.651622485868636	9.0	19.0	
137.67876111045675	23.651622485868636	9.0	19.0	
137.67876111045675	22.89823015779514	9.0	19.0	
137.67876111045675	22.89823015779514	9.0	19.0	
137.67876111045675	23.651622485868636	9.0	19.0	
138.43215343853024	22.89823015779514	9.0	19.0	
139.18554576660372	22.89823015779514	9.0	19.0	
139.18554576660372	23.651622485868636	9.0	19.0	
139.18554576660372	23.651622485868636	9.0	19.0	
139.18554576660372	23.651622485868636	9.0	19.0	
139.18554576660372	23.651622485868636	9.0	19.0	
139.18554576660372	23.651622485868636	9.0	19.0	
139.18554576660372	23.651622485868636	9.0	19.0	
139.18554576660372	23.651622485868636	9.0	19.0	
139.18554576660372	23.651622485868636	9.0	19.0	
139.18554576660372	23.651622485868636	9.0	19.0	
139.18554576660372	23.651622485868636	9.0	19.0	
139.18554576660372	23.651622485868636	9.0	19.0	
139.18554576660372	23.651622485868636	9.0	19.0	
139.18554576660372	23.651622485868636	9.0	19.0	
139.18554576660372	23.651622485868636	9.0	19.0	
139.18554576660372	22.89823015779514	9.0	19.0	
139.18554576660372	23.651622485868636	9.0	19.0	
139.18554576660372	23.651622485868636	9.0	19.0	
139.18554576660372	23.651622485868636	9.0	19.0	
139.18554576660372	23.651622485868636	9.0	19.0	
139.18554576660372	23.651622485868636	9.0	19.0	
139.18554576660372	23.651622485868636	9.0	19.0	
139.18554576660372	23.651622485868636	9.0	19.0	
139.18554576660372	23.651622485868636	9.0	19.0	
139.18554576660372	23.651622485868636	9.0	19.0	
139.18554576660372	23.651622485868636	9.0	19.0	
139.18554576660372	23.651622485868636	9.0	19.0	
139.18554576660372	23.651622485868636	9.0	19.0	
139.18554576660372	23.651622485868636	9.0	19.0	
139.18554576660372	23.651622485868636	9.0	19.0	
139.18554576660372	23.651622485868636	9.0	19.0	
139.18554576660372	23.651622485868636	9.0	19.0	
139.18554576660372	23.651622485868636	9.0	19.0	
139.18554576660372	23.651622485868636	9.0	19.0	
139.18554576660372	23.651622485868636	9.0	19.0	
139.18554576660372	23.651622485868636	9.0	19.0	
139.18554576660372	23.651622485868636	9.0	19.0	
139.18554576660372	23.651622485868636	9.0	19.0	
139.18554576660372	23.651622485868636	9.0	19.0	
139.18554576660372	23.651622485868636	9.0	19.0	
139.18554576660372	23.651622485868636	9.0	19.0	
139.18554576660372	23.651622485868636	9.0	19.0	
139.18554576660372	23.651622485868636	9.0	19.0	
139.18554576660372	23.651622485868636	9.0	19.0	
139.18554576660372	23.651622485868636	9.0	19.0	
138.43215343853024	23.651622485868636	9.0	19.0	
138.43215343853024	24.40501481394213	9.0	19.0	
139.18554576660372	25.158407142015626	9.0	19.0	
139.18554576660372	24.40501481394213	9.0	19.0	
139.18554576660372	25.158407142015626	9.0	19.0	
138.43215343853024	25.158407142015626	9.0	19.0	
138.43215343853024	24.40501481394213	9.0	19.0	
138.43215343853024	25.158407142015626	9.0	19.0	
138.43215343853024	25.158407142015626	9.0	19.0	
139.18554576660372	24.40501481394213	9.0	19.0	
139.18554576660372	25.158407142015626	9.0	19.0	
139.18554576660372	25.158407142015626	9.0	19.0	
139.18554576660372	24.40501481394213	9.0	19.0	
139.18554576660372	25.158407142015626	9.0	19.0	
139.18554576660372	24.40501481394213	9.0	19.0	
139.18554576660372	24.40501481394213	9.0	19.0	
139.18554576660372	24.40501481394213	9.0	19.0	
139.18554576660372	24.40501481394213	9.0	19.0	
139.18554576660372	24.40501481394213	9.0	19.0	
139.18554576660372	24.40501481394213	9.0	19.0	
139.18554576660372	24.40501481394213	9.0	19.0	
139.18554576660372	24.40501481394213	9.0	19.0	
139.18554576660372	24.40501481394213	9.0	19.0	
139.18554576660372	24.40501481394213	9.0	19.0	
139.18554576660372	24.40501481394213	9.0	19.0	
139.18554576660372	24.40501481394213	9.0	19.0	
139.18554576660372	24.40501481394213	9.0	19.0	
139.18554576660372	24.40501481394213	9.0	19.0	
139.18554576660372	25.158407142015626	9.0	19.0	
139.18554576660372	24.40501481394213	9.0	19.0	
139.18554576660372	24.40501481394213	9.0	19.0	
139.18554576660372	24.40501481394213	9.0	19.0	
139.18554576660372	25.158407142015626	9.0	19.0	
139.18554576660372	24.40501481394213	9.0	19.0	
139.18554576660372	25.158407142015626	9.0	19.0	
139.18554576660372	24.40501481394213	9.0	19.0	
139.18554576660372	25.158407142015626	9.0	19.0	
139.18554576660372	24.40501481394213	9.0	19.0	
139.18554576660372	25.158407142015626	9.0	19.0	
139.18554576660372	24.40501481394213	9.0	19.0	
139.18554576660372	25.158407142015626	9.0	19.0	
139.18554576660372	25.158407142015626	9.0	19.0	
139.18554576660372	24.40501481394213	9.0	19.0	
139.18554576660372	24.40501481394213	9.0	19.0	
139.18554576660372	24.40501481394213	9.0	19.0	
139.18554576660372	25.158407142015626	9.0	19.0	
139.18554576660372	25.158407142015626	9.0	19.0	
139.18554576660372	24.40501481394213	9.0	19.0	
139.18554576660372	25.158407142015626	9.0	19.0	
139.18554576660372	25.158407142015626	9.0	19.0	
139.18554576660372	25.158407142015626	9.0	19.0	
139.18554576660372	25.158407142015626	9.0	19.0	
139.18554576660372	25.158407142015626	9.0	19.0	
139.18554576660372	25.158407142015626	9.0	19.0	
139.18554576660372	25.158407142015626	9.0	19.0	
139.18554576660372	25.158407142015626	9.0	19.0	
139.18554576660372	25.158407142015626	9.0	19.0	
139.18554576660372	25.158407142015626	9.0	19.0	
139.18554576660372	25.158407142015626	9.0	19.0	
139.18554576660372	25.158407142015626	9.0	19.0	
139.18554576660372	25.158407142015626	9.0	19.0	
139.18554576660372	25.158407142015626	9.0	19.0	
139.18554576660372	25.158407142015626	9.0	19.0	
139.18554576660372	25.158407142015626	9.0	19.0	
139.18554576660372	25.158407142015626	9.0	19.0	
139.18554576660372	25.158407142015626	9.0	19.0	
139.18554576660372	25.158407142015626	9.0	19.0	
139.18554576660372	25.158407142015626	9.0	19.0	
139.18554576660372	25.158407142015626	9.0	19.0	
139.18554576660372	25.158407142015626	9.0	19.0	
139.18554576660372	25.158407142015626	9.0	19.0	
139.18554576660372	25.158407142015626	9.0	19.0	
139.18554576660372	25.158407142015626	9.0	19.0	
139.18554576660372	25.158407142015626	9.0	19.0	
139.18554576660372	25.158407142015626	9.0	19.0	
139.18554576660372	25.158407142015626	9.0	19.0	
139.18554576660372	25.158407142015626	9.0	19.0	
139.18554576660372	25.158407142015626	9.0	19.0	
139.18554576660372	25.158407142015626	9.0	19.0	
139.18554576660372	25.158407142015626	9.0	19.0	
139.18554576660372	25.158407142015626	9.0	19.0	
139.18554576660372	25.158407142015626	9.0	19.0	
139.18554576660372	25.158407142015626	9.0	19.0	
139.18554576660372	25.158407142015626	9.0	19.0	
139.18554576660372	25.158407142015626	9.0	19.0	
139.18554576660372	25.158407142015626	9.0	19.0	
139.18554576660372	25.158407142015626	9.0	19.0	
139.18554576660372	25.158407142015626	9.0	19.0	
139.18554576660372	25.158407142015626	9.0	19.0	
139.18554576660372	25.158407142015626	9.0	19.0	
139.18554576660372	25.158407142015626	9.0	19.0	
139.18554576660372	25.158407142015626	9.0	19.0	
139.18554576660372	25.158407142015626	9.0	19.0	
139.18554576660372	25.158407142015626	9.0	19.0	
139.18554576660372	25.158407142015626	9.0	19.0	
139.18554576660372	25.158407142015626	9.0	19.0	
139.18554576660372	25.158407142015626	9.0	19.0	
139.18554576660372	25.158407142015626	9.0	19.0	
139.18554576660372	25.158407142015626	9.0	19.0	
139.18554576660372	25.158407142015626	9.0	19.0	
139.18554576660372	25.158407142015626	9.0	19.0	
139.18554576660372	25.158407142015626	9.0	19.0	
139.18554576660372	25.158407142015626	9.0	19.0	
139.18554576660372	25.158407142015626	9.0	19.0	
139.18554576660372	25.158407142015626	9.0	19.0	
139.18554576660372	25.158407142015626	9.0	19.0	
139.18554576660372	25.158407142015626	9.0	19.0	
139.18554576660372	25.158407142015626	9.0	19.0	
139.18554576660372	25.158407142015626	9.0	19.0	
139.18554576660372	25.158407142015626	9.0	19.0	
139.18554576660372	25.158407142015626	9.0	19.0	
139.18554576660372	25.158407142015626	9.0	19.0	
139.18554576660372	25.158407142015626	9.0	19.0	
139.18554576660372	25.158407142015626	9.0	19.0	
139.18554576660372	25.158407142015626	9.0	19.0	
139.18554576660372	25.158407142015626	9.0	19.0	
139.9389380946772	25.158407142015626	9.0	19.0	
139.9389380946772	25.158407142015626	9.0	19.0	
139.9389380946772	25.158407142015626	9.0	19.0	
139.9389380946772	25.158407142015626	9.0	19.0	
139.9389380946772	25.158407142015626	9.0	19.0	
139.9389380946772	25.158407142015626	9.0	19.0	
139.9389380946772	25.158407142015626	9.0	19.0	
139.9389380946772	25.91179947008912	9.0	19.0	
140.6923304227507	25.91179947008912	9.0	19.0	
140.6923304227507	25.158407142015626	9.0	19.0	
140.6923304227507	25.91179947008912	9.0	19.0	
140.6923304227507	25.158407142015626	9.0	19.0	
140.6923304227507	25.91179947008912	9.0	19.0	
140.6923304227507	25.91179947008912	9.0	19.0	
140.6923304227507	25.91179947008912	9.0	19.0	
140.6923304227507	25.158407142015626	9.0	19.0	
140.6923304227507	25.158407142015626	9.0	19.0	
140.6923304227507	25.158407142015626	9.0	19.0	
140.6923304227507	25.158407142015626	9.0	19.0	
140.6923304227507	25.158407142015626	9.0	19.0	
140.6923304227507	25.158407142015626	9.0	19.0	
140.6923304227507	25.158407142015626	9.0	19.0	
140.6923304227507	25.158407142015626	9.0	19.0	
140.6923304227507	25.158407142015626	9.0	19.0	
140.6923304227507	25.158407142015626	9.0	19.0	
140.6923304227507	25.91179947008912	9.0	19.0	
140.6923304227507	25.158407142015626	9.0	19.0	
140.6923304227507	25.91179947008912	9.0	19.0	
140.6923304227507	25.158407142015626	9.0	19.0	
140.6923304227507	25.91179947008912	9.0	19.0	
140.6923304227507	25.158407142015626	9.0	19.0	
140.6923304227507	25.158407142015626	9.0	19.0	
140.6923304227507	25.158407142015626	9.0	19.0	
140.6923304227507	25.91179947008912	9.0	19.0	
139.9389380946772	25.91179947008912	9.0	19.0	
139.9389380946772	25.91179947008912	9.0	19.0	
139.9389380946772	25.91179947008912	9.0	19.0	
139.9389380946772	25.158407142015626	9.0	19.0	
139.9389380946772	25.91179947008912	9.0	19.0	
139.9389380946772	25.158407142015626	9.0	19.0	
139.18554576660372	25.91179947008912	9.0	19.0	
138.43215343853024	25.91179947008912	9.0	19.0	
137.67876111045675	26.665191798162617	9.0	19.0	
136.17197645430977	26.665191798162617	9.0	19.0	
135.41858412623628	26.665191798162617	9.0	19.0	
135.41858412623628	26.665191798162617	9.0	19.0	
135.41858412623628	26.665191798162617	9.0	19.0	
135.41858412623628	26.665191798162617	9.0	19.0	
135.41858412623628	26.665191798162617	9.0	19.0	
134.6651917981628	26.665191798162617	9.0	19.0	
133.15840714201582	25.91179947008912	9.0	19.0	
133.15840714201582	25.91179947008912	9.0	19.0	
133.15840714201582	25.91179947008912	9.0	19.0	
132.40501481394233	25.91179947008912	9.0	19.0	
132.40501481394233	25.91179947008912	9.0	19.0	
131.65162248586884	25.91179947008912	9.0	19.0	
130.14483782972187	26.665191798162617	9.0	19.0	
129.39144550164838	27.418584126236112	9.0	19.0	
128.6380531735749	28.171976454309608	9.0	19.0	
127.8846608455014	27.418584126236112	9.0	19.0	
127.13126851742791	27.418584126236112	9.0	19.0	
127.13126851742791	28.171976454309608	9.0	19.0	
125.62448386128094	28.171976454309608	9.0	19.0	
124.11769920513396	28.171976454309608	9.0	19.0	
123.36430687706047	27.418584126236112	9.0	19.0	
123.36430687706047	27.418584126236112	9.0	19.0	
122.4225664669686	28.171976454309608	9.0	19.0	
121.48082605687674	27.418584126236112	9.0	19.0	
120.72743372880325	27.418584126236112	9.0	19.0	
119.97404140072976	27.418584126236112	9.0	19.0	
119.22064907265627	28.171976454309608	9.0	19.0	
119.22064907265627	27.418584126236112	9.0	19.0	
118.46725674458278	27.418584126236112	9.0	19.0	
117.7138644165093	27.418584126236112	9.0	19.0	
116.96047208843581	27.418584126236112	9.0	19.0	
116.20707976036232	27.418584126236112	9.0	19.0	
115.45368743228883	27.418584126236112	9.0	19.0	
115.45368743228883	27.418584126236112	9.0	19.0	
114.70029510421534	27.418584126236112	9.0	19.0	
113.19351044806835	27.418584126236112	9.0	19.0	
112.44011811999486	27.418584126236112	9.0	19.0	
112.44011811999486	27.418584126236112	9.0	19.0	
111.68672579192138	27.418584126236112	9.0	19.0	
110.93333346384789	27.418584126236112	9.0	19.0	
110.93333346384789	27.418584126236112	9.0	19.0	
110.1799411357744	27.418584126236112	9.0	19.0	
110.1799411357744	27.418584126236112	9.0	19.0	
109.42654880770091	27.418584126236112	9.0	19.0	
108.67315647962742	27.418584126236112	9.0	19.0	
107.91976415155393	27.418584126236112	9.0	19.0	
107.16637182348045	27.418584126236112	9.0	19.0	
107.16637182348045	27.418584126236112	9.0	19.0	
106.41297949540696	27.418584126236112	9.0	19.0	
105.65958716733347	27.418584126236112	9.0	19.0	
104.90619483925998	27.418584126236112	9.0	19.0	
104.1528025111865	27.418584126236112	9.0	19.0	
104.1528025111865	27.418584126236112	9.0	19.0	
103.399410183113	27.418584126236112	9.0	19.0	
103.399410183113	27.418584126236112	9.0	19.0	
103.399410183113	26.665191798162617	9.0	19.0	
102.64601785503952	25.91179947008912	9.0	19.0	
101.13923319889253	25.91179947008912	9.0	19.0	
101.13923319889253	26.665191798162617	9.0	19.0	
100.38584087081904	26.665191798162617	9.0	19.0	
99.63244854274555	26.665191798162617	9.0	19.0	
98.87905621467206	26.665191798162617	9.0	19.0	
98.12566388659857	26.665191798162617	9.0	19.0	
98.12566388659857	26.665191798162617	9.0	19.0	
97.37227155852509	26.665191798162617	9.0	19.0	
97.37227155852509	26.665191798162617	9.0	19.0	
96.6188792304516	26.665191798162617	9.0	19.0	
95.67713882035973	26.665191798162617	9.0	19.0	
94.92374649228624	26.665191798162617	9.0	19.0	
94.92374649228624	26.665191798162617	9.0	19.0	
94.17035416421275	26.665191798162617	9.0	19.0	
93.41696183613927	25.91179947008912	9.0	19.0	
92.66356950806578	25.91179947008912	9.0	19.0	
91.91017717999229	25.91179947008912	9.0	19.0	
91.91017717999229	25.91179947008912	9.0	19.0	
91.91017717999229	26.665191798162617	9.0	19.0	
91.1567848519188	25.91179947008912	9.0	19.0	
91.1567848519188	25.91179947008912	9.0	19.0	
90.40339252384531	25.91179947008912	9.0	19.0	
90.40339252384531	25.91179947008912	9.0	19.0	
89.65000019577182	25.158407142015626	9.0	19.0	
88.89660786769834	25.91179947008912	9.0	19.0	
88.14321553962485	25.158407142015626	9.0	19.0	
88.14321553962485	24.40501481394213	9.0	19.0	
88.14321553962485	24.40501481394213	9.0	19.0	
87.38982321155136	24.40501481394213	9.0	19.0	
87.38982321155136	24.40501481394213	9.0	19.0	
87.38982321155136	25.158407142015626	9.0	19.0	
86.63643088347787	25.158407142015626	9.0	19.0	
85.88303855540438	25.158407142015626	9.0	19.0	
85.1296462273309	25.91179947008912	9.0	19.0	
85.1296462273309	25.91179947008912	9.0	19.0	
84.3762538992574	25.158407142015626	9.0	19.0	
84.3762538992574	25.158407142015626	9.0	19.0	
83.62286157118392	25.158407142015626	9.0	19.0	
82.86946924311043	25.91179947008912	9.0	19.0	
82.86946924311043	25.158407142015626	9.0	19.0	
82.11607691503694	25.158407142015626	9.0	19.0	
81.36268458696345	24.40501481394213	9.0	19.0	
81.36268458696345	25.158407142015626	9.0	19.0	
80.60929225888997	25.158407142015626	9.0	19.0	
79.10250760274297	25.158407142015626	9.0	19.0	
79.10250760274297	25.158407142015626	9.0	19.0	
78.34911527466949	25.158407142015626	9.0	19.0	
77.595722946596	25.158407142015626	9.0	19.0	
76.08893829044901	25.158407142015626	9.0	19.0	
76.08893829044901	25.91179947008912	9.0	19.0	
76.08893829044901	25.91179947008912	9.0	19.0	
75.33554596237552	25.91179947008912	9.0	19.0	
75.33554596237552	25.91179947008912	9.0	19.0	
74.58215363430203	25.91179947008912	9.0	19.0	
73.82876130622854	25.91179947008912	9.0	19.0	
73.82876130622854	25.158407142015626	9.0	19.0	
73.07536897815505	25.158407142015626	9.0	19.0	
73.07536897815505	25.91179947008912	9.0	19.0	
72.32197665008157	25.91179947008912	9.0	19.0	
72.32197665008157	25.91179947008912	9.0	19.0	
71.56858432200808	25.91179947008912	9.0	19.0	
70.81519199393459	26.665191798162617	9.0	19.0	
70.0617996658611	26.665191798162617	9.0	19.0	
70.0617996658611	26.665191798162617	9.0	19.0	
69.30840733778761	26.665191798162617	9.0	19.0	
69.30840733778761	26.665191798162617	9.0	19.0	
68.55501500971413	26.665191798162617	9.0	19.0	
67.80162268164064	26.665191798162617	9.0	19.0	
67.80162268164064	25.91179947008912	9.0	19.0	
67.80162268164064	25.91179947008912	9.0	19.0	
67.04823035356715	25.91179947008912	9.0	19.0	
67.04823035356715	26.665191798162617	9.0	19.0	
66.29483802549366	26.665191798162617	9.0	19.0	
66.29483802549366	26.665191798162617	9.0	19.0	
65.54144569742017	26.665191798162617	9.0	19.0	
64.78805336934668	26.665191798162617	9.0	19.0	
64.78805336934668	25.91179947008912	9.0	19.0	
64.0346610412732	26.665191798162617	9.0	19.0	
64.0346610412732	26.665191798162617	9.0	19.0	
64.0346610412732	26.665191798162617	9.0	19.0	
63.28126871319971	26.665191798162617	9.0	19.0	
63.28126871319971	26.665191798162617	9.0	19.0	
63.28126871319971	26.665191798162617	9.0	19.0	
62.52787638512622	26.665191798162617	9.0	19.0	
61.77448405705273	26.665191798162617	9.0	19.0	
61.77448405705273	26.665191798162617	9.0	19.0	
61.77448405705273	26.665191798162617	9.0	19.0	
61.77448405705273	26.665191798162617	9.0	19.0	
61.02109172897924	26.665191798162617	9.0	19.0	
61.02109172897924	26.665191798162617	9.0	19.0	
61.02109172897924	26.665191798162617	9.0	19.0	
61.02109172897924	26.665191798162617	9.0	19.0	
60.267699400905755	26.665191798162617	9.0	19.0	
60.267699400905755	26.665191798162617	9.0	19.0	
59.51430707283227	26.665191798162617	9.0	19.0	
58.76091474475877	26.665191798162617	9.0	19.0	
58.76091474475877	26.665191798162617	9.0	19.0	
58.76091474475877	27.418584126236112	9.0	19.0	
58.007522416685276	28.171976454309608	9.0	19.0	
58.007522416685276	28.171976454309608	9.0	19.0	
58.007522416685276	28.171976454309608	9.0	19.0	
58.007522416685276	28.171976454309608	9.0	19.0	
57.25413008861178	28.171976454309608	9.0	19.0	
57.25413008861178	28.171976454309608	9.0	19.0	
57.25413008861178	28.171976454309608	9.0	19.0	
57.25413008861178	28.171976454309608	9.0	19.0	
56.500737760538286	28.171976454309608	9.0	19.0	
55.74734543246479	28.171976454309608	9.0	19.0	
55.74734543246479	28.171976454309608	9.0	19.0	
55.74734543246479	28.925368782383103	9.0	19.0	
55.74734543246479	28.171976454309608	9.0	19.0	
54.993953104391295	28.171976454309608	9.0	19.0	
54.993953104391295	28.171976454309608	9.0	19.0	
54.993953104391295	28.171976454309608	9.0	19.0	
54.993953104391295	28.171976454309608	9.0	19.0	
54.993953104391295	28.171976454309608	9.0	19.0	
54.993953104391295	28.171976454309608	9.0	19.0	
54.993953104391295	28.171976454309608	9.0	19.0	
54.993953104391295	28.171976454309608	9.0	19.0	
54.993953104391295	28.171976454309608	9.0	19.0	
54.993953104391295	28.171976454309608	9.0	19.0	
54.993953104391295	28.171976454309608	9.0	19.0	
54.993953104391295	28.171976454309608	9.0	19.0	
54.993953104391295	28.925368782383103	9.0	19.0	
54.993953104391295	28.925368782383103	9.0	19.0	
54.993953104391295	28.925368782383103	9.0	19.0	
54.993953104391295	28.925368782383103	9.0	19.0	
54.993953104391295	28.925368782383103	9.0	19.0	
54.993953104391295	28.925368782383103	9.0	19.0	
55.74734543246479	28.925368782383103	9.0	19.0	
55.74734543246479	28.925368782383103	9.0	19.0	
55.74734543246479	28.925368782383103	9.0	19.0	
55.74734543246479	28.171976454309608	9.0	19.0	
55.74734543246479	28.925368782383103	9.0	19.0	
55.74734543246479	28.925368782383103	9.0	19.0	
55.74734543246479	28.925368782383103	9.0	19.0	
55.74734543246479	28.925368782383103	9.0	19.0	
55.74734543246479	28.925368782383103	9.0	19.0	
54.993953104391295	28.925368782383103	9.0	19.0	
54.993953104391295	28.925368782383103	9.0	19.0	
55.74734543246479	28.925368782383103	9.0	19.0	
54.993953104391295	28.925368782383103	9.0	19.0	
55.74734543246479	28.925368782383103	9.0	19.0	
55.74734543246479	28.925368782383103	9.0	19.0	
55.74734543246479	28.925368782383103	9.0	19.0	
55.74734543246479	28.925368782383103	9.0	19.0	
55.74734543246479	28.925368782383103	9.0	19.0	
55.74734543246479	29.6787611104566	9.0	19.0	
55.74734543246479	29.6787611104566	9.0	19.0	
55.74734543246479	29.6787611104566	9.0	19.0	
55.74734543246479	29.6787611104566	9.0	19.0	
55.74734543246479	29.6787611104566	9.0	19.0	
55.74734543246479	30.432153438530094	9.0	19.0	
55.74734543246479	31.18554576660359	9.0	19.0	
55.74734543246479	31.18554576660359	9.0	19.0	
55.74734543246479	31.18554576660359	9.0	19.0	
55.74734543246479	31.18554576660359	9.0	19.0	
55.74734543246479	31.938938094677084	9.0	19.0	
55.74734543246479	31.938938094677084	9.0	19.0	
55.74734543246479	31.938938094677084	9.0	19.0	
55.74734543246479	31.938938094677084	9.0	19.0	
55.74734543246479	31.938938094677084	9.0	19.0	
55.74734543246479	31.938938094677084	9.0	19.0	
55.74734543246479	31.938938094677084	9.0	19.0	
55.74734543246479	31.938938094677084	9.0	19.0	
55.74734543246479	31.938938094677084	9.0	19.0	
55.74734543246479	31.938938094677084	9.0	19.0	
55.74734543246479	31.938938094677084	9.0	19.0	
55.74734543246479	31.938938094677084	9.0	19.0	
55.74734543246479	31.938938094677084	9.0	19.0	
55.74734543246479	31.938938094677084	9.0	19.0	
55.74734543246479	31.938938094677084	9.0	19.0	
55.74734543246479	31.938938094677084	9.0	19.0	
55.74734543246479	31.938938094677084	9.0	19.0	
55.74734543246479	31.938938094677084	9.0	19.0	
55.74734543246479	31.938938094677084	9.0	19.0	
55.74734543246479	31.938938094677084	9.0	19.0	
55.74734543246479	31.938938094677084	9.0	19.0	
55.74734543246479	31.938938094677084	9.0	19.0	
55.74734543246479	31.938938094677084	9.0	19.0	
55.74734543246479	31.938938094677084	9.0	19.0	
55.74734543246479	31.18554576660359	9.0	19.0	
56.500737760538286	31.18554576660359	9.0	19.0	
56.500737760538286	31.938938094677084	9.0	19.0	
56.500737760538286	31.938938094677084	9.0	19.0	
55.74734543246479	31.18554576660359	9.0	19.0	
55.74734543246479	31.18554576660359	9.0	19.0	
55.74734543246479	31.18554576660359	9.0	19.0	
55.74734543246479	31.18554576660359	9.0	19.0	
55.74734543246479	31.18554576660359	9.0	19.0	
55.74734543246479	31.18554576660359	9.0	19.0	
55.74734543246479	31.18554576660359	9.0	19.0	
55.74734543246479	30.432153438530094	9.0	19.0	
55.74734543246479	30.432153438530094	9.0	19.0	
55.74734543246479	30.432153438530094	9.0	19.0	
55.74734543246479	30.432153438530094	9.0	19.0	
55.74734543246479	30.432153438530094	9.0	19.0	
55.74734543246479	30.432153438530094	9.0	19.0	
55.74734543246479	30.432153438530094	9.0	19.0	
55.74734543246479	30.432153438530094	9.0	19.0	
55.74734543246479	30.432153438530094	9.0	19.0	
55.74734543246479	30.432153438530094	9.0	19.0	
55.74734543246479	30.432153438530094	9.0	19.0	
55.74734543246479	30.432153438530094	9.0	19.0	
55.74734543246479	30.432153438530094	9.0	19.0	
55.74734543246479	30.432153438530094	9.0	19.0	
55.74734543246479	30.432153438530094	9.0	19.0	
55.74734543246479	30.432153438530094	9.0	19.0	
55.74734543246479	31.18554576660359	9.0	19.0	
55.74734543246479	31.18554576660359	9.0	19.0	
55.74734543246479	31.18554576660359	9.0	19.0	
55.74734543246479	31.18554576660359	9.0	19.0	
55.74734543246479	31.18554576660359	9.0	19.0	
55.74734543246479	31.18554576660359	9.0	19.0	
55.74734543246479	31.18554576660359	9.0	19.0	
55.74734543246479	31.18554576660359	9.0	19.0	
55.74734543246479	31.18554576660359	9.0	19.0	
55.74734543246479	31.18554576660359	9.0	19.0	
55.74734543246479	31.18554576660359	9.0	19.0	
55.74734543246479	31.18554576660359	9.0	19.0	
55.74734543246479	31.18554576660359	9.0	19.0	
55.74734543246479	31.18554576660359	9.0	19.0	
55.74734543246479	31.18554576660359	9.0	19.0	
55.74734543246479	31.18554576660359	9.0	19.0	
55.74734543246479	31.18554576660359	9.0	19.0	
55.74734543246479	31.18554576660359	9.0	19.0	
55.74734543246479	31.18554576660359	9.0	19.0	
55.74734543246479	31.18554576660359	9.0	19.0	
55.74734543246479	31.18554576660359	9.0	19.0	
55.74734543246479	31.18554576660359	9.0	19.0	
55.74734543246479	31.18554576660359	9.0	19.0	
55.74734543246479	31.18554576660359	9.0	19.0	
55.74734543246479	30.432153438530094	9.0	19.0	
55.74734543246479	30.432153438530094	9.0	19.0	
55.74734543246479	30.432153438530094	9.0	19.0	
55.74734543246479	30.432153438530094	9.0	19.0	
55.74734543246479	30.432153438530094	9.0	19.0	
55.74734543246479	30.432153438530094	9.0	19.0	
55.74734543246479	30.432153438530094	9.0	19.0	
55.74734543246479	30.432153438530094	9.0	19.0	
55.74734543246479	30.432153438530094	9.0	19.0	
55.74734543246479	30.432153438530094	9.0	19.0	
55.74734543246479	30.432153438530094	9.0	19.0	
55.74734543246479	30.432153438530094	9.0	19.0	
55.74734543246479	30.432153438530094	9.0	19.0	
55.74734543246479	30.432153438530094	9.0	19.0	
56.500737760538286	30.432153438530094	9.0	19.0	
56.500737760538286	30.432153438530094	9.0	19.0	
56.500737760538286	30.432153438530094	9.0	19.0	
56.500737760538286	30.432153438530094	9.0	19.0	
56.500737760538286	30.432153438530094	9.0	19.0	
56.500737760538286	31.18554576660359	9.0	19.0	
56.500737760538286	31.18554576660359	9.0	19.0	
56.500737760538286	31.18554576660359	9.0	19.0	
56.500737760538286	31.18554576660359	9.0	19.0	
56.500737760538286	30.432153438530094	9.0	19.0	
57.25413008861178	30.432153438530094	9.0	19.0	
58.007522416685276	30.432153438530094	9.0	19.0	
58.76091474475877	30.432153438530094	9.0	19.0	
58.76091474475877	30.432153438530094	9.0	19.0	
58.76091474475877	29.6787611104566	9.0	19.0	
58.76091474475877	28.925368782383103	9.0	19.0	
59.51430707283227	28.925368782383103	9.0	19.0	
59.51430707283227	29.6787611104566	9.0	19.0	
60.267699400905755	29.6787611104566	9.0	19.0	
61.02109172897924	29.6787611104566	9.0	19.0	
61.77448405705273	29.6787611104566	9.0	19.0	
61.77448405705273	29.6787611104566	9.0	19.0	
62.52787638512622	28.925368782383103	9.0	19.0	
63.46961679521809	28.925368782383103	9.0	19.0	
64.97640145136508	28.925368782383103	9.0	19.0	
64.97640145136508	28.925368782383103	9.0	19.0	
65.72979377943857	28.925368782383103	9.0	19.0	
65.72979377943857	28.925368782383103	9.0	19.0	
66.48318610751205	28.925368782383103	9.0	19.0	
67.98997076365904	28.171976454309608	9.0	19.0	
67.98997076365904	28.171976454309608	9.0	19.0	
68.74336309173253	28.171976454309608	9.0	19.0	
69.49675541980602	28.171976454309608	9.0	19.0	
70.25014774787951	28.171976454309608	9.0	19.0	
71.003540075953	28.171976454309608	9.0	19.0	
71.75693240402649	28.171976454309608	9.0	19.0	
72.51032473209997	27.418584126236112	9.0	19.0	
72.51032473209997	26.665191798162617	9.0	19.0	
73.26371706017346	25.91179947008912	9.0	19.0	
74.01710938824695	25.91179947008912	9.0	19.0	
74.01710938824695	25.91179947008912	9.0	19.0	
74.77050171632044	25.91179947008912	9.0	19.0	
74.77050171632044	25.91179947008912	9.0	19.0	
75.52389404439393	26.665191798162617	9.0	19.0	
76.27728637246742	25.91179947008912	9.0	19.0	
77.7840710286144	25.91179947008912	9.0	19.0	
78.5374633566879	25.91179947008912	9.0	19.0	
79.29085568476138	25.91179947008912	9.0	19.0	
80.04424801283487	25.91179947008912	9.0	19.0	
80.98598842292674	25.91179947008912	9.0	19.0	
81.73938075100023	25.158407142015626	9.0	19.0	
81.73938075100023	25.91179947008912	9.0	19.0	
82.49277307907371	25.158407142015626	9.0	19.0	
83.9995577352207	25.158407142015626	9.0	19.0	
83.9995577352207	25.158407142015626	9.0	19.0	
83.9995577352207	25.158407142015626	9.0	19.0	
84.7529500632942	25.158407142015626	9.0	19.0	
84.7529500632942	25.158407142015626	9.0	19.0	
85.50634239136768	25.158407142015626	9.0	19.0	
86.25973471944117	25.91179947008912	9.0	19.0	
87.01312704751466	25.158407142015626	9.0	19.0	
87.76651937558815	25.158407142015626	9.0	19.0	
88.51991170366163	25.158407142015626	9.0	19.0	
88.51991170366163	25.158407142015626	9.0	19.0	
89.27330403173512	25.158407142015626	9.0	19.0	
90.02669635980861	24.40501481394213	9.0	19.0	
90.7800886878821	24.40501481394213	9.0	19.0	
90.7800886878821	24.40501481394213	9.0	19.0	
91.53348101595559	24.40501481394213	9.0	19.0	
92.28687334402908	24.40501481394213	9.0	19.0	
93.04026567210256	24.40501481394213	9.0	19.0	
93.79365800017605	24.40501481394213	9.0	19.0	
94.54705032824954	24.40501481394213	9.0	19.0	
94.54705032824954	24.40501481394213	9.0	19.0	
95.30044265632303	24.40501481394213	9.0	19.0	
96.80722731247002	24.40501481394213	9.0	19.0	
97.5606196405435	24.40501481394213	9.0	19.0	
98.314011968617	24.40501481394213	9.0	19.0	
99.06740429669048	24.40501481394213	9.0	19.0	
99.06740429669048	23.651622485868636	9.0	19.0	
99.82079662476397	23.651622485868636	9.0	19.0	
99.82079662476397	22.89823015779514	9.0	19.0	
100.57418895283746	22.89823015779514	9.0	19.0	
100.57418895283746	22.89823015779514	9.0	19.0	
101.32758128091095	22.89823015779514	9.0	19.0	
102.08097360898444	22.89823015779514	9.0	19.0	
102.83436593705792	22.89823015779514	9.0	19.0	
103.58775826513141	22.89823015779514	9.0	19.0	
103.58775826513141	22.89823015779514	9.0	19.0	
104.3411505932049	22.89823015779514	9.0	19.0	
105.28289100329677	22.89823015779514	9.0	19.0	
106.03628333137026	22.89823015779514	9.0	19.0	
106.78967565944374	23.651622485868636	9.0	19.0	
106.78967565944374	22.89823015779514	9.0	19.0	
107.54306798751723	22.89823015779514	9.0	19.0	
107.54306798751723	22.144837829721645	9.0	19.0	
108.29646031559072	22.89823015779514	9.0	19.0	
109.04985264366421	22.89823015779514	9.0	19.0	
109.04985264366421	22.89823015779514	9.0	19.0	
109.04985264366421	22.89823015779514	9.0	19.0	
109.8032449717377	22.89823015779514	9.0	19.0	
109.8032449717377	22.89823015779514	9.0	19.0	
110.55663729981119	22.89823015779514	9.0	19.0	
111.31002962788467	22.89823015779514	9.0	19.0	
112.06342195595816	22.89823015779514	9.0	19.0	
112.81681428403165	22.89823015779514	9.0	19.0	
113.57020661210514	22.89823015779514	9.0	19.0	
