60.500000 31.500000 11.000000 35.000000 
60.445000 31.325000 11.110000 35.350000 
60.528325 31.590125 10.943350 34.819750 
60.446250 31.328977 11.107500 35.342046 
60.529556 31.594042 10.940888 34.811916 
64.584261 31.768102 10.831479 34.463796 
64.530103 31.595783 10.939794 34.808434 
64.584802 31.769825 10.830396 34.460350 
64.530650 31.597523 10.938700 34.804954 
64.448610 31.336486 11.102780 35.327028 
64.393096 31.159851 11.213808 35.680298 
68.449165 31.338252 11.101670 35.323495 
68.532428 31.603179 10.935145 34.793643 
68.450414 31.342226 11.099172 35.315547 
72.450414 31.342226 11.099172 35.315547 
72.533658 31.607093 10.932684 34.785814 
72.533658 31.607093 10.932684 34.785814 
72.451663 31.346199 11.096675 35.307601 
72.396179 31.169661 11.207641 35.660677 
76.488289 30.991358 11.319718 36.017284 
76.403391 30.721228 11.489514 36.557543 
76.345944 30.538441 11.604409 36.923119 
76.345944 30.538441 11.604409 36.923119 
76.345944 30.538441 11.604409 36.923119 
76.287922 30.353825 11.720453 37.292350 
76.287922 30.353825 11.720453 37.292350 
76.287922 30.353825 11.720453 37.292350 
76.287922 30.353825 11.720453 37.292350 
76.375825 26.485369 11.544646 36.732965 
76.462410 26.760867 11.371476 36.181970 
76.462410 26.760867 11.371476 36.181970 
76.462410 26.760867 11.371476 36.181970 
76.405553 26.579957 11.485191 36.543790 
76.348127 26.397238 11.600043 36.909228 
76.348127 26.397238 11.600043 36.909228 
76.290126 26.212692 11.716043 37.278320 
76.231546 26.026300 11.833204 37.651103 
76.320295 26.308683 11.655706 37.086337 
76.407713 26.586831 11.480870 36.530042 
76.407713 26.586831 11.480870 36.530042 
76.321606 26.312856 11.653083 37.077992 
76.321606 26.312856 11.653083 37.077992 
76.292474 26.220161 11.711349 37.263382 
76.233917 26.033844 11.828462 37.636016 
76.145204 25.751574 12.005889 38.200556 
76.085174 25.560571 12.125948 38.582562 
76.085174 25.560571 12.125948 38.582562 
76.176119 25.849940 11.944059 38.003824 
76.146259 25.754931 12.003779 38.193843 
76.146259 25.754931 12.003779 38.193843 
76.176268 25.850415 11.943760 38.002873 
76.176268 25.850415 11.943760 38.002873 
76.086690 25.565394 12.122917 38.572917 
76.026075 25.372529 12.244146 38.958646 
76.117906 25.664719 12.060484 38.374266 
76.117906 25.664719 12.060484 38.374266 
76.027453 25.376912 12.241391 38.949880 
76.027453 25.376912 12.241391 38.949880 
75.966246 25.182162 12.363805 39.339379 
75.966246 25.182162 12.363805 39.339379 
76.028065 25.378859 12.240167 38.945985 
75.966864 25.184129 12.362568 39.335445 
75.966864 25.184129 12.362568 39.335445 
76.059583 25.479145 12.177130 38.745413 
76.120469 25.672872 12.055359 38.357959 
76.090330 25.576977 12.115635 38.549749 
76.029752 25.384229 12.236792 38.935246 
76.029752 25.384229 12.236792 38.935246 
76.029752 25.384229 12.236792 38.935246 
76.121528 25.676243 12.053240 38.351218 
76.091395 25.580365 12.113506 38.542974 
76.151963 25.773080 11.992371 38.157544 
76.092001 25.582292 12.112295 38.539119 
76.031439 25.389597 12.233418 38.924511 
75.970272 25.194974 12.355752 39.313756 
75.970272 25.194974 12.355752 39.313756 
76.032051 25.391543 12.232194 38.920618 
76.123792 25.683447 12.048711 38.336809 
76.153914 25.779289 11.988468 38.145125 
76.093972 25.588564 12.108353 38.526576 
76.033430 25.395931 12.229436 38.911842 
76.033430 25.395931 12.229436 38.911842 
75.972283 25.201372 12.351730 39.300960 
76.034042 25.397876 12.228213 38.907951 
76.034042 25.397876 12.228213 38.907951 
76.095183 25.592416 12.105931 38.518871 
76.095183 25.592416 12.105931 38.518871 
76.095183 25.592416 12.105931 38.518871 
76.125447 25.688713 12.045401 38.326277 
76.035107 25.401266 12.226082 38.901171 
76.096237 25.595772 12.103821 38.512159 
76.035718 25.403211 12.224860 38.897281 
76.096843 25.597698 12.102611 38.508308 
76.036330 25.405156 12.223637 38.893391 
76.036330 25.405156 12.223637 38.893391 
76.128007 25.696857 12.040283 38.309990 
76.097906 25.601082 12.100484 38.501540 
76.037404 25.408574 12.221489 38.886556 
76.037404 25.408574 12.221489 38.886556 
76.098511 25.603007 12.099274 38.497690 
76.098511 25.603007 12.099274 38.497690 
76.098511 25.603007 12.099274 38.497690 
76.038015 25.410518 12.220267 38.882667 
76.038015 25.410518 12.220267 38.882667 
76.099116 25.604932 12.098064 38.493840 
76.099116 25.604932 12.098064 38.493840 
76.038626 25.412462 12.219045 38.878779 
76.099721 25.606856 12.096854 38.489991 
76.039237 25.414406 12.217823 38.874891 
76.130870 25.705968 12.034555 38.291767 
76.040611 25.418780 12.215074 38.866144 
76.040611 25.418780 12.215074 38.866144 
76.040611 25.418780 12.215074 38.866144 
75.979536 25.224449 12.337225 39.254805 
76.072065 25.518860 12.152166 38.665983 
76.072065 25.518860 12.152166 38.665983 
76.041685 25.422195 12.212927 38.859313 
76.102749 25.616492 12.090798 38.470720 
76.042295 25.424138 12.211706 38.855427 
76.042295 25.424138 12.211706 38.855427 
76.103354 25.618415 12.089589 38.466873 
76.042906 25.426081 12.210485 38.851542 
76.103958 25.620339 12.088380 38.463026 
76.043516 25.428024 12.209264 38.847657 
76.043516 25.428024 12.209264 38.847657 
76.043516 25.428024 12.209264 38.847657 
76.043516 25.428024 12.209264 38.847657 
76.043516 25.428024 12.209264 38.847657 
75.982470 25.233785 12.331356 39.236133 
76.044127 25.429966 12.208043 38.843772 
76.044127 25.429966 12.208043 38.843772 
76.044127 25.429966 12.208043 38.843772 
76.044127 25.429966 12.208043 38.843772 
76.105167 25.624185 12.085962 38.455334 
76.044737 25.431908 12.206822 38.839888 
75.983703 25.237709 12.328890 39.228286 
76.076170 25.531921 12.143957 38.639862 
76.076170 25.531921 12.143957 38.639862 
76.076170 25.531921 12.143957 38.639862 
76.076170 25.531921 12.143957 38.639862 
75.985090 25.242122 12.326116 39.219460 
76.046721 25.438219 12.202855 38.827265 
76.046721 25.438219 12.202855 38.827265 
76.138242 25.729424 12.019812 38.244856 
76.138242 25.729424 12.019812 38.244856 
76.108193 25.633811 12.079911 38.436081 
76.138392 25.729902 12.019512 38.243900 
76.048246 25.443072 12.199804 38.817559 
76.048246 25.443072 12.199804 38.817559 
76.048246 25.443072 12.199804 38.817559 
76.048246 25.443072 12.199804 38.817559 
76.109245 25.637160 12.077806 38.429383 
76.048856 25.445013 12.198584 38.813677 
76.140345 25.736116 12.015605 38.231472 
76.050228 25.449380 12.195840 38.804944 
76.050228 25.449380 12.195840 38.804944 
76.111208 25.643405 12.073881 38.416895 
76.050838 25.451320 12.194620 38.801063 
75.959379 25.160312 12.377539 39.383079 
76.021266 25.357228 12.253764 38.989249 
75.959997 25.162281 12.376301 39.379141 
76.052820 25.457625 12.190657 38.788454 
76.052820 25.457625 12.190657 38.788454 
76.052820 25.457625 12.190657 38.788454 
76.022343 25.360654 12.251610 38.982396 
76.022343 25.360654 12.251610 38.982396 
76.083601 25.555566 12.129094 38.592572 
76.144247 25.748529 12.007803 38.206647 
76.084208 25.557495 12.127881 38.588713 
76.023568 25.364552 12.249160 38.974600 
76.023568 25.364552 12.249160 38.974600 
76.023568 25.364552 12.249160 38.974600 
76.115437 25.656861 12.065423 38.389981 
76.085273 25.560886 12.125750 38.581931 
76.024645 25.367977 12.247007 38.967750 
76.085880 25.562815 12.124537 38.578073 
76.085880 25.562815 12.124537 38.578073 
76.025257 25.369925 12.245783 38.963854 
76.025257 25.369925 12.245783 38.963854 
76.025257 25.369925 12.245783 38.963854 
76.025257 25.369925 12.245783 38.963854 
76.025257 25.369925 12.245783 38.963854 
76.025257 25.369925 12.245783 38.963854 
76.025257 25.369925 12.245783 38.963854 
76.025257 25.369925 12.245783 38.963854 
76.086486 25.564744 12.123325 38.574215 
76.025869 25.371873 12.244558 38.959957 
75.964646 25.177073 12.367004 39.349557 
76.026481 25.373821 12.243334 38.956061 
76.087698 25.568602 12.120900 38.566501 
76.087698 25.568602 12.120900 38.566501 
76.087698 25.568602 12.120900 38.566501 
76.087698 25.568602 12.120900 38.566501 
76.027094 25.375769 12.242109 38.952166 
76.027094 25.375769 12.242109 38.952166 
76.088304 25.570530 12.119688 38.562644 
76.088304 25.570530 12.119688 38.562644 
76.088304 25.570530 12.119688 38.562644 
76.027706 25.377717 12.240885 38.948270 
76.088910 25.572458 12.118476 38.558788 
76.088910 25.572458 12.118476 38.558788 
76.028318 25.379664 12.239661 38.944376 
76.089516 25.574386 12.117264 38.554932 
76.028930 25.381611 12.238437 38.940481 
76.090122 25.576314 12.116053 38.551076 
76.090122 25.576314 12.116053 38.551076 
76.090122 25.576314 12.116053 38.551076 
76.090122 25.576314 12.116053 38.551076 
76.029542 25.383558 12.237213 38.936587 
76.029542 25.383558 12.237213 38.936587 
76.029542 25.383558 12.237213 38.936587 
76.090728 25.578241 12.114841 38.547221 
76.030153 25.385505 12.235989 38.932693 
75.968974 25.190842 12.358349 39.322020 
76.061661 25.485757 12.172974 38.732190 
76.061661 25.485757 12.172974 38.732190 
76.031229 25.388926 12.233839 38.925851 
76.031229 25.388926 12.233839 38.925851 
76.031229 25.388926 12.233839 38.925851 
76.092398 25.583556 12.111501 38.536593 
76.031840 25.390873 12.232616 38.921958 
75.970677 25.196263 12.354942 39.311178 
76.032452 25.392819 12.231392 38.918066 
76.032452 25.392819 12.231392 38.918066 
76.032452 25.392819 12.231392 38.918066 
76.032452 25.392819 12.231392 38.918066 
76.032452 25.392819 12.231392 38.918066 
75.971295 25.198228 12.353706 39.307247 
75.971295 25.198228 12.353706 39.307247 
76.033064 25.394765 12.230169 38.914174 
76.033064 25.394765 12.230169 38.914174 
76.124790 25.686621 12.046717 38.330462 
76.094673 25.590795 12.106950 38.522114 
76.034138 25.398184 12.228020 38.907335 
76.095278 25.592721 12.105739 38.518262 
76.095278 25.592721 12.105739 38.518262 
76.034750 25.400130 12.226797 38.903445 
76.034750 25.400130 12.226797 38.903445 
76.095884 25.594647 12.104529 38.514410 
76.035361 25.402075 12.225574 38.899554 
75.974233 25.207577 12.347830 39.288550 
76.035972 25.404020 12.224352 38.895664 
76.035972 25.404020 12.224352 38.895664 
76.127655 25.695737 12.040986 38.312229 
76.097553 25.599957 12.101191 38.503790 
76.097553 25.599957 12.101191 38.503790 
76.097553 25.599957 12.101191 38.503790 
76.097553 25.599957 12.101191 38.503790 
76.037047 25.407438 12.222203 38.888828 
76.037047 25.407438 12.222203 38.888828 
76.037047 25.407438 12.222203 38.888828 
76.098158 25.601882 12.099981 38.499940 
76.037658 25.409382 12.220981 38.884939 
76.037658 25.409382 12.220981 38.884939 
76.098763 25.603807 12.098771 38.496090 
76.098763 25.603807 12.098771 38.496090 
76.038269 25.411326 12.219759 38.881051 
76.099368 25.605732 12.097561 38.492240 
76.038880 25.413270 12.218537 38.877163 
76.038880 25.413270 12.218537 38.877163 
76.099972 25.607656 12.096352 38.488391 
76.099972 25.607656 12.096352 38.488391 
76.039491 25.415214 12.217315 38.873275 
76.039491 25.415214 12.217315 38.873275 
76.039491 25.415214 12.217315 38.873275 
75.978404 25.220848 12.339488 39.262008 
76.040101 25.417158 12.216093 38.869388 
76.101182 25.611505 12.093932 38.480694 
76.101182 25.611505 12.093932 38.480694 
76.101182 25.611505 12.093932 38.480694 
76.040712 25.419101 12.214872 38.865501 
76.101787 25.613429 12.092723 38.476846 
76.101787 25.613429 12.092723 38.476846 
76.041323 25.421045 12.213650 38.861614 
76.102391 25.615353 12.091514 38.472998 
76.102391 25.615353 12.091514 38.472998 
76.102391 25.615353 12.091514 38.472998 
76.102391 25.615353 12.091514 38.472998 
76.132620 25.711535 12.031056 38.280633 
76.102542 25.615834 12.091211 38.472036 
76.102542 25.615834 12.091211 38.472036 
76.102542 25.615834 12.091211 38.472036 
76.102542 25.615834 12.091211 38.472036 
76.042086 25.423473 12.212124 38.856757 
76.103147 25.617757 12.090002 38.468189 
76.103147 25.617757 12.090002 38.468189 
76.103147 25.617757 12.090002 38.468189 
76.103147 25.617757 12.090002 38.468189 
76.103147 25.617757 12.090002 38.468189 
76.042697 25.425416 12.210902 38.852871 
76.042697 25.425416 12.210902 38.852871 
76.042697 25.425416 12.210902 38.852871 
76.103751 25.619681 12.088793 38.464342 
76.103751 25.619681 12.088793 38.464342 
76.103751 25.619681 12.088793 38.464342 
76.103751 25.619681 12.088793 38.464342 
76.103751 25.619681 12.088793 38.464342 
76.043308 25.427359 12.209681 38.848986 
76.104356 25.621604 12.087584 38.460496 
76.104356 25.621604 12.087584 38.460496 
76.104356 25.621604 12.087584 38.460496 
76.043918 25.429301 12.208460 38.845101 
76.104960 25.623527 12.086376 38.456650 
76.104960 25.623527 12.086376 38.456650 
76.104960 25.623527 12.086376 38.456650 
76.104960 25.623527 12.086376 38.456650 
76.104960 25.623527 12.086376 38.456650 
76.104960 25.623527 12.086376 38.456650 
76.044528 25.431244 12.207239 38.841216 
76.044528 25.431244 12.207239 38.841216 
75.983492 25.237038 12.329312 39.229629 
75.983492 25.237038 12.329312 39.229629 
76.045139 25.433186 12.206019 38.837332 
75.984109 25.238999 12.328079 39.225706 
76.076569 25.533192 12.143158 38.637320 
76.046211 25.436599 12.203873 38.830507 
76.046211 25.436599 12.203873 38.830507 
76.046211 25.436599 12.203873 38.830507 
76.107231 25.630751 12.081835 38.442202 
76.107231 25.630751 12.081835 38.442202 
76.046822 25.438540 12.202653 38.826624 
76.046822 25.438540 12.202653 38.826624 
76.107835 25.632673 12.080627 38.438357 
76.138036 25.728769 12.020223 38.246165 
76.047885 25.441923 12.200527 38.819858 
75.986882 25.247824 12.322532 39.208057 
76.079301 25.541884 12.137694 38.619936 
76.079301 25.541884 12.137694 38.619936 
76.048957 25.445334 12.198383 38.813035 
76.109949 25.639399 12.076399 38.424905 
76.049567 25.447275 12.197163 38.809154 
76.110553 25.641321 12.075191 38.421063 
76.050177 25.449215 12.195943 38.805273 
76.111156 25.643242 12.073984 38.417220 
76.111156 25.643242 12.073984 38.417220 
76.111156 25.643242 12.073984 38.417220 
76.050786 25.451156 12.194723 38.801393 
76.050786 25.451156 12.194723 38.801393 
75.959326 25.160145 12.377644 39.383414 
76.052158 25.455521 12.191980 38.792662 
76.021678 25.358539 12.252939 38.986626 
76.113575 25.650939 12.069145 38.401826 
76.113575 25.650939 12.069145 38.401826 
76.113575 25.650939 12.069145 38.401826 
76.113575 25.650939 12.069145 38.401826 
76.113575 25.650939 12.069145 38.401826 
76.113575 25.650939 12.069145 38.401826 
76.113575 25.650939 12.069145 38.401826 
76.143748 25.746943 12.008800 38.209817 
76.113726 25.651419 12.068844 38.400866 
76.113726 25.651419 12.068844 38.400866 
76.113726 25.651419 12.068844 38.400866 
76.143898 25.747421 12.008499 38.208862 
76.083856 25.556377 12.128584 38.590950 
76.083856 25.556377 12.128584 38.590950 
76.144499 25.749331 12.007299 38.205041 
76.084462 25.558306 12.127372 38.587091 
76.084462 25.558306 12.127372 38.587091 
76.023825 25.365371 12.248645 38.972962 
76.085069 25.560236 12.126159 38.583233 
76.085069 25.560236 12.126159 38.583233 
76.085069 25.560236 12.126159 38.583233 
76.085069 25.560236 12.126159 38.583233 
76.085069 25.560236 12.126159 38.583233 
76.024438 25.367319 12.247420 38.969065 
76.024438 25.367319 12.247420 38.969065 
76.085675 25.562165 12.124946 38.579374 
76.085675 25.562165 12.124946 38.579374 
76.025050 25.369268 12.246196 38.965168 
76.086281 25.564094 12.123734 38.575516 
76.025663 25.371216 12.244971 38.961272 
76.025663 25.371216 12.244971 38.961272 
76.025663 25.371216 12.244971 38.961272 
76.025663 25.371216 12.244971 38.961272 
76.086887 25.566022 12.122521 38.571659 
76.026275 25.373164 12.243747 38.957375 
76.087494 25.567951 12.121309 38.567802 
76.026887 25.375112 12.242522 38.953480 
76.088100 25.569879 12.120097 38.563945 
76.088100 25.569879 12.120097 38.563945 
76.088100 25.569879 12.120097 38.563945 
76.027499 25.377060 12.241298 38.949584 
76.027499 25.377060 12.241298 38.949584 
76.088706 25.571808 12.118885 38.560089 
76.028111 25.379007 12.240074 38.945689 
76.089312 25.573736 12.117673 38.556233 
76.089312 25.573736 12.117673 38.556233 
76.089312 25.573736 12.117673 38.556233 
76.028723 25.380954 12.238850 38.941795 
76.089917 25.575663 12.116461 38.552377 
76.089917 25.575663 12.116461 38.552377 
76.029335 25.382902 12.237626 38.937901 
76.029335 25.382902 12.237626 38.937901 
76.090523 25.577591 12.115250 38.548522 
76.029947 25.384848 12.236402 38.934007 
76.091129 25.579518 12.114038 38.544667 
76.091129 25.579518 12.114038 38.544667 
76.091129 25.579518 12.114038 38.544667 
76.091129 25.579518 12.114038 38.544667 
76.091129 25.579518 12.114038 38.544667 
76.091129 25.579518 12.114038 38.544667 
76.091129 25.579518 12.114038 38.544667 
76.091129 25.579518 12.114038 38.544667 
76.091129 25.579518 12.114038 38.544667 
76.091129 25.579518 12.114038 38.544667 
76.091129 25.579518 12.114038 38.544667 
76.030559 25.386795 12.235179 38.930113 
75.969383 25.192145 12.357530 39.319415 
76.062064 25.487040 12.172167 38.729623 
76.062064 25.487040 12.172167 38.729623 
76.062064 25.487040 12.172167 38.729623 
76.062064 25.487040 12.172167 38.729623 
76.062064 25.487040 12.172167 38.729623 
76.062064 25.487040 12.172167 38.729623 
76.062064 25.487040 12.172167 38.729623 
76.031634 25.390216 12.233028 38.923272 
76.092799 25.584832 12.110698 38.534039 
76.092799 25.584832 12.110698 38.534039 
76.123076 25.681168 12.050144 38.341369 
76.092951 25.585314 12.110395 38.533075 
76.123227 25.681647 12.049843 38.340410 
76.093102 25.585796 12.110092 38.532112 
76.093102 25.585796 12.110092 38.532112 
76.093102 25.585796 12.110092 38.532112 
76.032551 25.393135 12.231193 38.917433 
76.032551 25.393135 12.231193 38.917433 
76.124285 25.685016 12.047725 38.333672 
76.094166 25.589182 12.107964 38.525340 
76.094166 25.589182 12.107964 38.525340 
76.094166 25.589182 12.107964 38.525340 
76.094166 25.589182 12.107964 38.525340 
76.094166 25.589182 12.107964 38.525340 
76.094166 25.589182 12.107964 38.525340 
76.094166 25.589182 12.107964 38.525340 
76.094166 25.589182 12.107964 38.525340 
76.033626 25.396555 12.229044 38.910594 
76.033626 25.396555 12.229044 38.910594 
76.094772 25.591108 12.106753 38.521488 
76.094772 25.591108 12.106753 38.521488 
76.094772 25.591108 12.106753 38.521488 
76.034238 25.398501 12.227821 38.906702 
76.095377 25.593034 12.105543 38.517635 
76.095377 25.593034 12.105543 38.517635 
76.034849 25.400446 12.226598 38.902812 
76.034849 25.400446 12.226598 38.902812 
76.095982 25.594960 12.104332 38.513784 
76.095982 25.594960 12.104332 38.513784 
76.035460 25.402391 12.225375 38.898921 
76.035460 25.402391 12.225375 38.898921 
76.096587 25.596886 12.103122 38.509932 
76.036072 25.404336 12.224153 38.895032 
76.097193 25.598811 12.101911 38.506081 
76.036683 25.406281 12.222930 38.891142 
76.097798 25.600737 12.100701 38.502231 
76.097798 25.600737 12.100701 38.502231 
76.037294 25.408225 12.221708 38.887253 
76.098403 25.602662 12.099491 38.498380 
76.037905 25.410170 12.220486 38.883364 
76.037905 25.410170 12.220486 38.883364 
76.099008 25.604587 12.098281 38.494531 
76.099008 25.604587 12.098281 38.494531 
76.038516 25.412114 12.219264 38.879476 
76.099613 25.606511 12.097071 38.490681 
76.099613 25.606511 12.097071 38.490681 
76.099613 25.606511 12.097071 38.490681 
76.039127 25.414058 12.218042 38.875588 
76.130762 25.705625 12.034771 38.292454 
76.100676 25.609894 12.094945 38.483916 
76.100676 25.609894 12.094945 38.483916 
76.100676 25.609894 12.094945 38.483916 
76.100676 25.609894 12.094945 38.483916 
76.040201 25.417474 12.215895 38.868756 
76.040201 25.417474 12.215895 38.868756 
76.101280 25.611818 12.093736 38.480068 
76.101280 25.611818 12.093736 38.480068 
76.040812 25.419417 12.214673 38.864869 
76.040812 25.419417 12.214673 38.864869 
76.101885 25.613742 12.092526 38.476220 
76.101885 25.613742 12.092526 38.476220 
76.101885 25.613742 12.092526 38.476220 
76.101885 25.613742 12.092526 38.476220 
76.041422 25.421361 12.213452 38.860982 
76.102490 25.615666 12.091317 38.472372 
76.102490 25.615666 12.091317 38.472372 
76.102490 25.615666 12.091317 38.472372 
76.042033 25.423304 12.212230 38.857096 
76.103094 25.617589 12.090108 38.468525 
76.103094 25.617589 12.090108 38.468525 
76.042644 25.425247 12.211009 38.853210 
76.042644 25.425247 12.211009 38.853210 
76.103699 25.619513 12.088899 38.464678 
76.103699 25.619513 12.088899 38.464678 
76.103699 25.619513 12.088899 38.464678 
76.043254 25.427189 12.209788 38.849325 
76.043254 25.427189 12.209788 38.849325 
76.043254 25.427189 12.209788 38.849325 
76.043254 25.427189 12.209788 38.849325 
76.104303 25.621436 12.087690 38.460832 
76.104303 25.621436 12.087690 38.460832 
76.043865 25.429132 12.208567 38.845440 
76.043865 25.429132 12.208567 38.845440 
76.043865 25.429132 12.208567 38.845440 
76.104908 25.623359 12.086481 38.456986 
76.044475 25.431074 12.207346 38.841556 
76.105512 25.625282 12.085273 38.453140 
76.105512 25.625282 12.085273 38.453140 
76.105512 25.625282 12.085273 38.453140 
76.045085 25.433016 12.206125 38.837671 
76.106116 25.627204 12.084064 38.449295 
76.106116 25.627204 12.084064 38.449295 
76.106116 25.627204 12.084064 38.449295 
76.045696 25.434958 12.204905 38.833788 
76.106720 25.629127 12.082856 38.445450 
76.106720 25.629127 12.082856 38.445450 
76.046306 25.436900 12.203684 38.829904 
76.107324 25.631049 12.081647 38.441605 
76.107324 25.631049 12.081647 38.441605 
76.107324 25.631049 12.081647 38.441605 
76.107324 25.631049 12.081647 38.441605 
76.046916 25.438841 12.202464 38.826021 
76.046916 25.438841 12.202464 38.826021 
76.107929 25.632971 12.080439 38.437761 
76.047526 25.440782 12.201244 38.822139 
76.108533 25.634893 12.079231 38.433917 
76.048136 25.442724 12.200023 38.818257 
75.987136 25.248632 12.322024 39.206439 
76.048746 25.444665 12.198803 38.814375 
76.109740 25.638736 12.076815 38.426231 
76.109740 25.638736 12.076815 38.426231 
76.049356 25.446605 12.197584 38.810493 
76.110344 25.640658 12.075608 38.422388 
76.110344 25.640658 12.075608 38.422388 
76.049966 25.448546 12.196364 38.806612 
76.049966 25.448546 12.196364 38.806612 
76.110948 25.642579 12.074400 38.418546 
76.050576 25.450486 12.195144 38.802732 
76.050576 25.450486 12.195144 38.802732 
76.050576 25.450486 12.195144 38.802732 
76.050576 25.450486 12.195144 38.802732 
76.111552 25.644500 12.073193 38.414704 
76.111552 25.644500 12.073193 38.414704 
76.111552 25.644500 12.073193 38.414704 
76.111552 25.644500 12.073193 38.414704 
76.021003 25.356389 12.254291 38.990925 
76.112910 25.648821 12.070476 38.406061 
76.112910 25.648821 12.070476 38.406061 
76.112910 25.648821 12.070476 38.406061 
76.022381 25.360776 12.251533 38.982152 
76.083639 25.555687 12.129018 38.592330 
76.083639 25.555687 12.129018 38.592330 
76.083639 25.555687 12.129018 38.592330 
76.083639 25.555687 12.129018 38.592330 
76.022994 25.362725 12.250308 38.978254 
76.084246 25.557616 12.127805 38.588471 
76.023607 25.364674 12.249083 38.974356 
76.084852 25.559546 12.126592 38.584612 
76.084852 25.559546 12.126592 38.584612 
76.084852 25.559546 12.126592 38.584612 
76.024219 25.366623 12.247858 38.970458 
76.024219 25.366623 12.247858 38.970458 
76.085458 25.561475 12.125380 38.580754 
76.024831 25.368571 12.246634 38.966561 
76.086065 25.563404 12.124167 38.576896 
76.086065 25.563404 12.124167 38.576896 
76.086065 25.563404 12.124167 38.576896 
76.086065 25.563404 12.124167 38.576896 
76.146685 25.756288 12.002926 38.191127 
76.086671 25.565333 12.122955 38.573038 
76.086671 25.565333 12.122955 38.573038 
76.026056 25.372468 12.244184 38.958768 
76.087277 25.567261 12.121743 38.569181 
76.087277 25.567261 12.121743 38.569181 
76.026668 25.374416 12.242960 38.954873 
76.026668 25.374416 12.242960 38.954873 
76.087883 25.569190 12.120530 38.565324 
76.027280 25.376363 12.241736 38.950977 
76.088489 25.571118 12.119318 38.561467 
76.088489 25.571118 12.119318 38.561467 
76.088489 25.571118 12.119318 38.561467 
76.027892 25.378311 12.240511 38.947082 
76.089095 25.573046 12.118106 38.557611 
76.089095 25.573046 12.118106 38.557611 
76.028504 25.380258 12.239287 38.943187 
76.028504 25.380258 12.239287 38.943187 
76.089701 25.574974 12.116895 38.553755 
76.089701 25.574974 12.116895 38.553755 
76.089701 25.574974 12.116895 38.553755 
76.089701 25.574974 12.116895 38.553755 
76.029116 25.382205 12.238063 38.939293 
76.090307 25.576902 12.115683 38.549900 
76.090307 25.576902 12.115683 38.549900 
76.029728 25.384152 12.236840 38.935399 
76.029728 25.384152 12.236840 38.935399 
76.029728 25.384152 12.236840 38.935399 
76.029728 25.384152 12.236840 38.935399 
76.090913 25.578829 12.114471 38.546045 
76.090913 25.578829 12.114471 38.546045 
76.090913 25.578829 12.114471 38.546045 
76.030340 25.386099 12.235616 38.931505 
75.969162 25.191442 12.357972 39.320820 
76.030952 25.388046 12.234392 38.927612 
76.030952 25.388046 12.234392 38.927612 
76.092124 25.582684 12.112049 38.538336 
76.092124 25.582684 12.112049 38.538336 
76.031564 25.389992 12.233169 38.923720 
76.092729 25.584611 12.110837 38.534482 
76.032175 25.391938 12.231946 38.919827 
76.093335 25.586537 12.109626 38.530629 
76.093335 25.586537 12.109626 38.530629 
76.032787 25.393884 12.230722 38.915935 
76.093941 25.588464 12.108415 38.526776 
76.033398 25.395830 12.229499 38.912044 
76.125120 25.687670 12.046057 38.328363 
76.034774 25.400208 12.226748 38.903288 
76.034774 25.400208 12.226748 38.903288 
76.095908 25.594724 12.104480 38.514255 
76.095908 25.594724 12.104480 38.514255 
76.095908 25.594724 12.104480 38.514255 
76.035386 25.402153 12.225525 38.899398 
76.096513 25.596650 12.103270 38.510404 
76.035997 25.404098 12.224303 38.895508 
76.035997 25.404098 12.224303 38.895508 
76.035997 25.404098 12.224303 38.895508 
76.035997 25.404098 12.224303 38.895508 
76.097118 25.598575 12.102060 38.506553 
76.036608 25.406043 12.223080 38.891619 
76.036608 25.406043 12.223080 38.891619 
76.097723 25.600501 12.100849 38.502702 
76.097723 25.600501 12.100849 38.502702 
76.037219 25.407987 12.221858 38.887729 
76.098329 25.602426 12.099639 38.498852 
76.098329 25.602426 12.099639 38.498852 
76.098329 25.602426 12.099639 38.498852 
76.037830 25.409932 12.220636 38.883841 
76.098934 25.604351 12.098429 38.495002 
76.098934 25.604351 12.098429 38.495002 
76.038441 25.411876 12.219414 38.879952 
76.038441 25.411876 12.219414 38.879952 
76.038441 25.411876 12.219414 38.879952 
76.099538 25.606276 12.097219 38.491153 
76.039052 25.413820 12.218192 38.876064 
76.039052 25.413820 12.218192 38.876064 
75.977961 25.219439 12.340374 39.264825 
76.070514 25.513926 12.155268 38.675852 
76.040126 25.417236 12.216044 38.869232 
76.040126 25.417236 12.216044 38.869232 
76.040126 25.417236 12.216044 38.869232 
76.101206 25.611582 12.093884 38.480539 
76.040737 25.419179 12.214823 38.865345 
76.040737 25.419179 12.214823 38.865345 
76.040737 25.419179 12.214823 38.865345 
76.101811 25.613506 12.092674 38.476691 
76.041348 25.421123 12.213601 38.861458 
76.041348 25.421123 12.213601 38.861458 
76.041348 25.421123 12.213601 38.861458 
76.041348 25.421123 12.213601 38.861458 
76.041348 25.421123 12.213601 38.861458 
75.980280 25.226815 12.335737 39.250073 
76.072798 25.521191 12.150701 38.661322 
76.072798 25.521191 12.150701 38.661322 
76.072798 25.521191 12.150701 38.661322 
76.042421 25.424538 12.211455 38.854628 
76.103478 25.618811 12.089340 38.466082 
76.043031 25.426480 12.210233 38.850743 
76.043031 25.426480 12.210233 38.850743 
76.104083 25.620734 12.088131 38.462236 
76.043642 25.428423 12.209012 38.846858 
76.104687 25.622657 12.086922 38.458389 
76.104687 25.622657 12.086922 38.458389 
76.104687 25.622657 12.086922 38.458389 
76.044252 25.430365 12.207792 38.842973 
76.105291 25.624580 12.085714 38.454543 
76.044863 25.432307 12.206571 38.839089 
76.044863 25.432307 12.206571 38.839089 
76.105896 25.626503 12.084505 38.450698 
76.045473 25.434249 12.205350 38.835205 
76.045473 25.434249 12.205350 38.835205 
76.045473 25.434249 12.205350 38.835205 
76.045473 25.434249 12.205350 38.835205 
76.137013 25.725513 12.022270 38.252677 
76.106958 25.629882 12.082381 38.443940 
76.106958 25.629882 12.082381 38.443940 
76.106958 25.629882 12.082381 38.443940 
76.106958 25.629882 12.082381 38.443940 
76.106958 25.629882 12.082381 38.443940 
76.106958 25.629882 12.082381 38.443940 
76.106958 25.629882 12.082381 38.443940 
76.106958 25.629882 12.082381 38.443940 
76.106958 25.629882 12.082381 38.443940 
76.106958 25.629882 12.082381 38.443940 
76.046546 25.437662 12.203205 38.828380 
76.107562 25.631804 12.081173 38.440096 
76.137765 25.727904 12.020767 38.247895 
76.047609 25.441045 12.201079 38.821614 
76.108614 25.635153 12.079068 38.433398 
76.048219 25.442986 12.199859 38.817732 
76.109218 25.637075 12.077860 38.429554 
76.109218 25.637075 12.077860 38.429554 
76.139413 25.733149 12.017471 38.237407 
76.049282 25.446368 12.197733 38.810968 
76.140765 25.737450 12.014767 38.228803 
76.110728 25.641878 12.074841 38.419947 
76.050354 25.449779 12.195589 38.804147 
76.141821 25.740810 12.012655 38.222084 
76.111789 25.645254 12.072718 38.413195 
76.021244 25.357155 12.253809 38.989393 
75.959975 25.162208 12.376347 39.379287 
76.052797 25.457553 12.190702 38.788597 
76.052797 25.457553 12.190702 38.788597 
76.052797 25.457553 12.190702 38.788597 
75.961367 25.166639 12.373563 39.370426 
76.023235 25.363491 12.249827 38.976722 
76.023235 25.363491 12.249827 38.976722 
75.961986 25.168607 12.372325 39.366489 
76.023847 25.365440 12.248602 38.972824 
76.085090 25.560304 12.126116 38.583096 
76.024460 25.367388 12.247377 38.968927 
76.024460 25.367388 12.247377 38.968927 
76.024460 25.367388 12.247377 38.968927 
76.024460 25.367388 12.247377 38.968927 
76.085696 25.562233 12.124903 38.579238 
76.085696 25.562233 12.124903 38.579238 
76.025072 25.369337 12.246152 38.965030 
76.025072 25.369337 12.246152 38.965030 
76.116918 25.661574 12.062460 38.380555 
76.116918 25.661574 12.062460 38.380555 
76.026450 25.373720 12.243397 38.956263 
76.026450 25.373720 12.243397 38.956263 
76.026450 25.373720 12.243397 38.956263 
76.026450 25.373720 12.243397 38.956263 
75.965233 25.178939 12.365831 39.345826 
75.965233 25.178939 12.365831 39.345826 
76.027062 25.375668 12.242173 38.952368 
76.088273 25.570430 12.119751 38.562844 
76.027674 25.377616 12.240948 38.948472 
76.027674 25.377616 12.240948 38.948472 
75.966469 25.182873 12.363358 39.337957 
76.028286 25.379563 12.239724 38.944577 
76.028286 25.379563 12.239724 38.944577 
75.967087 25.184840 12.362122 39.334023 
75.967087 25.184840 12.362122 39.334023 
76.028898 25.381510 12.238500 38.940683 
75.967705 25.186807 12.360885 39.330090 
76.060412 25.481783 12.175472 38.740138 
76.029973 25.384932 12.236349 38.933839 
75.968792 25.190263 12.358713 39.323178 
76.061482 25.485187 12.173332 38.733330 
76.031049 25.388354 12.234199 38.926997 
76.031049 25.388354 12.234199 38.926997 
75.969878 25.193719 12.356541 39.316267 
76.031660 25.390300 12.232975 38.923104 
75.970496 25.195684 12.355305 39.312335 
76.032272 25.392246 12.231752 38.919212 
75.971113 25.197650 12.354070 39.308404 
76.032884 25.394192 12.230529 38.915320 
76.094036 25.588769 12.108224 38.526166 
76.033495 25.396138 12.229306 38.911428 
76.033495 25.396138 12.229306 38.911428 
76.033495 25.396138 12.229306 38.911428 
75.972349 25.201581 12.351599 39.300542 
76.034107 25.398083 12.228083 38.907537 
76.034107 25.398083 12.228083 38.907537 
76.095247 25.592621 12.105802 38.518462 
76.095247 25.592621 12.105802 38.518462 
76.034718 25.400029 12.226860 38.903646 
76.095852 25.594547 12.104592 38.514610 
76.035329 25.401974 12.225638 38.899756 
76.035329 25.401974 12.225638 38.899756 
76.035329 25.401974 12.225638 38.899756 
76.096458 25.596473 12.103381 38.510758 
76.126716 25.692750 12.042864 38.318204 
76.036395 25.405363 12.223507 38.892978 
76.036395 25.405363 12.223507 38.892978 
76.036395 25.405363 12.223507 38.892978 
76.036395 25.405363 12.223507 38.892978 
76.036395 25.405363 12.223507 38.892978 
76.036395 25.405363 12.223507 38.892978 
76.097512 25.599828 12.101272 38.504048 
76.097512 25.599828 12.101272 38.504048 
76.097512 25.599828 12.101272 38.504048 
76.037006 25.407308 12.222285 38.889088 
76.037006 25.407308 12.222285 38.889088 
76.037006 25.407308 12.222285 38.889088 
76.037006 25.407308 12.222285 38.889088 
76.037006 25.407308 12.222285 38.889088 
75.975894 25.212862 12.344508 39.277979 
76.068478 25.507447 12.159340 38.688809 
76.038080 25.410725 12.220137 38.882253 
76.038080 25.410725 12.220137 38.882253 
76.099180 25.605136 12.097935 38.493431 
76.038691 25.412669 12.218915 38.878365 
76.038691 25.412669 12.218915 38.878365 
76.038691 25.412669 12.218915 38.878365 
75.977596 25.218277 12.341104 39.267149 
76.070154 25.512781 12.155987 38.678142 
76.039764 25.416086 12.216767 38.871532 
76.039764 25.416086 12.216767 38.871532 
76.100848 25.610443 12.094600 38.482817 
76.040375 25.418029 12.215546 38.867645 
75.979298 25.223691 12.337701 39.256322 
76.040986 25.419973 12.214324 38.863758 
75.979914 25.225654 12.336467 39.252396 
76.072438 25.520047 12.151420 38.663610 
76.042059 25.423388 12.212177 38.856928 
76.103120 25.617672 12.090056 38.468359 
76.042670 25.425331 12.210956 38.853042 
75.981615 25.231065 12.333066 39.241573 
75.981615 25.231065 12.333066 39.241573 
76.074113 25.525377 12.148070 38.652949 
76.043743 25.428745 12.208810 38.846214 
76.043743 25.428745 12.208810 38.846214 
76.043743 25.428745 12.208810 38.846214 
76.043743 25.428745 12.208810 38.846214 
75.982699 25.234514 12.330898 39.234676 
76.044354 25.430687 12.207589 38.842329 
75.983316 25.236475 12.329665 39.230753 
76.044964 25.432629 12.206368 38.838445 
76.044964 25.432629 12.206368 38.838445 
76.044964 25.432629 12.206368 38.838445 
76.044964 25.432629 12.206368 38.838445 
76.044964 25.432629 12.206368 38.838445 
76.044964 25.432629 12.206368 38.838445 
75.983932 25.238437 12.328432 39.226830 
76.076395 25.532638 12.143506 38.638427 
75.985319 25.242850 12.325658 39.218004 
75.985319 25.242850 12.325658 39.218004 
75.985319 25.242850 12.325658 39.218004 
76.046947 25.438940 12.202402 38.825824 
75.985935 25.244811 12.324426 39.214082 
76.047557 25.440881 12.201181 38.821941 
76.108563 25.634991 12.079170 38.433722 
76.048167 25.442822 12.199961 38.818059 
76.048167 25.442822 12.199961 38.818059 
76.048167 25.442822 12.199961 38.818059 
75.987168 25.248732 12.321961 39.206239 
75.987168 25.248732 12.321961 39.206239 
76.048777 25.444763 12.198741 38.814177 
76.048777 25.444763 12.198741 38.814177 
75.987784 25.250692 12.320729 39.202319 
75.987784 25.250692 12.320729 39.202319 
76.080189 25.544710 12.135918 38.614284 
76.049849 25.448174 12.196597 38.807355 
76.049849 25.448174 12.196597 38.807355 
76.049849 25.448174 12.196597 38.807355 
76.049849 25.448174 12.196597 38.807355 
76.049849 25.448174 12.196597 38.807355 
76.049849 25.448174 12.196597 38.807355 
76.049849 25.448174 12.196597 38.807355 
76.049849 25.448174 12.196597 38.807355 
76.049849 25.448174 12.196597 38.807355 
76.049849 25.448174 12.196597 38.807355 
75.958375 25.157119 12.379546 39.389466 
76.020273 25.354066 12.255751 38.995571 
76.020273 25.354066 12.255751 38.995571 
76.020273 25.354066 12.255751 38.995571 
76.020273 25.354066 12.255751 38.995571 
76.020273 25.354066 12.255751 38.995571 
76.020273 25.354066 12.255751 38.995571 
76.020273 25.354066 12.255751 38.995571 
75.958994 25.159088 12.378308 39.385527 
76.051831 25.454480 12.192634 38.794744 
76.021350 25.357493 12.253597 38.988718 
76.021350 25.357493 12.253597 38.988718 
76.021350 25.357493 12.253597 38.988718 
76.021350 25.357493 12.253597 38.988718 
76.021350 25.357493 12.253597 38.988718 
76.021350 25.357493 12.253597 38.988718 
76.113252 25.649908 12.069793 38.403887 
76.022728 25.361879 12.250840 38.979945 
75.961474 25.166980 12.373348 39.369745 
76.023341 25.363828 12.249615 38.976047 
76.023341 25.363828 12.249615 38.976047 
75.962093 25.168948 12.372111 39.365808 
76.023953 25.365777 12.248390 38.972150 
76.023953 25.365777 12.248390 38.972150 
76.023953 25.365777 12.248390 38.972150 
76.023953 25.365777 12.248390 38.972150 
76.023953 25.365777 12.248390 38.972150 
76.085195 25.560638 12.125906 38.582428 
76.024566 25.367726 12.247165 38.968252 
75.963330 25.172884 12.369637 39.357935 
76.025178 25.369674 12.245940 38.964355 
76.086408 25.564496 12.123481 38.574712 
76.025790 25.371622 12.244716 38.960459 
75.964567 25.176820 12.367163 39.350064 
76.026403 25.373570 12.243491 38.956563 
76.026403 25.373570 12.243491 38.956563 
76.026403 25.373570 12.243491 38.956563 
76.026403 25.373570 12.243491 38.956563 
75.965185 25.178788 12.365926 39.346129 
75.965185 25.178788 12.365926 39.346129 
75.965185 25.178788 12.365926 39.346129 
76.027015 25.375518 12.242267 38.952667 
75.965803 25.180755 12.364690 39.342194 
76.027627 25.377466 12.241043 38.948772 
76.027627 25.377466 12.241043 38.948772 
75.966422 25.182722 12.363453 39.338260 
75.966422 25.182722 12.363453 39.338260 
76.028239 25.379413 12.239819 38.944877 
75.967040 25.184689 12.362217 39.334326 
76.028851 25.381360 12.238595 38.940983 
76.028851 25.381360 12.238595 38.940983 
76.028851 25.381360 12.238595 38.940983 
75.967658 25.186656 12.360981 39.330393 
76.029463 25.383308 12.237371 38.937089 
76.029463 25.383308 12.237371 38.937089 
76.090650 25.577993 12.114997 38.547718 
76.030075 25.385254 12.236147 38.933195 
76.121846 25.677253 12.052605 38.349197 
76.031451 25.389634 12.233394 38.924435 
75.970284 25.195012 12.355728 39.313679 
76.032063 25.391581 12.232171 38.920543 
76.032063 25.391581 12.232171 38.920543 
76.032063 25.391581 12.232171 38.920543 
75.970902 25.196978 12.354492 39.309748 
75.970902 25.196978 12.354492 39.309748 
75.970902 25.196978 12.354492 39.309748 
76.032675 25.393527 12.230947 38.916650 
76.032675 25.393527 12.230947 38.916650 
76.093829 25.588110 12.108638 38.527484 
76.033286 25.395472 12.229724 38.912759 
76.033286 25.395472 12.229724 38.912759 
76.033286 25.395472 12.229724 38.912759 
75.972137 25.200909 12.352021 39.301886 
76.064778 25.495673 12.166741 38.712358 
76.034361 25.398892 12.227575 38.905920 
76.034361 25.398892 12.227575 38.905920 
76.095499 25.593422 12.105299 38.516861 
76.034972 25.400837 12.226352 38.902029 
76.034972 25.400837 12.226352 38.902029 
76.034972 25.400837 12.226352 38.902029 
75.973840 25.206327 12.348616 39.291050 
76.035583 25.402782 12.225129 38.898139 
75.974458 25.208292 12.347381 39.287120 
76.036195 25.404727 12.223907 38.894249 
76.036195 25.404727 12.223907 38.894249 
76.036195 25.404727 12.223907 38.894249 
76.036195 25.404727 12.223907 38.894249 
75.975075 25.210256 12.346146 39.283192 
75.975075 25.210256 12.346146 39.283192 
76.036806 25.406672 12.222685 38.890360 
75.975692 25.212220 12.344911 39.279263 
75.975692 25.212220 12.344911 39.279263 
75.975692 25.212220 12.344911 39.279263 
75.975692 25.212220 12.344911 39.279263 
76.037417 25.408616 12.221462 38.886471 
75.976310 25.214184 12.343677 39.275336 
75.976310 25.214184 12.343677 39.275336 
76.068887 25.508749 12.158522 38.686205 
76.038491 25.412034 12.219314 38.879636 
76.038491 25.412034 12.219314 38.879636 
76.038491 25.412034 12.219314 38.879636 
76.038491 25.412034 12.219314 38.879636 
76.038491 25.412034 12.219314 38.879636 
76.038491 25.412034 12.219314 38.879636 
75.977394 25.217635 12.341507 39.268433 
75.977394 25.217635 12.341507 39.268433 
76.039102 25.413978 12.218092 38.875749 
75.978011 25.219599 12.340273 39.264506 
76.039713 25.415921 12.216871 38.871861 
76.039713 25.415921 12.216871 38.871861 
75.978629 25.221562 12.339039 39.260580 
76.040324 25.417865 12.215649 38.867974 
76.040324 25.417865 12.215649 38.867974 
76.040324 25.417865 12.215649 38.867974 
76.040324 25.417865 12.215649 38.867974 
76.040324 25.417865 12.215649 38.867974 
76.040324 25.417865 12.215649 38.867974 
76.040324 25.417865 12.215649 38.867974 
76.040324 25.417865 12.215649 38.867974 
75.979245 25.223525 12.337805 39.256654 
75.979245 25.223525 12.337805 39.256654 
76.040934 25.419808 12.214427 38.864087 
76.040934 25.419808 12.214427 38.864087 
76.040934 25.419808 12.214427 38.864087 
76.040934 25.419808 12.214427 38.864087 
