96.000000 83.000000 16.000000 16.000000 
96.000000 83.000000 16.000000 16.000000 
96.000000 83.000000 16.000000 16.000000 
96.000000 83.000000 16.000000 16.000000 
96.000000 83.000000 16.000000 16.000000 
96.000000 83.000000 16.000000 16.000000 
96.000000 83.000000 16.000000 16.000000 
96.000000 83.000000 16.000000 16.000000 
96.000000 83.000000 16.000000 16.000000 
96.000000 83.000000 16.000000 16.000000 
96.000000 83.000000 16.000000 16.000000 
96.000000 83.000000 16.000000 16.000000 
96.000000 83.000000 16.000000 16.000000 
96.000000 83.000000 16.000000 16.000000 
96.000000 83.000000 16.000000 16.000000 
96.000000 83.000000 16.000000 16.000000 
96.000000 83.000000 16.000000 16.000000 
96.000000 83.000000 16.000000 16.000000 
96.000000 83.000000 16.000000 16.000000 
96.000000 83.000000 16.000000 16.000000 
96.120000 83.120000 15.760000 15.760000 
96.120000 87.020000 15.760000 15.760000 
96.120000 87.020000 15.760000 15.760000 
96.120000 87.020000 15.760000 15.760000 
96.120000 87.020000 15.760000 15.760000 
96.120000 87.020000 15.760000 15.760000 
96.120000 87.020000 15.760000 15.760000 
96.120000 87.020000 15.760000 15.760000 
96.238200 87.138200 15.523600 15.523600 
96.238200 87.138200 15.523600 15.523600 
96.238200 87.138200 15.523600 15.523600 
92.438200 90.938200 15.523600 15.523600 
88.638200 90.938200 15.523600 15.523600 
84.699391 90.899391 15.601218 15.601218 
80.799391 94.799391 15.601218 15.601218 
80.799391 94.799391 15.601218 15.601218 
76.899391 94.799391 15.601218 15.601218 
73.216400 94.916400 15.367200 15.367200 
73.216400 94.916400 15.367200 15.367200 
69.416400 94.916400 15.367200 15.367200 
69.416400 94.916400 15.367200 15.367200 
69.416400 94.916400 15.367200 15.367200 
69.531654 95.031654 15.136692 15.136692 
73.231654 95.031654 15.136692 15.136692 
73.193812 94.993812 15.212375 15.212375 
76.993812 94.993812 15.212375 15.212375 
80.807905 95.107905 14.984190 14.984190 
84.495524 94.995524 15.208952 15.208952 
88.295524 94.995524 15.208952 15.208952 
88.409591 91.409591 14.980818 14.980818 
88.297235 91.297235 15.205530 15.205530 
88.411276 91.411276 14.977447 14.977447 
92.111276 91.411276 14.977447 14.977447 
91.998945 91.298945 15.202109 15.202109 
92.112961 91.412961 14.974078 14.974078 
92.112961 91.412961 14.974078 14.974078 
95.812961 95.112961 14.974078 14.974078 
92.325267 95.225267 14.749466 14.749466 
92.288393 95.188393 14.823214 14.823214 
92.399567 98.899567 14.600865 14.600865 
92.290061 98.790061 14.819878 14.819878 
95.990061 98.790061 14.819878 14.819878 
95.990061 98.790061 14.819878 14.819878 
96.101210 98.901210 14.597580 14.597580 
96.210692 99.010692 14.378617 14.378617 
99.710692 99.010692 14.378617 14.378617 
99.674745 98.974745 14.450510 14.450510 
103.274745 98.974745 14.450510 14.450510 
103.383124 99.083124 14.233752 14.233752 
103.276371 98.976371 14.447258 14.447258 
103.276371 98.976371 14.447258 14.447258 
103.276371 98.976371 14.447258 14.447258 
103.276371 98.976371 14.447258 14.447258 
106.884725 99.084725 14.230549 14.230549 
106.777996 98.977996 14.444008 14.444008 
106.777996 98.977996 14.444008 14.444008 
106.886326 99.086326 14.227348 14.227348 
103.179621 98.979621 14.440758 14.440758 
103.179621 98.979621 14.440758 14.440758 
99.579621 95.379621 14.440758 14.440758 
96.187927 91.987927 14.224146 14.224146 
92.481246 91.881246 14.437509 14.437509 
92.481246 91.881246 14.437509 14.437509 
92.589527 91.989527 14.220946 14.220946 
88.882870 91.882870 14.434260 14.434260 
88.882870 91.882870 14.434260 14.434260 
88.882870 91.882870 14.434260 14.434260 
88.882870 91.882870 14.434260 14.434260 
88.882870 91.882870 14.434260 14.434260 
88.991127 91.991127 14.217746 14.217746 
88.884494 91.884494 14.431012 14.431012 
88.884494 91.884494 14.431012 14.431012 
88.884494 91.884494 14.431012 14.431012 
88.884494 91.884494 14.431012 14.431012 
88.884494 91.884494 14.431012 14.431012 
92.484494 91.884494 14.431012 14.431012 
92.484494 91.884494 14.431012 14.431012 
92.592726 91.992726 14.214547 14.214547 
92.486117 91.886117 14.427765 14.427765 
92.486117 91.886117 14.427765 14.427765 
92.594326 91.994326 14.211349 14.211349 
96.094326 91.994326 14.211349 14.211349 
95.987740 91.887740 14.424519 14.424519 
95.987740 91.887740 14.424519 14.424519 
99.595924 91.995924 14.208151 14.208151 
99.489363 91.889363 14.421274 14.421274 
103.089363 95.489363 14.421274 14.421274 
103.197523 95.597523 14.204955 14.204955 
106.697523 95.597523 14.204955 14.204955 
106.590986 95.490986 14.418029 14.418029 
110.190986 95.490986 14.418029 14.418029 
110.299121 95.599121 14.201758 14.201758 
113.792608 95.492608 14.414785 14.414785 
113.792608 95.492608 14.414785 14.414785 
113.900718 95.600718 14.198563 14.198563 
113.794229 95.494229 14.411542 14.411542 
117.394229 95.494229 14.411542 14.411542 
117.394229 95.494229 14.411542 14.411542 
117.502316 95.602316 14.195368 14.195368 
120.995851 95.495851 14.408299 14.408299 
120.995851 95.495851 14.408299 14.408299 
121.103913 95.603913 14.192174 14.192174 
124.597471 95.497471 14.405057 14.405057 
124.597471 95.497471 14.405057 14.405057 
124.597471 95.497471 14.405057 14.405057 
128.197471 95.497471 14.405057 14.405057 
128.197471 95.497471 14.405057 14.405057 
131.797471 95.497471 14.405057 14.405057 
131.797471 95.497471 14.405057 14.405057 
135.397471 95.497471 14.405057 14.405057 
135.397471 95.497471 14.405057 14.405057 
135.397471 95.497471 14.405057 14.405057 
135.397471 95.497471 14.405057 14.405057 
135.397471 95.497471 14.405057 14.405057 
135.505509 95.605509 14.188981 14.188981 
131.799092 95.499092 14.401816 14.401816 
131.799092 95.499092 14.401816 14.401816 
131.799092 95.499092 14.401816 14.401816 
131.799092 95.499092 14.401816 14.401816 
131.799092 95.499092 14.401816 14.401816 
131.799092 95.499092 14.401816 14.401816 
131.799092 95.499092 14.401816 14.401816 
131.799092 95.499092 14.401816 14.401816 
131.799092 95.499092 14.401816 14.401816 
131.799092 95.499092 14.401816 14.401816 
128.407106 95.607106 14.185789 14.185789 
128.407106 99.107106 14.185789 14.185789 
128.407106 99.107106 14.185789 14.185789 
124.907106 99.107106 14.185789 14.185789 
