170.000000 40.500000 18.000000 45.000000 
170.000000 40.500000 18.000000 45.000000 
169.865000 40.162500 18.270000 45.675000 
169.865000 40.162500 18.270000 45.675000 
169.956350 40.390875 18.087300 45.218250 
170.092005 40.730012 17.815990 44.539976 
170.092005 40.730012 17.815990 44.539976 
169.958385 40.395962 18.083230 45.208076 
169.867969 40.169922 18.264063 45.660157 
170.004949 40.512373 17.990102 44.975254 
170.094900 40.737249 17.810201 44.525502 
169.961323 40.403308 18.077354 45.193384 
169.961323 40.403308 18.077354 45.193384 
169.870936 40.177341 18.258127 45.645318 
169.916582 40.291454 18.166837 45.417092 
169.916582 40.291454 18.166837 45.417092 
170.007416 40.518540 17.985168 44.962921 
169.872527 40.181318 18.254946 45.637364 
170.009439 40.523598 17.981122 44.952804 
170.009439 40.523598 17.981122 44.952804 
169.874581 40.186452 18.250838 45.627096 
169.965835 40.414587 18.068330 45.170825 
170.101347 40.753369 17.797305 44.493263 
170.012361 40.530902 17.975278 44.938195 
169.922485 40.306211 18.155031 45.387577 
169.967872 40.419680 18.064256 45.160639 
169.877551 40.193877 18.244898 45.612246 
173.923163 40.307908 18.153674 45.384185 
173.968547 40.421368 18.062905 45.157264 
174.013705 40.534261 17.972591 44.931477 
173.968773 40.421933 18.062454 45.156135 
173.968773 40.421933 18.062454 45.156135 
177.878461 40.196152 18.243078 45.607696 
177.787245 39.968113 18.425509 46.063773 
177.695118 39.737795 18.609764 46.524411 
177.834691 40.086728 18.330618 45.826545 
177.788865 39.972161 18.422271 46.055677 
181.877753 39.972161 18.422271 46.055677 
181.785642 39.741883 18.606494 46.516234 
181.878675 39.974464 18.420429 46.051072 
181.924726 40.089592 18.328327 45.820816 
181.924726 40.089592 18.328327 45.820816 
186.016367 40.318696 18.145043 45.362608 
186.016367 40.318696 18.145043 45.362608 
190.018204 40.545509 17.963593 44.908982 
190.018204 40.545509 17.963593 44.908982 
190.018204 40.545509 17.963593 44.908982 
190.108022 40.770054 17.783957 44.459892 
193.974642 40.436605 18.050716 45.126791 
193.839261 40.098154 18.321477 45.803693 
193.839261 40.098154 18.321477 45.803693 
193.701850 39.754626 18.596299 46.490748 
197.841323 40.103307 18.317355 45.793387 
197.932909 40.332274 18.134181 45.335453 
197.842239 40.105596 18.315523 45.788807 
197.979605 40.449012 18.040790 45.101975 
201.934503 40.336257 18.130994 45.327485 
201.843848 40.109620 18.312304 45.780760 
201.798067 39.995168 18.403866 46.009664 
201.706048 39.765120 18.587904 46.469760 
205.701997 39.532771 18.773783 46.934458 
205.795866 39.767443 18.586045 46.465113 
205.656471 39.418955 18.864836 47.162090 
209.886846 39.772671 18.581864 46.454659 
209.933301 39.888807 18.488954 46.222386 
209.933301 39.888807 18.488954 46.222386 
210.025745 40.119919 18.304065 45.760162 
209.934225 39.891118 18.487105 46.217763 
214.072878 40.237752 18.209799 45.524497 
213.936305 39.896318 18.482946 46.207364 
213.797683 39.549763 18.760190 46.900475 
213.703882 39.315260 18.947792 47.369479 
213.703882 39.315260 18.947792 47.369479 
217.881660 39.315260 18.947792 47.369479 
218.023768 39.670531 18.663575 46.658937 
218.023768 39.670531 18.663575 46.658937 
222.205975 39.903826 18.476939 46.192348 
222.067398 39.557383 18.754093 46.885233 
222.161168 39.791810 18.566552 46.416381 
222.207585 39.907851 18.473720 46.184299 
226.296474 39.907851 18.473720 46.184299 
226.157921 39.561468 18.750825 46.877063 
226.111044 39.444276 18.844579 47.111449 
226.158155 39.562054 18.750357 46.875891 
226.111279 39.444865 18.844108 47.110271 
226.252610 39.798192 18.561447 46.403617 
230.291177 39.450164 18.839868 47.099671 
230.338277 39.567914 18.745669 46.864173 
230.244548 39.333593 18.933126 47.332814 
230.386547 39.688589 18.649129 46.622822 
230.386547 39.688589 18.649129 46.622822 
230.293301 39.455475 18.835620 47.089050 
230.340390 39.573197 18.741442 46.853605 
234.429279 39.573197 18.741442 46.853605 
234.335572 39.338929 18.928857 47.322141 
234.240927 39.102319 19.118145 47.795363 
234.240927 39.102319 19.118145 47.795363 
238.562091 43.638562 18.831373 47.078432 
238.656248 43.873954 18.643059 46.607648 
242.796071 44.223511 18.363413 45.908533 
242.933797 44.567825 18.087962 45.219905 
242.843357 44.341726 18.268842 45.672104 
242.934701 44.570086 18.086153 45.215383 
246.844270 44.344009 18.267015 45.667537 
246.844270 44.344009 18.267015 45.667537 
246.752935 44.115672 18.449685 46.124212 
246.752935 44.115672 18.449685 46.124212 
246.845184 44.346293 18.265188 45.662970 
246.753858 44.117978 18.447840 46.119600 
246.753858 44.117978 18.447840 46.119600 
250.892217 44.463875 18.171122 45.427806 
250.755933 44.123166 18.443689 46.109223 
250.617605 43.777347 18.720345 46.800861 
250.758008 44.128354 18.439539 46.098849 
250.758008 44.128354 18.439539 46.098849 
254.846897 44.128354 18.439539 46.098849 
254.939095 44.358848 18.255144 45.637860 
254.984733 44.472942 18.163868 45.409671 
255.030142 44.586467 18.073049 45.182622 
259.076801 44.925336 17.801953 44.504883 
259.076801 44.925336 17.801953 44.504883 
262.898903 44.702812 17.979973 44.949932 
262.809003 44.478062 18.159772 45.399431 
262.763603 44.364564 18.250571 45.626428 
266.809230 44.478630 18.159318 45.398296 
266.854628 44.592125 18.068522 45.171305 
266.990142 41.019799 17.797494 44.493735 
270.945845 41.353502 17.530532 43.826329 
270.902019 41.243936 17.618184 44.045461 
270.813928 44.934820 17.794366 44.485915 
270.680470 44.601176 18.061282 45.153204 
274.680470 44.601176 18.061282 45.153204 
274.725623 44.714059 17.970975 44.927438 
274.590841 44.377103 18.240540 45.601350 
274.636443 44.491106 18.149337 45.373343 
278.589211 44.150806 18.421577 46.053943 
278.635265 44.265941 18.329469 45.823673 
282.726913 44.495059 18.146175 45.365437 
282.590816 44.154819 18.418367 46.045918 
282.498725 43.924589 18.602551 46.506377 
286.494601 43.692057 18.788576 46.971441 
286.494601 43.692057 18.788576 46.971441 
286.635515 44.044343 18.506748 46.266870 
286.496714 43.697342 18.784349 46.960873 
290.580570 43.462537 18.972193 47.430481 
290.675431 43.699690 18.782471 46.956176 
290.581519 43.464909 18.970295 47.425738 
290.628945 43.583473 18.875444 47.188610 
290.628945 43.583473 18.875444 47.188610 
294.765022 43.701445 18.781067 46.952666 
294.671117 43.466681 18.968877 47.422193 
294.765961 43.703792 18.779188 46.947971 
298.854850 43.703792 18.779188 46.947971 
298.995694 44.055902 18.497501 46.243752 
298.856963 43.709074 18.774963 46.937408 
302.945852 43.709074 18.774963 46.937408 
302.945852 43.709074 18.774963 46.937408 
302.898914 43.591730 18.868838 47.172095 
307.076692 43.591730 18.868838 47.172095 
307.123864 43.709661 18.774494 46.936234 
307.123864 43.709661 18.774494 46.936234 
307.029992 43.474979 18.962239 47.405597 
306.982586 43.356465 19.057050 47.642625 
311.153968 43.118252 19.247620 48.119051 
311.250206 43.358848 19.055144 47.637861 
311.393119 43.716131 18.769317 46.923293 
311.393119 43.716131 18.769317 46.923293 
311.486966 43.950748 18.581624 46.454060 
315.575855 43.950748 18.581624 46.454060 
315.482947 43.718478 18.767440 46.918600 
315.436028 43.601181 18.861277 47.153193 
315.577488 43.954830 18.578358 46.445895 
319.716825 44.303174 18.299683 45.749207 
319.808324 44.531920 18.116686 45.291715 
319.898907 44.758379 17.935519 44.838798 
319.809230 44.534185 18.114874 45.287186 
319.854517 44.647403 18.024300 45.060750 
319.809456 44.534751 18.114421 45.286054 
323.718884 44.308321 18.295566 45.738914 
323.718884 44.308321 18.295566 45.738914 
323.718884 44.308321 18.295566 45.738914 
323.581667 43.965279 18.569999 46.424998 
323.488817 43.733154 18.755699 46.889248 
323.582596 43.967600 18.568142 46.420355 
323.721857 44.315753 18.289620 45.724050 
323.721857 44.315753 18.289620 45.724050 
323.584685 43.972822 18.563964 46.409911 
323.723914 44.320897 18.285505 45.713762 
323.632487 44.092328 18.468360 46.170900 
323.632487 44.092328 18.468360 46.170900 
323.632487 44.092328 18.468360 46.170900 
323.632487 44.092328 18.468360 46.170900 
327.721376 44.092328 18.468360 46.170900 
327.675205 43.976901 18.560702 46.401754 
327.814410 44.324914 18.282291 45.705728 
327.722999 44.096385 18.465114 46.162785 
327.630673 43.865571 18.649765 46.624413 
327.584049 43.749010 18.743014 46.857535 
327.630906 43.866154 18.649299 46.623247 
331.673172 43.749596 18.742545 46.856364 
331.673172 43.749596 18.742545 46.856364 
331.579459 43.515314 18.929971 47.324927 
331.674109 43.751939 18.740671 46.851678 
331.674109 43.751939 18.740671 46.851678 
331.674109 43.751939 18.740671 46.851678 
331.814664 44.103326 18.459561 46.148903 
331.676217 43.757210 18.736455 46.841136 
331.723058 43.874312 18.642772 46.606931 
331.676451 43.757795 18.735986 46.839965 
331.723291 43.874895 18.642306 46.605766 
331.816503 44.107924 18.455883 46.139708 
331.724223 43.877225 18.640442 46.601105 
331.724223 43.877225 18.640442 46.601105 
331.817426 44.110231 18.454038 46.135094 
331.679020 43.764218 18.730848 46.827120 
331.819502 44.115421 18.449885 46.124713 
331.727252 43.884797 18.634384 46.585961 
331.727252 43.884797 18.634384 46.585961 
331.820424 44.117727 18.448040 46.120101 
335.770953 43.771827 18.724761 46.811903 
335.817765 43.888856 18.631137 46.577843 
335.817765 43.888856 18.631137 46.577843 
335.771187 43.772412 18.724293 46.810732 
335.817998 43.889438 18.630671 46.576679 
335.771421 43.772997 18.723825 46.809562 
335.818231 43.890021 18.630206 46.575514 
335.771655 43.773582 18.723357 46.808392 
335.771655 43.773582 18.723357 46.808392 
335.771655 43.773582 18.723357 46.808392 
335.771655 43.773582 18.723357 46.808392 
335.678038 43.539540 18.910590 47.276476 
335.819868 43.894114 18.626931 46.567329 
335.773300 43.777695 18.720066 46.800165 
335.913701 44.128696 18.439265 46.098163 
335.821504 43.898206 18.623658 46.559144 
335.961182 44.247399 18.344303 45.860757 
335.961182 44.247399 18.344303 45.860757 
335.823600 43.903444 18.619467 46.548669 
335.916697 44.136187 18.433273 46.083182 
340.005586 44.136187 18.433273 46.083182 
340.097752 44.366603 18.248940 45.622350 
340.097752 44.366603 18.248940 45.622350 
340.006508 44.138491 18.431429 46.078573 
340.098665 44.368884 18.247115 45.617788 
340.007429 44.140795 18.429586 46.073966 
340.145651 44.486350 18.153142 45.382856 
340.145651 44.486350 18.153142 45.382856 
340.009502 44.145978 18.425440 46.063599 
339.917375 43.915660 18.609694 46.524235 
340.056948 44.264592 18.330549 45.826371 
339.919469 43.920894 18.605507 46.513767 
339.779928 43.572041 18.884589 47.211474 
339.779928 43.572041 18.884589 47.211474 
339.921562 43.926127 18.601321 46.503301 
339.921562 43.926127 18.601321 46.503301 
339.921562 43.926127 18.601321 46.503301 
340.014569 44.158644 18.415307 46.038268 
340.014569 44.158644 18.415307 46.038268 
340.060607 44.273739 18.323231 45.808077 
340.060607 44.273739 18.323231 45.808077 
340.060607 44.273739 18.323231 45.808077 
340.152223 44.502780 18.139999 45.349996 
340.152223 44.502780 18.139999 45.349996 
340.152223 44.502780 18.139999 45.349996 
340.152223 44.502780 18.139999 45.349996 
340.152223 44.502780 18.139999 45.349996 
340.152223 44.502780 18.139999 45.349996 
340.152223 44.502780 18.139999 45.349996 
340.061523 44.276030 18.321399 45.803496 
340.153130 44.505047 18.138185 45.345461 
340.198475 44.618411 18.047494 45.118734 
340.153357 44.505614 18.137731 45.344328 
340.153357 44.505614 18.137731 45.344328 
340.153357 44.505614 18.137731 45.344328 
340.153357 44.505614 18.137731 45.344328 
340.198701 44.618975 18.047042 45.117606 
340.198701 44.618975 18.047042 45.117606 
340.063348 44.280593 18.317748 45.794370 
340.154937 44.509565 18.134571 45.336426 
340.200273 44.622906 18.043898 45.109744 
340.155164 44.510131 18.134117 45.335293 
340.155164 44.510131 18.134117 45.335293 
340.155164 44.510131 18.134117 45.335293 
340.155164 44.510131 18.134117 45.335293 
340.155164 44.510131 18.134117 45.335293 
340.019158 44.170117 18.406129 46.015322 
340.157204 44.515231 18.130037 45.325093 
340.066554 44.288606 18.311337 45.778343 
340.066554 44.288606 18.311337 45.778343 
340.066554 44.288606 18.311337 45.778343 
340.066554 44.288606 18.311337 45.778343 
340.066554 44.288606 18.311337 45.778343 
340.066554 44.288606 18.311337 45.778343 
340.066554 44.288606 18.311337 45.778343 
340.066554 44.288606 18.311337 45.778343 
340.066554 44.288606 18.311337 45.778343 
340.066554 44.288606 18.311337 45.778343 
340.066554 44.288606 18.311337 45.778343 
340.158110 44.517498 18.128224 45.320560 
340.067469 44.290895 18.309506 45.773766 
340.067469 44.290895 18.309506 45.773766 
340.159017 44.519764 18.126411 45.316028 
340.068385 44.293184 18.307675 45.769188 
340.159923 44.522030 18.124599 45.311496 
340.205234 44.635308 18.033976 45.084939 
340.160149 44.522596 18.124145 45.310364 
340.160149 44.522596 18.124145 45.310364 
340.069529 44.296044 18.305387 45.763467 
340.069529 44.296044 18.305387 45.763467 
340.161056 44.524861 18.122333 45.305833 
340.161056 44.524861 18.122333 45.305833 
340.161056 44.524861 18.122333 45.305833 
340.206362 44.638126 18.031721 45.079303 
340.071124 44.300031 18.302197 45.755493 
340.071124 44.300031 18.302197 45.755493 
340.162635 44.528809 18.119175 45.297938 
340.207933 44.642054 18.028579 45.071448 
340.072718 44.304018 18.299008 45.747520 
340.164213 44.532755 18.116018 45.290045 
340.164213 44.532755 18.116018 45.290045 
340.164213 44.532755 18.116018 45.290045 
340.164213 44.532755 18.116018 45.290045 
340.164213 44.532755 18.116018 45.290045 
340.164213 44.532755 18.116018 45.290045 
340.164213 44.532755 18.116018 45.290045 
340.209503 44.645980 18.025438 45.063595 
340.074313 44.308003 18.295819 45.739549 
340.165792 44.536701 18.112861 45.282153 
340.165792 44.536701 18.112861 45.282153 
340.165792 44.536701 18.112861 45.282153 
340.165792 44.536701 18.112861 45.282153 
340.165792 44.536701 18.112861 45.282153 
340.165792 44.536701 18.112861 45.282153 
340.165792 44.536701 18.112861 45.282153 
340.075227 44.310290 18.293990 45.734975 
340.075227 44.310290 18.293990 45.734975 
340.075227 44.310290 18.293990 45.734975 
340.166697 44.538965 18.111050 45.277625 
340.076142 44.312577 18.292160 45.730401 
340.076142 44.312577 18.292160 45.730401 
339.984681 44.083925 18.475082 46.187705 
340.123244 44.430333 18.197956 45.494890 
340.123244 44.430333 18.197956 45.494890 
340.123244 44.430333 18.197956 45.494890 
340.214234 44.657807 18.015976 45.039941 
340.214234 44.657807 18.015976 45.039941 
340.169194 44.545208 18.106056 45.265140 
340.078664 44.318882 18.287117 45.717792 
340.078664 44.318882 18.287117 45.717792 
340.170099 44.547471 18.104246 45.260614 
340.215360 44.660622 18.013724 45.034311 
340.170326 44.548037 18.103793 45.259482 
340.079807 44.321739 18.284831 45.712077 
340.079807 44.321739 18.284831 45.712077 
340.079807 44.321739 18.284831 45.712077 
340.171231 44.550300 18.101983 45.254956 
340.080721 44.324025 18.283002 45.707506 
340.080721 44.324025 18.283002 45.707506 
340.080721 44.324025 18.283002 45.707506 
340.080721 44.324025 18.283002 45.707506 
340.080721 44.324025 18.283002 45.707506 
340.080721 44.324025 18.283002 45.707506 
340.080721 44.324025 18.283002 45.707506 
340.080721 44.324025 18.283002 45.707506 
340.080721 44.324025 18.283002 45.707506 
340.080721 44.324025 18.283002 45.707506 
340.080721 44.324025 18.283002 45.707506 
340.172136 44.552562 18.100172 45.250431 
340.172136 44.552562 18.100172 45.250431 
340.172136 44.552562 18.100172 45.250431 
340.081635 44.326310 18.281174 45.702935 
340.173041 44.554825 18.098362 45.245906 
340.082549 44.328595 18.279346 45.698365 
340.082549 44.328595 18.279346 45.698365 
340.082549 44.328595 18.279346 45.698365 
340.082549 44.328595 18.279346 45.698365 
340.082549 44.328595 18.279346 45.698365 
340.082549 44.328595 18.279346 45.698365 
340.082549 44.328595 18.279346 45.698365 
340.082549 44.328595 18.279346 45.698365 
340.082549 44.328595 18.279346 45.698365 
340.082549 44.328595 18.279346 45.698365 
340.082549 44.328595 18.279346 45.698365 
340.082549 44.328595 18.279346 45.698365 
340.173946 44.557087 18.096553 45.241381 
340.083463 44.330880 18.277518 45.693795 
340.083463 44.330880 18.277518 45.693795 
340.083463 44.330880 18.277518 45.693795 
340.083463 44.330880 18.277518 45.693795 
340.083463 44.330880 18.277518 45.693795 
340.083463 44.330880 18.277518 45.693795 
340.083463 44.330880 18.277518 45.693795 
340.083463 44.330880 18.277518 45.693795 
340.083463 44.330880 18.277518 45.693795 
340.174851 44.559349 18.094743 45.236857 
340.084377 44.333165 18.275690 45.689226 
340.084377 44.333165 18.275690 45.689226 
340.084377 44.333165 18.275690 45.689226 
340.084377 44.333165 18.275690 45.689226 
340.084377 44.333165 18.275690 45.689226 
340.084377 44.333165 18.275690 45.689226 
340.084377 44.333165 18.275690 45.689226 
340.084377 44.333165 18.275690 45.689226 
340.084377 44.333165 18.275690 45.689226 
340.084377 44.333165 18.275690 45.689226 
340.084377 44.333165 18.275690 45.689226 
340.084377 44.333165 18.275690 45.689226 
340.175756 44.561611 18.092933 45.232333 
340.085291 44.335449 18.273863 45.684657 
340.085291 44.335449 18.273863 45.684657 
340.085291 44.335449 18.273863 45.684657 
340.085291 44.335449 18.273863 45.684657 
340.085291 44.335449 18.273863 45.684657 
340.176660 44.563873 18.091124 45.227810 
340.086205 44.337734 18.272035 45.680088 
340.086205 44.337734 18.272035 45.680088 
340.086205 44.337734 18.272035 45.680088 
340.086205 44.337734 18.272035 45.680088 
340.086205 44.337734 18.272035 45.680088 
340.177565 44.566134 18.089315 45.223287 
340.177565 44.566134 18.089315 45.223287 
340.087118 44.340018 18.270208 45.675520 
340.087118 44.340018 18.270208 45.675520 
340.087118 44.340018 18.270208 45.675520 
340.087118 44.340018 18.270208 45.675520 
340.087118 44.340018 18.270208 45.675520 
340.178469 44.568395 18.087506 45.218765 
340.178469 44.568395 18.087506 45.218765 
340.088032 44.342301 18.268381 45.670953 
340.088032 44.342301 18.268381 45.670953 
340.088032 44.342301 18.268381 45.670953 
340.088032 44.342301 18.268381 45.670953 
340.088032 44.342301 18.268381 45.670953 
340.088032 44.342301 18.268381 45.670953 
340.088032 44.342301 18.268381 45.670953 
340.088032 44.342301 18.268381 45.670953 
340.088032 44.342301 18.268381 45.670953 
340.088032 44.342301 18.268381 45.670953 
340.088032 44.342301 18.268381 45.670953 
340.088032 44.342301 18.268381 45.670953 
340.088032 44.342301 18.268381 45.670953 
340.088032 44.342301 18.268381 45.670953 
340.088032 44.342301 18.268381 45.670953 
340.088032 44.342301 18.268381 45.670953 
340.088032 44.342301 18.268381 45.670953 
340.088032 44.342301 18.268381 45.670953 
340.088032 44.342301 18.268381 45.670953 
340.179374 44.570656 18.085697 45.214243 
340.088945 44.344585 18.266554 45.666386 
340.088945 44.344585 18.266554 45.666386 
340.088945 44.344585 18.266554 45.666386 
340.088945 44.344585 18.266554 45.666386 
340.088945 44.344585 18.266554 45.666386 
340.088945 44.344585 18.266554 45.666386 
340.088945 44.344585 18.266554 45.666386 
340.088945 44.344585 18.266554 45.666386 
340.180278 44.572917 18.083889 45.209722 
340.089858 44.346868 18.264728 45.661819 
340.089858 44.346868 18.264728 45.661819 
340.089858 44.346868 18.264728 45.661819 
340.089858 44.346868 18.264728 45.661819 
340.089858 44.346868 18.264728 45.661819 
340.089858 44.346868 18.264728 45.661819 
340.089858 44.346868 18.264728 45.661819 
340.089858 44.346868 18.264728 45.661819 
340.089858 44.346868 18.264728 45.661819 
340.089858 44.346868 18.264728 45.661819 
340.089858 44.346868 18.264728 45.661819 
340.089858 44.346868 18.264728 45.661819 
340.089858 44.346868 18.264728 45.661819 
340.089858 44.346868 18.264728 45.661819 
340.089858 44.346868 18.264728 45.661819 
340.089858 44.346868 18.264728 45.661819 
340.089858 44.346868 18.264728 45.661819 
340.089858 44.346868 18.264728 45.661819 
340.089858 44.346868 18.264728 45.661819 
340.089858 44.346868 18.264728 45.661819 
340.089858 44.346868 18.264728 45.661819 
340.089858 44.346868 18.264728 45.661819 
340.089858 44.346868 18.264728 45.661819 
340.089858 44.346868 18.264728 45.661819 
340.089858 44.346868 18.264728 45.661819 
340.089858 44.346868 18.264728 45.661819 
340.089858 44.346868 18.264728 45.661819 
340.089858 44.346868 18.264728 45.661819 
340.089858 44.346868 18.264728 45.661819 
340.089858 44.346868 18.264728 45.661819 
340.089858 44.346868 18.264728 45.661819 
340.089858 44.346868 18.264728 45.661819 
340.089858 44.346868 18.264728 45.661819 
340.089858 44.346868 18.264728 45.661819 
340.089858 44.346868 18.264728 45.661819 
340.089858 44.346868 18.264728 45.661819 
340.089858 44.346868 18.264728 45.661819 
340.089858 44.346868 18.264728 45.661819 
340.089858 44.346868 18.264728 45.661819 
340.089858 44.346868 18.264728 45.661819 
340.089858 44.346868 18.264728 45.661819 
340.089858 44.346868 18.264728 45.661819 
340.089858 44.346868 18.264728 45.661819 
340.089858 44.346868 18.264728 45.661819 
340.089858 44.346868 18.264728 45.661819 
340.089858 44.346868 18.264728 45.661819 
340.089858 44.346868 18.264728 45.661819 
340.089858 44.346868 18.264728 45.661819 
340.089858 44.346868 18.264728 45.661819 
340.089858 44.346868 18.264728 45.661819 
340.089858 44.346868 18.264728 45.661819 
340.089858 44.346868 18.264728 45.661819 
340.089858 44.346868 18.264728 45.661819 
340.089858 44.346868 18.264728 45.661819 
340.089858 44.346868 18.264728 45.661819 
340.089858 44.346868 18.264728 45.661819 
340.089858 44.346868 18.264728 45.661819 
340.089858 44.346868 18.264728 45.661819 
340.089858 44.346868 18.264728 45.661819 
340.181182 44.575177 18.082080 45.205201 
340.090772 44.349151 18.262901 45.657253 
340.090772 44.349151 18.262901 45.657253 
340.090772 44.349151 18.262901 45.657253 
340.182086 44.577438 18.080272 45.200680 
340.091685 44.351434 18.261075 45.652687 
340.091685 44.351434 18.261075 45.652687 
340.091685 44.351434 18.261075 45.652687 
340.091685 44.351434 18.261075 45.652687 
340.137337 44.465566 18.169769 45.424424 
340.091913 44.352005 18.260618 45.651546 
340.091913 44.352005 18.260618 45.651546 
340.091913 44.352005 18.260618 45.651546 
340.091913 44.352005 18.260618 45.651546 
