84.000000 151.000000 92.000000 104.000000 
92.550870 151.780000 90.620000 102.440000 
100.603507 152.036100 90.166900 101.927800 
112.862367 152.800559 88.814397 100.398883 
121.111084 153.553550 87.482181 98.892900 
128.877615 153.800782 87.044770 98.398435 
136.791100 150.553644 86.174322 97.414451 
144.811320 151.284252 84.881707 95.953234 
149.082716 152.003902 83.608482 94.513936 
156.840214 152.712756 82.354354 93.096227 
164.483959 153.410978 81.119039 91.699783 
168.553221 154.098726 79.902253 90.324286 
175.969879 154.776158 78.703720 88.969422 
183.111224 155.221006 77.916682 88.079728 
187.017338 155.881604 76.747932 86.758532 
194.132078 156.532293 75.596713 85.457154 
197.933836 157.173221 74.462762 84.175297 
204.706150 157.594098 73.718135 83.333544 
208.406862 158.219099 72.612363 82.083541 
212.047107 158.834726 71.523177 80.852287 
218.705270 156.380248 70.450330 79.639503 
222.083609 159.804533 69.745826 78.843108 
225.580615 157.421943 68.699639 77.660462 
228.880635 157.810245 68.012643 76.883857 
232.142438 158.194665 67.332516 76.115018 
238.253013 161.462196 66.659191 75.353868 
241.438483 158.986792 65.992599 74.600329 
244.750819 159.546294 65.002710 73.481325 
248.020948 160.097404 64.027670 72.379105 
251.231590 160.640247 63.067254 71.293418 
254.400247 161.174948 62.121246 70.224017 
257.371723 161.526068 61.500033 69.521777 
260.459060 162.047482 60.577533 68.478950 
263.353252 159.798572 59.971757 67.794161 
266.359562 162.863550 59.072181 66.777248 
266.802603 160.842640 58.186098 65.775589 
268.922729 162.905845 59.058890 66.762223 
271.887410 160.884822 58.173006 65.760790 
274.665231 161.213626 57.591276 65.103182 
277.025601 161.050868 57.879233 65.428698 
279.929260 161.541584 57.011044 64.447267 
280.071788 161.702702 56.725989 64.125031 
282.914624 162.183640 55.875099 63.163156 
285.209719 162.025732 56.154475 63.478971 
285.490492 162.343127 55.592930 62.844182 
288.151065 162.657347 55.037001 62.215740 
288.563842 163.123966 54.211446 61.282504 
291.283472 161.270541 53.398274 60.363266 
293.230811 163.165642 54.199248 61.268715 
293.637305 161.312114 53.386259 60.349684 
296.315963 164.042998 52.585465 59.444439 
296.315963 161.764737 52.585465 59.444439 
298.480151 163.911778 52.848393 59.741661 
298.876514 162.098971 52.055667 58.845536 
298.876514 164.359840 52.055667 58.845536 
301.250132 162.263476 51.795389 58.551309 
303.605707 164.635941 51.536412 58.258552 
303.992230 162.881576 50.763365 57.384674 
306.183535 162.881576 50.763365 57.384674 
306.310443 163.025038 50.509549 57.097751 
306.689265 163.453271 49.751905 56.241284 
309.184143 163.875081 49.005627 55.397665 
309.429171 164.152069 48.515571 54.843688 
311.308333 163.877850 49.000726 55.392125 
311.675838 164.293291 48.265715 54.561243 
312.037831 164.702501 47.541730 53.742825 
314.310322 164.971215 47.066312 53.205397 
314.427988 165.104228 46.830981 52.939370 
316.246007 164.839531 47.299291 53.468763 
316.482503 165.106875 46.826298 52.934076 
316.599569 163.221819 46.592166 52.669405 
318.832530 165.485166 46.126244 52.142711 
319.178477 163.911019 45.434351 51.360571 
319.064891 165.765226 45.661523 51.617373 
321.258416 164.058096 45.204907 51.101200 
321.484440 166.244037 44.752858 50.590188 
321.484440 164.313602 44.752858 50.590188 
323.414875 166.244037 44.752858 50.590188 
323.526757 164.440077 44.529094 50.337237 
323.526757 166.370512 44.529094 50.337237 
325.551124 164.583312 44.306449 50.085551 
325.883422 166.854606 43.641852 49.334267 
326.210736 165.363743 42.987224 48.594253 
326.210736 167.224613 42.987224 48.594253 
327.981529 165.224866 43.202160 48.837225 
327.981529 167.103127 43.202160 48.837225 
328.305545 165.625928 42.554128 48.104666 
330.344402 167.692538 42.128586 47.623619 
330.133759 165.610942 42.549872 48.099856 
330.452884 167.780386 41.911624 47.378358 
330.662442 166.225974 41.492508 46.904574 
332.453746 168.017278 41.492508 46.904574 
332.350015 166.091321 41.699971 47.139097 
332.454265 168.000473 41.491471 46.903402 
334.159232 164.265823 41.698928 47.137919 
334.263479 169.757581 41.490433 46.902229 
334.574657 163.013696 40.868077 46.198696 
336.246400 171.767764 41.072417 46.429689 
336.246400 161.124286 41.072417 46.429689 
336.246400 173.541677 41.072417 46.429689 
336.041038 158.979094 41.483141 46.893986 
337.832342 175.100833 41.483141 46.893986 
338.143466 155.939495 40.860894 46.190576 
337.837009 178.880022 41.473808 46.883435 
337.733325 151.632378 41.681177 47.117852 
339.246803 182.322473 42.306394 47.824620 
329.923645 182.202911 42.517926 48.063743 
329.711056 180.101723 42.943106 48.544380 
329.388983 179.737640 43.587252 49.272546 
329.062078 181.281139 44.241061 50.011634 
328.730270 180.906052 44.904677 50.761809 
328.505747 178.687026 45.353724 51.269427 
328.505747 180.652243 45.353724 51.269427 
328.619131 178.832591 45.126955 51.013080 
330.471531 180.670275 45.352590 51.268145 
330.698294 178.978790 44.899064 50.755464 
330.473799 180.690230 45.348055 51.263018 
330.473799 178.725013 45.348055 51.263018 
330.587169 180.800996 45.121314 51.006703 
330.248759 178.435837 45.798134 51.771804 
332.540071 180.771952 45.111162 50.995227 
332.201737 180.389488 45.787829 51.760155 
332.430677 178.683071 45.329951 51.242554 
332.090702 180.298752 46.009900 52.011192 
331.860652 178.021305 46.469999 52.531304 
331.628302 179.793431 46.934699 53.056617 
333.445803 177.475974 47.404046 53.587183 
331.783942 179.895269 46.692986 52.783375 
332.134139 178.308536 45.992591 51.991625 
334.019158 180.178556 46.222554 52.251583 
334.365827 176.640009 45.529216 51.467809 
334.593473 180.793000 45.073923 50.953131 
334.255419 178.428243 45.750032 51.717428 
333.912293 180.057753 46.436283 52.493189 
333.680112 177.760505 46.900646 53.018121 
333.562860 179.662742 47.135149 53.283212 
333.327185 177.326761 47.606500 53.816044 
333.446201 179.513475 47.368468 53.546964 
335.498375 177.461301 47.368468 53.546964 
335.853638 177.862903 46.657941 52.743759 
335.853638 177.862903 46.657941 52.743759 
335.620349 179.633967 47.124520 53.271197 
335.384726 177.315437 47.595765 53.803909 
335.265737 179.250492 47.833744 54.072928 
335.504905 177.468683 47.355407 53.532199 
337.877462 177.870175 46.645076 52.729216 
338.227300 178.265644 45.945400 51.938278 
338.112437 178.135798 46.175127 52.197969 
337.766123 177.744313 46.867753 52.980939 
337.648954 177.611861 47.102092 53.245843 
337.884464 177.878090 46.631071 52.713385 
337.651309 177.614523 47.097382 53.240519 
337.769052 177.747624 46.861895 52.974316 
337.534743 177.482753 47.330514 53.504059 
337.889722 177.884033 46.620556 52.701499 
339.691402 177.620526 47.086762 53.228513 
339.809119 177.753597 46.851328 52.962371 
339.809119 177.753597 46.851328 52.962371 
339.926247 177.886003 46.617071 52.697559 
339.926247 177.886003 46.617071 52.697559 
339.809704 177.754259 46.850157 52.961047 
339.809704 177.754259 46.850157 52.961047 
339.692579 177.621857 47.084408 53.225852 
339.457157 177.355727 47.555252 53.758111 
339.576045 177.490123 47.317475 53.489320 
339.576045 177.490123 47.317475 53.489320 
341.847415 177.757569 46.844301 52.954427 
341.964526 175.872564 46.610079 52.689655 
342.314101 178.250345 45.910928 51.899310 
342.658433 176.674372 45.222264 51.120820 
342.432322 178.401377 45.674487 51.632028 
342.774881 176.840791 44.989369 50.857548 
342.437460 178.441968 45.664210 51.620411 
342.437460 176.459360 45.664210 51.620411 
342.779942 178.794339 44.979247 50.846105 
342.779942 176.846513 44.979247 50.846105 
344.425206 178.447776 45.653936 51.608797 
344.767611 176.887015 44.969126 50.834665 
344.430342 178.488364 45.643663 51.597185 
344.544451 176.652140 45.415445 51.339199 
344.317374 178.378052 45.869600 51.852591 
344.317374 176.395444 45.869600 51.852591 
344.432048 178.507684 45.640252 51.593328 
344.432048 176.525075 45.640252 51.593328 
346.722176 176.912025 44.955648 50.819428 
346.834565 177.039074 44.730869 50.565331 
347.058220 177.291900 44.283561 50.059677 
347.390346 177.667348 43.619307 49.308782 
347.172250 177.420804 44.055500 49.801870 
347.392527 177.669813 43.614945 49.303851 
347.065415 177.300035 44.269170 50.043409 
346.733396 176.924709 44.933207 50.794060 
347.070395 177.305664 44.259209 50.032149 
346.738451 176.930423 44.923097 50.782632 
346.850759 177.057380 44.698482 50.528718 
346.850759 177.057380 44.698482 50.528718 
346.850759 177.057380 44.698482 50.528718 
346.962505 177.183702 44.474989 50.276075 
347.184880 177.435082 44.030239 49.773314 
346.964729 177.186215 44.470542 50.271047 
347.075905 177.311893 44.248189 50.019692 
346.854664 177.061795 44.690671 50.519889 
347.189845 177.440694 44.020311 49.762091 
347.299895 177.565099 43.800209 49.513280 
346.971394 177.193749 44.457213 50.255979 
346.971394 177.193749 44.457213 50.255979 
346.860251 177.068109 44.679499 50.507259 
346.748552 176.941841 44.902896 50.759796 
346.748552 176.941841 44.902896 50.759796 
346.748552 176.941841 44.902896 50.759796 
346.748552 176.941841 44.902896 50.759796 
346.973066 177.195640 44.453867 50.252198 
346.861932 177.070010 44.676136 50.503459 
346.750241 176.943751 44.899517 50.755976 
348.698068 176.943751 44.899517 50.755976 
346.637993 176.816861 45.124015 51.009756 
346.976423 177.199434 44.447155 50.244609 
346.976423 177.199434 44.447155 50.244609 
346.865305 177.073823 44.669390 50.495832 
348.907413 177.200062 44.446043 50.243353 
348.907413 177.200062 44.446043 50.243353 
346.976978 177.200062 44.446043 50.243353 
346.865863 177.074454 44.668274 50.494570 
346.754193 176.948218 44.891615 50.747043 
348.796856 177.075085 44.667157 50.493308 
348.908524 177.201319 44.443821 50.240841 
349.241853 177.578125 43.777164 49.487229 
349.241853 177.578125 43.777164 49.487229 
349.022967 177.330689 44.214935 49.982101 
349.022967 177.330689 44.214935 49.982101 
349.133504 177.455644 43.993861 49.732190 
349.353474 177.704305 43.553922 49.234868 
351.540998 178.073566 42.900613 48.496345 
351.755501 178.316048 42.471607 48.011382 
351.543143 178.075991 42.896323 48.491496 
351.221420 177.712305 43.539768 49.218868 
351.330270 177.835352 43.322069 48.972774 
351.221965 177.712920 43.538680 49.217638 
350.895424 177.343788 44.191760 49.955902 
351.005904 177.468678 43.970801 49.706123 
351.225758 177.717208 43.531093 49.209062 
351.116930 177.594186 43.748748 49.455107 
350.788815 177.223272 44.404980 50.196933 
351.010839 177.474257 43.960930 49.694964 
350.900937 177.350020 44.180734 49.943439 
351.121841 177.599737 43.738927 49.444005 
351.121841 177.599737 43.738927 49.444005 
350.903146 177.352517 44.176316 49.938445 
350.571824 176.977978 44.838961 50.687521 
350.571824 176.977978 44.838961 50.687521 
350.908116 177.358135 44.166377 49.927208 
350.908116 177.358135 44.166377 49.927208 
353.117625 177.732589 43.503881 49.178300 
353.117625 177.732589 43.503881 49.178300 
352.900105 177.486697 43.938920 49.670083 
351.004453 177.486697 43.938920 49.670083 
351.004453 177.486697 43.938920 49.670083 
352.807649 177.362522 44.158614 49.918434 
353.028442 177.612114 43.717028 49.419249 
352.809857 177.365018 44.154199 49.913442 
350.658651 177.115451 44.595741 50.412576 
350.658651 177.115451 44.595741 50.412576 
350.658651 177.115451 44.595741 50.412576 
350.547162 176.989420 44.818719 50.664639 
350.771256 177.242743 44.370532 50.157993 
348.729895 177.117348 44.592385 50.408783 
348.395452 176.739282 45.261271 51.164915 
350.569584 176.995106 44.808658 50.653265 
348.509736 176.868473 45.032701 50.906532 
348.397155 176.741207 45.257865 51.161064 
348.623444 176.997012 44.805286 50.649454 
348.735457 177.123636 44.581260 50.396206 
348.735457 177.123636 44.581260 50.396206 
348.735457 177.123636 44.581260 50.396206 
348.512551 176.871655 45.027072 50.900169 
348.850254 177.253406 44.351666 50.136666 
349.072012 177.504089 43.908149 49.635299 
348.852471 177.255913 44.347231 50.131652 
348.963340 177.381242 44.125495 49.880994 
348.963340 177.381242 44.125495 49.880994 
348.963340 177.381242 44.125495 49.880994 
349.183967 177.630647 43.684240 49.382184 
348.965546 177.383736 44.121082 49.876006 
348.965546 177.383736 44.121082 49.876006 
349.186151 177.633116 43.679871 49.377246 
348.858552 177.262787 44.335069 50.117905 
349.191065 177.638671 43.670043 49.366136 
349.191065 177.638671 43.670043 49.366136 
349.191065 177.638671 43.670043 49.366136 
349.081890 177.515256 43.888394 49.612967 
349.191611 177.639288 43.668952 49.364902 
349.409956 177.886113 43.232262 48.871253 
349.085714 177.519578 43.880746 49.604322 
348.976012 177.395567 44.100150 49.852343 
348.865762 177.270937 44.320651 50.101605 
348.754960 177.145683 44.542254 50.352113 
348.866316 177.271563 44.319543 50.100352 
348.866316 177.271563 44.319543 50.100352 
348.866316 177.271563 44.319543 50.100352 
346.953272 179.184606 44.319543 50.100352 
348.977115 175.483770 44.097945 49.849851 
348.977115 179.309857 44.097945 49.849851 
348.977115 175.483770 44.097945 49.849851 
348.646380 178.970766 44.759414 50.597598 
348.982076 175.524161 44.088023 49.838634 
348.871856 179.225651 44.308463 50.087828 
349.204169 175.810006 43.643836 49.336510 
348.985950 179.389410 44.080274 49.829875 
348.985950 175.563323 44.080274 49.829875 
348.985950 179.389410 44.080274 49.829875 
348.985950 175.563323 44.080274 49.829875 
349.206351 179.603777 43.639472 49.331577 
349.206351 175.812473 43.639472 49.331577 
348.988154 179.391902 44.075866 49.824892 
348.657585 175.157345 44.737004 50.572266 
348.657585 179.018215 44.737004 50.572266 
348.769427 175.283776 44.513319 50.319404 
348.658144 179.018847 44.735886 50.571001 
348.658144 175.157978 44.735886 50.571001 
348.993663 179.363347 44.064848 49.812436 
348.663177 175.128884 44.725820 50.559623 
348.774991 179.116153 44.502191 50.306825 
348.886247 175.415833 44.279680 50.055291 
348.554149 178.936070 44.943875 50.806120 
348.778869 175.329231 44.494437 50.298059 
348.667633 179.064356 44.716909 50.549549 
348.555840 175.042330 44.940493 50.802297 
348.668191 179.030205 44.715791 50.548285 
350.916603 175.583230 44.045054 49.790061 
350.916603 179.409317 44.045054 49.790061 
350.586265 175.175022 44.705730 50.536912 
350.809794 179.253794 44.258673 50.031543 
351.141734 175.872509 43.594793 49.281070 
351.032747 179.540610 43.812766 49.527475 
350.923215 175.590705 44.031830 49.775113 
351.143374 177.717841 43.591512 49.277361 
