255	62	24	23	
255.99304859162342	62.51430133630389	23.207463582523058	22.818891430830895	
255.55473824339924	63.11819878624904	22.826939297444028	22.76363887677914	
254.8424039201827	62.21182620548635	22.52623517359193	22.76171248247686	
254.06300538749764	61.82605174103604	22.69827012437193	22.687234994825076	
253.7787615164077	62.13462588050842	22.92297981960248	22.716204288373834	
253.64144372836728	62.512756276529394	23.095213522127978	22.83627948060216	
253.48588620467208	62.45723738803122	23.11466064842042	22.936006984066346	
253.60131842127217	62.545949513466375	22.858681769079972	22.875919959623715	
253.74595256027047	62.5850536361104	22.711363029505183	22.770397849033763	
254.39641488421339	62.22170582375185	22.923921685379092	22.97850257782193	
254.73373752621134	62.210497108960396	22.85892448398164	22.812138785178487	
254.52816762723137	61.76133544448746	22.752512600661706	22.811206748092197	
254.5434747563499	62.36633078223275	22.635319557216576	22.581912658102134	
255.3156773914527	62.34801876688481	22.64403413895034	22.53185026631833	
254.9148718133788	62.52251957373922	22.953762410546943	22.329254346532394	
254.95422463369965	62.24713523673958	23.16535404033392	22.360164539526128	
254.0562764076381	63.07058372386443	23.276750002419035	22.10803327092119	
254.05172448533557	62.776013392023756	23.125400228822976	22.41573961185677	
253.80011464495388	62.57041135824847	23.034580305615428	22.50623600815855	
254.27619325916098	62.13818719656794	22.955298404161162	22.586641564337988	
254.061137585474	62.854357230958	22.826204857062038	22.722026143879482	
254.80383493700614	62.69327997220032	22.578323361970025	22.641959129062815	
253.92985319801636	62.22788282174601	22.40899692940613	22.63552482561591	
253.36288164543654	62.96629542837508	22.688750828280327	22.490746531518635	
253.53008878365176	62.70863920102994	22.664013939450022	22.565799882326136	
253.18142510308107	62.68396096780194	22.527614852704623	22.39334930998274	
252.72780988381746	63.26497006568481	22.42481755911087	22.13025570135443	
252.0981608380439	63.44484632006548	22.319030882369226	22.17317341887739	
252.24979513595383	62.678620493526395	22.04026669916664	22.259471154812022	
250.38763876642489	62.824554241906455	22.08053891434936	22.228193561292038	
249.2069483554703	62.75893586437358	22.04904594920042	22.3020226558223	
248.00459762872032	62.897485155215904	22.092142981893968	22.29716972370283	
246.23806646696062	63.3085561628631	22.091832269536454	22.236996064103657	
244.29412225569376	63.64481907035465	21.946752359354036	22.64339415059773	
241.94668806491043	63.30362373424096	21.952001721519583	22.718267199171322	
239.9470641660799	62.8466072207541	21.73264678941006	22.72869818332786	
238.10131187219312	62.937176516427236	21.741027206048525	23.052699067964756	
237.15173216192088	63.01962012198935	21.400697869877327	22.9730287355743	
234.8002529497308	63.34419578882119	21.00931745274422	22.403195695737065	
233.79529438350738	63.685105318496326	21.120431059452425	22.344816995869827	
233.5578746965392	64.49528015115465	20.951786652569606	22.117068779430824	
231.05005189464853	64.93399406554704	21.408665948936296	22.01307582484732	
229.82680493540934	64.84691298473689	21.59239505596906	21.885222779834777	
229.41392691166607	64.93397832912001	21.767992288278375	21.700908455103317	
229.25393790558294	65.07742877505265	21.640087426035915	21.668973129606215	
227.6862889685821	65.33151786693031	22.13923912349891	21.985973535948034	
227.56812996448966	64.51488520126097	21.853871786349032	22.438849066728316	
226.02338926313368	64.12012973383796	21.80470708471086	22.71142998739756	
224.3968122277318	64.87248960632336	21.590073786437102	22.63451918424608	
223.27517022938085	64.42264351637706	21.696817326026746	22.735478215927266	
221.8702626902812	64.45931845216055	21.595078384867	22.717337481812677	
220.0806476046527	64.32901203967373	21.69621468350583	22.80993157251033	
219.3334837737407	64.16591632939209	21.966136209128464	22.769988432125267	
218.27091184396747	64.47969524908586	22.160735846574884	22.816735631357155	
216.69399000473538	65.13394410033337	22.2217888921352	23.03437707443625	
215.53061582740193	64.4088423258404	22.36804362630871	23.18977826250036	
215.1114295444103	64.61694761776835	22.330677585651163	23.530125199826987	
214.75350755625962	65.11650065009226	22.188048555804887	23.533977533222348	
215.0119097836969	65.75312912587087	22.03609798665077	23.463432282408718	
214.09970554225353	66.25804050827777	22.171558136694916	23.313391224211067	
213.90457060002456	66.0469864511378	21.926636755435325	23.439860720376014	
213.02860030982538	66.06367306625116	21.891817365532646	23.442916207200007	
213.21937878287014	66.64801614881924	21.891084231561585	23.576156515576756	
213.4872523138097	67.2931024095391	21.739801419663888	23.716901236715575	
213.0890549512596	67.27050389733994	21.76189961556063	23.746249920896382	
212.92809158523286	67.80078144175465	21.918071099540757	23.72555721716991	
212.78247228217884	67.39882071359918	21.52500445738993	23.90961067591033	
212.80829181571863	68.70974376718871	21.596824461056862	23.95970406956711	
213.0642471406586	68.53925321635614	21.604188781636736	23.707237442162267	
213.317843162236	69.32643099874379	21.689916562708017	23.80844881027141	
213.9621770747836	69.10058392361896	21.907377838474265	23.72206063212368	
213.61236067916676	68.80946757757374	21.770657725150123	23.842562577227294	
214.21143993645782	68.71673359928471	21.95722254958388	23.869907501537213	
213.69565916575118	69.16822307885019	21.87189337012817	23.62206257079848	
213.54893114938233	69.61638242604968	21.547749742177572	23.29208120977673	
214.43032669800542	70.05757028297992	21.22624600661529	22.617453339789748	
214.90126092311732	70.05197474895026	21.07097127296743	22.20917911291541	
215.20968197779823	69.98688618848797	21.120644694874947	21.70994549525536	
213.45139421278125	70.11126108189929	21.197495424171386	21.2842042584071	
211.8273900573502	70.07880661555392	20.96089809839625	21.397439955969997	
210.35647376218898	70.94777607799045	21.09837934812181	21.40337892964645	
208.62570656552313	69.76141328915213	21.117596458730453	21.566855158821475	
207.38773394232112	69.53345070768151	21.344547240385907	21.87378811568052	
204.4748234056717	69.59666164812923	22.00986696978765	22.18601668644129	
202.14429919882133	69.81510943347247	22.022714666362553	22.369473811173908	
201.0286643564068	69.2040102955277	22.328753197287735	22.623340902202948	
198.7932096509288	69.06754309025828	22.544937417212402	22.94866242822188	
197.4083794663389	68.9904511847773	22.537921611991003	22.805236390350757	
195.90770924064876	69.05186448522801	22.460079162355758	23.059348834089874	
195.26380117762776	68.39164033193144	22.374840880964403	23.127992028458532	
194.4503265407638	68.35942900770412	22.443084984406262	23.35429596528892	
192.6174249036468	67.64702682822502	21.93730674304598	23.62135380105284	
190.96879313515888	68.87920193313016	21.606136642518507	23.722619039741943	
190.0364213611237	68.87021170243284	21.82191348449507	23.188739747523485	
188.8539307739465	69.15160188288017	22.46035480903079	23.10744420890014	
188.01966072726827	68.75855239355785	22.412132958542195	23.299864497886073	
186.944635741194	69.21986609670732	22.320836974623017	23.279808511413314	
185.74789830953694	69.40527387833504	22.39482315959857	23.13116203971391	
184.48558225270227	69.83701783131612	22.208638675446842	23.067921046473664	
183.00213959724186	70.78255276193258	22.25588659557293	22.8477891356939	
181.65093159230088	70.23020994523584	22.56720187964889	22.6466515365152	
181.980054474869	70.84765438443182	22.420772391540346	22.948248388916042	
180.57788815886866	71.31754113361127	22.311012332240683	22.812394436112537	
179.87380208639763	71.88258384509813	22.440294969793193	22.827168613407064	
178.60242155468174	71.85762247693656	22.59494065619827	22.541138149852475	
177.9895776610651	71.55873952419444	23.01030049196737	22.49515187281982	
177.78852750470946	72.03993534242096	22.99070734788516	23.01290159756946	
176.64204294581762	72.15703572123357	22.762360790064974	23.36158273075417	
175.9266002247618	72.69880951461755	22.632794069056466	23.306981888382055	
175.7396115883959	72.09241499675707	22.46442957516807	23.63986274305124	
176.3723297695256	73.16967632482087	22.31223242793718	23.555220365208356	
175.83953284054604	73.88547428719775	22.408925463176818	23.20378660825956	
175.93482153589227	73.9853626586702	22.333612347395633	23.449118604030346	
175.83845801057117	73.98538729144465	22.31570568348755	23.491718609211894	
177.02060837266674	74.15096913385428	22.488790622951832	23.286784906030825	
176.07176942479464	74.08107952517044	22.458214898341424	23.273364987845248	
176.42800732757436	73.90833264523987	22.40526833467407	23.303294241104673	
177.1041879660242	73.77866911980304	22.40656108050186	23.46202067450724	
176.87036886222918	73.673480215214	22.373894163592826	23.560073504776085	
176.7058764341986	73.32439362695158	22.20988687452687	23.659773543974303	
177.58067454842106	73.09566162583285	22.466331922918332	23.58617619525584	
177.1546865136248	73.42696695735509	22.62927802115797	23.801018005062446	
177.3140082178366	73.07714558612948	22.56087895947281	23.997703762245063	
176.66346691087742	73.10255111461251	22.739107130257203	23.837448143610246	
177.50312087634646	72.72085458136677	22.699002263383136	23.9523918521898	
178.49756686253517	73.09374254203179	22.51563509627649	23.77292273259133	
178.42949408117985	72.55903377934236	22.1932709836222	24.03330228112469	
179.01317976664018	71.93437736232582	22.27594138115499	23.976274989118977	
180.9898950040111	73.04735961294953	22.04241458334552	23.51696833011274	
182.09814866808514	72.42731182450456	22.47939683461275	23.414475033783063	
183.11163404713196	72.48555237427638	22.747445277098002	23.424522510059617	
185.9335205292362	73.86713639247424	22.958684036229624	22.701524184953268	
189.82592459152337	73.76665612070592	23.25587424872394	22.682589684396767	
193.28889411978187	72.81978953603675	22.83014648328642	22.725716576545274	
197.32513324624875	72.33568269317823	22.45909010500365	23.105619643154753	
200.46837553611658	71.52476459761219	22.249694447412537	23.263943639271538	
204.59536800252863	70.11698875890501	22.040583773845366	23.986720733073817	
208.34356699768736	69.38559812063095	21.68283592416082	24.09308709853578	
212.70618357109683	69.10179637405683	21.613332943681165	24.326254160425414	
216.5866490333435	68.6645334101811	21.63130099075291	24.29065468081188	
220.03028645983795	68.65537173141338	21.867342074167627	24.377747388921534	
223.44485419508072	67.62130527897823	21.423223276227368	24.2996360331798	
225.60132631866173	67.75503276459142	21.78323376735787	24.127610979438334	
229.34258045957648	67.5651428750049	21.709919677701322	23.723089067275197	
232.68284518707483	67.69285447510694	21.574639258923877	23.282874101574023	
235.17558623505283	66.59588863335217	21.397077809224506	23.075469017589604	
238.41482576761993	66.86722911474445	21.15656404504994	22.855921781931027	
241.52346456434978	66.69803334796347	21.31767805430475	22.9490971662522	
243.2841736993016	66.44125757409793	21.421273381343212	22.719690652992284	
246.91083676927315	66.43669945613188	21.213808971010277	22.789963591740502	
248.93381351889136	66.14375826129015	21.221885365221212	23.003628164290813	
250.82526491810293	65.79097422716595	21.67836403483224	22.98671123422939	
253.08710748995458	65.37105104299226	21.240048105535863	23.23613931567329	
255.73572871143526	65.5823418092661	21.047269196680464	22.9804950422169	
257.9427353875132	64.70910821865652	20.76306608789253	23.053753745689413	
260.86767200135773	65.24466618199794	20.51285584454935	23.600651614262155	
261.7560723091426	64.33537523086966	20.236341976646706	23.47393961115871	
263.4540902696088	64.96646439884009	20.434820700031878	23.668345876301498	
265.62029227165647	65.1550158027857	20.486563025785664	23.653159916356728	
266.8299958882561	65.40760152686826	20.612262838260875	23.328641643702532	
266.7640650269429	64.26631837614102	21.08804038312295	23.378586810020746	
268.96792578012725	64.5852771763721	21.056881452862136	23.445286501998808	
270.7454949986942	64.72723212245108	20.671095323852825	23.79187255713107	
271.129754740291	63.96544912024678	20.69526397265514	23.705296069701987	
272.5355838904233	63.82577005522485	20.558200028211417	23.956712771455095	
273.0632356224446	64.30258652668078	20.70361419693993	23.754270145755697	
273.8441348438586	64.55609024017033	21.023649620147065	23.740440824422024	
274.1640733879515	64.64093626468858	20.971527529859877	23.94311550448259	
275.4863958782835	65.17189454842526	21.324553188078482	23.63395648977231	
275.0186074323528	65.52297696657826	21.348559688717877	23.655927790124593	
277.06184452714433	64.98158317503399	21.33987875394526	23.653111140690815	
277.07276607011437	65.42670292040785	21.08226937335485	23.707264868631555	
277.5621884588288	65.22560898864955	20.868364511958138	23.58490567523991	
277.88389606182875	65.35237367207804	20.935360234319084	23.650912082491388	
278.7643103334701	65.70891079310411	20.97584650103178	23.82282507044446	
278.5823169311574	66.07549542162981	21.022942470193193	23.705564608526792	
279.0989111313213	66.46020352649158	21.017212281787216	23.421995432822012	
278.6130995161881	66.60647242734822	20.94067099548543	23.259616301128304	
279.16850541572956	65.99749423412784	20.992313362175356	23.317727770556097	
279.42170608784807	64.9811564599188	20.81072653392482	23.772485153067983	
279.6989334471536	65.39499731875992	21.08131033967527	23.933057270806017	
279.79061596912106	65.62446772175167	21.20632659528807	23.655272622703734	
280.4697029325403	65.90091028918499	21.209358682465897	23.394542142185653	
280.8610871556293	65.36784568997493	21.635915394941037	23.311752871637896	
280.4969832214028	65.4858184813977	22.08893313678633	22.96660581106979	
280.5877370257246	67.00872267963962	22.148264001280083	22.631495543348745	
280.3026898643302	66.13492743415155	21.99974675159904	22.558886602435045	
280.85430995064667	66.37524299594473	21.644760440313476	22.818650368621995	
281.0554309647323	65.49064410477821	21.681262082157712	23.048787208636007	
282.20225640593753	65.13862242490237	21.5704684910161	23.226347168647823	
283.8835652968542	65.36773471994147	21.324056876783395	23.065478510831056	
284.23208887723587	64.37549179002025	20.78033691538701	23.084405335989427	
285.90752694668544	64.53939124281273	20.61566621298384	22.92895029774848	
286.64085227007797	63.518475941814415	20.67033813698063	22.876078619395066	
287.1767828601443	62.76623199590685	20.531514325547597	23.12432913571046	
289.05887295021114	62.97792686652613	20.750425010657644	23.05044196962035	
288.91228012002625	61.43441056055682	20.858113290711803	22.946417105076435	
289.3178583892931	61.166121257343576	20.649043372832274	23.115713369267276	
288.3275531976665	61.09215170687543	20.75466355546508	22.643959418304064	
288.8999923334548	61.94492714394454	20.979206539929386	22.09219778934792	
288.5109229769226	61.20843152950268	20.630583030075194	22.313591771017496	
289.2221503189667	60.28998424929984	20.29294115212503	22.314820354026136	
289.46659837371834	60.74290569922437	20.374029097294375	22.207138347738535	
288.8197632428803	60.694703712440514	20.543090554724117	21.85035662583244	
288.61734571182217	61.66850039437222	20.35838081666349	21.145250307297566	
289.14617203437336	61.88872147570157	20.215054959874642	20.641055765080047	
289.87830990253815	61.121915064711914	20.327409966217274	20.647301054888544	
289.0298365587949	60.298876501178235	20.28745199537586	20.696258743099367	
288.16793475419905	58.18589857794372	20.097546742173144	21.177262964056524	
286.50630459197737	57.41564516971558	20.254504090328904	21.41987354057632	
285.0874660920878	55.82776195253768	20.59361162841353	21.49746553559059	
284.4919581796248	55.089873431912935	20.659188028150723	21.50751470010084	
283.83407464204436	54.181073972139615	20.99550236467003	21.669945054366387	
283.1764357965839	52.91597964787019	20.877077262253998	21.6319317889192	
281.6061257851077	52.40398508132209	21.006978516636373	21.596388963630815	
282.3213284943347	51.98391156100246	21.26371936572628	22.355066052474932	
281.6619459940892	52.23020582286422	21.311280591160827	22.272101091422062	
282.42811006126794	52.15972021582083	21.135636508268412	22.471392384185776	
282.637385412164	52.21000719369664	21.159732034717727	22.432148969385416	
283.8320672031554	52.73124779414591	20.661527231301086	22.3157399688556	
283.7002483791581	54.26971279865027	21.2647933254336	22.069834533895214	
284.95550233273127	55.35061306830642	21.392564677415947	22.10251816335206	
285.5416594618852	58.77869257140318	21.63069358689032	22.032190548387618	
285.9495122155275	61.5406284264584	21.18314297492109	21.72266235790564	
285.10677241548984	64.77257246722345	20.98890115694274	21.56683033320435	
282.6875454404217	67.77311132726801	20.87527165422131	21.18503629655238	
281.9012452955412	70.03471735013605	20.795937527562952	21.95173534675675	
281.691654552717	72.63888826990778	20.745754354662985	22.71775381610322	
280.495487032463	75.39910551408175	20.473484768951153	22.88989046036024	
279.45700041149155	79.03657224905741	20.600679998349044	23.090397187942507	
278.16522431583314	81.04041446620798	20.347317060883448	23.095479601592597	
277.69751607663943	84.71854920408785	20.54822659127505	23.178331453924798	
275.60203029857024	88.4855459049362	21.211496112855563	23.379786121330458	
274.01349370713234	91.59966260789588	21.877042445769508	23.868710902129628	
273.26116456922983	94.13781589286431	21.82634798059805	23.99478466781644	
270.6964521582321	96.88105565673017	21.269704646945467	23.909442939346526	
269.1884811792277	99.83713709682789	21.76384907221093	24.641636841569824	
268.2266729175567	102.87558546239629	21.841459296211895	25.227751590430145	
265.75791792632657	105.62678875011787	21.924775466048665	25.290743661846896	
263.7213376078978	108.98407675158816	22.34030727276938	25.41429122709657	
262.2887179255898	111.71320295054473	22.560290676172375	25.5247311810935	
259.94599230178244	114.83771703588205	22.29876207260174	25.72556770467884	
257.8174895181722	117.71996052477606	22.644654998732967	25.855164362918423	
256.91180939745954	119.89135605581994	22.770152526104425	26.04641647032932	
254.28768356380235	124.46781247365817	22.894552115016552	26.272394736621436	
251.68516436282795	126.28655788598715	23.650844140344947	26.521332703320198	
249.27652486156273	129.21985687182584	23.9687738450418	27.091190341745644	
247.78175596069144	131.9809016516846	24.13977930424231	27.45059299283146	
245.0070591740038	135.34595350151963	24.199882060043585	27.32700303273204	
242.53407404670787	137.84201444743232	24.275665463818854	26.997043726444986	
240.11619771931882	140.4887890392524	24.2010704472004	27.3483175318622	
238.13721164557995	142.74556596405773	24.557853682301566	27.674251512893335	
236.54754253488804	146.08107561665918	24.573633320049844	27.859784358472925	
233.25266328104837	147.9951626309904	24.49285800982548	28.10981309282005	
230.87167111818252	150.6927733696574	25.09945632394147	28.640722059357735	
228.8085410897857	153.61203927976652	24.889553716662	28.595404468068153	
225.98684141978262	156.61241509815278	24.59780387725734	28.77756440251011	
223.9758705988202	157.5785073172995	24.848138449975714	28.64316449395796	
221.58058613854257	160.6011426938813	25.40555011280396	28.713108995527573	
220.02876956451922	162.86669596738227	25.561788711624	28.760631037488647	
217.74591463130454	165.8528001731515	26.009328235387102	28.452376660837444	
215.3175067965009	167.94883168222208	27.10032880115729	27.987773262456887	
213.37800485992287	172.86907997920224	27.60024122746223	27.111745677393802	
211.68654629764885	174.15094437476353	28.301689846499734	26.636400877201325	
211.4969730600659	174.6289184991444	28.094291353278805	26.435555954022963	
211.58978998588103	171.5263749034408	28.0219011215898	26.600691081703907	
211.84121502972195	165.60690625988616	26.956430275412234	27.39481366291526	
213.1318132671076	159.60911455197157	26.424692867750593	27.304557944450558	
213.37408798222074	151.73595787786945	25.57001111820027	28.252917323731594	
213.4327497503308	144.34014852176324	25.018160788127442	28.360726877337957	
213.35622980932686	137.5846862634665	24.769835200007073	28.070075664709663	
212.73645234326375	130.37205481968476	24.056311071265483	28.305139601504315	
213.3798728280782	124.4503879702551	23.598033301505126	27.935438203814336	
212.07736906580755	118.0286392433211	23.76143559432186	27.62752464261814	
212.30021423496913	112.51329743111224	23.754192819531564	27.283082346998192	
211.7957618460453	105.516716965632	23.279104180500628	26.868836370736993	
211.69050653733433	99.81597207750207	22.96807136838268	26.453645921026386	
211.07727348437982	94.72089615715214	23.03699203122234	25.81713789471153	
210.66932719704903	88.50878180690556	22.392994850221534	26.20346102791172	
210.9201945647065	84.0319712294783	21.968975580028342	25.545548157321043	
210.67959156773878	79.09684556428418	22.074382637562906	24.995397710440812	
210.25023546899317	74.56627908091365	22.04654374747542	24.418043160933756	
209.7851709645115	70.39741385859948	22.369876544989836	23.514073783752586	
208.8622975342121	66.69648283618422	22.451588079243866	22.342783759519484	
208.1410951068101	65.74871803917054	21.521696285179367	21.65272271431096	
210.90622946895576	64.84803910774237	20.566748063525697	21.41237995518618	
212.37046065327337	64.217928881657	20.853115727111064	20.97058413608769	
213.99028534943065	63.15436648008893	20.529331012306614	20.78998240899993	
214.43225206503035	63.43633119970921	20.24199009785648	20.418901523138416	
213.71699034724344	63.011669924455965	20.083649172760403	20.402678252707215	
214.499312802663	63.12677016327023	20.214029474129518	20.375720253949208	
213.97816866697386	63.829688469051106	20.31156149944729	20.175358470126433	
213.94086908397284	64.23594052577056	20.334850833250748	20.16895271318279	
213.65361562783002	64.06384792219296	20.219317438544586	20.12131783541043	
213.87665820641294	64.20707685882842	20.231488968325543	19.89836569460966	
214.15524535765846	64.08198205416478	19.83118567314989	19.793299157882444	
213.94182481975673	64.41514801597218	19.727537957863255	19.7227878872156	
214.76815158760664	64.36402419550416	19.565719267691442	19.617629829711362	
215.192102907389	64.23190084060289	19.354650447918274	19.601349457934603	
215.88191293501453	64.61774649842553	19.692626947632885	19.498391719686616	
217.02530940594133	64.21080550206489	19.19791097156175	19.43932672331102	
219.04163054905078	62.82476644782706	18.91078032333526	20.069927306664063	
221.27093999714717	62.16906030429207	18.956361522525178	20.582423989427596	
223.56253730506316	61.505035700253984	19.59042728920625	20.94491302995153	
225.74653742683466	61.855553385266546	20.29413020938522	20.917836670592667	
228.91343011541784	60.09247755300867	20.56535919985771	21.062209684753597	
231.6577426492737	58.57970578884768	21.060199367042763	21.775588119351667	
234.46937074143264	58.22477761004498	20.710622981094513	22.36666950159698	
237.4343135108397	56.88551534257629	21.161670140648468	22.446453388682738	
239.7016095106807	56.284775222761034	21.27913879609089	22.548715148096182	
242.30994269905537	55.83249007371721	21.17777322899598	22.234145418175842	
244.96608504080746	55.97267960704419	21.45747810399088	21.863030268581625	
247.14903169546383	54.803384737209754	21.78430344831309	21.834080020013293	
249.1102876368945	53.819154736648926	21.616972169489244	21.92503881030735	
251.38869764653194	53.411457715650776	21.20234658546603	21.685180639407736	
254.99469494067418	53.43576503858956	20.96298499667745	21.25525804170415	
256.26119341038947	51.99205731827851	20.707483849934718	21.25386985420613	
258.9057470799647	53.25285324199136	20.56153901604449	20.660410330533523	
260.0643034404678	52.3972357785142	20.792230793162254	20.65479909917948	
262.0959823749919	51.80904488766525	20.532625626395273	20.837659147493305	
263.7182074934934	50.62567829079284	20.531864659061462	21.079480350389034	
265.5015132202132	50.53476261489391	20.45519278022293	21.422412669767624	
266.6677702640143	50.00802894225656	20.703647667416426	21.4972741523514	
268.2425575216515	49.823135720336865	20.67776940680703	21.6049285429249	
270.3851541019262	49.223899750467424	20.798144546635882	21.60950628426874	
271.8821811174497	48.07249230277496	20.2224217083698	21.83604196814437	
273.86598356021653	48.47822658393112	19.923705106030752	21.964097469955504	
274.4796163616755	48.01838271724005	19.451166459373084	22.107215745281366	
275.85789002288124	47.32553095216858	19.31279176915621	22.153856583455045	
276.75018669459416	46.499322730021106	19.30504136739272	22.005208104750512	
278.02973249552707	46.17680398597679	19.4411746325371	21.969509911886412	
279.45312944579035	45.13205710886513	18.930570455395255	21.978297104155104	
279.6808717473706	45.57063053590562	19.18265013305595	21.87781976649881	
279.73350435118306	44.989436536311025	19.48449707549356	21.631233919806064	
280.90530775822185	44.8578906648398	19.234070226188763	21.665343469330075	
280.46616632001536	43.69425792736651	19.46761241581388	21.47584505426533	
280.87486102586445	44.090211371830534	19.809726033595656	21.502009296396842	
281.3331070426818	43.01205138710832	20.312214519762982	21.804091583113774	
280.7327945457007	42.56287415365645	20.234469173895853	22.12123552626671	
280.9662664948864	42.03934712952396	20.289096018899393	22.030279868717255	
280.07075342373963	42.236100603558086	20.78990316700227	21.231134872645328	
280.51778027510517	42.71357318306832	20.565743210626668	21.098475725044395	
280.6221804363314	42.4350546880901	20.324893458565093	21.298296104874083	
280.86717201803964	42.04127294708215	20.300808585603473	21.230702808454073	
281.17931453980333	41.671359484196024	20.379107838719474	20.948326417421413	
280.95067637608037	41.442497458291356	20.469525061782115	21.02881204976105	
281.4678018070319	41.96895744167544	20.50717958238627	20.671113269901692	
281.0762830644604	42.044781865228956	20.521635717739688	20.587993788655638	
281.0520191656321	41.7080835410293	20.602182112193297	20.656795239037468	
280.83235513066495	41.74521499557936	20.695658248606854	20.583999655297664	
280.3006293011463	43.12733605270833	20.86548800945073	20.522391190149285	
281.39107879009146	44.6595822232498	20.66510637883077	20.74621868156367	
281.49949358030585	45.693667962144815	20.25639728743778	21.099962556219474	
280.7561355104189	47.65165185962243	20.253925743902066	21.577732143867863	
280.4018258018038	50.32229374552332	20.20759497108874	21.904433423189214	
280.45659305767697	51.50545787765563	20.09896658944097	21.762851205609998	
279.1992663499341	54.0022378965929	20.369486052421358	21.898313757262542	
279.19276835524727	55.70353165128221	20.306981282023706	22.254884806166203	
279.2009532102079	56.995120335858815	20.45977133621013	22.319585662614408	
279.13967943201703	59.15070458137728	20.612703013146614	22.254229161292635	
278.556916275784	60.9328103643514	20.56489495755233	22.419091672036636	
278.2280884401658	62.54117627275896	20.581303788108137	22.379579897677218	
277.7191076665625	64.66812529964761	20.379676974459617	22.659650456706824	
278.0315891957813	66.90071610173639	20.16587849787046	22.714949849436838	
277.97341399885755	68.85182657731688	19.911591137462395	22.21244874999197	
277.75584977792056	70.4097259199859	19.90658056576978	22.410737256078548	
277.28789132594716	71.84480362287167	20.05988005257896	22.340389567934473	
276.33985320403013	72.77318633722717	20.419681212705456	22.43188837604912	
276.0393892228278	74.37557568068051	20.222778362865423	22.93355494069738	
275.12828421221997	76.36850618927407	20.652405253098586	23.141890903866802	
275.33628550555983	77.3625584783466	20.952600608456535	23.2520595842196	
274.7259554932969	78.95166356855515	20.830814148108384	23.439849546006442	
274.29671187561144	80.69533344367058	20.566275970452025	23.633170389454925	
273.8873686669553	81.83645905343325	20.538759071959966	24.16360811252769	
273.28187276522914	83.14592250041706	20.60055110086416	24.62803867272498	
272.42705935484213	84.57168670147414	20.965297470741703	24.605659327861925	
271.2053919055203	86.40695313260055	21.133838655977627	24.549699530641444	
269.8902506900924	88.24259763555821	21.35952144084716	24.39852683509663	
269.2222533675453	89.86108443494196	21.505493142264918	24.44526903395228	
269.1718127959509	91.14024271480262	21.74453833861685	24.5080647491602	
267.5471509997663	93.1450013876237	22.015471649704555	24.732472649642023	
266.72117966684436	93.9927038885693	22.223367211216672	25.086114943045033	
265.5608517582936	95.22600266961854	22.491048700022642	24.86356953866469	
264.2449307522733	96.29115718424781	22.64511408026511	25.083907557832166	
263.5343334253485	98.84697095372547	22.717712679888656	24.994916217434643	
263.27039881250766	99.86499388858124	22.67621570219523	25.212707920875467	
261.67012312338625	101.47252719205619	22.585815441754992	25.108656308824678	
261.01483079375873	102.58954814863853	22.492400066855325	25.132466500887006	
259.3468095802596	104.14787373011653	22.353271655742002	24.92303908494654	
258.25202851595805	105.15873058815102	22.378391064349614	24.939593225640827	
258.2410990530542	106.24197969842331	22.345028249338014	25.349102725000307	
257.6351684128181	109.79742475395517	22.69343884900752	24.5200568721716	
256.35119536099745	109.0995089698776	22.624495295045424	24.969380215334574	
255.16402165612627	110.29239233144608	23.04048838890565	24.436399176551816	
254.32282928875367	108.22750807426642	23.32862120238189	25.232654521205284	
254.1450961600757	107.1864361758613	23.690667553199432	24.981169338562044	
253.01092354685312	104.05981831925826	23.455931826733853	25.1142075823286	
251.7333770581673	101.6142904677809	23.505300726507855	24.62467005714656	
251.2674332065292	99.29539201702264	23.232175521675842	24.259599135734284	
249.2344742496068	96.39231620265592	23.185816873043407	24.511492692466224	
248.09891938504413	93.06984711329395	23.063715343009505	24.72912178448729	
247.30174253230624	90.23748520238259	23.10739136850198	24.816584933706622	
246.076235257863	88.09425394505755	22.855598229722744	24.844978715488796	
244.6329258514693	85.53642640848847	22.650353675651957	24.40684577779662	
243.50326896208026	83.5910286079345	22.295381086663596	24.354320493609546	
241.91739008654292	81.16570719371423	21.766854447014133	24.252641107820658	
240.53985230745988	78.72296709702863	21.51908607408251	24.105920096423503	
239.44199641018943	76.98693875751677	21.399503396423576	23.849761096399362	
237.0179164358263	74.97226989618589	21.246366204728453	23.732434670380446	
234.8759350224097	73.6323433167505	20.66116950155977	23.764761757556208	
233.36627366577588	71.1373805868836	20.489124521368687	23.26470421424034	
231.43311933134905	69.35066828575046	21.28208805267793	23.26398636083067	
229.29131083561714	67.78706834655337	21.389077228504895	23.18584139722597	
227.56905940914973	66.3219258521906	21.07086590266346	23.087345086826808	
225.57786428810294	65.12824759830072	20.72978327068338	22.859343249063706	
224.64881183345815	62.941653377159945	20.998738753607185	22.42305347502629	
222.62245631553682	61.30184516704516	21.168313025254466	22.755661606480253	
220.10443886424088	59.26921651644349	21.171041929428867	22.974363500442713	
218.52503291839716	57.50259918679443	21.428054598049577	23.28051869936676	
216.25646801597088	56.57873936326664	21.54065021043853	23.149025357142662	
213.56520535214818	55.58707759188542	21.540239036943394	22.93976358001956	
212.3495312933532	54.20508855263489	21.769733818204692	22.912256321889807	
209.84627562604305	53.49264499757418	21.733392460733675	22.704122829724827	
207.5323419722879	52.362201522591725	21.56047669078893	22.615245680006467	
205.3275206608369	51.80472601283132	21.36211131562746	22.687225726328137	
202.63009040218742	51.068615456149914	21.505624369462605	22.384220855759196	
201.40920161726316	50.63414314956043	21.049754098340888	22.146212904806312	
199.64805503701044	50.541407652312195	21.062385040144516	21.91294405810083	
197.39751095754283	50.2167950458985	21.199039908056466	21.507109701520204	
195.42618663061614	50.5725553758827	21.778369208367344	20.834933724031963	
193.53785576266768	51.407489014856246	21.955527335145845	19.932408717603707	
192.03995080133927	52.76035303770867	21.99888742985632	19.01726918768408	
192.49064787205364	53.37479205022656	21.845102453357867	18.448361926755716	
193.88069284876613	54.17488062367973	21.573590383920187	17.780926462669168	
198.65433165092338	52.47661317539294	21.412121966823946	18.44563836761617	
203.9904926571919	53.064340759677776	21.777601399327224	18.798385886970642	
209.31662367131796	53.360268288195854	22.549011598441027	19.66399026682747	
215.07760855629397	52.150409655633204	22.387396172801886	20.813525096068005	
220.54082031878593	53.03668252392913	22.82543602410216	21.716779522718276	
226.69913814312685	53.87171497982947	22.39174927435255	22.408768546570442	
232.0300192868721	54.50689255458762	22.1865924766824	22.67833777969441	
236.9739936730203	56.643347477654814	21.78934563027491	22.447536209295656	
243.68371814102838	57.998936814990095	21.76716200223989	22.147983890345515	
248.18788302782428	58.98646782844235	22.486263118064443	21.286649060279686	
253.40115302302135	60.74882141578481	22.23153599286439	20.84759539079009	
258.42198974935553	61.669763022863776	21.754165760842696	20.57304002209429	
262.9553102966775	63.1275572235547	21.14651191731256	20.718266373539073	
267.0157733448465	64.15408670780158	20.96420863084078	20.7360787595549	
273.1132714943318	63.82698058507506	21.02015735229198	21.083683959506857	
277.5392511808458	64.72536170224598	21.17111001341621	21.401230339667997	
281.28739833809186	65.9438179621974	20.98121778719152	22.036420664463698	
285.6351218742133	66.96052392603842	20.860888815820697	22.237723427018583	
285.565589216274	67.72786126399618	20.83147992042604	22.271201519141307	
285.0825975113145	69.87062489524938	20.46697842919389	21.983006610469037	
282.59757592269995	70.8901608437703	20.80513394486657	21.55991000369936	
278.6119318432506	72.57654118572701	21.50529511926547	21.45205027118831	
276.7514275547038	71.97649590244887	21.146259703589894	22.384377214945445	
272.5898555229161	72.87973464689023	21.709844848429476	22.843908831563535	
268.6453196278563	73.69985318727348	22.33075820294391	23.37168758079793	
264.70998052926626	74.31523231939894	22.373480152358496	23.522750855249342	
261.58970321643056	74.65743303194164	22.191842772464735	23.749546458830928	
258.04947449750927	75.98446597876774	21.685108966795113	23.757388226502428	
255.55768427341798	77.08424904621982	21.19236556492806	23.72600015269195	
251.99478982037343	78.75492536080247	20.998510010918984	23.505642809480182	
249.27078466387388	78.84590469301453	21.413997770931914	23.55868604123382	
246.19570239237825	80.15627668614614	21.19982397725851	23.407264591625477	
240.79327454494558	80.265013536742	21.241592761600522	23.66354847147655	
237.0089640822299	80.40244429611268	21.487798703097106	24.099562765226892	
233.28064508721596	81.53847904144986	21.345948587837515	24.741962062953895	
229.91657607789904	82.16812277539975	21.82756762864467	24.658722685387477	
225.9196817741493	82.7131539217929	21.640408761541693	24.95977385360907	
222.2879331919568	83.63913778199306	21.712224335867674	24.780359775596956	
218.78724492110823	84.17157459707032	22.170166700529784	24.519106673855333	
214.87170103281352	84.83573696201483	22.803126057672564	24.270612487560907	
210.69219710636983	86.27984202081944	22.742325873331467	24.42838464179454	
207.55028293660916	86.56249805431653	22.836758354191282	24.605441356336677	
203.91425108246776	86.67955879496292	23.098917695749382	24.746929960825355	
200.48992544333763	86.80338349103695	22.79135771417419	24.667224861582596	
196.83421471203718	88.04239210543464	22.75866685844767	24.68842096304609	
193.62210927946626	88.53433446531699	23.175767836100498	24.527987339585245	
190.55438553169353	89.32470585722345	23.37988862003186	24.371654928890784	
189.89140640317822	89.37370152025188	23.375060984419505	24.450250933579465	
192.11282012109578	89.10496326248305	23.404559381938235	24.528245573337774	
196.45259726829647	87.90092871666549	23.17153313701767	25.184119030713763	
198.96508246119137	87.65823873106105	23.44004411511641	25.12878755202642	
203.12647714378298	86.18002010413753	23.07872073897262	24.934180586008203	
207.81417656588496	85.41458941851897	22.110322261288005	25.289195018028906	
210.90921153714683	84.38947912112837	21.68456763084464	25.32358421366588	
214.90440644861104	83.41960957884282	21.10927714771847	24.93911974927743	
217.8887053173279	83.57935503348898	19.971375809561536	24.889616563708536	
221.26203163659696	82.15285935593306	19.310552337966733	24.72387130537804	
223.35631922762028	81.97828564198078	19.340373443592018	24.835144313089977	
223.0123175785375	81.87976753000905	19.394924831299427	24.517638300489594	
223.90165521247974	81.49779804108704	19.82540035085701	24.451926582154805	
224.15988760608548	82.15178652834118	20.88905164932683	24.399582217083697	
224.00733944097425	81.571354220671	21.652108346435483	24.369791473466854	
225.41957937399783	81.26633515164106	22.17607904425838	24.517543634488284	
226.64904018953806	79.59107489051499	22.040673854063108	24.765489166397867	
229.34178427878206	77.43661642294967	22.04660946882275	25.163741688276758	
234.19954058274178	72.63878609698993	20.98009976337729	26.20199210620637	
237.9703348596621	66.1766023620559	19.860191969035313	27.01957537117434	
242.01820090075495	60.18856844341015	19.3894602281018	26.342849127424525	
246.37077548537724	51.86077023036957	18.74782557390941	27.02419124354026	
248.23603055995974	44.22685561255893	19.59537169675381	26.355322826502853	
251.2089918293811	35.55632696751215	20.25989042136235	26.01667780949733	
255.41485063659556	28.438022974837583	20.02439573400507	26.179502889603206	
257.6325043140408	23.133733903816452	20.29302086405859	25.99326358624736	
258.91590301396036	19.699186664900964	20.274970493744128	25.73731251357575	
259.6833291872076	17.564046810787953	20.795259439671465	25.344368419817116	
259.7725164448873	17.086654105724136	21.05876431367902	25.025497604711333	
259.95337237311804	18.723795356046793	21.076048460428645	24.751548153624512	
260.41297475218323	19.904054010707316	20.704026682126454	24.5471991106104	
260.8101100916548	21.833276197947217	20.150955758825546	24.86312338680174	
260.378423725163	24.85051508442901	19.779859566865515	24.53220387010176	
259.4214958445763	28.21509117344372	19.982231572476202	23.601904324560657	
259.91032080700603	30.54883758961737	19.56707170840881	23.732593524878677	
259.5019373079314	32.09782384588851	19.339736670466724	24.333350693818	
259.4782635959692	34.37402688737058	19.186991256149156	24.268359359127857	
259.2136986187321	35.199307064350315	18.880922722698052	23.836758222673296	
258.73035259290884	37.54459485606743	18.376565528146653	23.675630379279195	
259.38534017887844	38.49727345056468	17.405035580790354	23.730383063238953	
259.74909714626443	39.56273675060062	16.697414182282397	23.41718770427029	
260.5010326676437	40.278454127935404	16.39027235721844	23.221383254102662	
261.0173176117736	40.89270645768453	16.395820367068744	23.14353857209916	
261.0802921265886	40.712430171166226	15.844371406619727	23.052919268403897	
261.63949264912503	41.96108042813634	15.533432417240768	22.844252132098156	
262.0772726285101	42.27202940069398	15.08646307592688	22.548055125879117	
262.3333000763998	43.70500951598481	14.980311416273478	22.147633545221886	
262.63496056319514	44.17087602509487	14.811113200355514	21.751414425186226	
262.26668521299484	44.382393007510615	14.631177905778138	21.441514286630387	
263.01472699825064	45.56688292869427	14.38058021677369	21.658614204478503	
264.0311959923755	45.907441697762806	13.760872978591685	22.408975700676258	
263.82252973438807	45.81770892370944	13.855918667209526	22.033860832050948	
264.65573985737353	45.59917887064414	13.464358533661425	22.1370673050263	
265.5220957687918	44.159317361266936	13.62326230940505	21.69202974600414	
265.8350975723841	43.50945977617967	13.924605400746916	21.353587379742898	
266.12318603473767	41.946311826156865	14.162315624516278	21.489303800039707	
267.0173074986507	39.396829669365076	14.889300722493857	21.820733393239493	
268.3958290308961	35.97811276066467	15.521020327139006	22.67157230610737	
268.4969589673967	34.56079455586612	16.61286813497366	23.259107571593788	
268.5556097160998	34.63031805226699	16.610150821960538	24.0529246293017	
268.560454548744	38.67742922675405	16.847175567145165	23.25382098924257	
263.4231324875138	55.068424905694364	18.177858658394584	22.886422927020348	
261.8178158426619	55.20930865385377	18.996023785002922	22.982735383214166	
264.1959968320329	43.4437719988323	18.788243496154678	22.783045838655507	
262.55968950739395	41.50533026528356	19.440894524666916	22.64667986269427	
262.31719576005634	42.99086140170263	19.230847180962343	22.728719832953267	
261.4896816085172	50.36116667207936	18.803779081141744	24.32173215226594	
259.55317569892685	59.23199523079627	19.514764125047332	23.537997466984486	
259.77267082791155	51.63739900353078	18.859268604304802	24.66032224433704	
260.19546681492477	48.11447545986597	18.985210241272668	23.99739201565408	
259.7618282639177	48.71380096409547	19.061258144939366	23.845048188491457	
258.40157302142944	54.80307014775288	19.583017561553625	25.574689865938105	
256.35170080870984	59.60697829851681	20.067176701814095	25.53314890862586	
256.32209874778243	54.569399643808126	20.874194330064004	24.603781680246378	
255.07971316088398	53.2653649460039	21.424970547158935	23.622289688492256	
254.86254054322845	55.67469804343256	21.126968631310724	23.70698014743065	
253.11475209274445	62.563545732316705	21.067734283457607	23.972598050108317	
252.91598744386695	58.17196568978099	21.26107340317543	23.1979671820878	
251.9939633982589	57.684365564027495	21.102424663120424	22.789029188571746	
251.49149209174257	61.48034066144214	20.98855711362311	23.97401218145759	
251.0466221206882	64.08374185268889	21.260972089872805	24.173278834974475	
249.93089881018068	62.34918493499684	21.979420663419347	23.493522913326224	
249.19865609010736	64.16280218536083	21.87799250276089	23.991553542367107	
247.7382357677517	66.6924649184824	22.001459233405967	24.05466504760837	
248.10534741411982	65.7457295721652	22.13142718999221	23.710430198849558	
246.87316798839578	67.49292817305363	21.869971495403774	24.007173012342932	
247.10167500247715	69.38556375196725	21.67679222945327	23.650375437161863	
246.22517234896065	68.67960178184725	21.859699491068092	23.790686601708124	
245.31004237273748	70.79737287479315	21.702140834878286	23.57974034596593	
245.165352609894	70.08794702666506	21.52303546109903	23.559553402450618	
244.62136464927497	73.65590424492846	21.253349339249475	23.108678636256116	
244.05041394927625	72.59848094735487	21.22448105020812	22.964329769416906	
243.02799289723094	73.67215823699851	21.18945834360712	22.895532864964814	
242.3309551391763	73.70055632503521	21.06599691475381	23.06988733508889	
241.69912754977068	74.66986241129196	21.01092554162723	23.185231997086333	
239.8031618797272	75.88579447880541	21.04688289424797	22.950906879990697	
238.35507666302246	76.4744696063161	21.118496184858465	23.04995371777718	
237.33679297691322	77.4869899665479	21.345380289222405	23.343722714187273	
235.32027462919098	78.03455184603756	21.65125933557954	23.55958873077327	
233.9621730536041	78.8705323341461	21.589150466656378	23.552610737021517	
233.15880255025473	79.28709572289631	21.92441563214809	23.104538577255838	
231.0558433442426	79.7511240665534	21.804873394083863	23.079319599268274	
230.49561430726303	79.63755321013916	21.792497635824915	23.060277721798293	
229.03773555557447	80.11603950104092	22.070640587795545	23.124821585859852	
227.9480434301369	80.62760697706089	21.802256870242694	23.434499662142237	
227.5038728700756	80.98498343439046	21.757232877540545	23.924824157230223	
226.8821644603155	80.60058272520895	22.14927603262019	24.28515096598565	
225.196815931819	80.65102437433286	22.636140122475418	24.565731356112224	
223.97652928549044	81.06719227528252	22.562887419520962	24.727296735118113	
223.63434283379786	81.55913638257533	22.45967397811895	25.1165034524497	
222.2724906349762	81.22897525392929	22.809825155106793	25.222963841126695	
222.3039280326997	81.66868096215826	22.274164234485603	25.488712278358623	
223.0181521848465	81.51680581979527	21.382276908719575	25.314129123876313	
223.1904798760675	81.44768247736178	21.001631394487084	25.128653808354034	
223.24106262528522	81.09305971456882	20.9308109370752	25.29961468368886	
222.81796058677838	80.92357164923665	20.677098378439247	25.14878112622993	
222.3267454883871	80.72250734655996	20.50444145189244	25.00609954560787	
222.749079100242	80.65098603365499	20.14355518696786	24.90365371505824	
222.56516018362356	79.79642349910584	20.3809090340852	24.60509383868777	
223.4903035472089	79.39254004317824	21.14587366243088	24.08964440341265	
223.7585084168742	77.08623068444363	21.475221516319834	24.13917882286549	
225.76036808791557	73.74615195743245	21.588760823441284	24.390760905526644	
225.83433665584025	70.35061193171431	21.94705150474231	24.31656495267621	
227.03193228335437	64.2497975027861	21.70977005099963	24.475466179429787	
228.65654669279186	61.72547952388544	22.246256426899222	23.835033841629922	
232.05784789870728	58.11161479203008	22.903366550343684	23.91035614623427	
235.06200466239662	52.88270188176456	22.796907517739978	24.343120086563324	
238.75063066095515	51.26820486359033	22.518443938892034	23.933915332667702	
240.99546710344612	52.3854532126375	22.18848778403583	23.90408889132008	
242.68378164401778	58.04988010684471	21.888845968545972	24.657064029791265	
243.73540631397924	66.38454554271492	21.96077865795249	25.204376777330456	
246.39212385880245	57.29263154803046	21.798186293159546	25.215630655817225	
248.28829703044025	52.975462221892975	21.839224618998028	24.371428694243193	
249.70703963299238	52.421942521444876	22.021407767909814	23.738536928241217	
250.1685291414375	55.9873783643347	22.301016771514817	23.15095753572041	
250.61695535933356	64.402818145811	22.49181127241533	23.3555011639994	
252.58250079170014	58.89751375486691	22.300665514989372	23.82633963032645	
253.88038539611895	55.75443502729726	22.50583511311772	23.266110499130143	
254.53131543204998	56.16751995982386	22.325849385761046	23.069594629173828	
255.00326276977668	60.68596263884877	21.99995203594544	23.78831936754354	
255.76716032169713	63.63396049238124	21.826841156161002	24.728432588067008	
257.28828214329786	58.08477679388727	21.80716915986754	23.976220509143644	
258.1929978533985	57.412496320421575	21.821884719315115	23.36993206384985	
