137	29	23	28	
136.40876934216072	29.191744031096476	22.438165992163704	27.995144448237582	
136.78998102310902	29.672717306935443	22.048844517593857	28.494428477175582	
137.20992659085735	30.341790396724527	21.904215965201388	28.628011111840348	
136.60725955477693	31.097518270577964	22.34657370544619	28.64533252003373	
136.3134559118987	31.916763985375628	22.64513766169336	28.609859003441947	
136.5893351136758	32.01935445694383	22.63745349309137	28.56894283529987	
136.8742927682192	32.45400217235938	22.50647427428074	29.133081807379455	
137.0704140888501	31.870620380558652	22.25927688360639	29.31130035147701	
137.4484763475105	32.62041344440509	22.17505974082755	29.743310964536168	
137.95007876093553	32.69076748306577	22.116287857523744	30.33303418721914	
137.73489925925196	32.902557658565655	22.01559875336683	30.40627981200445	
138.32222907737125	32.55311645191576	22.106491198962498	30.16041407772714	
138.4084198187686	32.26882116644562	22.139216140869912	30.337780134775734	
137.73432505528072	32.82720201393911	22.136299062678418	29.88861557071465	
136.66389358826632	32.33862065036058	21.957790523941615	29.770935772011534	
135.96448997034486	31.775953905938223	21.83122350215996	29.76340890632011	
135.2931794670231	31.817001827450667	21.62077232498585	29.363080824694762	
133.3084091788701	31.294314386857604	21.250330480747856	29.33574122307757	
133.10401747979904	30.804533439949754	21.288670896701333	29.615635290842683	
132.28083803304335	29.9884049730188	21.166001818566144	29.671364969278308	
131.60052419609644	30.231649137443682	21.40287488614078	29.024120498489975	
130.98365317483302	28.9316001616499	21.30902976152695	29.39701219588138	
130.59633757429063	29.444658812344727	21.328734968364397	29.31400697209958	
130.17074113968994	28.762468371736887	21.177986346030018	29.531385575676392	
130.09995451063483	28.796346942579287	21.177701972618415	29.325369177193814	
129.52233434460572	28.70666202831978	20.986709932367745	29.435921078274554	
129.64218439222049	28.679848172333422	20.871987479876907	29.483273459053294	
129.8491623194752	28.734767770120264	20.79899436557165	29.564240663107267	
129.97171010976803	28.22771746987312	21.407495188752392	29.549879160928835	
130.4695202283541	28.03372709882464	21.39486752955411	30.391074523099718	
131.3284123545814	28.68834903048105	21.02778792899268	30.11828583710775	
132.104344192998	29.612788836198796	21.168328145111154	29.940494495070027	
133.15592437238737	29.8355855115909	21.05157192009967	29.940737207966407	
135.0532212424458	30.789342045911567	20.759110625078776	30.198517808042457	
135.0578695545703	31.53838310498803	21.508483594212493	30.31526125272552	
136.61226293743275	31.51157764600103	21.131285835322892	30.37125605735247	
137.4748431407978	31.33942131221921	21.053022541442793	30.339055464644773	
137.73015772366912	30.736567456662893	21.264364630393857	30.46784308432614	
138.57095835318088	32.35800227162223	21.429838437122132	30.12196124025499	
138.95470966723224	32.47066414348443	21.388002096490414	29.49388172505032	
140.69777540764298	31.99989057719017	20.858121704845132	29.714542942840104	
141.10743407827988	33.16561944805679	20.574266423820482	29.17695127332052	
142.35969351723634	33.213853270800975	20.720944317512725	29.257097726635013	
143.55556670624986	32.66024860656357	20.75986547469602	30.03729195156788	
144.7100837237963	32.90220818289077	20.89325697456051	29.910041068556353	
144.99108081865114	32.844474890201106	20.772802818624143	30.091511805355168	
145.85142113831395	32.86123696381753	20.795214960855024	30.13535780020345	
146.54790221357624	32.748547727345766	20.8095657370411	30.315535250916174	
148.23645002946182	31.867348727209098	20.49578137150526	30.965006569229534	
149.85923027120538	32.33193961130391	20.662154954551937	30.937802043797554	
150.25666495915144	32.52075009220471	21.137199622675652	30.761185910931207	
152.2106102441538	32.72586708306751	21.696711740452585	30.346518971961505	
152.68575710224587	32.4104771865542	21.96349501583049	30.34345980097072	
153.66133796425888	32.1476511878563	21.731292676873814	31.00558910095048	
155.86742376865132	32.9275381091273	21.49345773508842	30.64829394207947	
155.96264623378838	33.113154964086505	21.651718432480664	30.127128201245263	
157.7676077591524	32.837272535322505	21.70600787240246	29.936910459246803	
158.94846815113428	33.7695575154517	21.76778885237365	29.95871025298213	
160.0613601110082	33.39404400222581	21.642510413352724	30.48509179080284	
160.56476796645168	32.79325878493769	21.879013503003897	30.748699855082275	
161.76183261437762	33.10200714411984	21.847472958792782	31.149592987408578	
162.16897858189532	33.02954760056927	21.478784644645884	31.59839662282841	
162.78152385545627	33.55522703061825	21.96906604373069	31.70016814693932	
163.40160444584637	33.897793872735996	22.387282665550877	31.81881392167819	
162.37796991952874	33.87130091819469	22.94648061933019	31.839221666830134	
162.12154310990118	33.747318129149974	22.76671965838238	31.91625869386364	
161.7639651392676	34.05741455749006	22.549335920101406	32.046324333927465	
160.48447169288053	33.87586659826312	22.46726231573382	31.725516672941826	
159.43424876745644	33.689366010918384	22.632521784062217	32.004105774534395	
158.33086201766696	34.3586761756638	22.420950280246615	31.44455688273738	
155.56101842992874	34.11850174021693	22.61645201684918	31.038907549886396	
155.0988548843709	33.36844202254578	22.18630261391442	31.659127342811733	
151.99961962104763	32.54729266685916	22.09850740514782	31.92901995199197	
151.09733565062749	32.16649260995271	21.949816960663618	31.711302500346683	
148.08275805523945	31.568883636431874	21.729065732621045	31.841627390141745	
147.66459418704312	31.997395523525828	21.26300629567023	31.2975720833331	
145.45636359603324	31.97384758921912	21.175371087188076	30.841313982428442	
144.6755411098706	32.175166813539306	21.344484263425514	30.394766863039813	
144.01327883308397	31.508632477963197	21.348325832374584	30.101512597021866	
142.93289588194904	30.501853400944768	21.306141669006678	30.296386170115056	
143.40709700160983	30.611086390692304	21.40401180645489	30.628810667817056	
143.0956830451283	29.440250190469254	21.582100050681824	30.925420207129015	
143.74517549238695	29.944434634130612	21.490320111958333	30.855904289258383	
144.35647623545793	30.00319286748773	21.942868513340585	30.515562148121596	
144.46683233505232	28.918161039856344	21.52540177250003	30.697463855905553	
145.7794963860544	29.12974093261714	21.108069634980026	31.107037789629516	
146.74578732161356	28.258025858422066	20.837894868637147	31.389362339200478	
147.68236363780164	28.586707863941797	20.78086518809222	31.133045374863542	
148.17058166519718	28.51778656484744	21.013811428645802	31.309480105708587	
150.0658303607915	29.782910320383387	20.75359297451231	31.454177646953344	
151.4371661585866	28.89253108627574	21.113624566430765	31.474085799178457	
151.59649290055214	30.891683999723863	21.813328849000577	30.46062262313655	
150.9964831648593	30.743272087979225	22.344936435747496	30.418876746618743	
151.06856457391265	31.012636662976	22.11673512780647	30.43685923448119	
151.77127144149142	29.804190547707872	21.112606236177356	31.060066705089334	
153.3877961643858	29.77601757286552	20.29766470372033	31.988782036552067	
152.50411433465828	29.31178937214731	19.746012580785436	32.37003074821045	
152.96629597780762	29.33658457617669	19.43587913272777	32.22244301674573	
152.69454244963927	30.123710928319746	19.672791052880655	32.03907420440446	
152.44564647899927	29.181754158844257	20.05636702922341	31.64947565840194	
151.855823739152	27.909522150049085	19.96784571802973	32.280663015881046	
150.8519054218503	28.20707869367065	20.326288992771246	31.952642649906046	
151.17040844633405	28.084937087804146	20.224470368832286	31.972775894132447	
151.39905201068126	28.12690084868826	20.314333038098823	31.38875380755275	
151.11333938421953	28.2664966879368	20.283314261843607	31.017052081088366	
151.75754657917662	28.115230822228867	20.092254124709513	31.11202226617117	
151.8477375791473	28.204710344479953	20.1242721525961	31.316019679773284	
152.38436201124136	28.715021258782862	20.410216555077962	31.274672850303663	
152.81310074892778	28.60083928167539	20.52487054841503	31.306745836900035	
152.27884226344693	28.51188785570905	20.759011958029404	31.639340664149444	
152.58809482612565	28.44752988812946	20.555341922708617	31.869258606704207	
153.19292015721223	28.737561736392497	20.368244883629878	32.10322704239989	
153.78931357527557	27.867274309129485	20.354873987512406	32.07153853902966	
153.34977003538876	27.814123842387872	20.265551305287495	32.3479735898902	
153.87229109899388	28.79608280129353	19.767058643819507	32.36381805150448	
154.55442478124445	28.651487426103785	19.43898557155324	32.48529233084717	
153.47014928781357	28.807339449821896	19.706909177143842	32.24358933632642	
153.12219103380934	28.973381984795715	19.953475980661544	32.00150479098848	
152.89798149648433	29.272242750249	20.103204357219703	31.9792392604416	
153.87529034653755	28.818056484321964	19.6683700575434	32.09024563912628	
153.45126769622757	29.079244504934213	19.696717313050613	32.11089926621329	
153.11653189470215	28.155763479228376	19.55481354340288	32.483367211596544	
154.01971569000904	29.127456343505894	19.868840810506896	32.28579853510123	
154.54461087369637	29.649084787152503	19.900310076714707	31.70979720876029	
155.18950221289384	28.981871345803565	19.73411061128313	31.955000547928954	
153.98175826081285	30.375616408137653	20.16882521399726	31.444458628695216	
154.4380512874687	30.10958354964049	20.256170204143544	31.337474234208944	
153.8802274730158	29.992523922864894	20.462792888626907	31.02826763148824	
154.15473047992327	29.6698100605161	20.83521261197464	31.15452466952415	
154.08288284145502	29.919151349357293	21.043969138398047	30.894857631818965	
153.92621793842392	30.100128704157388	20.877224785751626	30.81321537767068	
153.55811910672492	29.5150467315851	20.006835152151503	31.374004072008997	
153.5968364532434	29.69829845114348	19.515566547904406	31.527645991048118	
153.75417502321568	29.369039984367646	19.41873199782287	31.70361568214352	
153.72382217525399	29.389214804791465	19.40489501430114	31.49236598987193	
153.52465981011466	29.41773985004884	19.237310772386166	31.259789896713084	
153.82906552478786	29.585088855086592	18.955683611790537	31.74638494974557	
153.9649234083171	29.94953057956839	18.91552109251869	32.27787041783553	
153.64919733522518	29.419770450508935	18.964403974172065	32.86854169067438	
153.12204765430897	30.25935143324263	19.405512385175836	32.701160436146985	
153.3780218178433	29.998868033118946	19.601386461071606	33.25960376664702	
152.88912607000017	29.51120594763011	19.99782205774266	33.236774385765344	
153.57236212396765	29.84405312822928	20.358599511344394	33.223680668116806	
153.7519953469457	29.85650987254125	20.9614802057718	33.06668257905553	
153.53000106093333	30.847177269098882	21.622848572088394	33.06294376776629	
153.13160124353277	30.41679954816562	21.794250226350663	33.35443206087065	
152.9749312642035	29.612246087817113	21.913810901058355	33.5508359609332	
152.88257576102134	30.098761715366138	22.3419006124887	33.069194524112845	
152.17129488810514	30.437758950174306	22.618912626846935	33.02824597524108	
152.66631095601798	30.09322517859098	22.43483389310859	32.88154278015708	
153.61197125836216	29.723596897091944	21.836209343366775	32.646668942667404	
153.370913771278	29.051370886757795	21.08952811644572	33.11266229168521	
154.10567505139713	27.679441738566616	20.273940064044222	33.90178824264363	
153.72456051576953	27.534127617484394	20.12372702818491	33.66026755783139	
153.21499411557315	27.288888549750883	20.202372743448386	33.91210386571051	
152.93966378526034	27.186923759698647	20.355903074515076	34.26308549103951	
152.06886061622205	26.97796918385666	20.33832535040404	34.256916342817384	
152.26226352531492	27.747075675440804	20.199380082441394	33.981580586710464	
152.79970092034463	26.991145034457507	20.204800820182665	33.62785525302903	
152.95959122587374	28.09804621879592	20.187207651643575	33.07162090429657	
152.7032038193855	26.468924716159	19.857533182213004	33.31944919801323	
152.31353242544913	27.06169260054356	19.607419271582142	33.57016993590865	
152.05202319913016	27.586522893029397	19.928429759273975	33.6204633289252	
152.08158053063002	27.489118837998515	20.294612329716358	33.852547610267585	
152.70574161305163	27.031906555501628	20.086636836632852	34.53531589658594	
152.65862333462704	26.711733448503697	20.162120926921634	34.363823907753506	
152.19667281358522	26.230949906374168	20.033223966390068	34.612617731770136	
151.75531437499686	26.62184518306549	20.402380099369857	34.38393201204441	
152.48141110930985	27.63036672841026	20.653102288583113	33.785152763333286	
152.24136213319514	26.85476199787996	20.385208270322103	33.97728095902882	
152.4842844586469	26.909896537527324	20.549115133779004	33.98035073887236	
151.2480443641173	27.034191364638488	21.214654514104943	33.486610170299016	
152.15014336101717	27.44861455980456	20.94081324295488	33.64006111304322	
151.98816920836447	28.18277567051662	21.335971761701877	32.73056463406812	
150.8045872800554	27.14147923058556	21.55560182430466	33.04237154000873	
151.0023088496089	27.781084477601908	21.71716003083388	33.32681293348696	
151.1375501857205	27.8107914750531	21.33310129627803	33.44584190318555	
151.42336176878888	28.142721244489728	21.40582758250215	33.055271626956895	
151.3054633997554	28.433805533630586	20.997677795937044	32.74016687350268	
152.04002778381982	28.630115067540952	20.58201017954112	32.83628396682307	
151.96442080412723	28.512066935313523	20.06149459162705	32.60434200158934	
152.31559318252664	29.008513460129038	19.724841207673904	32.42424880188793	
151.32130496403198	27.777251368690123	19.171971174904755	33.030040068031326	
151.86204695624528	27.549141384513014	18.829911887271194	34.08073147979971	
151.45285490379055	27.952642941214666	18.72734351550734	33.540696344594075	
151.9109013849729	28.232149190547016	18.76280255345052	33.19890947298111	
151.54173588876054	28.25456755487976	18.524663041051422	32.80522458660048	
151.99167032630612	28.41501252942655	18.529475037852393	32.48696684947712	
151.55540758242242	28.37060977146807	18.41351870691822	32.152733972854556	
151.71972484693268	28.97778933846635	18.432104559060345	32.04810228531315	
152.28598532772853	28.926151055390687	18.433902919246485	31.96135719586237	
151.8863039563802	28.924794172563914	18.23387618069905	31.7760651729331	
152.14080387051618	29.409616936902115	18.134105126672743	32.63398947121791	
152.84395380617997	28.494983437506907	17.887749272447792	32.688139618465605	
152.7876529211834	28.47550006871572	17.66030929957428	33.05462754170727	
152.79280491231412	29.213062445328067	17.665074129998384	33.05685924209565	
153.07853700998496	28.996235883014947	17.652777428857974	32.788004733440644	
154.0846703449127	29.66287337912601	17.635131685701573	32.94140726866722	
154.2664250811176	30.452834389510475	17.128073458347327	33.382995000152455	
154.76095490164073	29.02255195821722	17.083541701006176	33.52642169585586	
154.62751025334546	29.32405311801051	17.383252782531123	32.77406499253395	
154.10761978727805	29.85547233760836	17.580926552202204	32.71486021092652	
154.53166147009526	29.57394802611508	17.624537807109142	32.82369994964237	
153.54623245187574	30.278232118823038	17.957037936633437	32.87993419558237	
153.12544004580764	29.4414207334897	17.881295396082322	33.71057937994506	
153.54919636325533	29.337921997375638	18.02961215754464	33.13457118523655	
153.43160417693397	29.524609116365674	17.990323423781344	33.39135126110028	
153.23529967761252	28.669931886885557	18.18936796034938	33.4319994185805	
153.65020708258305	29.598265906359412	18.39744014993826	33.62498887969115	
153.7183444871219	29.5563135513733	18.476803488771367	33.55016918469478	
153.28715560076273	29.303696077706842	18.69680107478233	32.943922692099	
152.56759228500138	29.49119175261095	19.0603421409279	32.72011429237465	
152.5255127970241	29.678020191426594	19.247121632053922	33.14421064309246	
153.22032278944172	29.80176503900919	19.58279766512195	33.02158255539517	
153.124108292644	29.79900329385627	19.62604493384016	33.33242600192374	
153.37906820656278	29.19915045367997	19.495739763726085	33.69241398966942	
153.00586097724397	28.434627487094378	19.424825943599735	33.60882418759389	
153.78972061953937	28.6036878423604	19.216194573225103	33.103718775151336	
153.70997935987455	29.42819604269976	19.27131038915354	32.99704173695234	
153.62968864490702	29.020549868378374	19.319861180630745	32.70478544463599	
153.23010951544677	29.146147866525823	19.627693413523865	32.35561868232483	
152.8334619530699	28.47906676217095	19.489207271444723	32.44190503177913	
153.2055450317746	28.321651836060653	19.50018039600528	32.33783144347554	
153.91601761223012	27.917188079703283	19.733766899864882	32.09047481123549	
153.28162159100552	27.65794927327492	20.050070577540037	31.49026571178255	
152.61476021259378	25.60588837232088	20.105596914583295	31.888446637685142	
151.5799106145844	23.967250915084474	20.35565994569865	31.578152962109236	
151.29985949502645	22.287232732823618	20.40162440432639	31.31878372640998	
151.12884264188486	20.47247012436568	20.28652498585518	30.856310298085596	
151.07199936184202	18.213513528168967	20.512999669553622	31.096635750601603	
150.72718601089298	16.738780229146016	20.103183221455886	31.73088396240894	
151.24605006223993	13.829470562453203	19.66856140863264	32.00415704206956	
150.0107514744101	11.623496001475129	20.172572908084035	31.68358917019969	
149.2554183944436	9.968317006577752	20.529594378876784	31.764576081618195	
148.48681206755512	8.551152602280439	20.967168615370284	31.555273537027382	
149.63963003163968	7.532898586348516	20.627196207818876	31.69217858431879	
149.50349613833268	7.440077894324105	20.214876373885396	32.09006348510611	
148.65978675029476	8.295442776652763	20.732047849559578	31.820142749895787	
149.19907902628094	7.9851218114256	20.64084206001311	31.798659279249257	
149.3731761117042	9.9859496614921	20.75684878173091	32.369043174283114	
149.7991381957104	11.625036843242036	20.893729778906142	32.18699522691602	
151.15013100167366	13.967930422105493	20.429895105247468	32.340587237914626	
150.58402826118552	15.843669303075266	21.176361498238954	32.560171667522	
150.41644485054704	17.54259159343771	21.530739406692213	32.33126810154166	
150.81707004711797	20.447547642878472	21.53427396345195	32.26509741482675	
151.32085390712322	22.25323274376835	21.55316034508486	32.11185310102448	
150.75701889741063	22.879767572802766	21.168762270525853	32.40442649310301	
151.43898515367385	23.740826741947327	20.96342036629897	32.47690008428551	
152.03306576889804	24.52684870844607	20.300677718630094	32.978906395928554	
152.42552419572107	25.328566418453754	20.23607173905983	32.97644570684011	
151.59106509298556	25.585199439669037	20.61529873028688	32.575423869297886	
152.01183797390442	25.783292060950878	20.700670323482356	32.50649500319895	
153.00018319110362	25.202179272113085	20.363472584222663	32.9823769880132	
152.06341785617113	23.338489972945972	20.0321867514037	33.86696781352015	
151.04110632502773	23.31671950867834	20.506405882038262	33.30056985762225	
151.05639557371063	24.449156722569846	20.680791551312886	32.979955655258166	
150.38937601563197	23.9430171020124	20.909395373140104	33.07877482357724	
150.43737580092977	23.194977303044787	20.936566739767095	33.08730611494585	
149.96779752091066	23.074406753922652	20.80098842287368	32.93831717098942	
149.98902229205555	23.1124667945244	20.7523777243423	33.025662195942814	
149.84034535310246	22.99686556304989	20.671116893883067	33.37913116653778	
149.67780448333932	22.218561030729436	21.060049349018108	33.07903523004824	
150.05191785977755	22.99524307899175	21.11183388845709	32.450025518048776	
149.42404467729676	22.78138850635196	21.46523949746136	32.446174232988156	
149.10873013319917	23.14948444561167	21.572179692067323	32.16981692511867	
150.58738122502416	23.712376766414625	21.061345968658664	32.182491307246416	
150.3609904216622	23.64945973984323	20.485110140631328	32.64337874254579	
151.0368322065998	24.448280373800184	19.605332695839657	32.27440334595196	
152.307942630148	24.553156517695122	18.52650146002439	32.56141533704805	
152.99923155628076	25.101456306051524	17.538320803457804	32.29409941851799	
153.48919203086874	24.78272046528426	16.609738082869512	32.54999796374616	
154.64084534491658	24.381844333410676	16.0909478383399	32.47045324344579	
155.1207110779869	25.47621784578561	15.497184365059283	31.881827557871055	
156.37384714777446	25.019459938801475	14.512100097247021	32.12997514774915	
157.04296904810684	25.224877509933695	14.009504524703441	31.645326948011807	
157.64504830676302	24.11211076277138	13.117087052913227	31.841209130868517	
158.71076799274442	23.77093054506429	12.290294299815816	32.37101491848669	
160.31343631758384	25.054310460483865	12.067387950710325	32.58901326971117	
161.43212265255528	24.827253002221553	11.64769032773627	33.0432025971831	
161.4472241363448	25.24715342949161	11.590109759268552	32.86981703174247	
161.15468072553767	25.71616064899006	11.644561965519202	32.44326642334004	
160.57246893198706	24.39913510042514	11.387222623295367	32.55734168830338	
160.14706127521666	24.53017949393667	11.575967051268773	31.932509958904387	
160.0545403512755	25.245935777000987	11.331798896173574	31.974643264408318	
159.81643414677623	25.27031643172893	11.448912869732718	31.04646775987335	
159.62336749555118	26.672823200993708	11.78106603574754	30.284175311264924	
159.3166535297293	26.023665369907302	11.776193270332602	30.221939291565043	
159.01734941920742	27.580920684650906	12.565142728163355	28.7551697376977	
156.95128941154172	27.50886707258951	13.358152803774654	28.66363795700724	
155.611063045337	26.767129461360312	14.42829356066824	28.947871118837952	
153.34647390037978	25.78636700319511	15.941640943375782	29.16265460342254	
152.03430198398965	26.190738846678176	17.914999694534874	28.882903219894168	
150.15736163703434	24.566746960891038	19.550245428410783	29.831257215642182	
149.0740151425304	24.73285769671748	20.768370555394533	30.27060459944211	
148.57203311502624	24.279273259731973	21.345396633958092	31.250927733597052	
147.40429687694595	23.64434685762241	22.106365541173666	31.586518900708835	
147.13020587675828	23.705691152904045	22.609796756659215	31.517369319282476	
147.00861314058338	23.867236170942626	23.0863480910673	32.08613009157226	
145.62011811166772	23.74712246653876	23.824119002278458	31.679737548790577	
145.76666047223569	23.873319435856892	23.618246405213775	31.90968521010547	
145.54201925381554	23.861180327656538	23.605598111150982	32.18106717773511	
145.8752978942809	23.626252506118888	23.592286268264843	32.649873617077176	
145.9463064773442	23.4678784312205	23.305158321679748	33.02695612763642	
145.7194093402092	22.916321075734004	23.42412333860664	33.11795511244809	
145.22988293916706	22.342837252643776	23.932847896303404	33.05342502053914	
145.32830728072537	21.95014048170819	24.09186352240833	33.03364443519462	
144.73278086274783	20.77480676129384	23.93746557389978	33.609015216166156	
144.71617230338856	21.077171180734638	24.48768875789562	33.80939550612797	
144.31788426195013	21.586842337973156	25.370513420333097	33.149545328318375	
143.71553637436702	21.327869323134962	25.977160875463657	32.74422995078656	
143.09997837087212	20.906999364632753	26.085896987857456	32.713098315206494	
143.56907799100821	20.959930565051533	26.072711296013352	33.144956984185406	
144.49128244730525	21.478809076310206	25.477672581027157	33.11927018295222	
145.47522695235403	21.19216474655422	24.463360970503224	33.4563517819991	
145.22372504508917	21.309774583510155	23.417532102227376	34.00193568342914	
146.71001985248995	21.030308392930465	22.6972121104428	34.08680275354611	
147.08213182233817	20.78011681061627	21.76275459652224	34.22040524881484	
147.81630471637493	19.997350133271453	20.838138461199733	35.09714112572232	
148.33024323827928	20.318184686213876	20.108767054982067	35.14431157098453	
149.60516549454073	19.56996456547941	18.918817509975252	35.80487065939084	
150.1484491988086	21.163429572088283	17.91699320325769	35.59985031578714	
151.20084668241336	20.340707423105286	16.684150047147877	35.97793400367361	
152.34739974495517	20.302069828543296	15.64426452321437	36.03767140997678	
152.26785060244524	21.48290317365116	15.217229184410083	35.29763032456039	
153.265512994335	20.718219747084774	14.686816785363952	34.98008085622972	
152.68384654663387	20.933105915215258	14.452389647310005	34.923787667804504	
151.90541171582151	22.68709727606644	14.382605689826304	34.64284954401231	
150.83039170993206	21.24199749762809	14.817036219771083	34.204348644320945	
151.25959101959	22.33910529675607	14.972744352730523	33.736680275984604	
150.40564232905962	22.148929666619807	16.325805611042668	33.128664900574606	
149.77660058122328	22.386644898599855	17.66251216205334	33.384238987170875	
148.7805494479031	21.085012730265724	19.005378808194806	34.09161253627815	
147.24518199966107	20.885254898687972	20.461281099896045	34.176397429113415	
146.65487678619016	21.10725117702398	21.620173318840465	34.39544927451144	
147.01240131741974	22.25979583235673	22.246486784609196	33.74246478873334	
146.45697548933825	21.380853704933035	22.436174185238237	33.377131717209075	
146.0971803536133	21.836740408064397	22.44167541287199	33.2980441243164	
146.08747567959193	21.707318956608948	22.68071246486386	33.29709994287911	
146.49411326746352	21.917761720405114	23.051674802009224	33.375684698212915	
145.74436231814687	21.59160007801303	23.20878851484949	33.13396805864721	
146.43676877502836	20.83489326303917	22.894413862048662	33.13641381652772	
146.55664005988152	21.594603807549646	23.005303330667665	33.18415982101472	
147.83221097480123	21.68995823885468	22.555229276235686	33.52551935915341	
148.5712875358862	22.91453912029131	21.84112721538867	32.86451605283324	
149.0717882688463	22.89403374925661	21.768567763939714	31.978606808480542	
149.75258358175873	24.423370972471808	21.88235442290603	31.414380172084744	
149.04811537209886	23.64689390356061	22.149554916629818	31.519810528029186	
148.89446298653172	23.032104181663122	22.542336751304887	31.87007297480628	
149.75316660228754	23.87050663455082	22.255488400653128	31.500751487542445	
150.72850360371385	23.71236409006402	21.936180873856568	31.515351691719218	
150.78588726360928	24.060009167082754	22.120869541461506	30.935955327874478	
150.63639864111647	23.62509675906734	21.969898405788697	31.17751410140417	
150.3349043287817	24.59283055677924	21.57468032185981	31.436747845142165	
151.00596809634715	24.645335214940282	21.072686342340294	31.75950797227833	
151.93381478629516	24.206131941115277	19.989749424503145	32.14082218489022	
153.06492152375677	23.635643363585903	18.907393380209072	32.508893040073254	
153.0762121434903	23.117335539751693	17.99990641241344	32.38885234820442	
153.8494867879303	22.839561919982643	17.558768327021227	32.35430865747186	
153.7520240428212	23.366172876884832	17.311065649554767	32.138001780252765	
152.94735701615562	23.003678157979266	17.251592147351094	32.205042613393005	
152.94790797592003	22.52423774349968	17.368322693265426	32.38453824499553	
151.5778697475231	22.56627714474116	17.949874141370977	31.729364778441372	
151.50053391314393	23.216177098289293	18.076606622495255	31.72980554193677	
150.8963149737849	23.165806513394113	18.464297448511427	31.30616646097024	
151.16758984767955	23.362932898540922	18.739105161753134	31.05518768046135	
150.5968849202576	23.60048797703526	18.684983788229708	30.731337151184782	
151.23146430616538	23.762868402505912	18.60738328990439	30.738926852288678	
151.6010646706038	23.36281043507492	18.58405914184164	30.87141340933499	
151.68102506786778	23.498838931366212	18.609056595000006	30.602439996649174	
152.4292729171862	23.930892009406943	18.396678400291762	30.70940197828117	
151.90980617530005	23.138928125003055	18.35112289906467	30.751586462659034	
151.700431175202	23.063142796489238	17.713582602363978	30.9953041216762	
152.11725855676568	22.434061480967767	17.192846035732114	31.223501003564387	
152.83477813804123	22.5568922447607	16.898290133108283	31.195118509940663	
153.37880689840983	22.69777634541316	16.47750541274501	31.569050550161165	
152.97843621747296	22.63554865834326	15.906728180352857	32.263289658530965	
153.22906112282757	21.361905367149824	15.599175842548018	32.70283569691648	
154.0994147152513	21.437271219936893	15.194200274884015	32.904990298205924	
153.7335969715406	21.35162827075686	14.992498113689932	32.86522853607668	
153.84059989601695	22.03972577063773	15.200263374125802	32.07165705822459	
154.9729847440629	22.00373410427415	15.111498142978027	32.278251020877164	
154.28553926442322	21.547688781360048	15.044723033142294	32.69380899446225	
154.77940386456788	21.981058092467485	14.8865274564553	32.81511264952614	
154.21193836596814	20.82567432661267	14.645674707774269	33.632578216764855	
153.6577176237807	20.42096085002022	15.084150166646474	33.566561929515125	
153.86537697664892	21.050330611508166	16.340580738247148	33.35654786596976	
153.6827316000335	20.865168563717454	17.07468913122611	33.92311231017861	
154.41549106568505	21.60074595094767	17.60292964213218	33.70988429963231	
152.8838007702908	21.840803021542904	18.485068507144852	33.29132258405896	
152.8576240301195	22.655548549094842	19.276068693020985	33.06961189592986	
152.05961328841408	21.878284090269407	20.310532142401023	32.860423104578864	
150.9941738794202	21.406822820542555	21.342942738232793	32.95304208042969	
149.23601358137114	21.232236199836446	22.572343336453272	32.97822032063055	
148.13601301491835	21.491895006802643	24.107720221706263	33.10556067967843	
147.45948018475926	21.02314652361823	25.0029743969758	33.22870666686292	
146.619128036037	21.39173974358666	26.37616983867239	33.237441994484676	
145.50171705683624	20.776091996196108	27.028543647881648	33.80078008029945	
145.99965383947927	20.53912493218764	26.7300320533975	34.64149996840479	
147.47893631265097	20.483665390231153	26.438554717936096	34.67068639583147	
148.7410895890657	20.019373941953376	25.259414307435854	35.38128144474702	
150.51498805019264	19.903570732811232	24.05921797007221	35.61478828241172	
149.01878563088408	21.752417900316814	23.170840900134536	34.79534125804777	
149.0534178275951	23.15606046822841	23.204005439902794	33.36325814076393	
150.18622430378082	22.486279935836446	22.567482750018055	32.82780587233989	
149.85523035302566	21.492246946982675	20.831103936832953	33.88137154600457	
150.73396314321295	21.297353391333417	19.155142650362382	34.59006665284359	
151.968717442443	20.848459965456478	18.402066897026465	34.72322572580241	
152.7769477761189	21.715758374100538	18.042914809866836	34.531169207236715	
153.44831591318115	22.147105418295823	17.58112903426762	34.16232600648894	
154.62280466698473	22.730184127192857	16.791688462997442	34.34525404238872	
154.8922833988603	22.34013064706961	16.472232252805608	34.404422325187774	
155.43712903456924	21.75420050494821	16.241109030873318	34.177401990093244	
156.16591848294976	23.05433906026376	16.553500035932945	33.87869050341792	
156.4464597307593	24.187937614267003	17.49657080341704	33.13952298357545	
156.35981931263836	23.51016300702977	18.01500493377216	33.05813626004542	
155.67248972981162	23.387820211322126	18.264058315205748	33.20361711639031	
154.79738737545568	22.95314905744428	17.453103952634216	33.654762526491794	
155.21792873183318	22.850595482016683	16.81170820290661	34.223862160771056	
154.48091841173058	22.768409350086696	16.714051567504654	33.8187724215993	
154.64647154832392	23.407839124537567	16.962281782489992	33.25870401956554	
153.76600668125928	23.582096570921877	16.785764490803935	32.50361581398769	
153.65554667995576	24.879736023830176	16.847039300888184	32.0331793577257	
154.28177757936646	23.853642677363602	16.548315277952753	32.38682959348229	
154.3159490121469	24.37496880944939	16.38167204234149	32.480185870191185	
154.59177632771403	23.839507219015	16.089292602129397	32.5585281330579	
155.5645619981993	23.223115011737544	15.654095095367794	33.40277504511584	
156.27228352549417	23.1588256052787	15.385162583413315	33.9944083088985	
155.64511763387168	22.923157460381713	15.572163268436576	34.336304303182125	
155.75576793590278	22.81457414528751	15.959162078399377	34.84600655665925	
156.29804738478714	21.595666327315428	16.025907335956344	35.08693343403013	
157.2326054225477	23.001602365571294	16.587705991410047	34.47963673659595	
155.62337188863	23.015155243136597	16.768679248170116	34.40007757243757	
155.01040772514696	24.447340355458156	17.525840685150946	32.82795589657443	
155.02507759437333	27.099509363937482	17.909817186496017	32.00856657859979	
154.3020102581633	26.830363614941568	18.615034439722084	30.900551892911533	
153.80505273492108	27.334758380401468	19.17429474217841	29.51219738150202	
154.4251076939002	26.99593108115026	19.026805993621522	29.73733243801732	
153.253345678055	25.969201011196237	19.849171761584394	29.306976282209	
151.5075432407854	23.882655459524837	19.333847874678277	30.519603050734723	
151.15280347399658	22.555615663317436	19.24039377248699	31.48539834254992	
150.79432364542666	23.57998438751479	18.639898174325317	32.41974990928499	
150.895526523686	23.814660558673985	18.332354614545824	33.125256348312135	
152.32291807526644	23.291882860052404	17.4603324606787	33.68577083504951	
152.81657585579313	22.99152198419339	17.30305110586021	33.377324078346945	
154.46061391262413	24.287818150285116	17.22210479504362	32.54583737675657	
154.60898002543817	23.24544530446667	16.528567697578914	33.219013791282975	
154.44501184718342	24.15299736295556	16.8989747889293	32.316344748745664	
155.25853076723482	23.946815406164845	16.93631316149433	32.240239832822354	
154.86689512140586	23.78868763243787	17.11309446986376	32.16027464475489	
154.77956552671236	24.445105560190918	17.286759775818076	32.234241860326236	
154.8264463195834	24.439254517980906	17.36792351579998	32.526089142240636	
154.50606791166456	23.704788149596677	17.295177944201583	32.234035687385706	
154.5355666781414	24.155845162205246	16.850749180154903	32.42336292500545	
155.09845010615643	23.588047286400702	16.664072321098573	31.92831329708875	
154.05480229894397	24.180536091612417	16.843671588741095	31.86967139903903	
154.28491000358687	24.503350339199017	16.61820235766062	32.44185881951546	
152.81317552280208	23.59800811566798	16.875584127882668	32.17900506835589	
153.14554687987123	22.823959191926086	16.693576854233733	32.73748958671236	
153.32238540821803	22.269977941345353	16.180684643342435	33.50203633924049	
153.63811282372052	22.151190216392404	15.555383954714856	33.704406215345735	
154.71683033356595	21.15080086843719	15.086304334307208	34.47021401552343	
154.44788759791254	22.238920950003465	14.827091822449251	34.543633039377546	
154.74148231591082	21.163689283427935	14.599720712110782	35.39286163434288	
155.76034863679422	19.93779005889625	15.123371138901252	34.4498945198439	
155.6859879860599	21.34922297870878	15.247399578099529	34.22382836606356	
154.6126398850376	21.588400701762012	16.09401970439822	33.615643526460715	
153.02844094971914	21.959055944199434	17.245498001226494	32.722036823655245	
151.27641910367367	21.584381867565064	17.201610524167073	32.04821941812246	
151.52742974329172	21.713901262475108	17.167188651091067	31.312753349214724	
151.1062277845142	21.020187734593453	17.16491617773501	31.778697832958933	
151.67237017338104	21.519172564903442	17.615286960074247	31.814184223529125	
151.97604029582254	21.509107648170232	17.685362056776256	32.554734147458824	
151.65350761195037	21.88488695063161	18.022165656953092	32.11929056174937	
151.94655275969305	21.915499775614496	17.458191249458558	32.00766278590444	
152.09891795554063	22.12832115244972	17.446273842347768	31.055437235398536	
151.72902161111804	21.838564389763235	17.639054214052553	30.504804631121704	
151.11549341046808	21.490747761024465	18.14779974789854	29.841855771096395	
150.2815075559281	22.38586318213763	18.71659943970281	29.05058034930496	
150.61418682265793	21.805315904447475	18.75382613666023	29.70300092138739	
150.9121542763516	20.167830862333226	19.190482645209414	30.5022211011062	
150.02706022273838	20.548688348911824	19.72783067854683	31.16385095661606	
150.9029176362048	20.20338542406781	20.005852252190905	30.874744022703055	
150.6596517625946	19.989748126767772	20.37632020394294	31.228421892952287	
149.68271867417928	19.84732139252098	21.139894381247956	30.57167073563223	
148.7537542768152	18.922753918756836	21.500124927034058	30.401055965914615	
148.40601764033227	19.18549850654847	22.057477172162784	30.443628075826563	
147.61364274687082	19.249655994933065	22.751451660691416	30.322749935148536	
146.97033525591078	19.710542420385643	23.03546671369009	31.07713163263014	
146.72611141230428	19.714446571853586	23.511161268855595	31.729456759993408	
145.56391809345138	20.159689498023475	24.14305757014919	31.613511181027164	
145.09967149862305	20.20121696183916	23.40655597774297	32.535537556921916	
146.00398548617864	19.872765277507273	22.665857598924198	33.055742828962856	
147.12858814110854	18.751751990065152	22.082481603673756	32.98241653428536	
147.98523461741905	19.25436562482011	21.082819880510034	32.412621977464795	
148.8415277897031	19.098064357497286	20.080716833525642	31.880075636226632	
150.48092993923837	18.881424843228686	19.31961826079669	31.50706174835776	
150.25861484796016	19.76417653946721	18.68416962687343	30.527065537618675	
150.77739272200384	18.559693702497086	18.48339834546261	30.400197576823487	
150.77871267835917	20.084864557203517	18.364237516601406	29.936459021089263	
152.13029054915768	19.623860389906852	18.333910012377217	29.923241706616157	
151.70369697552184	19.26822997517257	18.63222733861806	29.849779433952286	
151.94176318554025	18.811418101080356	19.108541930129373	30.169326996359587	
152.17776808444222	18.215678009568883	19.60085023801488	30.685221112538798	
152.22401174974283	16.555562336516026	19.95976337402326	31.524817850928557	
152.18936195293648	16.88696539818195	21.075270303709498	31.807361371738907	
151.5295888257124	16.066920100929764	22.282551047731584	32.2854458201475	
151.1448352262266	14.879714154622352	23.13195324779933	32.627581412523284	
150.41587275517813	15.26113053908552	23.84869082894485	32.899179884479906	
151.150371928755	14.978926404553487	24.30692397026592	32.563630721908474	
151.0543577419167	15.073207890414675	24.6992962500995	32.66868910762737	
150.33414624318476	14.676686143434576	25.231712674117	33.11591971678095	
150.31368593348463	14.768548348222136	26.810413655023467	32.40207930844128	
148.89944057904916	15.257852870555372	27.61900090026424	32.154744813909765	
147.86956136031787	15.853099845739585	28.74902210055742	31.366084054389603	
146.69357389113827	16.088643059572213	29.793377706289384	30.669345137034053	
146.06084630783982	16.747123696967268	30.78138999240663	30.4472754119087	
146.82709667344423	16.598034707044942	31.126983424596013	30.536274898556016	
145.68281622600523	16.178971915989457	31.049554258407476	30.888159207008734	
145.70220024470035	15.577049887222278	31.645323621301223	31.08436314904517	
145.9467657919798	14.300299012331916	31.79227310528902	31.319040788247854	
145.47034951803323	14.037808318784478	32.237125549108875	30.97759829044007	
144.8641109677566	13.277187158954874	32.515500613750476	30.773955970496246	
145.6147963729208	13.077440743529403	32.26207420389801	30.59709465929215	
145.71787584966063	13.444665035856506	32.37435125883259	30.253953519242387	
145.7668260868962	13.699362082565067	32.66956556600585	29.562323176930676	
145.3924932948233	14.030827708009742	32.839801245758835	29.038952108827623	
145.63551299683473	13.532161769054149	33.04493197993023	28.472861786010775	
145.34991806086617	13.91626786652553	33.30015976686817	28.12534055728389	
145.11907745753186	14.578758522211405	33.762146977827356	27.5888134034913	
144.96724707849071	15.78608141419398	33.85382859294482	27.006536518737775	
145.97980498395702	15.984441089743036	32.934765923937306	26.488390619698094	
146.86992581318478	16.684881250937234	32.34468692090225	26.324297003228452	
146.75676951727445	17.013864566979773	31.58270327119905	26.31305989497968	
147.1171898510398	17.20597594887739	30.691369099842866	26.61391293930769	
147.2433584075633	17.582637155660816	30.59690054986501	26.973360569118547	
146.52971410413193	18.528124052402326	30.717803036558692	26.654211541853446	
147.4355123868089	19.394513470280742	30.719591574028275	26.913392874794198	
146.96995979346028	19.6586626424481	30.716489358566097	27.5272337530091	
147.56617655150055	18.920956974756766	30.205459589283883	28.343766890174116	
146.97501135707483	19.134411081390006	30.36586131115239	29.128430307811303	
147.19359868272846	19.91003766236937	30.76626127615717	28.77540300551658	
146.79368525600643	21.260625293365827	30.684306846192037	28.450568759648643	
147.01025340073625	21.37320898894035	30.495094480581265	28.387863108972226	
147.2404857635753	21.284156667562154	30.515941283437492	28.35977954890209	
147.29011753051793	21.523844475770478	30.882860054818323	28.247782747860903	
147.52890633842574	21.577033130091365	31.04111979205758	28.64279740207165	
147.43338595022317	21.53850250864567	31.30457741571442	28.740552373397662	
146.96164279522037	21.877055854833447	31.316828895044388	29.105188295131377	
147.5417107122754	22.325751947501423	31.305287637891546	29.406932499096467	
147.78409304354028	21.601707568741624	31.423169531938864	29.59209719123224	
148.75564360327158	22.487973703992484	31.062290068917243	30.230664029193797	
148.99682343792972	22.748368929046066	31.443422689598265	30.261108848663355	
149.01397161469677	23.624469600319856	32.15772835302881	30.67391286669165	
148.62926208746774	24.137658478531815	32.26797074163211	31.31419061435728	
149.08420500796618	23.758032756338682	32.496072443739784	31.40720125602818	
149.4332330970472	23.349980115054585	32.195093384548	31.83088394545915	
149.98899083880417	23.20674685641056	31.460473843735436	32.074044243036866	
149.59753029412144	23.49445426202156	31.98672008212683	31.930108443936653	
149.92855456270675	23.276186902738708	31.71591103157595	32.0633567015594	
148.95354273975113	23.339140155063358	32.291977991636244	31.985111640776374	
148.43784845797748	23.560271913407043	32.55516261308283	31.757296015886094	
147.42556211610412	23.501415606774522	32.69735313101992	31.692355291191532	
147.93087439668682	23.32446707425708	32.29581433529862	31.90269147170306	
147.84167521059157	23.567017615826302	32.27887383034024	32.04590183997135	
147.34222389675944	23.184727725793785	32.23534789277309	32.21153335008613	
148.08719143331777	23.32653053651007	31.921512716684756	32.18708549434649	
147.78435764039853	24.05635368296283	32.04004532869148	32.370833012122304	
147.82846153906019	24.475370494441115	32.40741639098555	32.63713132842666	
148.53560427244446	23.57274322889372	31.900595867579224	32.42593266428267	
148.9714448162783	23.89174070725015	31.651481511857433	32.311094861507925	
148.57479330964824	23.775448331812584	31.844868993205118	32.76119793571695	
148.6434577820412	23.95740230171696	31.859261760317146	32.82380040238269	
148.18815766155637	23.671883342582202	31.548502735135504	32.99614818192439	
148.10997250828842	23.310746294712253	31.20437954084189	33.26385238799766	
147.74877948554592	24.243700098673997	31.83794990518564	33.27643181998026	
147.28713577665383	23.23253268265479	31.551615408365123	33.01384757220196	
146.81155144844945	23.885957632091	31.17113199303141	32.757568402142866	
146.92060489541348	23.03877089184366	31.076624339581382	32.909114344169424	
148.31917399060285	24.029418492704643	30.246579035133685	33.16316891363685	
148.04809660142797	22.934899086983826	29.95342070296028	33.14505748098628	
148.0469231641562	21.978006716568085	29.907267510521763	33.181516566749	
148.12897181033694	21.766958471158652	29.802242009038643	33.1529924548296	
147.76086041446646	22.06809404673818	29.332648423318496	33.44605803771729	
147.94074608709116	22.32693087586943	29.369991377965775	33.59445724070693	
148.3620993401082	20.93755043494618	28.836752782058696	33.656970798325695	
148.0936205000207	21.072461634335017	28.655128952324358	34.45133817619354	
149.2628086558394	21.10133273527761	28.109570688350118	34.319640444008485	
148.70979577370937	21.12617613354419	27.587084541898957	34.37427594854651	
148.7821951763766	21.416635015912824	27.123312064717105	34.28237452179633	
150.13451591091598	21.299921541582158	26.070038819487543	34.02382310433785	
149.89931520677945	21.48507387354192	25.327755801228705	33.70026731348412	
151.33511434996046	21.443348382967816	24.618656552873478	33.15739179524905	
151.50230820412077	22.380246581885796	23.712399713392315	32.86381996958499	
152.746501807858	23.085225120187012	23.21597284165081	32.104295222244374	
152.5189460809246	22.270229493079214	22.81270625151098	32.057165253089835	
153.34101878035096	23.184760450761747	22.327048251604012	32.10895926567205	
153.75391990677736	22.212214184877787	21.96622440471943	32.29967836567525	
153.43802834928067	22.642036030568853	21.923947513363295	32.23884993540145	
154.4577207892312	21.961223428466432	21.626597363842425	31.99894049410517	
153.4753539722409	23.000326115453053	21.700566770021755	31.36640075185216	
