105	31	103	111	
105.82539226184872	17.0136239803416	99.51663498895834	119.5348422070606	
107.68575433425983	10.753892462868876	93.79937158561579	128.9705765811196	
110.0678880206299	8.75230612273927	89.72511289437259	132.9512298007245	
110.88784633073266	7.862002633183479	86.68477447452274	135.0897075576422	
111.08894951495617	5.519510246254541	82.62882062915997	136.7912744346597	
113.08113880254595	4.725187699603879	78.33294586482646	136.40111066934145	
112.96335991780464	5.306583610405596	76.50745034076408	135.7571953324275	
114.50546522294471	5.170610511861611	74.24634784434257	135.46579149992607	
113.86237810696343	5.184955593879579	72.80729271156707	134.9797224498243	
115.14989880609446	5.355058534705819	71.74679153144473	134.80704217482733	
114.47183605061977	5.409253153459403	71.49702881845195	134.7311746479331	
116.55390476194111	5.094700762596446	70.14194181947943	135.33244614003198	
114.66111128993734	4.743670537448409	70.85343469427181	134.64425174073915	
116.57220431529984	5.7159056108589255	69.95103939003837	134.9461300203319	
115.27937860848819	5.044065700343893	71.2175357219783	134.5908495651471	
116.85060185900693	6.01665690847112	70.66242772408778	134.70669944976873	
115.05196223424124	5.4831756848121955	71.31301956725349	134.82764680065355	
116.1814909588854	5.593605546277971	71.0204930757722	134.82717313937655	
115.46942587335573	5.277482214792485	71.63506150127057	134.663461313365	
116.26664848574958	5.375800370015966	71.46797130907522	134.52036589664147	
115.12160437854794	4.709351373374091	71.77981167301867	135.47697915597337	
116.12691348697373	5.33755806201647	72.21303297357991	135.29399005322682	
116.77550091849233	5.27722146409765	71.63436857762383	135.57165038586277	
116.89181179282873	4.419113172885133	71.94930100621102	136.66019326028965	
117.32363353935584	3.836008663354818	72.22896712264352	138.48202214788972	
118.38839056918097	4.134933107291232	73.09754446440436	140.26414514215338	
119.55963836382583	3.5263294772811378	73.71154860653115	141.69388171309714	
120.99811535125056	3.365202563357073	73.63425114615126	142.67420927750175	
122.2379010639022	2.7596358460219363	73.61686737573716	144.45943283517596	
122.96373732518887	1.9215747659855396	73.80806413789878	144.8595369420064	
124.46570107151553	1.6995530260156073	73.90041985058843	144.7081713802625	
126.15335562169219	0.9958650984670783	73.6508499851492	143.18041690958864	
127.24403064104283	0.6910179746470675	74.3558198252635	141.75570353030517	
128.66648598988172	0.44755523339432557	74.87749596532082	140.20577057541692	
128.7830488263645	1.2686763467275455	74.6563399449889	138.59791436071748	
130.2257321942721	0.7436759821479484	74.5023031319254	137.49376692077706	
131.61935251243008	1.0148704463605185	74.63512374633723	136.3215653665584	
132.41610689921666	1.2002210654423209	74.19083738317671	134.26548251782162	
132.4506532557933	0.8028975596744203	74.80324572954913	132.70893089171443	
133.4144964026898	0.20583219829063637	74.8339089738337	131.74252729340216	
132.38188729543845	1.2106598931784305	74.95852062157454	130.1940641876346	
132.76741002833307	0.26647424632952266	75.35850995207882	128.99509531576763	
131.81807020347762	1.0002301493300436	75.4072341813295	127.78794580299301	
132.03572841464936	1.4254934668840207	75.43116328774765	127.11115503033574	
131.29408889041534	0.9444767277036661	75.74435606024296	125.73640709141429	
132.33862879881156	1.4273904992391664	75.7358195707277	126.06045557937651	
132.5732231955665	1.6385947099673714	75.93025072306308	126.09447719253863	
131.605728823342	2.0181212942597497	76.88382156807796	125.09331501051552	
131.33407967441562	2.1085041458647567	76.96752049033131	125.01951328874628	
131.64002835123387	2.693557196172236	77.07102833649506	125.20878489750015	
131.54779582830673	2.509053863083537	77.10229268480248	125.63644761338213	
131.0983315895428	1.7134589566784229	77.7675690808586	125.32664363185128	
132.4689012465369	1.930921061174942	78.04245110691079	125.60721997632436	
132.14025814533738	1.945918436051521	78.39814167276715	125.35630782009237	
133.00777406109728	1.9945158146900042	78.28375948763299	125.36147193038522	
133.23966701322314	2.0774564034135636	78.64523125143637	125.4205384035503	
133.73521131825817	2.156763379121884	79.10809639244778	124.5586784453956	
134.30409535672976	2.4255781569292125	79.68559427531585	124.16189490890186	
135.22378636656282	2.3876185223645336	80.43942593553518	123.80632958843614	
137.12264094274343	3.13801801030246	80.7354403488147	122.85475501074191	
137.99335878398708	2.730605742852731	80.91292954374286	122.9688409138698	
138.9945602155136	3.225956727609727	80.88529790940855	122.7253081926161	
138.91630229507916	2.0919814738945988	81.01688972387872	122.82930326185021	
139.32037618844632	2.759756423019688	80.75413123639942	122.67270004979754	
138.99958736904605	1.95779677251884	80.44552523426256	123.09480123018767	
137.78225060942367	3.1816441156485524	80.33302028904367	122.87995338172908	
137.5370652706039	2.61966687878342	80.46936415060765	122.77647972623427	
137.4929741818529	3.2324086406381483	79.8940754415319	123.13953270879885	
138.28047398160496	2.2794291955392723	78.97584675271797	123.87471063931692	
139.21190221618855	3.1140589938728525	77.38577650962367	124.8756156284608	
138.42805209503518	2.0462386559295496	76.97567560632385	125.54464864029522	
138.98811912733743	3.24315198343794	76.90920522076968	125.74818881658047	
140.25901690701616	2.4553121309055825	76.33256731115209	126.36086555618098	
141.30729136953914	1.8877092995091544	75.78052495913269	126.91792308015258	
140.88376784829404	2.8260035438239157	75.62092769838185	127.84629831675409	
140.86437959761616	2.3810627883301265	75.6734232786379	128.297866318206	
141.29823484569505	1.8674972861184216	75.65365100339707	129.03506268350554	
141.42808579176932	1.535492086933715	75.49311457684155	129.83122258572251	
141.64165288121222	1.3968640373691983	75.36550056824359	130.82193779058957	
142.02662949258615	1.9045216853495788	75.55806076568948	131.55446212612674	
142.85086566098298	1.7610092889990057	75.71749081760139	132.2624833718146	
143.56805842459778	2.0338757518388064	75.59618508236159	132.77801426199034	
142.39633364604828	2.9361701040690917	75.69660723474473	133.46586835468372	
141.7080929507414	3.5722283978094396	75.79179688067234	134.84266504557013	
140.11159875722487	2.5327177531320046	75.51653847445594	136.0854570293996	
139.82090707705484	3.126573790576458	75.54779641307	136.65891499759334	
138.4548781076178	3.407389260441306	75.27726917323527	138.6779488860518	
137.68354589366203	2.6688817648172574	74.36172807171337	139.8414401955596	
139.55623421217604	1.4199725193195007	73.90819406055485	139.4118361389846	
138.88510927777594	1.5754883098958885	74.19394753749626	138.95509729219566	
139.0165576733557	0.9509224322693655	74.4445115820045	138.25005243300566	
139.3282633768323	2.13179051213352	74.13128733816485	138.56065182774074	
139.46929521531263	1.9361433047688337	74.10650929420555	138.30127581803458	
138.60503168108886	0.9560223224052748	74.11037204140654	138.5062275200832	
139.21562964326716	0.43348600705313345	74.06660344611248	138.49830260605106	
139.12198734355718	1.569700563209409	74.0306912924298	138.16370170813735	
138.9732586952157	1.3137889370080558	73.94264726635296	138.0572586119894	
139.98192050794694	1.0485496278165272	74.05703594116632	137.62756924050814	
139.83190661818878	1.5717649840956511	73.89955451412735	137.28399497509173	
140.41563709648628	0.960385375850251	73.57829523384873	136.80720134932375	
139.5170925191145	1.8859013759171575	74.16273636950586	136.6209336539417	
138.8467037145489	1.9374269570079008	74.07364064023199	136.7095512140604	
138.9863746782998	2.266335231086174	73.86539257150548	137.093392743593	
139.5167353234418	1.816845679607468	73.65480808360438	137.77633550534236	
139.83853431042567	2.6041541563474198	74.12068489795782	137.53396586661506	
138.36019322824595	3.0247773733053833	75.37737602228691	137.91945481637796	
139.93723459957977	3.962418826088495	75.18056019661067	137.53411475653138	
143.95906667795202	3.1510310415296914	72.96092155324177	137.72310299289518	
147.8160568465703	0.0	69.13835923339556	139.618352193563	
149.37583159021068	0.0	65.53498371221869	141.27646390167365	
148.96091689916952	0.0	61.80813337392324	143.68916392750387	
142.29544665550628	0.0	61.81883659310637	144.32984979110356	
135.41625493359862	0.0	63.3689880987246	146.1252454660135	
124.5669230838472	0.0	68.30577910830247	146.770736283183	
110.21893313811029	0.0	74.33837012972832	148.91334697495688	
101.23221688891155	0.0	79.79772971752003	150.77847572426302	
92.85516237235738	0.0	84.80897696165422	151.4561215460226	
86.35402317244748	0.0	89.37629554952127	151.79023552848258	
82.0315001408339	0.0	91.71205653796599	151.91832232736058	
80.7323935053964	0.0	94.79125449926744	151.19503722162224	
84.56692844346438	0.0	97.64918366500855	150.2753607094568	
84.63338665002026	0.0	98.0541404004737	150.37934836687504	
94.43332888198938	0.0	93.9280090477223	150.6657736274018	
105.74814158490027	0.0	88.34444335838182	150.13443838194328	
109.89851608761649	0.0	83.39180114950533	148.17120390373174	
113.81113309618345	0.0	81.29354066671443	143.38545524264512	
116.05074416625516	0.0	79.7551291418792	140.22448859557025	
115.53680094753373	0.0	80.60850457492742	137.37912511578094	
115.0227324996763	0.0	81.5771915046792	135.89655112581482	
114.58560863949907	0.0	82.13346602677314	133.2582698045242	
113.51160479654304	0.8636797073193918	82.40476451901586	130.11166778265044	
110.95277348707035	0.48467648959770315	82.35319932824505	127.66775170008572	
109.62079028828364	2.0163205681729863	82.64004269685529	124.72714818005608	
107.2662057285926	2.2020953222425277	84.66815892122227	122.90323104359697	
105.28243178219003	3.3498507523897274	86.11640202193605	121.44288187466523	
105.6382102649172	3.580210960641608	86.75875585300145	121.83239456638282	
103.72856799171029	4.469142009601789	88.30172009932784	121.82283184958463	
104.33869564499717	3.949474975385037	88.73015079997091	123.20073120911222	
105.01479539169443	2.564417067462358	88.92671289077835	125.19612362017696	
103.72756423031514	2.8364505730861254	90.59936837321581	125.75980369048861	
101.58922590263411	2.2163431222048047	92.34733106927118	126.49166156679186	
104.01370059146075	1.2645519499178022	92.00925569332134	126.65475161539095	
102.07077371057918	0.7575252015796607	94.15279993815865	124.90582356945134	
101.66038417414838	1.9170218862477313	95.61103228202805	122.90477904535547	
102.66311214516787	4.0391042405711275	98.09024511945773	120.80051965651582	
103.56843298142614	4.858422163771458	97.41740331543267	120.5845382733968	
102.11343307425682	5.014020492302301	98.1934523853166	119.20331422606579	
101.791458286817	4.589147027939333	99.10213623059184	119.13357770437369	
102.18380108195896	5.884088690868623	99.22693842493457	118.44396629882291	
102.65369105810832	5.5067708402918925	99.56259462257341	118.21621201102923	
101.90229986849958	5.341860755169435	99.41386397551159	118.54560737914869	
102.04185938660594	5.068584539638763	98.65054241407947	118.51171327695877	
102.42045052208096	4.898387149311773	98.2565564465919	118.76197769404908	
101.77779574885653	5.882201895353262	98.29586934809713	118.8760902645198	
103.46612066093171	6.548302100196835	97.65641040519071	118.4002568962845	
103.43345632341006	6.163735091970388	98.50176597607523	118.12878245648805	
102.36492494907223	6.512437354951501	98.96090650209638	117.8544791247698	
102.57679044840324	6.6624963163717155	99.18156558439131	117.83328611959601	
102.09650930653473	6.008990354624103	99.2045271149885	118.071709117039	
102.93283203444926	6.969355559858869	98.23312584804194	118.08609317959835	
103.7156714789928	6.760004725006553	97.93651503264883	117.84394089102173	
104.64443968453797	7.29936140923612	98.04065353105696	117.80927871059531	
107.61799549189848	6.623281709115034	96.61801787284725	118.73481919165161	
107.6211068577319	8.175625109475263	96.96890161428863	117.54540449457889	
112.74523809418088	6.672813446314905	93.75583228163998	118.44347353595191	
111.75947291684867	12.219359223477895	94.40227661558117	115.3971771805258	
107.01789382778972	13.617574478602961	95.88474620741454	114.96950633947	
107.05737266927045	9.306265814208217	94.25592298958804	119.4023720280336	
106.55292834618764	5.826031620538316	95.57563722533123	123.58059999051346	
114.72340793386218	2.05045790884823	89.14537578751883	130.678883200315	
124.35428433198294	0.9982303529159395	86.18401835806276	133.44041480098593	
137.75003313865346	0.0	84.09121707026821	134.99466333475021	
148.10383788920802	0.0	82.01533391760245	134.50863193628788	
155.58294588531467	0.0	80.90836554175849	132.83687057433008	
159.63797543990157	0.0	81.90624115313011	129.15965890073699	
161.92440004315517	0.0	83.58453361614406	125.86933732456903	
160.01414621133117	0.1162747973975371	86.200405593639	121.70255943333885	
157.64609471713766	1.1215499569271188	89.38038339151908	116.78861175601747	
154.55712971366913	0.11323569951156998	92.0415265341926	111.31266265000394	
152.8425645336091	1.0952781674261658	91.95979069724056	107.74666060427867	
154.01394471567005	2.3843618421368475	91.7341061329551	106.54017757337772	
154.89442261529598	2.6375710363021625	90.67199456450439	105.7121331265335	
155.1816038692307	3.611460381844587	90.50777454737613	105.49313500725685	
