355	155	31	72	
354.706210505857	152.89957512525416	28.792936195243882	75.25893123894403	
354.6143140553929	152.7961199466235	28.33490379229754	76.33771018010195	
355.2616753897171	151.78330392023332	27.495945804606244	77.45849719054752	
355.6429564979269	150.80923138424583	27.027824178924092	77.8273628876452	
356.9104420908301	149.99460422430965	26.199689514725215	78.0537887651828	
356.7331854424711	150.65518101730572	26.528991917121513	78.26437277372136	
355.7442173780805	150.74368755253073	25.854585259416325	78.2491705396964	
355.9861129516046	151.1197547049532	25.08292152430591	77.22146418697862	
356.5176883856027	151.6085602611085	25.08244976164176	76.10865697947835	
357.11793270908214	151.32526905555454	25.339140025622267	75.73001419774297	
357.5468663750173	151.7081730102805	24.719061102637056	75.71172293576069	
358.3799436659657	149.91357829300136	23.892947176820307	77.02652748743338	
358.60662326055666	149.82432400996527	23.57091828621704	77.73870932666404	
360.1741041441251	148.97738499938043	22.591134022065713	78.98827683772416	
360.1036154088865	148.28992862369137	21.963024592325688	79.66578820389219	
360.8199027579432	148.92461067567857	21.393539623130398	78.26014748679961	
361.213212771744	149.42347596851585	21.276651794852242	76.73331962753687	
361.09097273989516	150.73293030488543	21.121345866834126	75.78105148711697	
361.48335159549566	151.09591779320357	21.0521902511554	74.87909065374234	
360.8493885824952	150.48474173965496	20.835210928931303	75.45763628128438	
362.548266918827	150.0680117115196	20.271750979100453	76.62485414036254	
362.36436421641935	148.8716322911013	20.202131168263477	77.32110567140268	
362.8442874388288	148.31336883443487	20.25539961628536	77.5910748524548	
362.68176178842845	148.33509589734842	20.574473966350276	77.21544613966265	
363.00774845834667	149.3942610635998	20.657169758802358	76.34478474038649	
362.4799433983384	149.79537681811414	20.86975192354987	76.162103891583	
363.1076660060813	151.05437260053137	21.08152048073589	75.36739836813412	
362.03418475884035	150.65048144030936	21.930571215408683	74.89566245340382	
361.8899604396692	151.57801352082822	22.7293439934717	74.25228461295336	
361.97283347348383	151.0612285623824	22.94825304542761	74.03154914985197	
361.5078855846891	149.8868769815076	22.886402205724792	74.0540740784202	
361.6586910048918	150.23767302194565	22.65203055057482	74.32096555507626	
361.0738579629635	150.1828216530045	22.462546371263006	74.88430281049843	
360.0841076974099	150.36508354190534	22.821086574581663	74.85785366116065	
360.01168149303857	150.35911544651182	22.862519691851972	73.44566633383175	
359.83999652920704	150.69728581643358	22.22956288447142	72.84720496957638	
359.9501669767726	151.71181429675408	21.953202218501758	71.89438332134202	
358.8671780310822	152.53240941290574	22.246678562838664	70.645647575038	
357.6118847059047	153.05090380819485	22.950828640108757	70.78116495434654	
356.022167063776	153.65753614726637	24.09259856355345	70.21868549683313	
354.6251518963731	152.5879206678587	24.88208030372816	69.94065286488768	
354.0065347270664	151.85496454012792	25.892185372804555	70.27493315302516	
352.7905732983812	152.10003582517626	27.02806944713212	70.77693345653036	
350.2892507446521	152.9810313504232	28.44345655685621	70.73912872204443	
346.7974956888762	153.926795874064	30.16336720726495	69.40115923567741	
345.62475931859274	154.92646924131407	31.337441829020314	67.85189262408457	
342.1096114649735	155.84776814724898	32.11477583746148	66.83385681350236	
340.8947715142896	155.5807214115843	30.620631541479284	67.0206461535393	
340.0454919085955	155.06749879638855	28.33653877636215	67.13135207675604	
338.17916196726753	154.25711281567362	27.525789251232197	67.36727297348756	
338.38018963463145	153.90727645842767	26.501614215041695	68.3883487012942	
337.3386131590986	153.0403734367219	26.48179002978484	69.39578401745214	
335.716861024319	151.77240344021482	26.891017881887443	70.47942887208617	
334.9081549796186	152.28295142799809	27.800743573687175	71.14150550233586	
332.5192110923801	154.33112663824693	27.45607495561246	70.69171074596773	
328.16835310054444	153.87239992882866	27.130146312053803	69.78439992128463	
324.97818619944616	154.72444969011897	26.549262159064664	68.50875971292989	
321.83418555572035	152.92980412268773	25.42195704360139	69.52966923548183	
318.97713827361974	150.1689057624675	25.12322754871613	70.0854990122453	
318.7066577201547	150.53500085387333	25.302773901557526	71.05041809816986	
317.531269922954	149.25974605704496	26.24952417327487	70.91605960455485	
316.420932859588	150.67788824025058	26.634682316321406	71.46743821918184	
313.99939811530766	150.23751537538317	27.420505885335473	71.43523810231031	
311.23061764007934	152.41916057023232	27.896271180486828	70.25153851225565	
309.2409797632381	151.72649374833892	26.339521522796048	70.42516371960666	
307.6273215420785	152.91987260215313	24.44116242666879	69.62779716808981	
304.8454542873652	153.6416069804565	22.932729426301847	68.6988908472373	
304.04022349974093	152.9826208116329	23.59253135244556	68.15304312619452	
300.6874193506218	152.80123476297703	22.36364793878163	68.94562542608907	
297.9972851751402	152.94582773711875	22.093045019130408	69.47651159717134	
296.02853617225384	151.68480475158688	21.976453014876377	70.32742607986478	
293.8318289779944	152.66072880426597	23.07309248121478	71.1027761561079	
292.5814311760427	151.11834106785972	23.981504530454522	71.41274281747403	
289.9142873785585	151.8705932193442	23.42471009759221	71.61950926819168	
289.07484849685414	153.2206684141002	22.015988827768496	70.68390218554205	
286.65510495003724	153.0366278750915	21.3664644603501	70.30094250353352	
283.2191746973321	153.86580116201907	22.16242920345055	69.41944322572246	
282.1468509628052	153.48646974068822	22.00862498744944	68.34916017615936	
281.2809189510243	154.21902576395996	20.977326054965875	68.51177726175106	
280.24959340196506	153.7396742431667	20.820847908972787	69.27493478411063	
277.11167309889066	154.35661982325405	21.968008390276374	68.86923683495522	
274.9544293962787	154.2871742303326	22.589529945898192	69.27533012395173	
272.6143535216495	155.44061105716642	22.5208297783965	69.10568429270144	
271.18168787981426	155.5352754026906	22.35027626796017	68.27792424833383	
270.5261063565427	155.40939439216672	21.37014113928536	68.591836210878	
270.1294026449316	155.3296220851373	20.252376517497268	68.86889646064638	
269.0938664152159	155.31518515253623	19.50469192759343	68.99651764125414	
266.6544767709965	154.59242143249062	19.323977668598182	68.66426562584421	
265.164074278974	154.952340335293	19.065945373274758	68.49509077043511	
263.7852434627202	154.1353105968842	18.56267636005334	70.26025204007979	
261.2088370412888	154.12851962331683	19.66408631883737	70.6237229387925	
259.51819049249997	155.02739074923574	20.767973306009043	70.12726008609306	
257.7147447769508	155.99955397363027	21.50773866870395	69.0947243722141	
256.45363581057387	156.76622079686774	21.47408275400688	67.9986643760553	
255.2334717298846	157.67212686799834	20.982188582004856	67.85422633807656	
254.5650034112209	156.64312986130875	20.974934997331587	67.97688901349832	
254.49569826475653	155.78382873792486	21.27226550846955	69.08339026556504	
252.43411674488806	155.75110885542125	21.7681746697499	69.81987445834918	
253.64873223856	154.77507512345852	22.112476034481787	70.1886522781851	
254.51943836778776	156.42890469256824	21.28450866932885	70.64778357316719	
254.53055167995103	155.21332633072265	20.746309360217097	71.50906536379084	
254.84104309888676	154.7454894478754	20.368053355996956	72.01895146846596	
254.70451653304232	155.97130246242295	20.717011296124234	70.53539850319603	
254.50795963575356	156.2789914794939	21.09648399099607	70.46250550740245	
254.21908153316426	156.36568983399857	21.586713376480528	70.06232919802612	
254.4649831130059	156.88230620373753	23.290146527647575	69.825662209357	
253.05585556945684	156.4890647098397	24.931502934116047	70.0611501421155	
252.47842329066992	154.82377608851783	26.068863304075983	70.49374012555072	
252.77704618893355	155.0529541607592	26.514539995209297	70.86049523145161	
253.11700380255795	155.09588486801783	27.158255791300768	71.04682438630405	
253.77262714384574	154.4592272162983	26.86362881749769	72.32872790626993	
253.38626797337184	155.9644373330944	27.37679030430431	72.15033054191557	
253.66762455748898	156.34040100915644	28.000538577170467	71.58203455010005	
254.09903063768078	157.26595345048727	28.50474230325362	70.18272514973523	
257.6560356959507	156.7149583391736	28.256816727392827	70.3094422341698	
262.37396708455816	156.2331905600673	28.85491422550157	71.87997457548329	
264.2247258921084	154.79629689086386	28.66111669885119	72.30846786216054	
264.8399681854403	153.9029064914754	27.423096029683677	73.1491934408339	
265.2769535922306	153.40961745085633	25.884255214851382	74.36352237022432	
266.7260815405026	152.14845106115342	25.65797494594669	75.27631648472672	
267.6411953971574	151.954035512815	25.446188948907277	75.70351006091084	
269.03914345788877	151.8693697185918	26.501817807602954	76.2196250828839	
270.72451522111476	152.77765492662775	28.900131338992708	74.95410143705979	
273.2858790184627	154.12735332188566	32.77958729118255	73.53598736202557	
273.89082695409604	154.1719051264473	32.811262364028266	73.38691106657686	
275.4805483529276	154.1527879717487	30.234587630586482	74.11077081999657	
275.9608488934385	152.44438270557407	29.040305375826076	74.85106579770803	
276.71165076527143	153.69794651742075	28.95648003877851	74.650480216896	
277.5101854241683	151.52680973844144	28.79430865741739	75.69167507249783	
283.16397200664545	152.08637052381252	27.59556615163781	75.63919171787308	
286.2987457048122	152.57263117525446	28.121554173412335	75.89424429418378	
288.71614323114625	153.03523066740155	32.43489420110575	74.69669386168917	
288.7579098298569	152.40134983113063	32.38766836944775	74.7596087406765	
289.5069872154332	153.8915094839354	30.2490039105959	73.67365147359791	
289.9189276903972	153.2073530093668	28.320685815003852	73.60711314484944	
290.523480865632	152.80654569223003	28.240729523145006	74.27772656019954	
290.91904489884314	152.45978862039038	28.38245206003404	74.79604061469544	
296.8044503474728	150.90950555368943	26.78698212812673	75.70600163375505	
301.0761025244376	149.40739380279757	25.16848734594397	77.49713492091738	
303.4205796003941	146.299883197394	24.95793649759208	80.18605758302095	
304.5128918892699	146.2822928164598	26.688928973511796	81.2479678177529	
305.4286023518419	148.72610603460373	28.05180321076864	79.65902919059451	
307.9295823761574	148.8958391372392	26.82665149484685	78.52000260553284	
310.39502050371283	149.04624255888422	25.004755705506675	78.88851079966673	
314.9036081079088	150.27312105001175	24.394568361745833	77.12845690580619	
318.5541503500434	151.28231008092115	23.262926415185248	76.91621364938422	
321.79424127044933	150.60225227182983	22.169307534963565	78.73575402226794	
324.10255685864945	149.74360870832615	22.05944897348474	79.65916244890263	
325.91065799069753	149.72769569019331	21.708467357681258	79.12713152722678	
327.9321593167934	148.9140929360872	22.83663813159243	78.77845410531751	
328.27883431883066	149.00826182472133	24.005801797071314	78.88390732408413	
329.81839190606223	149.2963253533145	24.05389683854496	78.77098980656342	
332.928355626438	149.8179495164885	23.673949285988805	78.10659564476994	
336.0519919163166	149.07008615832734	23.152274179324458	78.97202159686432	
339.32965936808216	149.49619086905017	22.765848160922907	79.16608739975825	
342.31459379117626	148.89791633330444	22.657703983435923	79.2597285024678	
342.6618920193245	147.4351730702411	21.55136416684051	80.10546492486397	
345.2378844357521	146.88302941540877	21.026321451198214	81.6256779739881	
346.96499807079084	146.09765770732514	21.907399854941758	81.840850225904	
349.0904550668284	145.57942644090596	23.086104544722744	82.08751933886766	
348.91663356757255	147.071462845985	25.36031291621893	80.5811210554266	
350.8417370381905	148.34721148085606	26.620830084070995	78.95856524549819	
353.9580844056824	149.16977360123946	25.036133445419818	78.09398177689842	
357.6174196702233	149.38173859266547	23.570100847316738	77.35817668542444	
360.8890258041048	149.32186089649022	22.762831549117976	77.21311962532143	
363.4702935319802	149.06428587200418	21.59213976178478	78.53303215565279	
366.2670113074483	148.7653842619966	20.543443455413566	80.00633332832655	
367.0318010256302	147.3284390407768	21.06502047538053	80.20213039563814	
369.54746085050397	147.88702754000474	22.2808322573659	80.22279714325121	
371.8692549817661	148.97528355588292	24.78972054353033	78.83140226567869	
373.70238553041423	149.2140719185396	26.830526510379507	77.77636964407331	
376.8686074053367	149.4586270913103	29.728153188906667	77.10968489220156	
380.0647824901538	150.67281532673434	31.033492298328298	76.13968871672415	
381.4602029179863	151.3278809589766	28.93147687385662	76.20049875121978	
382.1458126239364	151.52208474155196	28.89393662135457	75.76391433826078	
382.80197076955983	150.36205697079546	28.532520132009843	76.81175871453475	
383.27642362075204	148.27541681497138	28.26883464238076	78.04990444429298	
388.42683828143885	148.11449701039294	26.280600177489223	79.43882656515913	
390.7571699755954	147.97037651694262	25.1865592525604	79.67051521084372	
392.20442028227126	148.398252093041	25.728460479124955	79.5516776923672	
394.3239589582781	149.44117550113612	25.147628571829525	78.95557753351122	
396.57674824473366	150.31698055596746	24.504995155227313	77.64936646957335	
399.73373438804543	150.48247056511565	24.4253339739735	77.02471521855134	
400.98845841506625	151.34989336023284	25.573313283533082	76.24438956263427	
401.84536592212	150.7514081250986	26.61645344618367	77.21138827808	
402.9914551186425	150.5713238339636	26.42800067260557	77.67689471610362	
403.7787255860061	150.746747726684	25.885649918738988	78.18667986002191	
404.60794242938186	149.1857104403852	26.10361590379617	79.2956880506446	
405.62118614938396	149.9922421326969	27.21899774151901	79.62847472329145	
405.78936879137416	149.0793927904621	28.32297822117475	79.68098231186883	
406.7113710609452	151.39825371441304	28.783064522457536	78.83064431683988	
408.29865317978226	149.89107913447546	28.560051273431597	79.2975738792709	
409.9055695896974	150.55618131983863	28.161971833522024	78.66407322099911	
413.30502476164844	150.05170951749926	26.96087760408705	78.83804741912434	
414.57241854981527	149.66805990743757	26.30020282328144	78.86646215712038	
415.97033419184726	148.93376476443126	26.775178042720846	79.27916739983957	
419.1043580371527	148.40895711071772	26.437883297990645	80.43036901887953	
420.848932408677	148.118515108706	26.421192587048957	81.02788507512368	
420.8588091532954	149.0424749971841	26.27126585247168	81.52363934322756	
422.21569498086046	149.96856876994684	26.94445926028731	81.04168224060302	
422.9446506493352	150.64109287792743	26.546476937160058	80.95186633769157	
424.69657686737906	150.09032166143726	25.79717998911529	80.43387932547998	
424.4857005716847	150.09051009083078	25.26997276213381	80.75940581873479	
424.42446808257944	148.505977135293	25.16296588453254	81.82125563767559	
423.3227710948616	146.8702010904439	25.410726640755335	83.47186625621526	
424.36712416870853	145.85949989795935	24.491401906806978	84.35855735024712	
425.3909040084056	146.1330469575493	23.955259700741074	85.27872363663712	
424.79753055961595	147.26737292471097	24.96203196520201	84.97540499368213	
423.9850678185645	149.0166162212662	26.59410208303096	83.80832835604497	
423.31993469851733	149.83419892770198	28.265447959883804	83.43313432954608	
422.30213307658994	149.377279337875	30.484012795955827	83.19605046865678	
419.6622135004053	150.2616831375454	32.30137388449266	82.46188498137636	
418.97577339765866	149.6050262223069	32.8498964714629	82.64694034748533	
419.8852475716718	148.26796914623137	31.62798982902609	83.68496991066019	
418.3797904115401	147.0183171532763	30.770308508132906	84.97113817052177	
417.4766974024761	148.1317706988608	30.940523380280627	85.84371448131978	
419.2554218766804	147.31238600567167	29.567766361747083	87.0741382022018	
418.67481364297754	147.89921290265272	29.184779785629033	86.43099007194304	
417.63080856583906	149.33111662253788	29.589439454206264	85.43377824016196	
417.2939262669527	148.04686660416394	29.047511585618018	85.92400360133496	
416.6159487663663	147.6033257566955	28.01794808832198	87.08765614302445	
415.0972494484968	147.3632851695142	27.139298869723106	88.0895595723845	
413.73812954251144	146.03329570783723	27.14182973109319	89.1357741520911	
413.58505820520867	143.938814929967	26.674273451570865	91.03717167422084	
411.6450575768158	144.05206108906881	28.334412388856354	91.95898820351181	
409.3675163367584	143.6599400153137	29.412578203329556	93.4291587133764	
407.70464512993846	145.4795656177515	30.710804534372464	93.57199704093841	
403.8906904046106	145.52740325739285	32.036848349361264	92.47136468948268	
399.3277882370866	145.66585260556246	33.080905701145575	91.94434879208612	
398.3062497084643	145.25086165248445	31.999025934759167	91.81696185250169	
395.5302698987302	145.8292918647744	31.2567664052501	91.75937565983219	
394.27250256196646	146.41259199383356	30.050970273717297	90.27128683471233	
394.1964597126585	145.70317849911532	29.309755587218646	90.42413037639989	
392.2794130575812	146.7958052420301	29.279565941636577	90.00054857983496	
391.01896074807587	147.2412915679211	29.688998342496163	89.50515024784823	
388.4843825879954	147.22800272110783	28.64204687705192	91.43246037168242	
385.2232772719817	146.9900479908306	28.690976359166314	92.12591420988602	
381.4590935992101	147.1519852583958	28.00181917519137	92.35244574435688	
377.9171578093358	148.65801409987802	27.824722705455677	91.61844052656416	
373.66417413129597	148.844249485891	27.72210536800015	91.05075343895633	
370.0354026515048	148.77455711273888	28.249724241477736	91.9752595476024	
367.50564446714657	147.49055378164394	29.146063738379105	92.81873908502448	
364.6005826369052	147.54032956518597	31.36860540023229	92.8182822922351	
361.5082515150391	146.83315710189575	34.80979549674283	93.55849324139427	
359.5583320745854	146.35571927403296	36.98204389467723	93.74727417344421	
355.0692068291532	147.76598992509943	38.14442435102285	94.46070675365502	
351.16037276793037	148.98681535297672	39.88597782243536	92.72886118685261	
347.1937467953042	150.29140699331722	39.57794172099841	91.80087649337435	
346.77193494487767	150.8705487953785	38.246246376158936	90.22048643092089	
345.28611958310563	149.81845723686422	37.40391128205374	90.01988542725056	
343.640207506891	148.72980161678225	36.774668448941554	90.1159662702124	
343.25470073976703	147.64437353427667	35.45779273006242	91.37191866215984	
342.1046823229263	147.95593566788608	35.12218641366087	91.17533995102697	
338.04721382662046	147.18509372958965	32.88476472561576	92.66678383806732	
337.62334458265457	146.9780909685138	31.303252214903345	94.7668392115701	
336.3549245898878	147.930405120437	30.572725259881334	94.99425701832472	
333.6889211956451	149.05379461223546	30.108628099584195	93.19899223269852	
332.0739607063296	149.68827549794315	29.76228650203056	92.1179156455872	
329.9889165684907	149.69894223596413	28.89162746968561	91.35032949603898	
328.5279941831276	150.12630718236488	27.68257038876317	91.10762575334084	
327.27720636090356	150.50188402700263	26.76905960218443	91.56235202103133	
326.23409723099826	149.96442871892998	26.522649618270258	92.25028983094549	
326.07064236055766	148.15101910840104	26.30112379926128	93.47431621447723	
324.8895692745016	147.18661452459006	26.699817620047575	94.37602604937882	
323.0760442911248	147.37434249686174	27.207634190311907	93.74325322908305	
322.18181006810477	147.51393534299262	26.94420929604364	93.27629768315967	
320.7621894396201	148.5955413950077	26.649748996963144	93.22578002591007	
319.5624112757016	148.83603477211852	26.459662047396176	91.91994244535121	
318.8309066186321	149.72104595367904	26.02510107600832	90.76097949403851	
318.0720880465021	149.21188021026938	25.45813015625098	91.39425725475462	
317.6798797160172	148.42179768107235	24.857137401289684	91.81464204033162	
317.0509674467739	147.21046967104218	24.590304984907114	92.53091163807088	
317.77993702604664	147.7242081284656	24.109561182146187	93.67595332099437	
317.3505159895549	147.5963295213648	24.773093912377234	93.64848553863874	
316.35800830043627	148.5042203508671	26.496224505813164	92.29961962130903	
315.7033582221911	149.28819894961885	29.11920764903043	91.26601248039614	
314.8395372843948	149.5388446947994	31.323637446769702	90.65941014178964	
314.9241121015503	150.3844664213409	33.86110042495182	89.68489500502207	
314.7740885992813	150.8407428247226	35.721887137327485	88.09629320519198	
314.9820971136542	150.3170079023397	35.783444597531364	88.78715204591683	
316.1423142030176	149.48541220476864	35.36163226941817	89.09952126913831	
316.315190982709	148.81287851398963	36.00556545772096	89.52314760218636	
317.25448519679776	148.4246987573029	36.123843427106124	89.17386905396586	
318.1484566154961	148.21243168684623	35.28213652698484	88.97032812797912	
318.00415984768745	147.44131410719154	33.26894110953315	90.09214077094873	
318.35484657341544	147.99838959154508	32.57688499864962	89.59841867437689	
318.82864007225515	149.2968300103758	31.917422381324506	88.52379890489067	
317.9908285765593	150.96409286773095	30.85921463687162	86.25583781709707	
317.7681948660068	151.8725406828599	30.467356115736955	84.7114102439505	
317.7808896290499	151.93835350205615	30.390911594595835	84.18132742546479	
318.46076850841445	150.2763017986999	31.234095591247	84.57004459104019	
321.3185394586999	148.8912139273487	29.772466305921185	86.96209442945118	
324.45768617493	147.309983499128	31.387096857299575	88.16067023704964	
325.2176716852598	147.89531894174652	33.56935493655901	88.36881085949551	
325.4706047047349	148.42910435158782	35.25871701050056	87.06930909236225	
326.6318765220908	149.59926011868112	35.88462417304862	86.62432145665929	
328.3844540440773	151.0451423063061	37.894188660858624	85.61938055465473	
329.8972483725131	149.92764092255425	39.90896216871273	84.90012469294373	
329.9412221882888	151.63304486969548	41.31478438621945	82.66081090350848	
330.0962945486647	151.53822622311725	41.5771354516378	81.95754929775046	
331.83472003765934	151.1207319813486	40.635492926871535	81.92816229293726	
332.5323342130474	150.43173605594694	38.401800879554145	82.06876917865625	
332.7685958710489	150.54948405444935	35.302773342339464	81.88287718502582	
334.3843183027662	149.94231855545524	32.27252797195502	82.32490970371546	
334.8492555660455	149.72821921397855	30.369146367529904	82.46862132751906	
335.98167028182235	150.19821605847335	29.221873636113152	82.89775162513604	
337.96850188039673	150.6586340347337	28.448168686777002	82.35258658748643	
339.4794703133586	151.4545225538671	28.134752909468915	81.17778086038896	
341.0122221987106	152.4889749286844	27.436519000449167	79.10581183837584	
343.39639066038006	153.3222633535596	26.141292771079453	78.84022280448256	
346.14914967012015	152.60799143708695	25.610021939963765	78.87704859924042	
348.62213462918544	151.67105806297695	24.991979898726655	78.43750045959348	
351.0268354871696	151.53441447894994	24.55134246243088	78.80134065772393	
353.6655466273176	151.62167062229764	24.893045257496006	78.96089239086598	
355.94810144046977	150.75231615942448	26.301909059839478	79.79450772251259	
357.2861675036235	150.6727027272613	27.959206577099973	80.17589809337466	
357.6354774981962	151.1625684490536	29.288582814687263	80.20628154853779	
358.90039882430494	151.03558045475003	29.043180985763087	80.65814875416879	
359.5177447391135	149.67956566612992	29.088601310385037	80.31731126340213	
361.343160457416	149.78303052443403	27.73199195098468	81.43781699465713	
360.8505247025914	148.81530957692445	27.875902486850613	81.82707919448822	
360.8376811331569	148.85960548930694	28.526750152977684	82.68434414581358	
360.92786334143835	148.18269258093008	29.346512445972316	82.33285628453969	
361.4096512362329	148.87409039263486	30.18592202919322	82.0312018444636	
362.14101786558945	149.01813188456265	30.623857346089423	81.92842683503935	
363.13167661355703	150.1427658038582	31.460966530905708	81.23898322297151	
368.9163854389672	149.1527169279119	29.54774076207972	80.16195205883105	
370.5734662204276	149.9758413570891	28.36507521683575	79.04178348158841	
371.98956305429436	151.44741854460227	27.03179298863359	79.81583956138283	
374.1836993200436	151.07178349245777	25.47184280847266	80.71312110052135	
376.17858407855147	150.81669156111803	24.534507768024575	80.08497973604278	
377.4818886442788	150.57250520649438	24.810974317851652	78.37464383713902	
378.7783427096929	150.13744977068143	24.080657762356708	77.69152201192631	
381.6799523734822	150.26190311652434	22.68040654433789	78.76098805249137	
382.57429067255606	149.32566237749583	22.185642322870805	79.00000173315111	
383.72067102185036	148.86108986949594	21.78596344575871	79.0884852528153	
385.3162569351284	148.14126954376496	21.18207153549126	79.8853495691561	
386.1293312687972	147.26170114481403	21.527450327403713	81.12323323253119	
386.8750355415628	148.19072128368478	21.314435797153585	82.64602557746291	
387.9787235972368	147.63019890480197	21.036016916428817	82.32332195523325	
389.14001628480713	146.62198812884046	20.365271725609198	82.47634097718786	
389.3652042898213	147.2703384150408	20.6655884445221	82.6491994729103	
389.325420021606	147.2305092208309	21.015713807817676	82.62274408454103	
388.08191199392076	147.20964314240706	22.410302951756073	81.81060670248317	
388.79596803137525	146.9939081630804	23.318629234584353	81.95516681058669	
389.187941032029	147.248878120722	22.95498752332357	82.0838061849125	
388.4696922859937	147.06859144081147	23.326785923107877	81.61094571541668	
387.8096917292685	147.54200646620563	24.595722335728063	80.29034470421668	
387.11750146431814	149.46089811312243	25.050828266251038	79.02490264108414	
387.1325498517684	150.41586301929607	25.639810170130303	78.55259641725385	
387.2677027798663	150.488413088487	24.62392496473655	78.13540648223963	
386.9107282859956	151.78930564899792	24.275372218501435	77.53374891365513	
386.71924001719464	150.06071055322658	23.891465453736934	77.9079307598289	
387.55273953882903	148.6933419004386	23.06676108590801	79.21258525264261	
387.6975306761434	146.98353466369036	22.410097287774043	80.75800229588944	
389.5640731850621	144.65569824020181	21.277523845386092	83.24026970033634	
390.3042071059203	141.81424360334302	21.005097225084054	85.95073364756476	
389.3540940130293	136.69219747016817	20.919919026912495	89.88379733280078	
387.653838009772	133.6852373057447	21.974011192160965	93.7220685108617	
385.5388295854382	131.90031551270985	23.805926483492417	95.16408959430902	
385.05153160497144	132.5274849471021	24.827343561751704	95.21260810071915	
385.4076406583587	132.88805703199924	25.139192093175154	95.46504369527366	
384.8331723979866	132.91877369110708	25.50143906899955	94.81565262982326	
384.02451750767335	133.00074571606615	25.823950221763248	94.79741815623044	
383.1765521277073	135.86221025394912	26.227216335079405	93.98168885920623	
382.3555467746453	137.37922253642836	26.433342698227783	92.88573556517555	
380.9203620087663	139.44934888037454	27.285971526637677	90.43604259694138	
380.06245001036035	141.60073073238362	28.792937569282927	88.32129951753402	
378.5792162278338	142.62356630267462	29.63006685928996	87.1285466512612	
378.303651383239	143.18645544268574	30.584447167972616	86.19594946491446	
378.6755048088553	142.89544853836102	30.46705536292213	85.32401227702212	
378.3295251496157	143.65379589443546	30.80579480477132	84.98307719898358	
377.7289956680646	142.37159335908336	31.054571473455447	85.35478246867083	
376.00101250310064	142.8076606423079	32.02282537099029	84.84796409173231	
375.5320756733189	143.09048574347173	32.80398966865652	84.70454160332957	
374.54136759513483	143.72353317958914	33.73144550453554	84.59735384279267	
375.7888267501174	143.52589766522723	33.89417132651856	84.00041801266339	
376.4188387081042	144.2482639472176	33.70707596639303	83.41044617261937	
375.0743340441276	144.97460911393551	33.74186279473205	83.07675620509599	
376.5864107823191	145.16679099666936	33.51078513555492	82.52386093409226	
377.55449903962	145.62244958045324	33.86249499321589	81.69829751776054	
378.41114149423095	146.69837807952152	35.363274720294854	81.29843861619803	
375.8724972332017	146.68179214392578	37.943046818867906	80.90831880701755	
376.64407371850024	147.80843911034358	37.97053526333504	80.12866591021339	
376.36505177106255	147.41312891142036	36.93546392790509	80.56052735499603	
377.5812009574121	147.4353335134457	36.0725097635357	80.05961727852723	
375.41490541786374	148.2112173919258	35.62594665047028	79.89527822594746	
372.0006893061376	147.71029567526216	37.152839567494865	78.96004014467528	
376.2894507718306	149.84438037435842	35.07176993188173	77.65710474990166	
376.3761704678066	150.74078156106438	33.69907043612016	76.78727617211581	
376.66238816540977	151.09420559433605	33.02624555708566	75.87115935345281	
378.1616166860431	151.365848095515	31.008541079787545	75.2298353341777	
378.90449286929044	151.4181875531172	29.54513029513741	75.21526247181899	
379.3936742237277	150.52327937384786	28.17356302529636	75.38293688745449	
378.87806787007446	151.1021617549471	27.912041195690193	75.62361380571105	
378.77583472263876	150.35678098516297	27.70246367061419	75.54875938127358	
379.14518082076677	149.61417600918833	27.007460078384888	76.02328457128996	
380.71862808522604	150.175562492704	25.58425970562349	75.9358865737511	
381.3880698152281	149.73501579900108	24.362474071500777	76.07177706610786	
381.5922193275171	149.506891597049	23.536566867550935	76.39939800990877	
383.06598504139833	149.83769109288136	22.172413920930325	76.3313425903855	
382.86888778408655	149.5716146497919	21.81373822476268	75.33738304062516	
382.78160690025896	152.5086470750018	22.651763534273314	74.77074039189245	
381.5607750227506	152.66398655169294	24.497136764092005	73.79553263207902	
380.65424750974756	152.75394713335902	25.114829720450878	73.46549401874825	
379.405926365498	152.9058962593156	26.22457726312029	72.90183190223478	
378.9732648615232	152.07701799395784	26.324406130879947	73.27992292165986	
378.1243281380788	151.7502960287368	27.42253489380912	73.8316707109942	
376.761571146231	151.53113598430147	28.3588769710243	74.86429383993449	
374.26610145209577	152.52037050896803	30.133011878159916	73.44098828193107	
372.0900528972111	153.25285456189937	29.966855894318243	73.20228315074334	
370.09290521327137	153.6782588231601	29.702247472087095	72.9679751613696	
367.13009606653304	152.2260992429085	28.698466143693054	73.2547005378212	
365.3448296587566	153.41180376161867	27.914828935659664	73.34606229989537	
364.5216810293365	153.95521664291698	26.941384260196926	72.92564179770852	
363.1267226761217	153.6772645629814	26.65851972280226	73.27781744509628	
361.73968157019175	152.96108092269992	26.964812388474947	73.7384846832064	
359.8965230458102	152.34719518088758	26.928933682079403	73.99814145388478	
359.02250726906743	153.36844704509596	26.334789413777486	75.72902288149453	
355.5591701836891	153.47690538931636	25.874074126445695	75.5100299341378	
351.8454264587134	153.78696493485367	25.360010407597265	74.19374146307479	
348.26151189190506	155.6997614877263	24.96775791982785	73.64437696648922	
344.555613858106	153.98188236740026	24.460086804792745	73.80176007877745	
344.21782899333556	152.28528195723302	23.417960496649222	75.39244348722025	
343.17712134155187	151.35769806448036	23.124114650936654	78.06953629635376	
341.1385806526808	150.10069662387173	24.529784412589464	79.99273839717861	
338.53696385461035	149.3364206634737	26.690524573557397	80.85615901393433	
334.01543607556346	149.5601826041531	28.987646143651354	80.5123304873186	
328.4169016672325	150.80463548887417	29.80055806487414	80.31547249034273	
326.2006688301449	151.1225169206362	28.780377470593795	81.46992136230327	
324.0331522717046	152.43791552643904	27.172977408517696	81.24699534407844	
321.06889533471787	151.6263781165693	27.15279900322288	80.70004883655623	
319.3342605497428	152.24812709628947	26.898737309738863	80.05837644681307	
317.2547812166032	152.22044012879638	26.97679915021399	80.19291366225103	
314.222864304743	151.53540496105916	27.46107164763481	80.6805503106066	
312.3048682959943	150.59601459822846	27.110401290075583	82.58028348240188	
308.57220978158625	151.7052627345959	27.61055971724772	82.4013594183959	
304.63178165164817	152.70830215250163	27.331003803410347	81.7655273937787	
300.82295938005944	153.0671650999118	26.87560309992943	80.76180327628794	
296.1086551205023	154.9282880340436	26.516446887795222	79.42020406067425	
296.6939646307994	152.785305857597	26.17945004694271	80.2652466503703	
292.4541760679578	151.31146389593937	25.206337983950814	82.53563268578199	
289.19478536155657	150.86204571403994	25.100291468072246	84.5224760959434	
285.59488263843195	148.97652991919932	25.97756278709582	86.04695196878994	
282.3460617635639	147.3379789441923	27.378782957252803	87.50727661897199	
277.1902311634853	148.6983286971073	30.24306701058017	88.09106406330191	
273.196243099893	148.3582630310532	32.653598726406656	88.94010922469636	
267.5927322749509	151.77029328614816	33.75496131281565	87.35612884612911	
263.49737897617945	153.04420642454738	34.220292934209795	84.92086159324785	
259.5802998847792	152.97066197863282	32.602667182844954	85.85978396116548	
258.8934078964943	152.74501550106356	32.57962521551096	86.19746738019944	
258.8914344122068	151.42459256226604	32.16550346469978	86.32035357180581	
255.10561330828844	151.27584867884954	31.589375588199637	86.86236111258921	
250.52421077746303	153.63288681611022	33.11930602871786	86.20466283801582	
242.6085610321564	155.09587914550525	36.52865887046582	86.26812386646606	
236.20509172065428	156.11706973066913	40.873159340865115	86.21744365347831	
226.84964415940468	159.14016818752663	48.59889055115679	83.48475347947891	
222.36170283757176	160.77492624774035	53.53610967592732	81.08751817463354	
221.91904247164075	161.2240621584927	53.1100555743831	80.68785462595753	
216.06419367653086	159.65142864147424	52.309693628114786	82.33011052969371	
214.78094038686896	159.52805828643136	47.79036579902689	82.33405963104278	
218.56446666890682	157.89343761982613	42.2435940756305	83.77019640602447	
219.3917881581868	156.01560655498295	37.92551835258665	85.90769079244616	
219.69136679950304	155.8099105962886	36.16714309561671	86.68856537609307	
220.4014814321407	157.67764423134815	33.47172717156635	87.44384858262859	
219.3782840344388	158.34033836762273	32.340013599347756	86.79593099906029	
218.83444251475956	158.27684451133948	31.451200107047534	85.79762487342992	
217.06565817731598	160.44485337843926	31.111709386146394	84.8056985048786	
215.5666317983139	160.8809279820198	31.88344290731102	83.56532322384015	
217.50593837357664	161.08769584508192	31.456271953533978	82.75840486540972	
217.46010890120183	162.41267906320778	31.34334609390129	82.5805289130867	
219.33324038165944	160.58688554592038	30.411231680236234	82.79381983087151	
220.08855654458387	161.42950297419966	29.58734354441964	83.58327366395145	
220.4224928282088	159.73764964064173	29.134746150247498	85.21011677817407	
222.28241768475706	159.30230478409464	28.658395260574288	86.51457958463132	
223.99910223650926	157.288078685555	29.008676099231202	88.05533465717508	
224.68345995206212	155.67750973684662	29.14896825698655	89.37944727550388	
227.16255320746575	156.05315843902667	28.801771520575848	90.2135759380474	
229.1348081412107	155.2258867534967	29.039028463602783	89.74893906080533	
231.10165394768853	155.60153888743483	29.95409821867294	90.78743699550999	
232.06088945656904	155.0615295266903	30.981468893972554	90.58535545869832	
232.45207032625748	156.89297945317952	32.159444441011445	87.81662603561054	
235.741402374309	156.7619535856649	30.641246570032806	88.11051414849697	
235.7481229856798	158.45751597104544	31.24416685817078	87.08693302641419	
242.1684731796437	157.49802327645304	30.675384308566834	87.98074926803672	
245.7000658696856	154.5131285771133	29.659881404975508	90.9938612743066	
247.5480088993837	151.38278356248446	28.268573098067773	93.63176828545303	
249.58333919706138	151.3369039408071	29.266840178445715	94.59824223698376	
250.3560582103081	149.82498384520434	30.104917041924388	95.54778152708894	
253.16926946124994	150.62887624589095	31.884906722208946	94.80663674213713	
255.12498892822873	151.1227646316493	33.18675869409176	94.94111127981229	
259.4641892710995	150.93133439118122	34.56371321999018	94.64223199844177	
265.2397316257734	150.88516585563067	35.36016351585765	94.3441155452964	
265.61854858789366	150.24500057166435	35.371671977469795	94.64708636484666	
273.82796558537314	150.1681924264621	36.26263403019078	96.40646451058464	
275.0638037653808	148.88949433415763	35.55840231971766	96.72095118852025	
277.29875555056157	147.63543078894548	34.76935274447836	97.47474125610145	
278.92572337020476	147.56627606394224	34.527859611696286	97.31768939906237	
278.11656835191144	147.37522782721246	34.4933292761978	97.24395338828384	
279.02452669737215	147.45350073078328	35.64911794312738	97.23293910060946	
281.9848693901483	148.07533610947252	36.87096384202152	96.95455581413842	
287.5111818450061	149.42157883965388	39.14776812692538	95.88420561240005	
293.4650520700095	150.16172317776324	39.8474501333545	93.89511962362397	
297.31696804223	151.43584797474534	39.029730744443	92.66018374447381	
298.85073982572715	148.69816691640813	38.38611444126593	94.25154575290384	
300.9474248769088	149.10573696537818	39.29468037006396	94.64846759083699	
301.91153778019907	148.82503359691643	38.46672473852263	94.80345843810198	
302.4185696441426	146.99103045418914	37.890197414860495	95.71618669086973	
308.4980550561733	147.19285119112678	36.31057176545569	96.6807199173303	
311.08263696387985	147.12615928904958	37.34709018612917	96.3414741308141	
313.67839079331856	146.72518629834826	38.87964593731637	96.36993906957625	
319.18378797085427	147.78208158200238	37.988324114564946	95.84869156671962	
325.2777397131877	148.8094204211999	38.09521573648043	93.3006273098658	
326.6096935624114	149.7721161191547	38.25230805209791	93.16018177286114	
328.2027566959819	149.31576837411654	38.006773670823094	91.91718467292671	
329.9301521798483	149.6315098090965	37.4828098429053	93.18771977886176	
337.74062362676534	146.67797979972872	34.87676862094124	94.68832835858785	
337.8787715797993	146.50956351174955	35.04972303786583	95.49799325750077	
343.42239440563185	147.0574439993425	33.398555709729415	95.27676871044991	
347.29335938950067	147.34906283712823	31.78454051685135	94.59597735538483	
346.92094367752395	147.44949695147633	32.365720408718644	94.44068937383962	
352.48686083314254	147.64043264042905	30.013514118473726	94.4361715597638	
357.75022722209246	148.28727154432516	28.637501633599996	93.80182022193685	
360.8152410974898	147.26248393183948	27.96065736859866	94.07348815320566	
360.39132513884067	146.61674606087314	28.020656271359464	95.64880674607113	
360.4890742940452	145.102812994392	29.815416872732733	96.83231017180583	
362.6125532190585	145.0727052380162	33.66691703292393	95.7730744843833	
368.0780342099645	146.6102197149241	33.111439765949726	95.55560655355055	
372.6441662335761	147.4957080062372	31.565148007547236	94.6587323774222	
377.1011143281611	148.10814206134174	29.108678424806357	93.50643752908996	
376.15999515245346	148.64566157520153	30.080098915810872	93.43627665281554	
381.9060559438975	147.84850189985977	29.191954495747197	92.99995222132118	
386.5645982923986	145.64855220169224	29.42343816928002	93.92066127289485	
389.2714498345239	145.67505426691875	30.801533818925833	94.18331204630319	
389.8723466513735	145.86277305808886	32.75787911879894	93.40641041613551	
391.31874683227295	146.3989362789298	35.317742015716455	92.85177440324682	
392.8666136058089	147.4514033120216	35.44298219898752	91.96464489287457	
394.0615082386364	148.2122885875222	34.26989676982106	91.3960800111775	
394.5680441900094	149.96219481644002	34.2536935912709	89.9262084914681	
395.82105519942735	151.98848779245264	34.47638084017339	88.68117607656092	
396.97742281268035	150.28579250039576	34.46930668734424	89.30301795922472	
398.3677166596701	150.79162238755202	35.24234314786924	88.6722816828812	
399.99810232001215	148.41605580954646	35.81600121926622	89.77453257672403	
401.6322106635451	147.8345785866615	36.04364326407108	90.16873761464808	
402.4733009385944	146.41254571162995	34.798869461979535	91.25238714894685	
403.4372568187247	145.12328936473986	34.715024712506	91.49393245155312	
403.9758819479272	145.74548485215988	33.693099328837064	91.47792071264668	
404.3832759103821	145.89851282523028	33.361248277017225	90.03179192325969	
404.7145924774121	148.85055232920527	32.92742298966539	87.5479443037051	
407.72280208905136	149.8832299374601	30.929933536424294	85.52565510992068	
407.55294576636186	151.2095483929409	30.54322469766548	85.01008010617875	
407.9145205707828	151.19970540740087	30.678211814871652	84.60367579463318	
408.10626297861364	148.95573241684428	30.803084931748835	84.7314153487261	
407.6439293489331	149.29779722485625	30.037685367017325	84.76757364716207	
409.2599362899093	148.46406747004647	28.995496497581584	86.35688064841	
408.2828200222128	148.49750060613357	28.804808478482954	86.10597965301054	
407.6105647761436	148.475621499724	29.354537927028495	85.64071807008744	
407.6216115510148	149.81953055813923	29.259180045008637	84.71731579820198	
407.9577258699403	149.94890326841704	28.87940090553362	84.03641303487301	
407.22969758616443	151.74437691874306	29.456943631268054	82.55447517588709	
403.92098910652305	150.3385186188868	31.04719967342355	81.55967715169494	
399.1543847466959	150.5725225963016	33.000727590240395	81.08723910521405	
396.164584707957	149.4921730009125	33.961504359084515	81.82229939389569	
395.7164375675835	148.39623477219348	32.55891260158165	82.57826507475312	
398.17680604936874	147.2938439711936	31.099113238067204	83.42698447070916	
396.2672237195789	146.80885388044584	31.43720685908534	83.01271661800064	
396.440255360942	147.50411093697625	30.788000777582823	83.72374941512604	
395.2693479727454	148.02384731229654	31.03069065815466	82.6106313787154	
396.0118731470112	147.8656670628826	29.622917193210824	83.13322646174831	
396.5328564081368	148.45766006593712	29.32598664624581	82.50580834761166	
397.0594255076966	147.35526175921524	28.65120775124143	81.97304261781113	
398.0917480587856	145.3526597528185	27.75471180012255	83.24314234203635	
397.4577636401595	145.429120328995	28.322619955472717	82.49599128586942	
396.89821340702963	146.03489132047423	28.62159002621751	81.6899348313985	
395.6651716273618	147.58654716337466	29.231488054114394	81.56972370700629	
394.99069087914535	148.43251168894903	29.282591506343664	80.83458664795934	
394.8341531381584	151.26469195670066	29.07417803016729	78.62967535217939	
393.0243048614735	151.24890473882124	27.262005347181198	77.08624904436881	
391.70058888199077	152.30958387977563	28.425287158291237	76.0143434132651	
390.82651659125554	150.91935763017767	30.09873577732941	76.68187518794414	
394.6104987954648	149.17225446921185	29.21423064474163	78.09108806301336	
397.89398379548885	149.50261683282758	27.702623011315485	79.10878724679017	
398.9395212092107	149.49357872177896	27.093706680661693	78.4950577492876	
400.0581817721153	148.7851675729007	27.12784385152414	78.49386086114833	
398.3180251955753	149.3072766824279	27.714690979504553	78.26197649696616	
401.25933950279153	148.24071886736215	26.3070197762963	79.47371453834981	
402.011266850298	148.523111987164	25.36501990643031	79.61956242859463	
404.8500541111379	148.6812535262133	24.714202929632812	79.74487839665463	
407.71978635700543	149.46518395463804	25.711652486530113	77.97163508175186	
407.57616711496127	152.5832764268449	27.3717287025984	75.98191016857675	
406.6711303125407	155.97134180123714	29.379222790443706	72.26673530842024	
407.6156598875363	158.02769862061186	29.55634387900639	68.7409353211084	
408.67378702503623	159.37994007926403	28.57921377763141	67.50936778382973	
410.70319380780705	160.04763546495448	27.158836889999023	67.08547327459775	
411.5705203750586	159.10485587502416	26.126473792043353	67.08258083184538	
412.1394862210459	158.66712819871466	25.49146045007239	67.60143026847986	
412.00966493654613	157.28750796380052	25.084360308827865	68.93381440027687	
411.8257498027953	154.93667080901304	24.669377543489496	70.38270787386341	
412.412261912933	152.96421891178971	24.033576185277244	72.71994484538757	
412.2329325060765	150.62086089375373	24.493826811816216	73.66117355509078	
412.4004511102744	150.2826044012483	24.553048780549226	73.89167182757686	
412.57203501926045	149.3696649144789	24.49199896805892	73.62702012768557	
411.72389462142837	149.77295284390942	25.09833367343972	74.12791571638155	
411.4812920161019	149.42558271962946	25.19540985817811	73.89744148852188	
410.80355711431827	151.82502536772373	25.56647965762217	73.20187728303785	
407.86607544473674	151.95950216104274	24.62806687700005	73.14007005724025	
406.3023253506787	152.3560947223713	24.48509875512495	73.02911028230363	
407.0960956109411	153.56423112808235	24.18626611000223	72.65023076574433	
406.69443761177854	153.96772241812107	23.475807316517173	73.07313106514451	
407.3059033502881	153.27480081333454	23.10900894143427	72.31866008806946	
407.81339291511995	153.36864209508605	22.653862356741573	72.51243508353298	
408.64054798068884	151.71150554543772	22.74541948264813	73.37930056352418	
408.1069787957959	148.86211924994436	23.771966208261766	75.3010804341062	
408.3131141100901	145.199192889914	24.331178114973007	79.13234334882864	
406.07160505696703	139.56955019560115	23.597910320278075	83.94427039113461	
405.87205265248235	135.6142917797496	25.067867356710856	88.06125711280487	
403.80844479823793	134.6928128068563	24.567997877684498	89.70567747595541	
401.9379474669102	133.29260695768613	24.606509444085717	90.15110754253308	
403.36384510938944	133.7664849434956	23.91860534320867	91.27647206950665	
403.0313459325956	133.823198054583	23.54150656882086	91.3089829080476	
402.04643579986293	133.87076340427654	23.359790180801923	90.82001087461995	
400.43120897100454	135.54755945041916	23.593968086484814	90.07848675965303	
399.50265409893797	138.03879910581784	24.04476722192541	88.42406471807406	
399.40609282873845	140.07701642381744	24.61518811323478	86.55814398949842	
400.3764255716083	142.30300885856957	23.991822848405484	85.11938794371386	
399.73190742662615	142.55626382112257	23.72265657911034	83.9287095535342	
399.7430392096987	144.18635472708735	23.69762144715068	81.46271212563502	
397.29993566718	146.72566535614988	25.379654095802202	79.80300941375921	
396.3587025902999	145.61894941588693	26.743672556396863	79.61822474096556	
398.2610081237182	145.0653830262296	26.09420529398607	80.03019668990201	
397.24541407856964	144.75590534302762	26.70552962870751	80.40189712092328	
397.7826652317054	144.8484798791331	26.941005897172616	80.5394321967361	
398.47890171227345	144.66155997226554	28.54471828498427	80.26211318765155	
398.46494088908906	145.62221027880963	31.20239240103836	79.96309881758556	
397.5238342859	143.8914294382181	33.32766878996923	80.97719570896888	
396.1265625302033	143.92547655929428	35.419191861856056	81.72317656351677	
394.5440043683643	142.93563365612678	36.79207027882498	82.21730302783413	
392.6983738673651	143.56984635762933	37.89117632635381	81.93799924123303	
391.43340417145043	143.68702533566608	38.27086035004998	81.82970712235101	
390.8038270781271	144.85727363744087	38.34997137205844	81.36900575998757	
392.2356474683336	144.98349598540673	36.83878407398091	80.86884891876285	
390.3698361367219	146.0892998570453	36.47525123314641	80.35019372554824	
391.42176019573077	145.69654697497938	35.4025684556987	80.06624173812497	
391.436087019501	146.6954898929455	34.59066316306531	79.11284427374713	
392.6995209194329	145.41728147248875	32.87287211375494	79.88004306918882	
392.6109212659585	145.51449892113894	31.814813099742906	80.27011042590028	
392.77242810551047	145.19765756654184	30.99172930963332	80.2467639046424	
392.7129561769548	145.07242643813638	30.390405920818825	80.43847478469308	
393.334977871827	145.00835423619165	29.96545638944975	80.27634812246856	
393.12474516077856	145.2974991827841	29.40966281907992	79.85692589284372	
390.275620797779	145.38829926695485	30.97259212219079	79.41551126812388	
391.086221607969	144.9150485392114	30.927053399362627	79.61746939249875	
391.41887746835107	147.34832698309413	31.03200907790499	77.79718010796975	
392.2813762585806	148.67539498366358	29.81841941872196	77.16984927606023	
391.3802061117601	149.11934771577597	29.887964998099704	76.66016862741313	
389.5972872864223	150.517839200936	30.507356228434993	75.67745778062141	
388.422499539777	151.28495470116565	30.7308488800197	75.88941588339004	
387.89131651786624	151.29188856484396	31.15429969971179	75.18557112281201	
388.1389905278142	151.22689097074698	30.432961873955243	75.46258785563117	
387.9035788644772	149.50352114730723	29.646164867944655	76.05499798628362	
388.0109985795187	150.29042827109868	28.81161453442344	76.24354692773531	
387.54771075948696	149.8994652500624	28.141035922902567	76.05304532564153	
387.7299893167787	150.4855383365233	27.834756060295785	76.20237941097793	
387.4504907657368	149.69441884673955	27.19412670834233	75.95301713675502	
386.9206328193791	151.5229331355891	26.802784599986722	75.6694459151114	
386.2851140427423	151.30008191281746	26.377559394553135	76.167853604914	
388.189835141779	151.7174627609062	24.81863206840149	76.12588198003765	
388.5546923839133	152.29061647447466	24.2841817392249	76.1249031506394	
388.7905255763044	153.347502627356	24.035603091722443	75.19761139412797	
389.1182855474528	153.41547730404983	23.758315308863995	74.05672637385139	
390.7609470622631	153.5953114030704	22.738855435311738	73.96503108766294	
389.92643951916824	153.16767282041658	22.878471754084515	73.73912210225099	
389.051098356376	153.4836273970957	23.497770294989333	74.09886709776865	
385.4311179073683	151.96672082829463	25.709973055421486	74.5279931244058	
385.2149266759401	152.36349404422506	27.10483635256095	75.12174428730304	
386.00969228610353	151.83501026703357	27.705714873360954	75.51663477271397	
387.0108868826486	150.829056644249	27.676650424244734	76.48235955386082	
388.17979018261923	149.60406439186661	28.143846749560637	76.84791405291732	
386.0826448156494	149.12258079668817	29.523272563180782	77.1939092942795	
386.2693066233085	151.0799721973686	30.388267465209598	76.12070672135107	
387.97706931869936	149.48032554229403	29.97748098118671	76.31313638891987	
388.18807849023	150.42628842482512	29.84275047326623	75.63712606072808	
389.0693347118798	150.7337052876052	29.168110722264416	75.39691385231386	
390.9691658809288	150.84640347501295	27.96512726588592	75.00234748129131	
391.33359775599746	150.33018907715885	27.657318700382014	75.45225369854717	
390.09255167280077	149.53742516082815	28.269827176767436	74.96402239337922	
388.30006086982985	150.00976263905676	29.478094183193146	74.79820887775303	
387.1236598572037	149.392547959566	29.503227430352293	76.08809149670299	
387.50268107797586	149.46434369860893	29.692518699869897	76.07041232271223	
386.6182352994307	149.125115054833	29.57154827497802	76.94780489744737	
386.9560167755461	148.6955910010301	28.308041963787282	77.71844290910302	
386.80954768478176	148.53832843126207	28.40930312817929	77.528309149356	
386.6955982626862	147.61337128796868	28.388317064824903	77.37093766519362	
386.8012921592686	146.93281729047015	28.278929891230526	77.29022743027113	
384.84962142509636	145.88380195811283	26.634108613668896	78.57493902338067	
383.68012412073864	146.59439005104775	26.436162280740064	77.48815228601707	
382.86528941323314	148.15059901260446	26.308202962888217	76.98796459281508	
381.8754487049804	148.946784028606	25.982060455542033	75.9120779200814	
381.32140958693003	148.9966289585386	26.363132134830536	75.34849986368329	
383.4916600262577	148.97374335019757	24.702611437563576	75.72731452989558	
384.59039155734706	149.3309036014929	23.811834891595957	76.55177418764538	
385.9072655187266	148.46151922487002	22.709068327219356	75.81575431118674	
386.27803679432265	148.63005831604207	22.162159379620665	75.93021189675233	
386.8016141187302	147.07788433486826	21.4844117484623	76.71158639959467	
387.199616600958	147.91091981599607	20.808434376403007	76.74606188857629	
387.1435140527011	148.076747539467	20.961775966680477	77.00452897249056	
386.8588595354741	147.48706041474654	21.42282512389718	76.58862331921473	
387.17092421000234	146.97198226026092	21.085568519403846	76.94795078736402	
387.1458101611427	150.41770329288565	21.298009163906656	75.2534013575468	
388.0705163152515	149.64862581404748	21.101770216771342	74.71269272633779	
388.13021404982356	148.3694787399815	21.004738926192275	74.80262701085312	
389.3619434061645	148.68071922929605	20.345245804475685	75.61228370458927	
388.77889181726533	146.27752871269868	19.91121095462913	77.10091013499253	
390.3391331591034	144.8983329349543	19.250636943941814	79.17325277931121	
389.6206596098748	140.680099365435	19.58793806596333	82.48403453627824	
387.85698753865785	136.37139598441803	20.040668314629286	86.26348948695366	
386.8659904817835	132.31723841897815	20.883647815631775	90.39021668660297	
384.6649612525238	134.52484708536971	22.170505259222608	89.97701337991924	
384.92607088182115	133.75711486831364	22.71677702711387	89.03961356278836	
383.76063308317697	132.0662925885419	22.704491565759163	89.79770222063885	
383.6664993883574	132.091825374535	22.38320847486044	90.558262283073	
383.95857822228373	133.32918809216613	21.99206825098762	89.97762871162959	
383.08956598958457	134.57402970084235	22.079207469547896	88.83512604938002	
381.56522360825795	138.51617198244782	22.40864943684821	87.27880502458984	
380.9081043656101	140.41395294662135	23.209887133806102	84.63540267530959	
378.449699658853	143.16150795860702	24.79379739629742	81.66022055521027	
376.90930002027847	145.3133026217838	26.455951395116216	79.32497840358039	
375.6732166898318	146.585021780773	27.731614133360452	77.68832567076001	
374.10858068059736	147.1937451247366	28.856406278657005	77.2777167250917	
373.2780903281249	146.73850678749648	30.03073779355816	76.99959318503193	
373.2773655239681	147.21952418818066	30.993574647292185	76.92499107515363	
372.8852000093238	147.16636118739916	32.300193309679045	76.56009897543218	
373.4037938939988	147.0375324498301	32.8619467856592	77.26985804335241	
374.1995583492971	147.19018964875897	35.05401678330425	77.04546186127732	
372.6071995030422	146.8403590909026	36.60136433489173	76.90241024944842	
372.03734259448777	147.20062018170972	37.29103951290722	77.01104744173503	
371.172565026263	148.04069981960004	37.43534828864092	76.71819152761631	
371.4232072071841	148.0646817051486	37.795660681812265	76.21331391252758	
370.33511294820676	148.13776033992573	37.14448993075926	76.27032980453293	
370.5773823286239	148.0070420828199	36.75655826636091	76.20644301205934	
371.0504470898978	149.13104444723308	35.61235442288678	75.76839263008526	
370.93589041084	147.93765700562994	34.986766629134024	75.95230622038605	
370.77712166304195	148.76862557894142	34.186893375456236	75.74663779188829	
371.52818128825993	148.94431529514353	33.68813588311683	75.82110502932613	
371.2473890084711	148.21542258271245	33.421505219742585	76.14243111144347	
370.82057060761537	148.81221203460757	33.07676006960857	76.24591027344613	
371.63485454638527	148.75859750829272	33.29836068178176	75.71997770756062	
370.8165631841987	149.54294421897563	33.49794656852883	75.07699723592958	
370.70847901146453	149.17383013658838	33.71619071173694	75.3566197421656	
371.2651987980521	150.00616963202305	34.18032322918892	74.94913072008185	
370.81089696484514	150.41805962672635	34.86809496848221	74.27989588603268	
371.99899434272334	149.31760850593315	34.78798439830053	74.13008918696514	
371.61420256391824	151.62587782780804	35.691676671846054	72.80746525692109	
372.52093288518563	151.1014667929905	35.896504750460224	72.65842188310225	
375.03458415737293	152.21606584888457	35.43500567048517	72.05949233593097	
375.52421075068605	152.23449871295747	35.82113592178206	71.45708192943505	
378.20542169789843	153.848511658291	36.58477670904533	70.426870996383	
378.41079596608495	154.08162918137816	38.718382750539405	70.20104703151858	
381.3047276964648	153.87858328940226	39.194476902218256	70.87755074429386	
380.9306533083821	154.36647593251962	41.576884328476844	70.28257165847165	
381.7011242503998	153.31122197258068	42.6197829963292	71.51722458076922	
382.51440254702817	153.37793151316959	43.84154053258474	71.6957461675214	
383.9431821462126	152.98618103762556	43.845759626957246	72.61244794577183	
384.66931015270455	153.3276702143968	43.345248202118064	72.49160385510498	
384.91911296393096	153.3980257678254	43.98561585835852	71.41448267471907	
385.7819929171952	154.1668705059013	42.71903289727243	71.16062874780836	
389.01550629820105	153.64854200393103	40.115915205750184	71.25097486160223	
389.937927461378	153.00092136888554	38.08380967911511	72.25046243222559	
389.6453871195221	152.3922733474995	36.66921387225355	73.0885439203619	
390.76913407089046	152.33400836956406	35.814163696713365	73.69387720167703	
398.42198017123974	149.4666745652406	32.16506027220388	75.81847770810714	
399.3959494109561	148.8537791416506	31.102798436398466	76.98750042985631	
400.446792447667	148.1082963447414	31.194047511183328	78.4627832157936	
401.6602829608284	147.40767060755454	31.70078653395747	79.59421847411402	
402.8912883143216	145.2546929017002	32.196754386786196	81.69872724334981	
403.5512008086081	144.30668514016293	32.44907850069853	83.98390710924431	
409.35646054606	142.07768822585547	29.85354995686432	86.06326844898484	
408.40866606309464	141.53276812391948	30.346536224835035	86.86834470756659	
413.5326405038486	140.767558015677	28.45630332218157	86.86997145470406	
417.1583646600811	139.9848133622375	27.087424886581353	86.06581994369103	
418.6566253872005	140.84063228305348	25.716596719774266	86.26666380723427	
420.8591133986014	143.31024415955898	25.97464192808747	85.38183576383747	
424.1763287629524	144.98049882727662	25.448644456652517	84.23792208661064	
425.48994090525235	145.48823741280773	24.529232237975762	84.56706278204615	
428.40457695170363	148.29193599800124	23.78502057135224	84.01279741688248	
430.097416571242	149.30502294046974	23.219916285957083	83.02715727725622	
430.7021270363865	149.90142327871598	23.078485726115982	82.16467191425912	
431.48837490698014	151.408270123624	23.73420672876423	80.6569902132841	
431.216786126666	152.47650891721383	25.35867424671586	78.5972300251891	
431.6611752939561	153.279170083469	25.291525716680425	77.51589890817348	
430.85570378774236	153.08300664715745	25.056101165026874	77.29365848663838	
430.2955196495153	153.27023336768687	25.026330307562333	77.5900961939281	
431.1596529556232	152.60227162003082	24.369862475376415	78.01736756941409	
430.2388698010114	152.0923903966197	24.550711518901895	78.83277221795646	
429.37172842880534	151.53150294094542	24.363279222557537	80.01332465282427	
427.5547166499103	152.0327214369101	25.722483599395446	79.56932565212277	
426.9702781519183	152.61611922819282	27.152656730954646	79.60706273991478	
427.5067645139427	152.02682365046084	26.52461696605306	79.89974661162177	
428.8765264216928	150.87787254109628	25.56788560374776	81.28603528680199	
428.3585377966524	147.6681212023359	25.415372965801364	83.45790857210423	
426.9775707514707	144.80566287560868	25.880182027249532	85.70041683028714	
427.2577515149741	139.80026736299453	26.104401368812752	90.00924149846193	
425.0733585606588	135.75296238219033	26.998485226458705	95.49430945757993	
423.0527666415259	131.58389992067546	27.44217777098421	99.06250093594804	
420.28674791689394	132.37215109831675	28.943976679030925	98.98293935254388	
417.69338489695775	133.70349141740542	30.68785760001213	98.04722168273	
414.8399996735654	134.5003083443275	33.003000660929075	96.1928421258658	
414.22654006441934	135.65399071338518	33.5985237133507	94.82203667101481	
412.3900714355702	137.43070630771433	33.68408195375053	93.84338505496538	
411.7206598131802	139.28505157421964	33.210273512668635	93.10395391981099	
410.6637657891066	141.79592765695082	33.59326793972157	90.69359295114725	
411.6514552248002	142.91490580834252	32.71596857233092	89.63133042844231	
411.6485760473684	144.42829859462836	32.100968255227876	87.89902040594461	
411.9398836252746	145.32271205243705	31.72350668426113	87.17243616226813	
414.5027109950973	144.82293236871467	30.041644583686292	87.43289821052525	
415.19281539366807	144.6534381331976	28.982369771684425	87.39036825454843	
417.60862623779406	144.20883604979394	27.645951327733606	88.0765343840005	
417.39415712277713	143.6981040153875	28.992994999719503	87.60372079492032	
418.70480337700616	144.99453040570972	31.080891902980277	87.2453052812787	
418.575857021824	144.42118351708262	32.736166069609794	86.85965822494316	
415.95544813277854	145.6281015872109	35.34040719054002	85.97347705582987	
417.0585370923406	146.41134105189448	36.76786927917807	85.39741451251268	
415.26140299932064	146.9601919137006	39.06447336515956	85.30823193783058	
414.46801561954646	146.3354383670948	38.97643058528325	85.48788964286874	
413.37694744826143	147.1777871819056	39.175365316993975	85.27932126382257	
413.324690682954	147.40200241745953	37.622854176796764	84.62305922241663	
414.4622197233577	147.97867423556784	34.522753246148476	84.56934030975896	
413.9614572793879	147.48254982247735	33.71751512836286	83.96811951778118	
414.34607673329566	148.56144510581603	32.446894724753605	83.83332579186062	
413.7038876640203	147.843517945018	32.21122921403521	83.73065537260615	
413.1619002175327	147.53702057070183	32.43245696521889	83.70355033312532	
415.49987557732123	148.6536808108708	31.178270158985075	83.15922760429882	
414.667741915174	148.26562984370926	31.085277585684892	83.37028506100076	
416.18368144571144	148.96333308427415	30.635064943136697	82.90677971966619	
418.4141847633875	147.95201363307206	29.30326330991069	83.41454277858125	
418.0179091325455	147.81525348423168	29.561166485405934	83.58287805205765	
416.75754070863127	147.81010796125867	31.004090558090063	83.44072102759574	
415.9928816827667	147.75077439703816	32.00924017845065	83.3503271067093	
417.2261135561547	147.59409988600757	31.601171762488725	83.96806643682271	
414.0840613982663	147.9087381276509	33.11338170346727	83.35590163099852	
413.1528493043895	148.20582291500187	34.28610894703762	82.68142435141966	
411.0521629820368	149.05542611557422	35.962843131879346	81.84118401641395	
414.32570067667655	149.00118768590303	34.34871371087733	81.66777735652022	
414.50008816717656	149.99155421587045	33.346842784427054	81.46836272286683	
415.08443444376735	150.63411560547752	32.44260187455271	81.05717710495674	
415.67388480669104	152.57658842386186	32.20683475209875	79.32367744945755	
416.96341013436955	154.56855200279455	30.2565821305273	78.1941789847896	
416.97388442303907	155.96221150062053	29.476767501745634	76.88450496362725	
414.2640164639853	156.79825182785032	30.06773429525915	76.21472060167392	
413.7562028169613	156.93063731780475	29.245736548104283	75.12534807416239	
414.3865036824958	158.685385455916	28.616330390270896	73.87422576670755	
413.47354205340855	158.04683300543905	28.06854283435741	73.28360458053695	
413.53261857210026	159.31930323080132	27.827854159506163	73.32580093744102	
413.9806723734369	159.14561224946524	27.411458431246167	72.91121381845024	
414.59023328442277	158.0208523303683	27.134948104665593	73.6083241394279	
414.52362660322245	156.6440085387058	26.72392017600665	74.75519148253898	
414.053822056959	154.0414295419838	26.918798175905987	76.91122179669188	
412.0473765321901	153.06529589766632	27.041162774242288	79.71287591796161	
411.34013453273263	151.0103211545475	27.294462273523997	81.9213436799205	
409.69351608134207	149.9525130602812	28.510010382040193	84.15671795619727	
407.5544024242736	149.7519032083524	28.705760590688655	86.42080359928889	
406.33763141673506	151.70945665674466	29.801026076709856	86.19310189664758	
403.1472448441108	152.4352167051501	30.621950509132606	85.38384644956278	
401.6042972737211	154.24756918238114	30.61229590016365	83.321607010387	
398.85877568382693	155.3105307765647	31.014682673244074	82.87301706579174	
397.4791583749188	152.5795957540496	30.167875841656603	84.9346817100438	
395.4911806748527	151.60191210404665	29.527435048417942	85.82429865778448	
394.0046871341451	149.45476237118135	28.586534064091687	87.81633830192621	
390.68709379268654	148.21578345129652	28.638556453243233	89.47534546772016	
388.25432970932815	150.21653639220142	28.81327899569744	90.84265622938997	
386.81801897506324	150.02953649427357	28.506810260404286	91.58160815038798	
384.6108001570566	151.6905969493053	28.803831126189888	91.00949121826636	
382.5188748235482	151.78379739752114	28.589385303177785	90.62960824680341	
381.6403888795098	150.2846133576705	27.99712022012462	90.0675438250794	
377.8874723625671	150.2242655791968	27.486273656725473	92.13769440226977	
374.8935951693219	147.0727535569489	28.48218672124638	94.39566890591871	
372.088334017554	145.68596301539534	28.640907425589933	97.26640459953764	
369.60814249345077	144.29665173493396	30.30582962077664	99.40565162212947	
366.67265252362205	144.7318530084109	32.00592923834892	100.65118909577724	
362.5598306435435	146.5585153660746	34.32310784718336	100.52057246723746	
358.5521805100638	148.02221213304782	36.07936327026246	100.66281955353253	
355.54887339280555	149.4744348185866	35.57595793873054	99.69903671123862	
352.4936949293839	149.12547388007113	34.07271710259036	100.49862197930092	
351.1515132455029	148.63614045937476	32.63734712501724	100.81499375194346	
349.0677006712842	145.6981711257021	31.48803127549407	103.0258828207933	
347.294251369076	144.91229642604978	31.48442633784031	104.23315273430917	
344.1590339238891	144.58410610175056	31.581253882405303	105.69369320214793	
342.56486462740475	144.53516356917368	31.259231649630586	107.69163474595041	
339.52539325783334	145.92207024462303	32.001552438060834	108.9044968572511	
335.66465482380744	148.152949203629	33.68102870381357	107.40265779782287	
331.69670224072775	148.99054483581904	35.15458528973863	106.31996423174039	
327.5674135317557	149.29633835454484	35.32667927242931	105.7701647701436	
324.230089383528	149.06097660446258	33.678323133671405	106.34706572917635	
322.9566957051955	148.34821220582035	31.43294660516961	108.75510143403199	
321.7240422262445	147.6004058688308	30.334568046913667	109.07852808912781	
318.8389885720445	146.61305847779073	30.097568431883477	111.11797028180061	
315.10851939849215	146.18595878908457	32.1863829526702	111.87930851202313	
312.6337056180659	145.75572667547283	34.37338836266733	111.82725482497241	
309.6963619158545	146.80965008782607	36.85360569001922	111.73966164656022	
306.6885579242961	149.89800726160627	36.563709410230274	110.5918954957526	
