220	74	30	33	
219.77062508305318	71.04474559077863	29.184669349813685	35.006033932239305	
220.83454187095765	69.97309569244442	28.771378882979036	36.41127454752082	
220.6134424241356	69.68083561191365	29.071440773910826	37.33251840554172	
220.46808874782968	70.16170966093897	29.43113128562983	37.41877484287787	
219.70275801569755	70.38126238129777	29.423986978782644	37.52824098190926	
220.69343786693233	70.28320601801943	29.43557503075253	37.009682581897394	
220.59251112797836	70.77092135036614	29.31407308811531	36.58726808404273	
220.7881807462833	69.31874200183091	28.961310427655146	37.560125797639444	
221.5209542392251	70.12427264710504	29.10460732151183	37.39756385426264	
220.5342130968619	71.66799431058588	29.63563057456767	36.60491969340953	
221.86324535543739	71.89510087691305	29.232861629746047	35.77681749991817	
221.91786701294114	71.73307959726264	29.279126908907656	35.535655093923125	
222.1522758871209	71.53511035548227	28.58599015931093	36.415039415859546	
222.1710068328026	71.73041333747818	28.41021934838968	36.74393684460686	
222.98934324865616	71.52725378786155	28.290045549321178	36.702305496408925	
221.86768861872395	71.99068991687295	28.341470463873954	36.63551334356268	
221.82435915659394	71.21795484119167	28.68577754951212	36.638251802981685	
222.64383739890215	71.1072277544094	28.562051742759785	36.44838012979166	
223.25343507612766	70.70359646031528	28.030131484512378	37.10515099509284	
222.60421194280224	71.78002510915611	28.871632586155506	36.093269916754906	
222.92445337978333	71.63568651696158	28.087880960352685	36.54694951260849	
223.50306115624392	71.50511588895603	27.86344462578641	36.86633298611015	
223.15388501184702	71.60622370586532	27.991753276559216	36.35934527135548	
223.30513704503335	70.4984943102405	27.863322643265164	36.317636867675795	
223.6120145210721	70.1191067616606	27.311271544262	36.68790679321691	
223.34460126822302	70.37726397444663	27.356415461079965	36.712167390562186	
223.10193403973534	70.48024189765849	27.13913883893062	36.87813938299576	
223.6751947772781	70.27987344487657	27.09456550618755	37.1780408483966	
223.76248806202094	69.96856788018124	27.29294844638686	36.83993071298764	
223.3528133210411	70.15868963282558	27.321630254490522	36.759611434405436	
222.90545077631816	70.38753398758354	27.318850350254166	36.68354890650331	
222.7147498789588	70.57317130631763	27.534433608065694	36.87292367963706	
222.45767421595625	69.83075286118424	27.7379372864242	36.84110395847215	
221.58186077972408	69.83606151806424	28.190724918501502	36.98836967112173	
220.41241032397582	69.15108686502062	27.946110152700612	37.47788734993182	
220.0986083593792	68.6266579370495	27.852082791874285	37.260816070851035	
218.15084929607042	66.82001266812102	27.445647333129763	38.70492847152023	
216.55364622359707	67.43971264385436	27.969822637707594	38.43424267437875	
215.55169165168232	66.05809477932085	27.785528111279625	39.274785666557115	
215.4690471312168	65.99109562165182	27.656684009083186	39.66122809388101	
214.17681069436347	65.27309516928541	27.277633061878422	40.453172339516925	
212.8551013730659	64.6528106007055	27.48430502234685	40.96561524061043	
210.82657989936925	64.43997953252455	27.453895105908025	41.181646677285215	
210.3045600731839	63.31009929774706	27.49863296786689	41.53290149543486	
209.2073339594692	62.829188799619764	27.067954459635082	42.349126790566984	
208.2141639660251	62.765842756599945	26.770991637045828	42.9091869879431	
207.18284298853402	62.39403736021923	26.835107454064396	42.73671312687298	
205.3847132987955	61.368807713489886	26.270881386039	43.648356275000225	
204.26877667615994	61.99392174856504	26.79678602141462	43.10710309275532	
203.27952441030632	62.6420375880702	27.3869319567496	42.47273485930988	
202.32430099103257	63.36663826247905	28.05370046038268	41.72644295205056	
200.9391103499323	62.30803733419105	27.306935711354523	42.24409993156435	
199.5555456352835	62.875979736505705	27.5588547474263	41.8835598026633	
198.90917330589727	62.79379968392742	27.76655584058831	41.72042589876489	
197.92483644993146	63.12772164252373	27.857129814552017	41.526351032684985	
196.21877181532668	63.220700340293256	28.290719359776677	40.90826025879842	
196.0761124611534	63.09245832159452	28.578081032501256	40.46454775131151	
195.38573975999662	63.738476997964995	28.47564847589237	40.39596178438799	
195.1278550499835	63.694878524122274	28.34462447602181	40.406512573149286	
195.08228208232322	63.77593567259059	28.28159058097143	40.361507844164244	
195.68144981352782	64.09492882393043	28.41878774334061	40.109465809653905	
198.14055365006374	63.06396834004902	27.998883653971365	40.48596713784782	
198.66625801098454	63.058247990023574	27.79436056732408	40.85883092701885	
200.2675951052619	63.54063202938336	27.863973606702917	40.65397300302512	
202.05341513467187	64.88194451962357	27.748737887673705	40.022998377886324	
204.1343585803142	63.43684818955231	27.111108659544385	41.075920518854495	
204.7936592713471	63.224807254777986	27.07911121667818	41.24411529521734	
207.48418823551364	62.97895538649532	26.83901071676047	41.514517671013564	
208.68370455321335	63.4413195524317	26.911662559692722	41.202311045658874	
210.721519049011	64.03330587565716	27.273516838652647	40.515619081433066	
213.5947048898853	63.32483271154817	27.30819485612463	40.850465633085015	
216.50754439458845	64.46350156273849	27.796914665634258	39.856512049052455	
218.01879621087426	64.39019722593618	27.82265655600048	39.8688494134222	
220.69961003037375	63.969584575867906	27.743303267520382	40.132095291173684	
222.13526648966797	63.054611299328016	27.78513985269778	41.05405067418264	
223.18024463958056	63.912706834711116	28.073163875679306	40.69912788180281	
224.19163429731006	63.74582429437301	28.639525974170816	40.257808575660675	
225.31176187219836	64.7016392803701	28.325340438902728	40.3029518423226	
226.15111514529838	65.13911434259715	28.43574858863814	40.143888679874834	
227.30834417077043	64.03389194950117	29.03215571922019	40.50308906004142	
228.38226156766888	64.34978119588133	29.3624818760118	40.67244921079558	
229.21011965965758	63.8717955055532	30.21237684190522	41.041293702460976	
228.4867738999229	65.22752989478565	30.679163609310464	40.14304175534128	
229.1364836728619	65.24856259973828	30.59637199786809	40.362508375372286	
228.97525513542655	64.85868852201746	30.129386656979673	41.057760101094054	
228.67047641680782	65.51082093058257	30.402186209577955	40.68899224384603	
228.2184070809199	64.28250949507336	30.21358208605453	41.051387983778156	
227.38810649974536	65.55586523128959	30.582929952500017	40.16818622086774	
226.46038779187563	64.60493843043298	30.247917501236255	40.13285184282368	
226.62098560380593	64.16298031789029	29.894896815045797	40.45133783815207	
225.8954975434373	63.32890204797483	29.927431206757664	40.76040354427626	
226.47112679101423	63.84884826210176	29.786279345995663	40.57576926858273	
225.2339566194726	62.89126983173602	29.6506161984192	40.43391371318769	
225.35625618404836	63.376078477464304	29.550631598845662	40.24530156558484	
225.1196732135071	63.82248412181931	28.955736956714983	39.930290356356025	
225.24455106751458	64.13549845613707	29.119174674885535	38.988224849084936	
225.0498896373328	64.07399139165788	28.840818824965147	38.45735313246365	
225.8271198068318	65.22813503522626	28.523904625552365	38.0754266855214	
224.5429123792071	65.17655792888553	28.28741101359479	37.501941032235266	
225.26118073143465	65.1088737355592	27.92972640201759	37.94200347558902	
224.95950421210833	64.5047602199283	28.036188459794257	37.82801369301764	
225.4392731808661	64.88956328121745	28.266015467043324	37.57891681892666	
225.32880813110293	64.97590580037574	27.907131348791268	37.741589476869194	
225.19697507071444	65.32616552276752	27.81504042566901	37.68817827641039	
225.58417111523738	65.25924926515067	27.528066741719357	37.82313693594722	
226.22756458117578	66.15267390596873	27.7211078849996	37.14765766113506	
225.334380339318	66.38556434214064	27.668080859577522	36.60381393832327	
226.05876769956623	66.19077994247051	27.324933032633943	36.25098339963034	
225.2511438948754	66.43551575004517	26.94957205402251	36.5479361305557	
225.40177717110055	65.92246974811849	27.058985117293645	36.32535122899192	
225.2813927282532	65.99109655768552	26.84269740281202	36.58995378898059	
224.684373029029	66.20410427307446	26.990561230908106	36.437061121376786	
225.22199568585353	66.87941507211781	27.246264135735785	35.78014259736092	
225.3591945520937	67.44242824571765	27.111112921195357	35.22359660072367	
225.25702113666506	66.47520373302652	26.760502754384788	35.24804523992795	
225.57073520580147	66.30737634318149	26.448676754752874	35.0666513481125	
225.22646298872758	65.96373311640268	26.352012143204533	35.43430542490313	
225.99893845238438	66.26071499110219	27.06431259577792	35.14141291439833	
225.5156982366927	67.14765409559621	26.946951626739445	35.28579551478959	
226.0392767326642	67.3369965410954	26.783414641653927	35.36754768935346	
225.0350913271236	66.75697532512655	27.224797890372074	35.22904467669822	
224.41374031364558	68.06358063267282	27.36173486767629	35.103891304514875	
224.81067520371084	67.23108461931095	27.499667756531974	35.26112890049662	
225.00579196272338	67.23371531612557	27.514956458724672	35.57982694040781	
224.71021862708764	66.24724911950072	27.218002238697686	36.02747100386305	
225.0934140612841	67.06737228852896	27.062609433224694	36.108107188387855	
224.5479791586504	66.46036301241631	27.3400607544135	36.00383748842491	
224.5467336770033	67.31388263279217	27.012434807512577	36.11706718043364	
224.11911513145606	67.17822196954475	27.814803907303517	35.57154508567503	
224.58084501444665	67.51004354748022	28.262242742026643	35.29484148336515	
224.13307959791183	67.86615249704371	28.408799961819085	35.119337144935365	
224.49299784373974	67.52916929561096	27.8874949763133	35.52694277799117	
224.6055849507042	66.88925821273241	27.288357730883412	35.82859853166414	
224.0675320670238	66.72363175555148	27.09143234009078	36.03831503921353	
224.7459172046228	66.35256820949996	26.780070454711698	36.406865419855215	
224.49715952653628	66.74402085743893	26.86069099059586	36.06828193626983	
225.14802771766404	67.3431781228913	26.647403189027244	35.9465849002751	
225.26707684497214	67.27092968850661	26.73219125155021	35.42336108118999	
224.8309395076639	67.68428959535561	27.405176413988237	34.812599232519304	
223.9721239069705	67.32869982310487	27.2288698110234	34.56044086668201	
224.61373695915063	66.9771806831643	26.758250804891908	34.9648579693235	
224.50874327708337	66.95019873614599	25.948989511375103	35.37057741185953	
224.63330718835803	66.2464057764831	25.4197290128239	35.821073273053784	
224.9219249551111	65.18756653620147	24.855987794923198	36.39165160911038	
225.00572882787938	65.31267119130658	24.92347562706253	36.46919257838614	
225.32185640135143	65.36619292860209	24.910315973858268	36.910410834902294	
224.6945967769491	65.20384061316366	25.314352712726127	36.81435272040687	
225.40548693063624	65.23673946471023	25.369984385711604	37.13549981171858	
225.12448081736892	64.3755616960888	25.625383373660583	37.42618734533137	
225.51091457453848	64.1243021630002	25.54508791591821	37.62490176510519	
224.80095718866485	65.31273082671055	25.619316691332187	37.469070298584114	
224.7631655431635	64.90886395076878	25.987827282170272	37.08151034207083	
224.61118919668831	66.08487312874469	26.218382307394386	36.693052736656206	
224.50736288936173	65.97681248507925	26.372442541701854	36.22866312113128	
224.01444739226378	65.5462000191939	26.04320797885172	36.948662240835915	
223.76776069382294	65.29037598752844	26.396857888794123	36.283901295250644	
224.044441819242	65.69903336189608	26.26708225554619	36.47737461020522	
224.10226755857155	64.74597674223185	26.291162560731742	36.64801189988928	
223.8956258591545	63.803569143915595	26.528966208034344	36.58518885079491	
223.3022825197843	62.678091789876355	26.53408289521694	37.471296827066666	
223.42725127123686	63.431134606235666	27.09213816898823	37.0899288032313	
222.83338575327312	62.71855926052376	27.10202244546859	37.2097555161308	
223.26083198464121	62.382696166735876	26.954593821568604	37.75013537038008	
222.9587874045023	62.10411005332282	27.436030839804914	37.177027683258345	
222.78731889523058	62.122591656125245	27.136037756953066	37.0752081133635	
223.5795077849438	61.6622296507932	26.629534740681898	37.29752494240138	
223.8060028837606	61.23205407028661	26.126430491794494	37.880298985007926	
223.9681340459143	61.21163064380633	25.958728857463658	37.9049783241739	
223.81024411292466	61.398876088198236	25.931563884544403	37.702646451167055	
223.04975480991138	62.016138685037454	25.637995514633282	37.62951825966893	
224.19419423874245	62.09656603096363	25.98637903995579	37.733683805906985	
223.52190467722437	62.07431727743929	26.19738530158798	37.50978991834757	
223.21607727793864	62.13910677729041	26.517155882285593	37.38456997405123	
223.88583160992258	62.488334279712355	26.476682332971265	37.34169599215268	
223.52743200182104	61.88851745613924	26.482088626886593	37.44253883956586	
224.21838168178434	61.701662139017856	26.1165757333867	38.21773605015363	
225.6222703827236	61.83194623813833	26.16168423754109	38.42434055747544	
224.62129472651978	61.82184583880877	26.369868690114355	38.773364286547945	
224.77771363596528	61.6452135650777	26.75845219501883	38.54133453365592	
224.19251518783133	62.06773513140419	27.178524912168523	38.52294506203784	
223.9776703678329	62.18923628920751	27.61025340393665	38.308362806559686	
223.70063482851586	62.18280023305291	27.906165405127513	38.37601441412302	
223.82778643848974	61.731777271736064	27.87936015581009	39.06882952472634	
224.1210786053319	61.55640538165426	28.255572766321393	38.64871574665182	
223.5300763158991	61.09475859968238	28.051951529447383	39.58918759538387	
224.01060647898584	61.72960225617774	27.94287364162067	39.13930896923233	
224.14119762513468	61.27550659042775	27.485034868903618	39.70563019579427	
223.99653753814874	61.178859148771345	27.36859900288615	39.57654031909625	
224.45634409254217	61.22646672283408	27.77426015608401	39.63352370616725	
224.6585525030047	61.66224565403235	28.21368882255831	38.731270982318485	
224.68295484673956	60.54909873165416	28.205083604204653	38.89623122973667	
224.10977147618598	60.96108965255738	28.07662238671996	38.955209422031615	
224.81100845812176	60.77892766651834	27.455836035403053	39.45059313191737	
224.77510917076194	60.41098215104653	28.180398022998382	38.67997295054245	
224.6984403254147	60.798347957387335	27.846802916029045	38.843431802658536	
224.4019981434483	61.30302618185645	28.506142910181275	37.704120693559446	
223.78025257366204	61.443767402792496	28.093512115772125	37.61237958348828	
225.0408942828653	60.556017006981975	27.598699990284707	38.321910689526185	
224.64557437599703	61.028392956429244	28.095086569520728	37.869806623061294	
224.65372810506437	62.23341847654093	28.743945999036374	37.43303679121484	
223.88836731432136	60.77623656522738	28.22222155465939	37.46710028430679	
225.0512892717349	60.46795915498528	28.40107097172124	37.469860387467556	
223.81255140752398	59.545500238518855	28.230683796327206	37.64821535327413	
224.8659792045043	59.45605928478018	28.203740217096396	37.584615107594345	
225.55349353096292	58.87212550493507	27.98973404439884	37.77440367693913	
224.4735716188391	59.72177959480965	27.85864244094201	37.24182957461727	
225.38057332475245	59.61076936790478	27.361481549350273	37.17926263260164	
224.75732828611046	59.3622162795165	26.801272735767153	37.14645591490741	
224.7999877207173	59.37536145289667	26.03559501788419	37.23380663773159	
225.4842271067683	59.58553351002142	26.0027172403687	37.23325988411261	
224.962194263085	58.14469955442197	25.800805738715596	38.047973137490416	
225.6721532594122	58.055700946813005	25.934226270307562	37.886919489164995	
225.21074585819008	60.16137873417708	26.18621732952066	37.050307608098365	
225.36406914719504	58.04992829558701	25.873230219055372	38.032519862621946	
225.39129847843267	57.39130933839412	25.980287323360287	38.242080235050814	
225.17484680599574	58.13836241893337	26.516746130274612	37.921747301563556	
226.0857678364962	57.016868953108286	26.674474815090882	38.844333411866245	
225.83887124613645	56.85291787960345	26.904738264239498	39.458306189677785	
225.7810739035433	55.2996197826976	26.770700157336364	39.860572602445686	
225.5724286462032	55.78343738207833	26.73424605157328	40.42472658111614	
225.8551757883465	55.365282008463836	26.499086449255593	40.827094284713354	
226.19164292075394	54.657082846226814	26.85989652590208	41.21737621604191	
225.74314924207	54.26829338296018	26.917544798022096	41.689860532729234	
225.86259782528558	54.0745279258708	26.759194489828637	41.89348044011488	
226.06937603005449	53.80726866650211	26.948745138354	41.962202835442525	
225.92337872682788	54.42497793354729	26.728259313468953	42.09522384009601	
225.66877550946282	53.22144390575559	26.468371956761864	42.41246411156565	
226.2852256389921	54.63396909795199	27.269287241964307	41.76315439637827	
225.95379219520873	54.82807450967241	27.205343821995342	41.292093757320416	
224.79325796700778	56.06978609996917	27.406407929452833	40.5744323696028	
225.4358656992251	55.47367816288825	27.687383933490995	40.266555591559296	
224.54436259906194	55.60127688228411	27.996038933549812	40.23771944104845	
224.42083252178563	56.335530592607924	27.95376589166831	39.625024185065364	
224.0706021327007	57.13458707167298	27.86704171316427	38.68555192331252	
222.1409924828788	58.717875946143096	28.236695146490433	37.644427927514954	
222.42470956079393	60.57338124875948	28.20466261184711	37.594257229202825	
222.7637667606198	60.37991254109142	28.03771008050071	37.73534387019161	
222.12814580871103	60.01996222161641	27.901269490124818	38.083259613234645	
221.6233355751268	58.57396579124013	28.019524016372188	38.55133380830861	
220.95310964435478	58.54952173397248	28.73831248685157	39.07242401804319	
220.37271537754242	57.76131513215895	28.886830233398488	39.503033187090054	
221.14539429834718	57.45488551030858	28.568281446302137	40.31227993912118	
221.33410372666904	58.331606024071995	29.660004506240018	39.2559000389454	
222.48705961041992	58.330353377744366	30.159248965984773	39.086743672921344	
222.47195721513415	57.25870791935716	29.473979935343188	39.89294833193112	
222.89931976426683	56.91237729620164	28.852286404530375	40.32443362993106	
222.20662024647834	57.14922752601322	28.720979201593746	40.63636057552555	
219.72310598874202	58.20080390974917	28.672893116116214	40.8157394769716	
216.3396499761727	56.82545644616476	30.42900628406131	39.82325151836419	
214.7437271217025	56.77897363983811	31.825731305262277	39.191380061590976	
211.27708578604052	55.94217132968748	33.67284898211054	38.59064476952864	
207.75799649759395	53.71879119348203	36.215215752797405	38.49563726271842	
206.39734574402613	52.310574233882974	38.49155953276563	39.07876834258399	
206.2500004816954	51.89043487199369	38.769890227916974	39.06613411756655	
210.0775546638659	50.61464381043292	37.27999354575218	40.096441414794924	
210.06924787814927	50.0995982208744	37.36422069031134	40.3549038592316	
210.6122444422281	50.45280247129387	37.572455854157916	40.10526698652684	
211.23187993936165	50.13516063599088	36.27933931966723	41.558106570426375	
211.45759840070855	49.14270185531784	36.688054164885756	42.027467897072334	
211.1611452286071	48.70911992678679	38.11438590554202	41.581042522739594	
211.03954885885605	47.33518324892846	38.76443375711365	42.48797975132583	
211.0333694870331	47.53664724525397	41.260960543594834	42.84942298077972	
212.7249215895597	48.82823158584627	43.41054554698334	42.72942151680235	
212.29476146041443	48.4516120512843	45.55851964166328	43.48158682953732	
219.07719183585056	46.433513166992206	44.2327637678155	45.988418982700395	
217.6182415511064	47.89823986073617	45.67133873279559	46.24925563776163	
212.42538367037423	47.378643639267054	48.586034455636266	44.41282790677036	
212.32095301815312	48.274110545656164	49.79035730607211	44.74724810273581	
210.23834300870266	48.02257063371261	52.012985687356746	44.31059466240147	
211.83866815663717	48.28503285915994	52.36454630835925	44.30007980613024	
212.63897145899412	48.580622552596076	52.72431928532704	44.17873844870026	
213.98251718304488	48.62555626347535	53.48552482562009	43.63610067038742	
213.23167726435057	48.91514082204327	53.45599764619128	43.69803734182892	
213.98807185904855	49.469210621247505	52.83792615619501	42.723574224817966	
214.1072469972445	49.17836617857097	52.35318954077255	42.53233410479093	
213.67973349139368	48.92109603144695	52.11713557725915	42.75213176954417	
212.0097215947639	48.73394093368774	52.406421421892624	42.964764204087075	
209.93985581236907	49.703355929327984	54.153749789177574	41.96702268249408	
209.23507814574293	49.069045952400586	54.94095775323163	41.71214785966384	
207.2806672907326	48.597149491580694	55.6334651933731	42.04886767918058	
206.91532987172286	47.20331976852857	56.27017515790929	42.805828632480996	
206.53619102004083	46.0297495415043	57.23061065697313	42.98390720777339	
206.93942710318726	45.31994264473029	57.50569714656773	43.81792293668516	
208.2136825491486	45.82245482660308	57.362803213764025	44.5455727369713	
208.10873771769695	45.83041882251787	57.095116798959936	45.00371678159521	
209.1232402098965	45.286252470085245	57.174381708211655	44.72763804418767	
210.3240458916086	44.769097489035644	55.911479326772486	44.78640208214759	
213.01329561487535	44.5000517522531	54.68933611907785	45.06584351972941	
212.60907975510867	44.91806001090122	54.50238543798484	44.933983448696594	
213.35348702906097	44.0189572365072	54.22130719870676	45.045606100298485	
211.09207563302155	43.971074959503206	54.89574166128347	44.522313280475586	
210.55370421667138	43.09055587288712	54.848046165314656	45.32627448102616	
209.19466005960948	44.476027871384304	56.29013175645096	44.46749518133354	
209.0310129038487	44.98518933230578	56.926662314756825	44.045704490596115	
209.1268178068805	45.133385791492245	57.38780610953802	44.42551778791682	
208.53511617486623	45.57010967711397	57.440319768117135	44.85819722987806	
208.616182219825	46.750112223664736	57.328540424443396	44.41411903843091	
209.41201742123866	46.52196719580046	56.49711407615567	44.4667633280015	
209.16772092765015	46.51352232571049	56.14120948415963	44.93411444143142	
211.55699603113501	47.49516518068178	54.420145550285596	44.53367128723451	
212.26531274012038	48.494315098862344	53.11419205277101	43.56634612297432	
213.90504903462494	48.881104821376674	52.071647680267375	42.72707439585831	
213.1946632524105	49.47521336670659	50.969177523535734	42.1421210357304	
212.5129401913516	49.70661576864883	49.8093752764335	41.6658243517567	
211.41129540416225	48.612981325595825	49.00451419891583	42.00687511759108	
213.5844079008283	49.6215641069066	47.96922634510081	42.822718930772126	
210.22576359464801	49.465779067903775	46.15963207327039	42.94096369755731	
211.6443548606791	49.96397725396949	44.409943261253034	42.541313270090455	
212.73051315391115	50.76477216206928	43.57370314313384	41.4424648513621	
213.81935198138763	52.975879185082455	42.3730924918962	39.99590828982467	
214.26515375901664	52.287161810489394	39.37673345391843	40.67679341799419	
216.21524853284123	51.01508021127423	37.14885048092766	42.01431028925653	
217.67711355328098	49.891935101224085	36.94977496738363	43.2018710883586	
218.00259927114251	50.49511581937385	38.336785567972456	43.38107911460403	
217.69788524050506	50.29049480260059	41.383925484703695	42.58324394106534	
216.0762691508366	49.37456431196923	43.267413652597014	42.51378460702081	
217.7046621285147	50.5777701664977	44.88250195412516	42.0890299563068	
216.33713149141758	50.98354818722422	45.755862726684725	42.510586486677724	
215.6186234870346	49.84771629186044	46.33960417208068	42.912912251869656	
218.00595191338422	48.569196704234585	45.58822171477459	44.14457995924767	
217.78446739340467	47.577602155187726	44.811615068572365	44.455662606698965	
217.6047445157687	47.89303245460109	45.09787970252063	44.11282882986295	
217.00234341209767	49.11748827343371	45.53095215287901	43.57781256304358	
216.8721107362126	48.878498381374655	45.47200010795417	42.67271817762196	
216.60566275490447	49.4278885652876	45.73321755547428	41.521115549833006	
215.0573293990674	49.88553687140523	45.29464691803004	40.9693909936927	
210.29392264759042	50.341541819966885	43.68587056123913	40.46751712201869	
209.64484183534807	52.087815735339746	43.0665100680698	39.710174943743425	
209.7177751292333	51.61606046878743	42.539642047420095	38.94356655615748	
211.89614945535405	50.69106252442889	41.45818698533384	39.36648789921174	
213.2678786496686	50.57242470496479	40.16872345160078	40.29492642772659	
215.18957449625765	50.44989600857559	39.34683776457551	41.42056855014579	
216.78728769588832	50.2731916692492	38.51998880234181	41.02273069134477	
219.47972200547693	50.85377120444278	37.81201391216199	41.77728873558048	
221.44570964825007	49.58129262095015	37.23936639186765	42.988747310656635	
218.29362471719614	49.45582604424974	37.72313716632244	43.63301969871556	
218.98502126128832	47.72319065211168	37.460496270707225	45.45082088398491	
217.0610447877367	46.524261172729034	38.153344688843745	46.20775693576253	
217.83607422649305	45.94498993364464	39.243794608755735	45.740766388232615	
214.7102257675232	46.466175658064785	41.614807263994706	43.74835681523717	
212.86097693999477	46.89322601277928	43.04218459466322	43.20718321206888	
211.9622895058363	47.8991839805197	45.26651222481765	41.81021199955954	
211.03604214823184	48.20493360445979	46.546498176976314	41.20886159474203	
213.375355900795	47.72741064967351	45.85920851788265	42.450453460102764	
212.31521577643719	49.598162098626695	47.437945654441954	41.82180572828794	
206.48822858712794	50.1114086307564	49.78292312741304	40.10599623393756	
205.60417192649967	47.522404798019686	49.04113074155238	40.707970964778625	
207.63258452425111	47.3078352573559	49.490984763234806	41.46326296260598	
205.7339604705756	45.068261608469726	46.52737834767787	43.53651685649834	
207.1491631909346	46.368334799019195	45.694767923288765	43.94256319729038	
205.8336122332962	47.739067372620504	45.82889673355376	44.08399581852065	
208.25090188931463	46.50933948300404	44.99901383702712	45.00309722303979	
208.0104596025434	46.005143906503335	45.539232462138486	44.423290076202164	
207.0995647650208	45.96644891872485	45.98305748864829	43.873653998670335	
207.35933838874635	46.41947911659787	48.46243572125294	42.51291751703945	
209.586519317654	46.86465541818613	49.46422163912682	42.78285769124605	
209.79748331789642	48.40666332933185	49.44613942250315	42.59884890363384	
210.29399940964296	52.54553773859329	48.23128150716885	41.63957549202421	
213.3243517616021	51.1094449859322	45.92932488020202	41.60083471767674	
213.0698035288402	51.38503116073924	45.28319564998616	40.81363889313492	
213.2022960661834	51.38678107764203	45.04042793979036	40.24657702130698	
214.36282761085684	50.29188165071983	43.85889724188892	41.47758268975901	
216.25748169476174	51.021051212534324	42.81355863417252	40.994676960149334	
213.8671338459322	51.50369852783362	41.04129915508831	40.27247197510496	
210.9034139508337	50.872151033723476	39.928591435033425	39.94444051372277	
209.93331621467894	52.030346925583714	39.92199936926983	39.23017027637951	
208.14100117026737	51.21296485154232	39.45312286474237	39.8820681449799	
208.41505473871405	51.43312561945401	39.41073798552885	41.038036703158	
207.7846262148823	50.0026390252723	39.67418725575163	43.044110341077925	
207.7412401236759	49.655974662606916	40.77972814559807	43.872471869651164	
205.6340937572403	50.1138296416641	43.48823530282205	42.64308232378801	
203.81948918038935	50.59349015526452	44.82362595369504	42.84234481001127	
205.2986660212191	49.73407888443674	44.24054714548771	43.42299708988225	
203.8907224361088	51.08443631636284	44.71079304309632	43.173320711597604	
201.5969918565386	50.87941720723293	46.147226466497955	42.64026846233537	
202.16999172437778	51.01834492404512	45.72017176452419	43.13135018293865	
200.85548461855717	50.59535787675807	46.38586529458959	43.14711875406604	
200.21192167152037	50.521157734882586	47.52400139510533	42.977914797962015	
198.16146770335615	49.38795375682129	47.79460931918142	42.983292161621165	
198.78500531037454	49.53328013792811	48.710668064051106	42.82812079278712	
198.49119297751477	48.79493264508284	49.523496456353826	42.92896605533616	
200.8955670857715	48.184575896084944	49.47333508837522	43.34854931412487	
201.96199431675112	49.62231714487602	53.03492105134192	42.148246541180406	
201.88472896333607	49.19380736000315	54.20168226180719	41.539126170315086	
200.4929532122462	50.11171724368032	55.410221593995864	40.76265177320701	
202.4937617126856	50.02918673823529	56.56590892664878	40.697624270337755	
205.1601783388166	49.99925620086888	56.554018252357544	40.51762417329515	
205.94387328709757	49.03539903288406	57.33086869752263	40.402777251566356	
202.8042029553247	49.78331016226851	59.83189913030916	39.84754852133979	
205.34554904221073	50.07271490357429	59.91806567390915	40.556707913991985	
203.64880010222024	49.08737270662505	59.396823811152856	41.59720038089924	
204.93353527696829	48.12545262793678	59.42019719731735	42.01714348830495	
202.13818075661294	47.670888448642444	58.84127865639135	42.547742597297116	
202.53431389795767	48.892077942688765	56.10388363450009	42.33020071851361	
204.4900244856507	47.55100873787747	53.53870070800206	42.8441423250587	
202.82770491707103	48.14828949665843	51.73120348107686	42.720341078288	
204.2480560125257	48.03023842172162	48.630400017357985	43.2746446954014	
206.3263997886063	48.282337298643284	46.909872529885654	43.78345341421806	
208.5540256862751	47.49550601241209	46.97645211718705	44.257298620634145	
211.07495960916862	46.14552967732154	49.07188984026405	44.386249574630725	
209.31771756757107	47.82523190475215	52.02422900318807	42.57717482771234	
208.49756691489057	47.031208595005054	53.18230357540477	41.86599425065256	
207.1563626533195	48.0187547832017	54.954439367752485	41.175674437580575	
206.33056891438923	47.608769635197305	55.01383167907625	41.52453883719096	
206.3560818410794	47.96064283214879	54.620294566583794	41.99849164014241	
206.2115915265667	47.67939828138117	54.18357297007873	42.500297772540954	
208.5858179490399	46.84249303019308	53.316298065290454	43.29456138695534	
209.82028644785433	45.44303782697814	52.616982933463916	45.1155381964058	
210.5154490986817	43.17287590225418	50.71747176791303	46.94260560463158	
213.51043737567204	42.36598219555716	50.44284699118596	48.312756863273066	
212.6461388703232	42.96135078475588	51.18157805351093	48.0382272746316	
213.5562939045751	43.16462863090699	50.94729656652979	47.96278951115028	
213.92232608793125	43.18468434598287	51.322157537148534	46.953898584749254	
213.8492394500339	42.486027709738906	51.92193127555974	46.093336543897294	
210.857446911071	42.79029787219554	52.62008048266017	45.61071637244965	
208.53506089510728	43.784914921208	53.99396886571324	44.649696819342296	
208.81261730619633	44.82071678425809	54.49757304751762	43.73898403198895	
210.15458544148572	44.99790568528639	53.424077112326955	44.18115542814242	
210.477382901905	45.32596030405602	53.646187548645116	43.56202409314356	
212.66203019717437	45.508554606838274	52.1398425967608	45.218135020181194	
213.60067926253103	45.97497081474711	50.916595253866674	47.02517392724678	
212.83561407671263	46.10527759533535	51.25039505869274	47.334181852060105	
214.06870297250472	45.53820159727343	50.52386845213324	48.029475313038915	
213.4943523743146	44.51857794306432	50.54197964408021	48.96664933784881	
212.43757605825672	45.032885159338846	51.413693791186674	48.80538298060645	
210.2977547922081	45.29222653737727	51.852843500007864	48.45182713938594	
210.60483151715417	43.16696638040814	50.8732462108339	49.939507680676996	
210.66480166721365	43.67965699103642	51.12070877256415	49.6697926182497	
209.39941775064793	43.06177763393626	50.90719188525641	49.49252592844829	
212.87409042905475	44.518176835102025	50.800419812012514	48.65620749042796	
212.63084764436084	45.025526819348286	50.78402754765595	48.21097162161789	
213.14361561511492	44.170466072134275	49.675693739255365	50.20328228020415	
212.59288991088482	43.7868590800346	48.864849880341325	51.725435595147616	
213.0509028871048	43.02680031568482	48.5057272746417	52.38624588071643	
212.1320347205082	43.567743659229464	48.8368413314292	51.28847629857828	
213.02412878805433	42.44312148391019	47.459827125840945	52.14566143498024	
213.68480385716595	42.65198234117351	47.19704864149921	52.30860754794847	
211.15975415032366	44.11169035867736	48.68231408273874	50.694038029480865	
208.29703551656115	44.74989758131946	49.92789443341991	47.88994095766793	
207.91286561985615	46.42744740947801	50.005632397751185	46.35399843907099	
208.80797684284343	47.24864603374013	48.134064297800926	46.37358463578536	
210.35554027494993	46.44628719804283	46.878172586474214	46.571726844978016	
210.75492288222242	46.163155569483784	45.14755905732595	47.1743541339044	
211.12145026460473	46.817560570729825	44.0485640227042	47.0138429031909	
211.36099544165594	47.4025992148172	43.32621176630147	46.73619996892003	
210.70577391010247	47.216192274436146	44.89422518415597	46.37724546363954	
211.4439323774849	46.34642201041641	45.308691325234335	46.990099612643505	
209.69700009275232	46.23976663823615	45.63569507722636	47.22548033889021	
209.66967582752864	46.296921143680876	46.139791479920206	47.820002031077166	
210.14189528037406	43.90584027955575	47.183491078159335	49.53758714088241	
208.72139664742718	44.9247226217244	49.335719941191286	49.40142464041975	
207.362283069172	44.64432027360701	51.456573592696394	48.69270053445197	
205.84598439575097	44.52156424098932	51.934394939572385	49.03388775494536	
206.40875747200994	45.02228102487018	51.629793018715425	49.02524698131962	
208.9901397790316	44.32786805999558	50.43886827045804	49.66276234349156	
208.58024679914274	45.14291014648275	50.304477891454745	49.80927298888503	
208.11216993896014	44.48959854119667	50.76764388217494	50.32154805463019	
208.6672560861281	44.46848185657915	51.849809267559046	49.9602277134634	
207.86766317247685	45.40015680585427	51.70252125866611	49.87383161833533	
207.1857107294037	45.143423276566324	52.556043185481954	49.78244690958067	
206.94994184993192	45.13112140951215	52.54863439941487	49.1060046756412	
206.5276509692112	45.78782955029523	53.74712153263896	47.702930555133086	
208.15425545321676	44.97192953162226	52.59519166880777	48.671308881574774	
209.04507523810713	43.32973727122358	52.07710331703363	49.82740082111983	
209.1624014782439	42.73100047571889	52.88505984143765	50.10229604381455	
210.68048208315338	43.55343806320058	53.33578521974185	48.84028602341424	
211.81625692619897	42.9412066669795	52.56592892311728	49.87641235581123	
213.10625700476356	41.76636476549047	51.91045884717764	50.46105631387296	
212.22999307200593	40.38766048871473	51.34700765001096	51.923560509774056	
214.09316747763867	38.81606281273199	51.57443702318683	53.27223977113026	
212.64381452868412	37.451689593440776	52.17682594039755	53.74177753229736	
212.25496917932242	37.44622857368867	52.67965736979764	53.311784531127756	
210.6525402532849	36.962548976327426	53.24994670150601	52.53867128558184	
208.8232035876353	38.28832655957895	55.138570312121416	50.57977666787911	
208.70270750205466	37.96703255488338	55.01807272203945	50.213402990092675	
207.6975325528161	38.35817989497805	55.157518181735476	49.88493984405622	
206.67096982607856	39.682933859778394	55.50157508001462	48.707171629672175	
207.54325058022349	40.92913457498931	55.7634813044411	48.235990152001264	
206.4854139559238	42.09228064684297	56.71727323996459	47.33225299834176	
208.5301173174136	41.73721128503281	55.428785454268734	48.037525844535836	
209.54130070959013	40.3328915825104	55.17292335499142	49.03330289984357	
209.4235861802735	40.335624714159636	54.7577460112183	50.34210699787629	
208.90278466548125	42.07968586785111	55.31426531145625	49.43331633653929	
207.50120165037868	42.697138341919754	54.522158738634886	49.475186939845976	
207.43714623552526	42.91837363305703	55.26687885145361	48.4508237656911	
204.61830976651217	43.29196397027104	55.11100228684763	47.812475721051065	
204.13056246860222	44.46654745235649	54.26481078064517	48.10266428494573	
202.9882465438394	44.29663102608092	54.35637183664023	46.74266219873462	
205.3009390793886	43.71970858044676	53.496739626854676	46.45298212338352	
204.6480494708205	43.09931411300938	53.966835579620025	44.53866026635443	
206.35107226859247	43.764836805315426	54.417637271810364	43.280573811963215	
207.39000218380383	42.40999216457412	54.4041391519836	43.39660419785404	
208.64212127977197	42.563172550967515	54.0304354076404	44.16232837082801	
205.61625328643805	44.048677627897696	54.92874181988297	43.96413781907579	
209.0788045210336	44.62227322550205	54.82962698065239	44.52306389921314	
208.5783441077438	45.61139196117377	54.68755188537739	44.13497284479287	
206.56451329772534	44.859306328691055	54.46888970356356	44.199190254664515	
206.30120317606253	45.786049909125026	54.12789580896798	43.735217568542886	
208.61856545446165	45.254163294468704	51.435409162495134	45.291430773907095	
207.96960840252842	46.507696564715374	50.617873361861584	45.37206801655606	
210.68837008330607	47.15661335914955	50.38127977419487	45.63123416868531	
209.87261685694062	47.48459201499632	51.619025829984565	44.84418484181427	
209.00451224628674	47.458149059283635	51.71137943640046	44.99390509084394	
208.4991902331652	46.77753884267763	51.64954549485134	45.79273211657056	
209.14636838737823	45.6974406470502	50.84520716558197	46.112221970476725	
207.88687774954425	45.345218524298346	51.980528839974184	44.989115161427065	
208.85976946606857	44.87223357378653	52.89130308670383	44.31594038265144	
208.25999883231214	45.071855621726336	53.41483926373331	43.69456165985635	
208.012886697185	45.01539704977316	53.638938275554956	43.31251717939121	
208.19820983821512	44.92558775939335	53.90050507605147	43.056128141558474	
208.5079922310271	46.19858228239937	53.9263569213516	43.65606321547651	
208.49954206657765	44.94554470818389	53.344666911757045	44.123401226240986	
208.01367674194006	44.095899318897914	52.88718793273779	44.93746191960791	
208.81658152159292	45.24783480393732	53.78051628297001	44.29256080981134	
209.21504337009827	45.69994841916587	53.55932637615737	44.82587173717714	
211.21997219886077	44.70510094011477	52.91541191857469	45.064063020280614	
208.53253707897687	45.60676061488425	53.31329639389156	45.544591187187734	
207.40362098573326	46.690878261112964	54.69901186365273	44.48963255995433	
205.06174436144073	46.938436021584835	56.01225781335509	43.34872572326436	
207.09952426112977	47.16906770148545	55.41081422281411	43.720133994397585	
207.33213250440912	47.94124739248227	55.117575661123595	43.84366888981907	
207.60259865971892	46.9058720146438	54.51827815749304	44.47419388690726	
208.54230810811003	46.96756280159205	53.989703658833875	44.89941894215505	
209.03406267578856	46.763165901463395	53.11797161878016	45.6907535389492	
210.26236372602563	46.245425319650806	52.0036445256935	47.0038754399975	
