326	60	55	166	
324.36106761282525	61.58036334663328	56.1394941527885	165.47405741786469	
324.0795306533928	59.31333494743063	56.23671333220712	163.94512917290518	
323.2680282738321	59.38678772624593	55.3655588094272	162.4208094077943	
322.94305330540925	59.401343021978306	55.99433302805496	161.82476406129786	
321.2472247371274	59.823685302513184	55.570206640057236	161.59701674145134	
320.209621798556	57.96064533951119	55.74039473689443	162.4656364169026	
320.9505231038921	60.17302747331618	54.89618477854299	161.2920541629482	
320.5600301116685	61.09043613468887	55.27019615836787	160.51390054006873	
320.7813107943698	63.695944979546525	54.11001833706983	158.80430089403367	
319.4990942049513	64.81112909821414	53.430559917357854	156.573269363414	
318.87152992292295	64.02424791739148	53.095698675309706	154.6580323982007	
319.9317419064503	65.39536757738507	52.64343510515559	153.14959992552892	
320.3684372155109	66.16397617266007	53.654826384707874	151.13224155909543	
319.40533020161286	65.86395152517811	53.8016318720793	148.2739458885762	
319.9402822656909	65.77937182706191	53.30881694447944	146.35113590840473	
318.5543190008715	66.72094052353202	52.88638141501055	144.05654839431116	
318.1444167688431	67.17354814855054	52.22834952814438	144.4766236584249	
317.6583825925705	66.37652547127703	51.33992215371934	146.13840444139828	
317.7798016285896	66.79892881207996	51.617932704997116	146.42326387868775	
316.1549398604873	64.39811607054824	52.869124288730745	145.99899348033432	
313.29692543451097	66.73936928531236	54.91265710883188	143.87017259390205	
311.6220656996472	68.15114889185837	57.32420585002522	142.31813956977626	
310.42160467783776	70.5342646241863	58.06300189925247	140.47420587319766	
310.97760059904164	70.30381928055635	57.769771330656795	140.4479554056441	
310.12956591140744	69.62621264032846	57.05556162615055	140.0641060492928	
310.32412500520235	71.07700700172724	57.564318354230444	139.035382656513	
309.29973161868963	69.55812527687206	55.97169760736452	139.29217262843838	
309.6077065176619	70.31549987961611	54.37852329629635	138.09556968806106	
309.0650084463697	71.03928824127715	53.216062499602785	136.74423380054247	
309.01131011435524	71.52235433902842	52.79015077831582	135.38735816254302	
309.80086312553226	70.57773759054865	52.85654997925948	135.2722755622205	
309.4078665182362	71.29030911923977	53.41834656158963	134.7803969907029	
310.49735413733293	71.96534258801697	52.62152510822034	134.2965197914574	
311.92243375512754	72.34449028262767	51.70162536401447	132.45844760977923	
312.16737579142506	72.99020460657698	50.836602982598066	132.38635001775282	
312.6093405356685	74.89706460197331	50.80879086260141	130.76837274309293	
312.59685088244464	75.10445363446335	51.53853227584	129.41310852128302	
313.3282465686745	75.36873260879145	50.882846903899726	128.14486043137464	
312.65960178002547	75.78919674989939	51.11702624115432	126.165056302255	
313.30182295832486	76.01786764382335	51.14230244204249	123.2122298621401	
313.18376520418917	77.7379893236369	49.44298356322821	122.20422722593496	
314.14435928319887	77.1540506211353	48.38798856920708	123.19051245576277	
313.99845995129226	76.71190717730131	48.119433425067804	123.51678186242023	
313.66221406656103	76.78255964086873	47.79927492440979	124.31748978966857	
313.6252150901222	76.40586842130338	47.024118002685654	124.13917116637913	
313.52792426134937	77.50044863512771	47.976128278906046	122.42255771632162	
313.6883689587827	76.99764374548889	48.64829767086488	120.43786555227148	
313.573605979355	79.32005468079372	49.23649788369626	118.49451690829258	
313.4448621636112	81.7184865430277	49.63315284026905	116.62448040402641	
313.48500834175644	82.35766132778994	48.951700181317	116.08990953971647	
313.54328000881276	85.07813093405791	48.02408484562953	115.05591960980226	
314.26209009564985	83.06834571729371	46.7789336151644	113.98727062914855	
314.14771137157817	83.07684140637197	46.23972131514992	113.3473136569398	
315.6429503035281	82.29195798320082	44.50408752096104	113.50168162682522	
316.04295252666594	83.01760026077999	42.99007790437416	113.44095239039805	
316.1411690228695	81.94227878167605	42.7041282389314	113.82132285197807	
316.60149178868903	81.72098813677383	43.84253903645525	114.07868497148598	
317.6251175814312	81.68284301019554	43.54191573666495	115.26643505046866	
318.7233492287727	82.3531430161926	43.85595053970664	114.69319726304896	
318.2530724089406	83.8124314416076	43.37279950986729	114.0692246893603	
319.3968353070196	85.67229831567852	43.99284236073609	112.00583425142209	
320.321489897624	85.66041029590346	43.169618332163495	111.09702552844188	
320.1065165594148	87.43359982239645	42.10663315452115	110.46774728659557	
320.55692439185947	86.5651042681189	40.996759036266454	112.01661839179016	
320.3575493874383	86.41464669241806	41.623332202904066	112.0841020387073	
321.6827774169567	86.4983833986451	41.5953512022714	110.771045498421	
321.255223230748	86.13239375063624	41.05128483063335	110.22983581514106	
321.50186719645876	85.07809248859924	40.941419826470835	110.81314716018929	
320.7980957172863	84.93017653594944	41.535309827494494	110.68661392146912	
320.1791360248009	84.58213068722947	41.57569237377436	111.26203978343301	
319.6251095743918	85.78889999517659	41.67360247861065	109.35202151171184	
319.07959861847564	87.12574325489608	41.43896930990742	108.67223556887845	
318.71518473214655	87.09102217621049	41.94994615829447	108.55398536765222	
318.17820326214485	88.09713236070527	42.93323683892311	107.32201286216548	
316.3173780299801	87.70610503140533	43.35135258424843	106.26836194306875	
317.0322574154149	89.11239994745294	42.92767496984054	105.26100598888988	
316.17743930356403	88.91617988519711	42.829846231745506	103.91893544665757	
316.13956308085454	88.02632738314857	42.16042451039574	104.89645726982732	
316.7091738617432	87.7680164043573	42.99221125616974	103.01734063640998	
316.85176577623514	88.07450699068005	42.246037034866546	103.38053149184782	
316.3623888225105	87.70781270500363	42.068536476948765	103.77603214272906	
316.13232541367927	86.84302129751347	42.88607039732022	104.3850995583224	
316.2371859572037	87.98841391050914	42.346173953505755	104.20507543917158	
315.8573949010581	86.96467346199799	41.445445151359365	103.92363667137477	
316.10489116988936	86.41205503940168	41.28930686385047	103.64563106831265	
316.01053103891877	87.1937109495994	41.942580700750455	102.80200241426311	
315.55481370884337	88.61600037658569	41.28289258314892	101.66735159040402	
315.7291429078797	88.49503120073268	41.113260591727965	100.54480457180125	
316.61453063806727	89.7872465891873	40.128771284792066	99.28308202938085	
316.23266710271	91.43540882176218	40.822444223209445	98.03215489737065	
317.18238216856577	90.65633671958498	41.17006302976884	96.39645882575334	
316.29164612121707	92.24827953197017	39.60893979678393	95.14565608266898	
317.1301950868109	91.20201976841288	40.196358349135195	95.21757016622851	
316.1773034074675	89.37799943392181	39.170842394061125	96.70664974498943	
316.54141630286	89.24796735566032	39.03200186405874	97.57957341604421	
316.3527985710098	89.18499566291123	39.08568081538826	98.20639090808714	
316.2000959040546	88.85660587213665	39.973034978475745	96.20025850548913	
316.02695731673555	90.81536896700423	40.643493555210966	95.88806653814177	
315.3626674960032	89.88083434988607	40.995944085680335	96.31711856949596	
314.61565040417617	88.8842663014209	41.2490822060537	95.9823390894453	
316.0266409986389	90.31571281439469	41.77451525232168	95.89510809924356	
314.9125308154879	89.96366499925158	41.35407770043656	95.50004203485165	
315.1441819441186	91.05388299843007	40.6754719404333	95.38147479339435	
313.6688491326139	90.67037618621049	39.88919409489612	94.78795452706197	
313.7002823557276	90.97502343222102	39.96314497131563	94.66299886214134	
312.4767068482013	90.4305263420287	39.85373063019216	93.6422739851665	
313.2617510394466	90.89045504362375	39.22487250420771	93.81593569060057	
313.3810215198663	89.75873193302489	38.34251371205822	93.78734326404376	
313.7769661217529	89.96068311046284	37.28919507265708	93.03156606994465	
315.3505484083444	89.18095944103787	35.8136047108767	94.59706277816909	
316.82481428288594	90.58269557378311	34.48555786383325	93.62943932091483	
317.7038678803518	88.2206695430296	34.0236853343342	94.38862704939588	
318.8858665484628	90.27937045322373	34.12579794804209	94.25806686543805	
319.31214726291006	91.44755745569418	34.98263283581278	93.14677318615396	
317.7739186552918	92.23472799141116	35.57821975909609	93.11582570027358	
317.89024608824866	93.13188390019586	35.34265241615751	91.93473535513132	
317.00851140201746	95.20555312058721	34.38579380583557	91.69615101082424	
316.3555991256221	89.96778348248803	33.41413497719543	91.62141329617046	
317.80593168245366	91.76103694346801	33.87905477431171	91.72463919129729	
317.8212816823461	90.23149214279104	34.77497187674151	90.81851690387778	
318.1445612851288	92.11524693864507	35.86033085554503	90.00747906544517	
316.65959379324784	89.87933228947938	35.96776957020202	90.74499247326567	
317.32254067991244	91.65319646350854	35.348941289200084	91.07746025285118	
317.6576991271775	91.13018588383406	35.57782313329223	91.30212592558144	
317.3719733289941	91.27045635858511	35.7362216337401	90.95425449757255	
317.3724445246976	89.81552729437587	36.30433831018766	91.74185999282668	
316.34449637551677	91.1927606990406	36.070964732783466	90.46223703748045	
316.49396633908503	91.53525077756278	36.061048250860225	90.16199045901905	
316.51876749193013	91.44471452340228	36.028953166592736	88.68160450887737	
316.34645445698726	92.84548825605572	35.03138929468579	88.1800842157009	
315.691374248957	91.66631404350458	34.67101799830181	87.89400441161271	
315.52238812883036	90.24770741151636	33.840701945506595	88.43111674498715	
315.02099156565225	90.95901458491558	33.11815864178521	88.46832479601912	
314.21145234259853	90.74870591629258	33.39595794816289	88.02193391463813	
315.2442979858178	91.3160775713354	32.68668886277669	87.74251000472327	
315.7698596178333	91.29976839051562	32.47698611688538	87.88412418301907	
315.30605224917184	90.24598171026881	32.386999144458315	87.4778584516497	
315.8119124359473	92.13770529218289	32.750106272087976	86.60435076168818	
315.41078376775994	91.3964521516157	32.22850154447062	85.97603250057448	
316.64173335511913	90.79761431342484	31.86963464860995	86.10829060006603	
315.1222116134271	93.7002063610129	32.09878973317776	84.10043335309285	
314.79074746808317	95.13278068792454	32.52606683245304	83.26181759026406	
315.55236346715975	93.28917970036024	32.10506765954506	83.32058222103015	
315.5796542308324	95.24579018323148	32.20587381935234	81.38849003434237	
315.2635350601876	93.12940707379425	31.518212352076723	81.99748365894351	
314.47666601955945	95.10383534403468	31.290836157946455	81.0187696884957	
314.556100607723	93.73769365547662	31.140444623729287	81.2583861347714	
314.6962870505276	91.61283598125083	30.926523290103106	82.28515349041689	
314.02863449525864	92.50532348780902	32.17493232340301	82.09554574468825	
313.96092632789646	92.0882124818263	31.959529843269756	83.51993209583473	
314.9842355093902	93.82679194219693	32.09614610879824	82.90348001601683	
315.22478458147	93.75668683790302	31.836520009456542	83.24581462790448	
314.2813620465179	92.22560895673476	31.528294017443244	83.76735083628343	
313.94953145301	92.30032382835348	32.75489954837264	83.21945057318916	
314.48901506316423	93.92276155906305	32.84234438496307	83.39523559450105	
314.33325205711503	91.09127913673808	32.45387352098312	84.20388957519073	
313.83333801192884	92.63285047417537	31.96607017587739	83.47707262701834	
312.8706230022883	92.06972089060329	32.32345678443718	82.99533990140253	
311.77184321605597	90.1097549889853	32.38389263532901	83.96164122145237	
311.2304013095787	90.57148586749672	32.46653214882629	83.52527127689135	
312.26884322642053	92.38577077139217	32.185527679265775	82.55625573952284	
310.40358608699063	92.57652016822303	32.745508080596196	81.333996743689	
310.63703483987064	91.2310152546044	32.37640069707671	81.83600572892081	
311.9377040716009	91.74260217587234	32.64653006208641	80.99476448370777	
311.4480871103635	90.21415459254456	31.435477980296547	82.28449863269525	
311.0028482901226	91.40512750032653	31.64072352835172	81.64105258324709	
310.398590712015	91.03072320682197	32.73608598724733	81.21818730808874	
311.19439791037865	92.48576669323981	32.7274286748093	81.49396444907336	
309.29360446200326	91.15297060857812	33.23456526126881	81.30737881837572	
312.6546448222029	93.42197264175088	32.975685500218404	79.83362849320352	
310.68749982190775	93.98620065952409	33.401157114650914	79.3563458816517	
309.60529555740834	92.22475485008796	32.9569953376274	80.41685376867267	
308.51331846969344	92.63052463668707	34.004930524328415	79.9009497266334	
308.0887418225714	92.92565445408803	33.88217497613401	79.62944965035848	
309.6427802211669	91.47021432023837	34.98507390551994	80.79524897149402	
307.3017121482617	90.39240295272779	35.61692253545831	81.27666062020559	
309.0010868969571	91.69457953577495	37.00139890484837	80.84705293157946	
308.1500595438934	92.87855240685684	39.496601461519504	80.45316437103797	
306.5456770967973	91.55505665222779	39.728442248041446	81.35870771131994	
306.47214761640635	91.22031452810299	39.027608287437154	82.82409088092321	
308.7145236544384	94.06792105904654	39.101883782201185	81.73982595658923	
307.21049767575613	94.77085253672122	42.47467096203323	79.15826560923702	
305.6533646465133	92.58226543672995	42.40820629049546	78.94643884375164	
305.9017627136086	94.65169816876295	42.075265205885444	78.66775979042069	
305.0508098228452	96.84990646741997	42.11868144581965	77.15375990915253	
302.55890283748045	95.09566373665665	42.39049624828428	77.19195126586013	
302.6325436281887	91.31323332996998	40.870639703523	79.12894982499952	
301.641961998614	92.26980062594185	40.147662892282874	79.72957196904035	
305.3755970622041	96.2434947464638	42.54513928678894	77.13575580533791	
300.3036110703533	94.92035051030066	42.85380494222912	77.59330303242882	
305.97615230379733	95.10293622677393	42.717635465395816	77.96791684242325	
307.16978580253266	94.29674203047229	44.751461637535954	78.34952291929423	
307.3467615477132	94.3498202832903	46.151771522201386	77.86609664695462	
310.1902083586564	92.70242753655738	49.36684301603968	78.08364211639096	
307.5713092270811	94.26708920915003	50.17252591920891	78.58431289925946	
308.0721653903938	91.29224056006898	50.560181129344656	79.35397596410164	
307.274222498618	93.82467480168637	51.07290849409799	79.49410224703934	
303.0787692971582	90.55677100927923	51.48313683070983	79.70686453994722	
309.63693743690527	90.2191160364721	51.7796383709226	80.77268179716125	
307.98238616678304	92.06808244369462	53.82867189226033	80.13710458207592	
306.193866486122	94.43709256589605	54.45150805963574	79.47123906453733	
306.9674339734262	91.86457816850807	54.350757857863314	80.87388360642836	
310.37871024549816	90.68405371657406	54.524088422345514	82.07624910319578	
307.64428953965745	89.23123083717608	55.86739898295495	83.37734293266507	
307.3611509448335	91.38429460672975	55.55141195225332	83.19526444940891	
306.36506502019733	90.89145334656911	55.61541882374497	84.1284111488801	
305.46531465259017	91.91133581509524	55.899136989343376	83.94699778842669	
305.7218291192693	89.74720922173438	56.77702311226487	84.23441964124328	
305.6048391223949	92.85123501006132	57.25164133472179	82.41224375121838	
305.2782221959604	89.94871090873495	57.78522061710929	83.22811959912642	
305.55180327767255	90.58563550428579	57.69089983926375	82.78339444581007	
304.87328270578234	92.61706920512496	58.967602710256244	81.68407276910634	
304.3680130545787	95.6337037101615	59.977973574481254	81.3997210387623	
305.73460650232545	91.1673032720793	59.757986695049226	81.80137556858305	
303.8936631913276	93.54611135520884	59.766450037010856	82.3072025493563	
305.112906122227	88.65196588917713	60.134846781172044	82.81902488342374	
304.6255978364007	93.69104904663172	59.85393536265285	82.60775544004923	
302.27960453081	91.98249868950268	61.205914507956194	81.14028766070606	
302.4363653836106	91.21912319161079	62.28728877668128	80.77920148505788	
301.8576707411153	93.22694352676314	62.675899027743554	81.13790830751793	
301.24317914797666	92.017627777549	63.91962954819598	80.58734232242603	
303.31790813506024	95.06455376142765	62.22160336187359	81.1546674632113	
303.01951824308213	91.77036959672876	62.39415343607989	81.42432393327482	
302.4227608913068	93.70284374736394	62.69103198641517	81.18205009147103	
303.5829663300773	94.02829680338715	62.55611887806529	81.03590578259508	
303.22154089970536	94.3658419338819	62.753975284934825	79.98303317197147	
302.8943290182013	94.47221874067337	62.922444836547605	79.07204562714807	
303.8161268925351	91.17358305874828	61.82684180344695	80.34188727210636	
302.19130101815034	96.40416097956408	62.635611364736704	78.71961425195192	
302.80234168785404	92.75195007782148	61.192207175982844	79.53368658966632	
308.5492772101486	95.30499900346835	59.737788202515176	80.76226046640099	
309.46716074001944	93.06908699237385	58.33526852416576	80.98438508475999	
306.7117247591622	90.60079307796079	58.64694273516666	80.59882343768531	
303.3123577731432	94.47625661119866	58.681179349945594	79.51347420317329	
307.7351569992408	95.04793092381108	57.45655266190849	79.34101955465437	
303.74276942234104	96.40664584318657	57.29531378825254	78.0728610685858	
306.3385574707117	94.64042196895196	57.50698731403923	77.65171617961596	
299.25366770445004	95.69910100537733	58.44123731318983	76.43192240940428	
301.590949885243	94.43821887039472	57.80955341247657	76.8181109245754	
303.138673405982	92.53012904239397	58.54330644390012	77.42332058178098	
301.60809624788163	94.5084227212945	60.73988670926191	76.63146288537246	
306.53781076280933	94.05461556394236	60.52256887777602	77.03198975688619	
305.00676738344373	94.65420313790771	60.25442075939618	77.01288189890542	
302.44369823159997	94.76223667274215	61.112974553698436	75.84413719460146	
304.78398060145537	94.32847830526279	60.97438309229728	76.5842045379299	
303.81744907519914	93.67801141267333	61.34683136267172	75.92830736418944	
303.8441068881433	91.70313001093993	62.242692835559204	76.65564558097975	
298.43957655656004	91.74632300018884	63.06844944658553	77.38625405430568	
300.4786755780372	93.04109845209824	63.41695956038677	77.95676170348261	
300.0635584922061	96.02813182850674	64.43801165058541	77.2767636012234	
300.38392653365696	95.40455631542432	64.00753768056589	77.29897564717118	
301.1552302023827	94.57617748803479	64.03105937814577	77.61225979318138	
302.96855390225886	90.78631875733491	63.337787729315565	79.41373101207122	
297.56551322549603	93.81634197478255	63.93357431545628	78.70366150796076	
296.03934333246366	92.41251538783453	66.02817334080282	78.91049669948451	
299.2258414710728	92.29447726077944	66.04872573422278	79.77562234458456	
300.4244522092512	91.70032800362966	65.79498388895094	80.36989267854705	
298.91284833111206	96.19335253576861	65.68456567483749	79.26777024617503	
297.5027637154039	91.69736355325503	66.20543518658815	79.39810362186329	
297.61247568836075	95.29473380880721	67.14799515031504	78.60369418021983	
298.193783238405	94.05632801925066	67.11808038739838	79.05646922246838	
298.8462015836506	92.9116943379713	67.45397003123722	79.25885652344587	
300.0081435588918	91.80977231464152	66.32792679964876	79.15471192605482	
302.18870110464826	92.10097818079687	64.2575268329355	80.20628104656035	
298.3145771604941	95.92195258825794	65.22343175736876	78.77178782953975	
296.22058166665005	91.88658601435375	66.88121016383825	78.52583029059826	
298.2058661535183	95.48029182910884	68.15827853971007	76.87977212881997	
296.10620764644267	93.6648582941728	68.92935395221714	78.1418889644729	
295.43831322085225	95.26405742053373	69.10917529960801	78.30148042963964	
296.48272844406034	93.98337798929937	69.79280049913409	78.10559892467049	
302.6228306665342	94.26722133232686	67.5178886098722	79.96522554634274	
298.69120253587255	91.81781381738871	67.62882725305734	79.85570266797717	
301.6767634639245	91.05643178602261	66.48275423973259	81.7857751863628	
301.44632484794437	92.01589786310643	65.80460857087637	81.56754292614261	
299.37275877792524	91.26396911283146	65.61833423528113	82.22667157040244	
303.2674157254759	92.6095244797798	64.9635669210654	82.6311080111364	
302.53395016167394	90.05686443102366	64.64591305682167	83.1710650112427	
304.6825939462491	92.40915420972833	63.13469257992468	83.65457640735136	
301.5255538880305	88.05971382412608	63.46617028906992	84.09278027802839	
302.6761311793851	87.57890218355732	63.4867016085122	84.12948030321964	
299.84708041351234	94.83383972842185	65.00880160747198	81.65372350908427	
300.16918453801964	89.46655439155703	65.50115689096504	82.10020951680103	
301.56347171837126	88.18827361452486	66.03288296082734	82.41145380626256	
302.6184999978705	92.59749508903053	64.43701808983008	83.34212906973242	
300.7690632280001	89.92945732010624	64.78680543479581	83.10093403880174	
309.0480779475701	92.28125319488635	61.49536155992894	85.08899980583864	
300.25922025721843	92.57309572523263	63.387756230788995	83.35512307948369	
302.963857458931	91.11764526401811	64.06179539343512	82.02782043349401	
306.46039711661945	88.4063330179251	61.957823364865405	84.50687682001792	
308.50665508320753	88.54004279270812	60.601848219027644	85.59456217127516	
302.81212622463835	89.21471962994833	62.369588697002065	85.21833801319602	
303.2006534318934	87.85061359339721	63.23051041690553	85.51453120929375	
304.87644779997686	89.70021666461757	62.661557598856746	85.04590803920857	
305.76084500640064	86.28165871461958	62.75475865028862	85.16236529317129	
303.22219190295647	89.36451293723569	63.98829629247651	83.8787696119712	
303.7483028344406	88.3820356541372	63.14506480913947	84.19851597972618	
308.6745616585652	90.77866664973915	60.77105433493595	85.32989761233156	
307.32145658350686	90.8993857207039	60.96715584039855	85.4000726749895	
299.4873946765559	87.37068841822858	63.361982595466856	84.47388760885396	
307.95632874206797	90.75730068174488	61.68536611990814	85.10840554192787	
301.0403240372219	89.97254210381116	63.138640405607376	85.49806104259491	
301.0447944405124	88.32751446116657	63.88532271360225	86.03722409789174	
298.14687160900155	90.87680971562813	65.06380437480931	84.72912348546947	
302.4868430441962	90.50945183160358	64.76508306297774	85.47302951434503	
299.45010616799703	92.65279732473024	64.98265219316647	83.94680739975199	
299.2271114033495	87.30954117731216	66.157999375684	83.97173358340181	
298.2047006723724	86.15698339448417	66.69635506512353	84.00038577295965	
298.834394366846	88.77553162047056	67.33462628711199	83.71945873488761	
297.5005020545285	89.4210696548752	67.2305750324328	83.54981156741496	
299.283095511547	91.76255155410962	67.0113971532179	82.2291530988649	
298.75557477165523	89.34317876983081	66.62736391899824	82.93412024373708	
298.2521944989597	87.9437501486749	66.27946451194016	82.71855625131053	
300.426441055974	87.3527994997597	66.13995322425609	82.47654889906403	
299.03176194998787	86.1044982932118	66.39302804299957	82.46895562008285	
299.7292642495151	88.39490298984988	66.58911464870855	82.49332745789738	
298.34536529542476	88.3659433807493	65.6444882940932	82.90807016469037	
300.87329748870354	88.33109665815694	65.2518553393889	82.70437115393	
299.9289701681912	89.4413625024579	64.74895858235085	82.666759200836	
299.39115452445674	89.31277312257825	64.99432635898681	82.75683203453546	
302.1649452330903	86.71739123547863	63.89398323295022	84.13209627171902	
298.04824729936513	89.79172246072784	63.7034307135741	83.99064785226953	
300.89466430757153	88.06558737247035	62.92447600134845	85.38393392061292	
300.3319637581028	86.2421046754285	63.52120964607565	85.55452557522942	
302.3004219536495	85.59209824853563	64.37831170696316	85.46318044909825	
299.583093684299	87.62093682240689	64.52309376579049	85.46634516399888	
296.8864084815051	88.16350160132738	66.66151938169162	84.31762663934708	
300.7020114736229	88.52054348541297	66.32631860951817	85.93214639115067	
295.7731559635981	87.27622819657421	68.64442199834261	85.24872724788922	
298.7408612779068	86.33632313891897	68.6302242410716	86.38973961292896	
294.3529890293493	86.35895072974407	68.58847602682184	87.16420836124928	
294.8468495008851	87.07807787171305	69.43363353437181	86.43172188607082	
298.5645443134512	86.63911077567062	69.45833850630024	87.4349560144471	
294.6911917402051	87.86368942809602	69.57588667238792	88.07114125535412	
303.61109252018144	87.2898006680899	68.12323367448383	90.1128701175391	
296.14547147663006	88.6125514204835	69.426602741371	89.8324290933221	
291.1368453047414	86.04679257291315	71.22697607282157	88.53175862611704	
298.1854794691954	85.97269935468843	70.8484573813358	89.36121873310421	
298.1215689009628	86.34970124858998	70.3077436301764	89.86818415149925	
299.5604339621965	86.26264970508413	69.42522040082123	90.85081387500054	
306.8512130883079	84.80137410887289	67.42382939223081	92.8063382888107	
298.8379676371135	84.0085800013889	67.6232056127499	93.28414232572003	
300.85790608267564	84.20438325492182	66.90073792265187	93.67020295139321	
299.07861302541016	81.3766392075592	68.9479118802848	92.56890979585003	
299.40102641968696	85.61007658300227	69.42228129040286	92.10350572339189	
291.2112689188582	83.2269482470154	71.57587989361168	91.06160877708061	
291.30531414784366	88.78481348283358	73.34767431803479	89.28554424518342	
288.57608622656437	87.39817164701165	73.94385344047183	87.64397845251754	
291.9184352359772	84.86540411021525	74.93702122113395	88.23040347102096	
289.55561342525596	88.13852221555703	75.32283751161953	87.393364299604	
297.19745680595514	85.41998898404822	73.53274360959946	89.54948689956147	
292.27582320441866	83.26820001156301	73.37938986401696	90.08496161749743	
298.43972616475617	90.66362719181262	73.05190741095478	89.47922021177153	
291.03016286890255	87.75740046831145	74.17793907145554	88.66543624788628	
288.12888759128424	86.57159084601996	74.3616308574691	87.74258163480928	
286.9274072067723	85.74259527249346	73.46771852483612	86.77012802508497	
295.37845358400466	84.6257179767995	71.75921855199033	88.88439072364179	
295.4030334189264	84.99795684775343	70.37784616555604	90.062405044229	
295.01173299674025	84.6016179752956	70.50323096156956	89.3137406750065	
283.65899134736253	81.02961627932362	69.6900399259721	87.55079195138406	
291.2964015297466	87.23478129200518	72.22725328634715	85.9421743787532	
297.3801549743004	86.50938183743114	71.51679152075408	85.81909745761544	
289.6134837985219	85.00578893937343	70.39864788814255	86.11003958393988	
287.85843302489616	82.97393199841791	70.44167522847208	84.66478403585748	
282.7753333610937	86.94991184949298	69.61321714455276	82.70247389907027	
293.3148532375935	88.91732458624293	70.44867208238061	83.62108554082351	
295.87023083575673	85.59555443554247	69.34564022554189	86.14817022253439	
291.66131280134476	82.97917041163637	68.50835227175189	85.95065975233747	
291.72140788833536	86.42902795344335	69.20703080776775	85.80158803333227	
297.5547366459377	83.10056765242314	69.44659465394962	85.92071615453261	
294.9504587473624	87.50447027674008	69.32908182008943	85.89041643880273	
296.2841081714428	84.6319103650157	69.45091407787841	87.13782866753381	
295.6007294328711	82.1120706655413	68.87008619657902	88.2752135978532	
294.61892838367504	84.59000960325079	70.11513189108621	87.42434393590781	
289.5193052102918	81.71992305746019	69.65340988002646	86.0162000468218	
285.9036622371964	84.1358659457295	68.59335274257444	84.49374937099405	
287.9297248108524	85.95861924422664	68.96711772717686	83.8220582946151	
295.5971988567317	84.45867906131278	68.79812357347032	84.20359407551044	
294.33919138598094	84.9194874669499	69.82091881969873	84.27278609032811	
294.5446547352474	82.8056753728419	69.71778466557004	85.50852665734617	
290.38039604205755	83.78530935973762	70.92603157011082	84.46998985800596	
296.1319773025009	82.24765899425522	70.32292620471709	85.0541587893546	
293.88499858381175	85.54112461456339	71.07009170572019	84.87525244088808	
286.90616087320154	84.10035619671464	69.72460367352805	83.5366982557003	
281.5207091548958	88.24383450553142	70.00420397984848	81.8347235894149	
285.9458096777063	86.15632476055129	69.26315281417591	81.50828971936389	
291.95574813465635	89.47118899008709	70.482972472164	81.75578386105268	
288.0131363930391	86.57545204989867	71.50959120972523	80.61819114925476	
285.25839835564955	87.33997562270508	71.32108609222247	80.33109183405342	
292.2780886541843	83.80456745231145	71.91569096765116	81.28478003585928	
289.32345314427283	84.77068569330923	72.49973580298567	81.04215280704398	
285.4229821958746	87.84922352493382	71.79460596260952	81.38207050518086	
292.79879731422045	82.74553516785534	72.56987865610293	81.9673089987021	
289.41196112633855	87.05129090564711	73.85299386242193	81.57122794140213	
281.19599309115614	87.7205998591439	73.63967559869226	80.47383045351067	
284.3594670206506	84.63871771141454	71.9547200542893	80.3240755334707	
