136	11	29	33	
135.42304245994302	10.046252251728045	28.64384714366233	32.69467352876313	
134.28398210002	10.17871620566411	28.402432602714086	32.59729086624615	
133.37710680625833	10.12114591237286	28.30845136720685	32.72956932072126	
132.21558944152207	10.078167062560485	28.36725254506152	32.332118740233184	
130.99060697240773	10.449271302611631	28.308276853237665	32.422645504947646	
129.36643309770372	10.437118093047996	28.198258712344973	32.06092483027424	
129.16964116395678	10.794753787485433	28.22754746113766	32.060489286225476	
127.8647808436832	10.625105001906341	28.297216925713187	32.13796589836775	
126.52521162708727	10.471796560347062	28.649874194125196	32.00228192562717	
125.31275313562318	11.567026488259456	29.028386530081196	31.975885129482418	
124.41256516735261	10.894743070266045	29.093388969732096	32.1132153898142	
122.79141339229261	10.850530645520223	29.452779885521018	32.254579181239485	
121.48796511640663	11.364584954513308	29.808923228178294	31.904704727417183	
120.38717105613728	10.719659848534878	29.502385497659468	32.39334933164433	
119.02875403398144	11.22951771236443	29.662927724746126	32.14363504562165	
118.8915305016259	10.619611765526077	29.434665298014487	32.11329441554584	
117.39949080068965	10.75567067677548	29.652765117860795	32.119164917978125	
116.80666511510672	11.231936707928643	29.51554086041986	32.363939531465974	
116.82147595542664	10.449682308410868	29.582382917157723	32.37749825496119	
115.97117027125769	10.690055412216942	29.92437163305127	32.70568960287222	
116.04232045898337	9.84661897588164	29.856227526224696	32.327611597173664	
114.85357160304807	10.044214818668802	29.845316499248725	32.3703360709318	
113.75079109902224	10.544645149391531	29.805568105103344	32.04503704178906	
112.54844594117777	9.789414679938327	29.846185855265304	31.81468861834696	
111.27839479003231	9.237646234894262	30.14424105265587	31.038534903522265	
110.05005105943971	7.866504475066918	29.692472348506037	30.802751209558586	
107.9831351965664	7.403747709246556	29.41052771320573	30.497039015741592	
106.30012647873018	7.549892093701587	29.185813889107145	30.547465221301493	
103.71892652613596	6.776758856085777	29.294266220057587	30.010413325960883	
102.405786078445	7.18893520999365	29.179236514585853	29.536304548609056	
100.63366148207673	7.987088423571613	29.06766376692127	29.449591116791716	
99.58981124998532	7.910919575395138	29.281691363147566	29.453680551974493	
97.82237735728147	8.603297071383725	29.046889165695603	30.006926113956716	
95.58983478577508	8.847552690513314	28.735800550601443	30.358835966485664	
94.78885632282152	8.048343618984008	28.30178215299115	29.932995507241547	
93.80275524337058	7.76312240335545	28.228538159047588	30.1171271435742	
92.89710586904695	8.956973537656388	27.937084948202212	29.897589257977792	
92.4030342015298	8.582986740625676	28.134655142298666	29.67925844634755	
92.00888202948154	9.92343556726916	28.22938023905627	29.803182871397574	
90.04599592277613	10.43041832086353	27.75115804128985	30.392949039227965	
89.92387528703216	10.444120769826647	27.873542619959757	30.2882372259228	
88.1750563450232	10.644767987637657	28.327966537872577	30.137779551225137	
86.09184695345662	10.583523769361403	28.21538880970968	30.198171475202614	
84.84275243419405	11.072931460137845	28.153577608464182	30.236764703327545	
83.77795488602544	11.516769582178727	28.308006014613753	30.323678134594477	
82.44154069155047	12.161524689214463	28.510472631275515	30.205067772204735	
81.45065553814817	12.711443075682553	28.32028804411108	30.516514614285953	
81.4523964161803	13.203105281910258	27.82728601882177	31.21464291323516	
80.60476226274733	13.024217129401183	28.142620513705097	31.120445074660992	
80.74482794979014	12.504814786510112	28.257347277243476	31.03265039496254	
80.83495790362522	11.938533184632274	28.08250514206138	31.056252721406715	
81.23359832250907	12.570894437695294	28.541600020048463	31.255009044698006	
81.26042118954223	12.387205458810968	28.421940894214238	31.350337416747415	
81.3141592533419	12.43082037260272	28.77990725382914	31.069844564568008	
81.21785140508719	13.627466329422083	28.749445076175853	31.414550334567355	
80.67319333778775	13.279103846638684	28.56193253213932	31.74043168984447	
79.82828279397923	13.565345727088712	28.599584998966918	31.811142130728605	
78.85748145660567	13.650848771563187	28.67274635300362	31.255781957233154	
77.53625402868559	13.697894841965105	28.66842710285838	31.072176810143176	
76.78272415324152	14.427434224021024	28.67239627088702	31.28080032839229	
75.80685190473895	13.572842769353267	28.210555184164676	30.952305899632936	
76.19099283473845	13.50379073839587	27.933907438365686	31.263617502272975	
75.381043172775	13.75612175031436	27.716186796811222	31.328818621926246	
75.45690045973737	13.999928646927899	27.50220954317843	31.33944985538087	
75.98614470379562	13.540742061175742	27.78048131460578	31.378187031513065	
76.29425330141257	13.645485462340265	27.70175461426842	31.279638862688252	
75.86970037022446	13.559635791390665	27.359713929352637	30.87853132686874	
76.32476667288782	14.628209851721607	27.344795586560117	30.787625577027654	
77.12184588417261	13.782993151941092	27.54044667467239	30.133889171463245	
76.51684817885464	13.89074049281501	27.375844998588942	30.119580130787533	
76.99080775187882	14.23614605121599	27.668744155801306	29.72236166129546	
76.59167101328357	14.016675064051434	27.27398318013321	29.850998922252984	
75.82005306099877	15.062880112775035	26.757143702474472	29.965573269258517	
76.03582017725547	14.232827991960352	26.67182714311	30.017260735901182	
75.38652143887137	14.773300183897746	26.684876963439255	30.254778675687263	
74.58711886291712	14.283882417252258	27.098398090970356	30.35789113408657	
74.71085941838116	14.682456832603638	27.142742484501703	30.361299470450575	
75.07037812597338	14.129299212617836	27.196182704206116	30.577163027213633	
74.23479923853235	15.231750513630626	26.91834529026198	30.66573560430418	
74.336572918762	14.512161258587643	26.818959482617704	30.554707802128007	
74.84407228395979	15.406024103238948	27.37671575069322	30.42648930408683	
73.71250502004277	15.06920566544121	27.352102729155064	30.661076053795924	
73.67316403575938	15.004051141479327	27.488379252769697	30.7579541148895	
73.33730106650198	15.0170767363201	27.472098604568863	30.963243224994777	
73.62368200497363	15.695792917022256	27.7855201665217	31.0206635734094	
72.60721101610875	15.17094850573472	27.747706918449545	30.959112260226114	
73.63164751802529	14.52774089764943	28.083082113288427	31.10022728941422	
73.21192443178936	14.430922793328346	28.024895478340284	31.103986333288468	
72.56400992699608	15.355212136574501	28.280454729909152	31.19663016310036	
71.94485514572006	14.99657346324494	28.510729377255352	31.37110312995014	
71.7338315549425	14.897876681520218	28.84349268355644	31.503121109797167	
72.08823453221177	14.347621785839756	29.28021387075789	31.58811572501633	
72.1166324835375	14.861968966205378	29.281416796716933	31.725876271386802	
72.1405664786715	15.329766603335008	29.508904478668786	31.666669592893665	
71.74267267867882	15.528909240560573	29.638856442970678	31.381380342562842	
71.88609349306854	15.008877040923068	29.41134773783019	31.51426862237038	
72.07200131285492	15.405609020206608	29.443972577252016	31.63535181744139	
71.98917468650636	14.936980041714191	29.594065093061737	31.522639743653937	
71.98178490755461	15.368943345151266	29.65731282071063	31.73704479076644	
70.95013930681398	15.091831379283397	29.888343606711516	31.53359647900154	
70.52993620203395	14.83841116680138	29.809109807524884	31.490851120098572	
71.053560759417	14.553308929625008	29.98021217150235	31.293645749222726	
70.5395980239539	15.179317053891541	29.7996940982448	31.27497517689533	
70.572152535723	15.462515713029678	29.341280666008217	31.504134709473455	
70.34444438444903	14.641435759317874	28.68034257184573	31.492302146105704	
70.89089395666623	14.285894716211569	28.825130794993406	30.99460925494182	
71.04618262641107	14.72389391161771	28.548253274751403	30.891237404826047	
71.3384314120454	14.501247334639574	28.17220243369438	30.640087014208643	
71.9841690698536	13.956912975944403	28.10775629024038	30.856854424531694	
71.37266666998866	14.105548910622026	27.694109122762843	30.89160018128898	
72.07089999888974	13.59105614014518	27.639582525712107	30.149628234918225	
72.03786385863283	13.595329729303392	27.656903827299196	29.46624130965174	
72.4589237102173	13.736291485023104	27.444137018574068	29.153871188033865	
72.36409987626894	14.721630217033187	27.319044923192642	29.334617048571047	
72.16944592863864	14.715967925080944	27.617823661820797	29.15899975347961	
71.9881415188413	14.53797491913221	27.643906985282477	29.12046820920522	
72.16543832570164	14.227435704612526	26.795882549781012	29.174143346516576	
71.94181058176923	13.786995283167268	26.104691778797047	29.110774891852692	
72.00867355203582	13.720397620714039	26.23067870600056	28.353743756291003	
70.81086688167217	14.225300036951548	25.65166872637672	28.35221750571172	
71.65142064565316	14.163371581187992	25.456099036188746	28.15784379859206	
72.46882968790307	13.76386145545053	25.07360553108139	28.07294428425953	
73.08308244160449	13.862622962629866	25.161979721558932	27.95188369781194	
73.03407119284884	13.76247805180541	25.278359510642566	27.78711532058159	
72.53458290718567	13.684042521019741	25.248991520259942	27.520123473697893	
73.3294268287857	14.12294631414304	24.550089934011794	28.02117130506985	
74.03860748549195	13.694105230742828	24.218147123291363	27.65791683547114	
73.83713097619412	13.292253426505559	24.097123957669975	27.604414686485587	
74.2082624924242	13.514224299855133	24.137564117061263	27.13687224191476	
74.37386265688626	14.067982002348385	23.89291821754575	27.070991944525996	
74.65742311550179	13.693862597978445	23.956354854669968	26.8114756523914	
74.31767529162859	13.093795246660832	23.806651210370966	27.116043383490926	
74.3060518296777	12.921055154744113	23.976927060059555	26.80089435463627	
73.82972157304313	12.627813686245261	23.673601670054087	26.694847813223035	
73.69321424315251	12.488779363191384	23.706591230998285	26.887579477989362	
74.17655328588405	13.243761877366598	23.58969621588087	26.731488382845242	
74.64857081127491	12.157551066595161	23.53315187410714	26.667463904826015	
75.29173623835555	12.889370742639898	23.457524137199627	26.965171166889	
74.45107815440406	11.763472658662032	23.304791488894395	27.22973392854876	
74.12997710858087	11.22419200341223	23.135454260789217	27.36572151981743	
74.86228317210946	11.82372467242324	23.17707450809477	27.442663304870933	
74.93956198955541	11.484596705031928	22.970045910013024	27.468663262439616	
74.87063191250161	11.425972236892733	23.053154492634924	27.150068500417305	
75.232497074141	11.378346922870787	22.88484115509226	27.004149561462533	
74.84421638901843	12.089597710155397	22.963620307436	27.032506894576702	
75.14602415057824	11.399855819185436	22.949916095566273	26.815388433745895	
74.56126674830509	12.010945141832263	23.034456661751214	26.70810899916411	
74.64843705980248	11.319820444325401	23.24832593204178	26.417599929007658	
74.32193022463818	11.331159420380846	23.053866310971074	26.651370055065804	
74.33898814389971	11.62243737152631	23.398318599270873	26.721512160333837	
74.28479160873087	11.830011849549958	23.66122196627697	26.675523504391123	
73.91264444379824	11.465136285272987	24.019996995197367	26.6646325315538	
73.77300741370605	11.525288583524848	23.78932958816591	26.876881848637503	
73.60154725731047	11.639377081018525	23.474527381757362	26.84643505898433	
74.70786457558441	11.046797496353822	23.440539140557433	26.746414473717607	
74.88447258498101	11.1809823222966	23.126442457904375	26.377293830015248	
74.30217843706652	10.811445412064723	23.262305912561942	25.815861746888967	
73.99884411351415	10.129163937232077	23.1933885278769	25.963267393300104	
73.2001783913947	9.94794138997101	23.237284910440476	25.970610706355927	
72.66145877850946	9.74471615579632	23.45583155219319	26.128528699931717	
72.4916877186497	9.904369309141895	23.312421580324767	26.184770739627126	
72.24916674414794	9.588869913991532	23.06925481358121	25.93437002461388	
72.50028002259731	8.511386212147602	22.84011552209043	25.982408128091322	
73.26275568130174	8.896732130933508	22.482528178956997	25.972741104477848	
72.81032348200489	8.964525157628978	22.134015625464674	25.881793841714394	
73.74702460396242	9.71856606329322	21.741758248269498	25.644120199626798	
73.5967516547777	8.65028387066113	21.702429113400843	25.297551759931935	
73.73211602342704	8.914712418560942	21.89144275203664	24.930073660888638	
73.49239718961843	9.055345199732926	21.628609395182107	25.14013292278179	
72.32538232105559	8.901266529133826	21.810971046084436	25.043393114234238	
72.32134422423606	9.002126797940786	21.745661023425356	25.010555603656606	
71.53131299820849	8.836438570767585	21.690973051841702	24.917490021964174	
71.8089524937232	8.670423842668882	21.265066837345074	24.822610022858974	
71.89602079099694	7.832436280030041	20.31370319904825	24.843071058225966	
71.03624041061123	8.131441526648567	20.0488115395485	24.49225063891483	
68.8432613555036	9.431304644234695	20.868520334612054	24.170816524110453	
69.87036937668978	7.828538345870783	21.32096838245407	23.68031952546388	
59.46484726256908	24.917015643408035	22.3339801597378	22.753608550139646	
60.88351713956646	24.975116012698933	22.800872503102557	21.44349365164398	
62.365497539327635	24.69039917036326	23.22934440980612	20.85420210034021	
66.11777285467406	23.199341020389358	24.381993244602604	20.630627949919166	
66.75898075365258	22.97970546989104	24.979746825116873	20.671945837582093	
68.41163293304702	22.975339699666513	25.530437036578896	20.840024214909672	
70.26603973695546	21.79717691422264	25.74307442754541	21.270503036821697	
71.6969577588612	21.350989998835725	25.98342706347684	21.659672432522036	
73.40670064150088	20.491215243726693	26.057102650770666	22.1839849420564	
73.37962173753674	19.988512482067875	25.930839666038196	22.502036515634018	
72.96638731417718	21.269670074722118	25.639876593581192	22.663244780124153	
72.04062381652854	20.471992507969098	25.628496526079537	22.793665228077497	
70.76459806038815	21.533470832315103	26.06079330314079	22.687734779656196	
69.22960976995579	22.44003640245315	26.37224227899483	22.78738407196891	
67.81795072416826	22.683961069040137	26.451191935965756	22.691404710993748	
66.0383979679913	23.67212807947868	26.138628449435537	22.90196713782435	
64.8474445006482	24.472855968203753	25.809433732071195	23.02297488417541	
63.55915561859167	25.51931746598676	25.836577358694583	23.11527120022754	
62.208673630826624	25.110719071532145	25.456630362099816	23.49496721370501	
62.43365782360558	25.967793225694134	25.02839833226587	23.3783771033388	
62.06906497979165	24.780227631961512	24.798924245513177	23.36654213639924	
62.30072455032967	25.65269915382153	24.628215358413414	22.97416377774688	
61.9027946848386	24.882302964535484	24.81106709825915	22.913031171029857	
61.58559417650768	25.239368143903302	25.151228336868932	22.949526691423877	
61.15075932476939	25.205482173633836	25.341494768619228	23.226685120857532	
60.60536124033463	26.352783699455458	25.29744032864181	23.11730282488801	
59.434086243422094	26.044265884509446	25.38834919760363	23.039107800921734	
58.638475661905304	25.942447643593646	25.23518445228523	23.004942550947376	
58.06261382508521	26.872612222566776	24.803863355577533	23.15612025259403	
56.602542898683566	26.49316743916625	24.786343256208625	23.056278230682846	
56.155553231279995	26.04365116033096	24.591292141355098	22.887030795688194	
55.82401421245051	27.25562210990784	24.700144999626303	22.861113655417807	
54.042135892113215	26.44670747421509	24.473110610356418	22.876439662500445	
53.3502059277822	26.22476203853885	24.68630032860346	22.44993878847187	
52.07494739674763	27.14126759213496	24.729877593033272	22.58281996018658	
51.20579960726538	27.384291891803144	24.83748946050013	22.48504440691273	
48.63841834700378	26.701957630737482	24.792476682857348	22.127693899676203	
47.220061200673136	27.370109458048685	24.521986875968405	22.324483741767672	
45.90884354260547	27.418017213470137	24.449927627389386	22.305443864159084	
44.61705472502187	27.356103710124763	24.10762847425822	22.444183681021844	
44.11007003290929	27.13815670210499	24.295763785201956	22.081425967338085	
43.767261721361876	28.65182835464435	24.24341390539127	21.939052107250703	
41.120871795311686	28.2016981084957	24.080801876358137	22.29890501167572	
40.11455977155342	28.737654081121953	24.604290069800292	22.11759918024228	
37.517970986026086	29.173538481733118	24.874157982106034	21.663550724603567	
33.90839131779524	29.492754548523614	25.05923251646898	21.249072174599437	
32.11189498405581	31.11477246169956	24.93687085035517	20.9469242581084	
27.38794849257233	32.12753320306573	24.3058682085345	20.44566911473119	
22.6044664704339	34.54884685295562	23.190324809459344	19.731028695721914	
19.28603538504867	35.98107770856578	22.250013051825917	19.227868864845767	
15.8272719083382	37.75483150183317	21.18144168381192	18.66240738489087	
13.722225545368843	39.57326885790418	19.881892836746736	18.315326575879702	
11.034082173921247	40.805220458718225	19.247846861943547	17.551914380848512	
9.980801111513182	42.2417318807996	18.676807773058993	17.105314171334243	
9.56281512633548	43.450231620542375	18.029297748854376	16.70392011586985	
9.766087768080084	44.13767393552416	17.51792596368555	16.423966842112947	
9.797523903587928	44.505978119746075	17.08924263300766	16.287962258448268	
10.163963984698434	44.93779329875009	16.683946354089358	16.00214041231088	
10.048508583859423	46.31968724541265	16.58110447514875	15.693217705259956	
10.618891901356553	46.49154948155365	16.263858268684576	15.522573701278706	
10.803898523870195	46.3064145806091	16.343315713082994	15.398058279340267	
10.750650311075258	46.2839917424276	16.33658375379386	15.345685450896141	
10.133543018182923	47.63280911587259	16.18667987689693	15.19411497560958	
9.202699686138946	47.75674691814108	15.589495621914807	15.26291899525556	
9.098572029721023	47.76984380230594	15.579771034920315	15.1162068901546	
8.218984083818697	48.65671699824343	15.267599063065475	15.3069748018541	
8.359110068571113	49.3179010128241	15.441893269451368	15.314014056481412	
8.108675730217195	50.08922488279293	15.52302899893192	15.496292433837562	
9.535647031766677	50.42863960207344	16.195520177170767	15.410840692071428	
8.707256404799024	50.05327929885607	16.51446316467278	15.370161400256233	
9.918168031258068	49.72258462908305	16.483981771011745	15.571954575301652	
10.28571920719104	48.76871614643524	16.341455332289392	15.866015326197687	
12.820685742624871	47.716780271985336	16.43393370699396	15.381055908481674	
13.477558967680396	46.88616452638664	16.247118325354908	15.175620256726923	
15.557112449196062	46.67997494036655	15.83018449176641	15.023943290900231	
17.937130591507334	45.43421930487641	15.314391453311568	15.034377676380393	
18.900041271915825	44.75392008509011	15.027840559574724	14.93343787393143	
19.53188337892086	43.91241029730773	14.46666811951448	14.938449415376443	
20.70920630504996	44.55603909640247	14.79480246190878	14.660074194994625	
21.55272549523726	43.804113651816955	14.957964160841144	14.693504785455735	
19.896725858830024	44.044143999231665	14.946664861940008	14.713675964864338	
19.29564721634948	44.58404210778231	15.073146354558002	14.430051581872325	
18.045603475288974	44.07449966906844	14.952893741141132	14.226099354307678	
17.388414097819684	44.02311134355491	14.40954099175583	14.218326233087252	
16.709472665067345	44.54931966651198	14.457573533972427	14.018647083155606	
16.416596801195062	44.338207842894576	14.538146185398094	13.620799514760492	
15.812930910800784	44.846334290195706	14.340273510259072	13.631201583699369	
15.387525450302041	45.751965964216346	13.923311917571265	13.521073354615135	
15.075021804081382	45.43443866122446	13.224331666417864	13.555313285578618	
14.741249631967092	46.053680089392145	12.813533740612524	13.602706776268356	
15.110174408257372	46.148783229101916	12.796395825924094	13.392339629459645	
15.438501950386126	46.15133157238048	12.370615669489526	13.244217176761271	
15.095546288464027	45.92209455405925	12.068803129093222	13.120405871695782	
15.718769625030427	46.3361399368892	12.19982113468927	12.802334743965258	
14.513479623145477	46.06720535680917	12.225952303865082	12.54688136059299	
13.025011574947275	47.593929316463544	12.184817080245425	12.666996712897271	
13.105172951764448	47.27540831695919	12.381019462797113	12.548393301753212	
12.796096699687494	47.17180782769912	12.224501831287466	12.69962445966048	
11.965381489217375	47.77187846545914	12.20624687606474	13.060673819192683	
11.940136758560072	48.22505504804662	12.189686174549713	13.12188023949285	
11.079736858292808	48.8900547462406	12.048610115869018	13.111620764127224	
10.925095749880132	48.71634533684967	12.112982618390484	13.232920866292101	
11.0834323801115	49.15878713315749	12.454727574668418	13.294968567653402	
9.034442843989808	49.860069080062964	12.174538637762879	13.576631237137445	
9.798772105887888	50.09615560169452	12.28459852446756	13.540503269069196	
8.65077553481284	50.88962900951065	12.674167963318071	13.20143263666026	
7.992157564057116	51.294548567942755	12.540099260147066	13.322476234239524	
6.952792997674436	51.86606476183057	12.451175948845837	13.736180167360867	
5.023035261100685	51.50661091023802	13.303289523870278	13.853784577498908	
3.6923043270670206	51.46311746070471	14.421209250141452	13.610042276572045	
2.788890684653259	51.477153429843895	15.151044377817506	13.558464455191046	
1.7071531927275947	51.373324391348106	15.124576228713996	13.801362582227384	
1.3394106350431905	52.72085142252686	15.357502579119817	14.06463442141532	
2.5455524192076417	52.643784118324334	15.68454132829092	14.273582463869031	
2.6714328054713494	54.65160900284526	15.432040857842281	15.125731557119316	
2.8523588810878557	54.548368587586275	15.140207036081183	15.649316897918055	
1.87144907404865	52.48972743378826	15.099907816539734	16.2410602386336	
2.213073099414384	53.39004328059402	15.413545389807364	16.10386823071984	
16.088368066072753	48.12032908398743	17.123639591153275	15.046910644528076	
15.159050815277514	49.066213461050765	18.706568270516932	14.182316252667274	
14.006349592557712	47.53900621797249	19.925214403342288	14.044319425027947	
13.302871491697392	48.7980155442288	21.080774842395257	14.117804587200535	
10.790486139101185	46.76204304777329	22.14079507080685	14.499855768428231	
12.315151802079038	48.804082963951195	22.845004580103666	15.01059779269644	
12.344101972066955	50.93688232763617	23.220380016103057	15.06352703357799	
11.270095934968612	51.56363789949335	23.76809978176137	15.491181842247949	
12.494240345806364	51.817058479074774	23.677887945493353	16.40415977525747	
12.121861046349807	51.137876399376246	24.085239836074052	16.712336382790586	
12.193286082719943	51.7513185136749	24.317089596135375	17.21314247290018	
11.138923383769182	51.202275414322855	24.663000945667896	17.808631679821183	
12.25671165946578	51.64948980317283	24.72437234122477	18.715183446804225	
12.636116591412254	54.03224345342543	24.603181521209457	21.230596459012286	
13.211218969065772	59.00087909998987	24.613004668243228	24.31492781583366	
12.601328475123712	57.29882571829761	24.828929122366638	26.636666158661118	
11.921070163167567	57.45935767504933	25.308562475651705	28.501713040889424	
11.838408074112506	56.13554959756806	25.719573802146737	30.13738694682243	
11.470157767144542	54.426126602420524	25.922171453146632	31.904030678947553	
12.136697213814239	54.784843561946154	26.413613294221744	33.08975471532629	
11.495455691605112	54.42040722654076	27.038209426413616	33.99355710168683	
10.459157205839327	53.394581650785454	27.46902531784343	34.644292085621544	
10.406139985949121	52.619089831541906	27.688654916963443	35.806849120202955	
10.594827774397332	52.19716902660287	28.493145038266594	35.95944569943113	
10.518480420052883	52.312144379713025	28.346014354145066	36.58343069172311	
9.795391629882857	52.18349484213329	29.012339196011098	37.13415964379776	
10.287474137591921	52.119330853930705	29.675450781116993	36.87900886192671	
9.287936574598653	51.9091150842567	29.69758913231138	37.00794229977686	
9.428098797313648	51.969071735218435	29.71286271509164	37.022626902071444	
9.79370245886166	52.04746811524358	29.62967198061078	36.97632430141725	
10.06086934418099	52.28877932342963	29.47419176866954	36.89651763743349	
9.347211056842767	52.00341134473153	29.660812622895797	36.741276155522115	
10.227841896116193	52.60398521957245	29.58803812187861	36.868402980537155	
8.635208408971934	51.274164798329736	29.710954929338072	36.93143204855713	
10.342487792713062	51.998271459287615	29.290112378713964	37.15058721254333	
10.011282272073345	51.62371029414037	29.524467892227406	37.289057431220456	
9.843018982681134	51.74193998067008	29.73359178705359	37.19275593648666	
8.959451187496079	52.31500488199117	29.946485957998654	37.04572520375493	
9.767100370907189	51.85968035778289	29.85696843236995	36.92475739771558	
9.938189218138056	52.05401587406266	29.769388188330453	36.88085387113063	
10.145244680726053	52.06748169738976	29.369450034626933	37.19811696073849	
10.403435872612002	52.15869381452457	28.820850740469954	37.19287026435998	
9.715852211479003	51.87793918902712	28.718393359503963	37.07662101502243	
9.60596778276496	52.43314844307895	28.87105000573613	36.73784649289226	
9.566845893341812	53.019618116132236	28.65126189824458	36.2198653855998	
9.90678822171187	53.8375930822067	29.264866341313834	35.018991934813826	
9.81578432466144	55.43144207339564	29.675029424025325	34.12472150739039	
11.426737530360286	55.17918102207667	29.327859387803944	33.47605896076941	
11.827570769725103	55.37534723814455	29.081982975647165	33.267510778888735	
14.094564482085431	55.86523194575042	29.120161876303996	32.36525742348075	
16.571848508787667	56.30931255129248	29.49292833725426	31.399584700084823	
21.665326077817785	55.6121531377185	29.291701614444897	30.447994974645965	
26.068056129583105	56.34214211399376	29.60522759011042	29.582096347662066	
30.539905012256092	56.25233192657343	28.9213193208995	28.908281382566113	
33.415114569846196	55.66212766306334	28.131349681273925	28.84363678476474	
36.22441590088452	56.070594077004436	28.366146643710437	27.98890852270013	
39.67890357162529	56.281416035432876	28.36489039685331	27.310157217868902	
42.073689382538106	56.66832718290873	27.97914877402031	26.606429187315953	
44.17235061126513	57.05573353841319	27.823059884591743	26.172529188793394	
46.47516898582074	56.13890942062332	27.188394374429105	26.28355361837138	
46.79317334563765	55.99537586894815	27.530290024213233	26.094299944323883	
47.126501008391216	55.91943855847222	27.61815364031355	25.782487925452642	
47.70911726614432	56.188040442152726	27.233185986823052	26.2599702394142	
47.271891131302155	55.10671396609787	26.96613900524014	26.38206227303433	
48.36134182970725	55.5216837086835	26.720446476226684	26.19688174259189	
47.83044683344157	55.32188010677906	26.980620541216105	26.145175966900815	
48.74990709358241	56.215615309027335	27.218383785499405	25.96335614921127	
47.960412181927204	56.527262739891924	27.5451576201643	25.795625506277595	
46.8330263641462	55.55270654030923	27.450377549541088	26.516667351513384	
44.42584802100869	56.260070532046484	27.688326664925714	26.94050063387058	
42.8591032758836	53.87600207111302	27.42725013275547	28.616182624144642	
40.98922048343962	54.323301232089875	27.544163826623006	29.068474315269867	
38.61997362435655	54.3970052610059	28.167163942163207	29.011853086532717	
38.36609976752341	54.43201871482516	28.80555720263748	29.30023326745374	
38.872312105819006	53.294708998381495	28.847079804370914	29.757804832487373	
40.46785008886256	52.914785788940364	28.657193361757685	30.84037045848438	
40.66153792816293	52.39804862105596	28.951141854712848	31.995400828458905	
40.42584817464936	52.17083244333662	29.282711526786763	32.72292862054937	
38.69151170696139	52.246012299476526	29.579382962690104	33.00025659555327	
37.805216975058755	50.85404254700948	30.29430876901098	33.45434505937983	
