4.000000 82.000000 17.000000 27.000000 
6.575909 81.533826 17.369750 27.587250 
8.693556 81.533826 17.369750 27.587250 
11.517086 81.180885 17.369750 27.587250 
14.517086 80.298532 17.369750 27.587250 
19.110919 80.764170 17.005613 27.008915 
21.704857 81.047276 16.649110 26.442704 
24.402896 80.878648 16.649110 26.442704 
27.275450 80.987191 16.300080 25.888363 
29.910744 80.822485 16.300080 25.888363 
33.698979 80.328368 16.300080 25.888363 
35.704862 79.234250 16.300080 25.888363 
37.022509 79.234250 16.300080 25.888363 
39.210744 78.687191 16.300080 25.888363 
43.328391 77.369544 16.300080 25.888363 
45.698979 77.551897 16.300080 25.888363 
49.322509 77.881309 16.300080 25.888363 
52.057803 79.340132 16.300080 25.888363 
55.516627 78.846015 16.300080 25.888363 
57.887215 79.393073 16.300080 25.888363 
60.193097 78.569544 16.300080 25.888363 
62.928391 78.387191 16.300080 25.888363 
65.563685 78.387191 16.300080 25.888363 
67.022509 78.022485 16.300080 25.888363 
69.493097 78.022485 16.300080 25.888363 
71.469568 77.363662 16.300080 25.888363 
74.569568 76.451897 16.300080 25.888363 
76.875450 76.781309 16.300080 25.888363 
79.675450 76.122485 16.300080 25.888363 
82.410744 76.669544 16.300080 25.888363 
84.722777 76.282080 15.958368 25.345643 
86.330620 76.121296 15.958368 25.345643 
89.874365 76.386967 15.623819 24.814301 
92.256718 76.704614 15.623819 24.814301 
94.003777 76.069320 15.623819 24.814301 
97.185192 76.329422 15.296283 24.294097 
99.823958 76.274267 14.975614 23.784799 
101.937683 75.821326 14.975614 23.784799 
103.598467 75.670345 14.975614 23.784799 
104.643451 75.260705 15.301334 24.302119 
106.966980 75.105803 15.301334 24.302119 
109.760701 75.050733 14.980559 23.792653 
111.723446 75.503674 14.980559 23.792653 
113.686191 75.050733 14.980559 23.792653 
116.409883 75.300125 14.666509 23.293867 
118.198118 74.406008 14.666509 23.293867 
119.688314 74.555027 14.666509 23.293867 
122.673420 74.650172 14.359042 22.805538 
124.124400 74.069780 14.359042 22.805538 
127.176872 74.308826 14.058021 22.327446 
129.185011 74.542861 13.763311 21.859376 
130.716384 74.403645 13.763311 21.859376 
133.222266 74.125214 13.763311 21.859376 
135.176336 73.797480 13.474779 21.401119 
137.650911 73.884550 13.192296 20.952469 
139.389192 74.104172 12.915734 20.513225 
141.097035 74.366917 12.915734 20.513225 
142.270302 73.618345 13.196651 20.959388 
144.136968 73.485012 13.196651 20.959388 
145.870302 72.818345 13.196651 20.959388 
148.541961 73.171374 12.919999 20.519998 
149.977927 73.079591 13.201009 20.966308 
151.444594 72.679591 13.201009 20.966308 
152.901033 72.451583 13.488131 21.422325 
154.264153 71.944105 13.781497 21.888261 
156.491604 72.083321 13.781497 21.888261 
158.479840 71.624497 13.781497 21.888261 
160.016453 71.993144 13.492584 21.429398 
162.216705 72.080510 13.209728 20.980156 
163.283372 71.547177 13.209728 20.980156 
164.883372 71.813844 13.209728 20.980156 
167.155168 72.033756 12.932801 20.540331 
167.812031 72.033756 12.932801 20.540331 
169.100266 71.031795 12.932801 20.540331 
171.202227 71.294541 12.932801 20.540331 
172.384580 70.769050 12.932801 20.540331 
174.884847 71.247098 12.661679 20.109726 
176.286807 70.992196 12.661679 20.109726 
178.060876 70.646052 12.937071 20.547113 
178.839794 70.553974 13.218452 20.994012 
181.245015 70.774032 12.941342 20.553897 
182.558741 71.036777 12.941342 20.553897 
183.872466 70.905405 12.941342 20.553897 
184.792074 70.642659 12.941342 20.553897 
186.631290 70.511287 12.941342 20.553897 
187.682270 70.117169 12.941342 20.553897 
189.390113 70.248542 12.941342 20.553897 
190.970861 69.675751 12.670042 20.123008 
192.760531 70.014130 12.404429 19.701152 
194.772906 70.471616 12.144384 19.288140 
194.887894 70.014799 12.408525 19.707657 
195.891816 70.014799 12.408525 19.707657 
197.653254 69.970393 12.148394 19.294509 
199.629724 69.229216 12.148394 19.294509 
200.847371 69.499805 12.148394 19.294509 
202.704122 69.825578 11.893717 18.890021 
203.651248 69.380933 12.152405 19.300879 
204.013208 69.294565 12.416720 19.720673 
205.393601 69.169075 12.416720 19.720673 
206.397522 68.918095 12.416720 19.720673 
207.652424 68.541624 12.416720 19.720673 
208.487718 69.098487 12.416720 19.720673 
210.244581 68.972997 12.416720 19.720673 
212.332816 68.555350 12.416720 19.720673 
213.090418 68.887550 12.156418 19.307252 
214.317041 68.059937 12.420820 19.727185 
215.195472 68.185427 12.420820 19.727185 
216.440788 68.096384 12.690973 20.156251 
216.958435 67.966973 12.690973 20.156251 
218.087847 67.825796 12.690973 20.156251 
219.770200 67.825796 12.690973 20.156251 
220.334906 67.261090 12.690973 20.156251 
221.887847 67.002267 12.690973 20.156251 
223.017259 67.143443 12.690973 20.156251 
223.793729 66.884620 12.690973 20.156251 
224.640788 67.025796 12.690973 20.156251 
226.711376 66.766973 12.690973 20.156251 
226.711376 66.766973 12.690973 20.156251 
227.229023 67.025796 12.690973 20.156251 
228.217259 67.025796 12.690973 20.156251 
229.903226 66.331190 12.424921 19.733698 
231.032637 66.707661 12.424921 19.733698 
231.450285 66.290014 12.424921 19.733698 
232.077736 66.540994 12.424921 19.733698 
232.913030 66.262563 12.424921 19.733698 
234.544402 66.388053 12.424921 19.733698 
235.101265 66.388053 12.424921 19.733698 
236.105186 66.639033 12.424921 19.733698 
236.801265 65.803739 12.424921 19.733698 
237.293595 65.463645 12.695163 20.162906 
237.811242 65.851880 12.695163 20.162906 
