61.000000 32.000000 11.000000 35.000000 
61.341176 32.170588 11.000000 35.000000 
62.074493 31.960551 11.239250 35.761250 
62.947042 31.960551 11.239250 35.761250 
63.588380 32.509908 11.003632 35.011556 
64.782498 32.509908 11.003632 35.011556 
65.174598 32.811510 11.242961 35.773058 
65.523618 32.811510 11.242961 35.773058 
66.971939 32.596988 11.487495 36.551122 
67.328801 33.132282 11.487495 36.551122 
68.042527 33.489145 11.487495 36.551122 
68.452894 33.091652 11.737348 37.346109 
69.364659 33.456357 11.737348 37.346109 
70.878192 33.050219 11.992636 38.158386 
71.003898 34.195290 11.741224 37.358440 
71.915663 33.830584 11.741224 37.358440 
73.246800 31.965488 11.996595 38.170986 
74.606533 32.481751 12.257521 39.001205 
75.557514 34.954300 12.257521 39.001205 
78.494769 37.471947 12.257521 39.001205 
79.003643 37.880755 12.000557 38.183589 
79.688256 39.026090 11.748979 37.383114 
79.688256 38.661384 11.748979 37.383114 
80.176114 38.688526 11.502675 36.599419 
80.475115 39.072158 11.261534 35.832155 
80.824135 39.246668 11.261534 35.832155 
81.522174 40.293727 11.261534 35.832155 
81.640217 40.669317 11.025449 35.080974 
81.692864 40.115262 11.265253 35.843986 
82.966433 39.899969 11.510272 36.623592 
83.323295 40.256831 11.510272 36.623592 
85.585122 41.176011 11.268972 35.855821 
86.114534 41.881894 11.268972 35.855821 
88.526772 41.904791 11.032731 35.104144 
91.058102 42.617848 10.801443 34.368226 
92.407122 41.943338 10.801443 34.368226 
92.857597 42.303583 10.575003 33.647736 
93.627267 42.491570 10.353310 32.942349 
93.575005 43.158438 10.136265 32.251751 
94.210299 42.840791 10.136265 32.251751 
94.686770 42.681968 10.136265 32.251751 
95.322064 42.999615 10.136265 32.251751 
96.381253 43.496499 9.923769 31.575630 
97.155762 44.271009 9.923769 31.575630 
100.226351 42.906303 9.923769 31.575630 
102.240076 43.680813 9.923769 31.575630 
105.481253 41.974930 9.923769 31.575630 
106.875370 43.059244 9.923769 31.575630 
109.434194 43.400420 9.923769 31.575630 
109.945881 43.521741 10.139611 32.262400 
110.153259 43.806182 10.360148 32.964107 
110.362161 43.930050 10.585481 33.681076 
110.411750 42.410827 10.815715 34.413640 
110.411750 41.736317 10.815715 34.413640 
110.580378 41.904945 10.815715 34.413640 
110.631384 41.530697 11.050957 35.162136 
110.683754 40.630661 11.291315 35.926913 
110.737432 39.887015 11.536902 36.708323 
110.611968 40.028988 11.787829 37.506729 
110.243340 40.028988 11.787829 37.506729 
110.115148 38.699534 12.044214 38.322500 
110.429630 39.289463 11.791721 37.519113 
111.166884 39.842404 11.791721 37.519113 
111.166884 40.211032 11.791721 37.519113 
111.351198 40.211032 11.791721 37.519113 
111.535512 40.395345 11.791721 37.519113 
111.166884 40.211032 11.791721 37.519113 
110.245316 39.842404 11.791721 37.519113 
109.876688 38.736522 11.791721 37.519113 
109.748453 38.881443 12.048191 38.335154 
109.498271 39.283269 11.795615 37.531501 
109.866899 39.467583 11.795615 37.531501 
109.437598 40.045299 11.548333 36.744696 
109.378255 40.791239 11.306236 35.974386 
109.378255 40.614768 11.306236 35.974386 
109.201784 40.614768 11.306236 35.974386 
109.201784 40.791239 11.306236 35.974386 
109.025314 40.967709 11.306236 35.974386 
109.025314 40.967709 11.306236 35.974386 
109.025314 40.967709 11.306236 35.974386 
108.672372 40.791239 11.306236 35.974386 
108.967354 41.521261 11.069213 35.220224 
108.794805 41.693810 11.069213 35.220224 
109.019525 41.483339 11.309969 35.986264 
108.666584 41.659809 11.309969 35.986264 
109.314546 41.860544 11.072868 35.231853 
109.314546 42.033093 11.072868 35.231853 
109.141997 41.342897 11.072868 35.231853 
108.969448 41.342897 11.072868 35.231853 
108.624350 41.342897 11.072868 35.231853 
109.194129 41.132300 11.313703 35.998146 
108.841188 40.955829 11.313703 35.998146 
109.424034 40.564349 11.559776 36.781105 
109.424034 40.564349 11.559776 36.781105 
109.905987 40.949886 11.317439 36.010032 
109.376575 40.773416 11.317439 36.010032 
109.200104 40.949886 11.317439 36.010032 
109.023634 40.949886 11.317439 36.010032 
108.847163 40.949886 11.317439 36.010032 
108.670693 41.126357 11.317439 36.010032 
109.077027 40.734748 11.563593 36.793250 
108.896635 40.915140 11.563593 36.793250 
108.896635 41.095532 11.563593 36.793250 
108.535851 41.095532 11.563593 36.793250 
109.257419 41.275924 11.563593 36.793250 
109.378628 40.940020 11.321175 36.021921 
109.608451 40.724752 11.567411 36.805398 
109.608451 40.724752 11.567411 36.805398 
109.729700 41.290936 11.324913 36.033815 
109.606542 40.899068 11.571230 36.817551 
109.606542 40.899068 11.571230 36.817551 
109.606542 41.079460 11.571230 36.817551 
109.786934 41.259852 11.571230 36.817551 
109.367046 40.563418 11.328653 36.045713 
109.243847 39.818480 11.575051 36.829707 
109.184784 40.565310 11.332393 36.057614 
108.831843 40.565310 11.332393 36.057614 
109.303569 41.119734 11.094822 35.301708 
109.303569 41.119734 11.094822 35.301708 
108.837815 40.563279 11.336135 36.069520 
108.484874 40.386809 11.336135 36.069520 
108.780169 41.470769 11.098486 35.313364 
108.952718 41.643318 11.098486 35.313364 
108.435071 41.815867 11.098486 35.313364 
108.551404 42.358568 10.865819 34.573060 
108.888659 42.189941 10.865819 34.573060 
108.770493 41.645331 11.102150 35.325024 
108.886865 42.188155 10.869406 34.584475 
108.768661 41.643421 11.105816 35.336687 
108.647885 40.914037 11.347367 36.105260 
108.700953 40.697862 11.594173 36.890550 
108.700953 40.337078 11.594173 36.890550 
108.881345 40.517470 11.594173 36.890550 
108.881345 40.697862 11.594173 36.890550 
109.061737 40.337078 11.594173 36.890550 
109.061737 40.697862 11.594173 36.890550 
109.242129 40.517470 11.594173 36.890550 
109.116043 40.116286 11.846346 37.692919 
109.171527 39.706375 12.104004 38.512740 
108.795057 39.894610 12.104004 38.512740 
109.298401 39.733592 11.850257 37.705364 
109.353843 39.323546 12.108001 38.525456 
109.165608 39.511782 12.108001 38.525456 
109.165608 39.511782 12.108001 38.525456 
109.165608 39.511782 12.108001 38.525456 
109.165608 39.700017 12.108001 38.525456 
108.977372 39.700017 12.108001 38.525456 
108.977372 39.700017 12.108001 38.525456 
108.789137 39.511782 12.108001 38.525456 
108.916052 39.915603 11.854170 37.717814 
108.916052 40.099916 11.854170 37.717814 
108.916052 40.468544 11.854170 37.717814 
109.468993 39.915603 11.854170 37.717814 
109.155766 39.505422 12.111998 38.538177 
108.529781 40.097611 11.858084 37.730268 
108.714095 40.466239 11.858084 37.730268 
109.267036 39.544670 11.858084 37.730268 
109.138080 38.950040 12.115997 38.550901 
108.512138 39.354127 11.861999 37.742726 
108.696451 39.538441 11.861999 37.742726 
108.880765 39.722755 11.861999 37.742726 
109.065079 40.091382 11.861999 37.742726 
109.249392 40.275696 11.861999 37.742726 
108.880765 39.538441 11.861999 37.742726 
109.065079 39.538441 11.861999 37.742726 
109.249392 39.722755 11.861999 37.742726 
109.304707 39.496616 12.119998 38.563630 
108.551766 39.496616 12.119998 38.563630 
108.490571 39.900838 11.865916 37.755188 
108.490571 40.085151 11.865916 37.755188 
108.490571 40.269465 11.865916 37.755188 
108.490571 39.532210 11.865916 37.755188 
108.490571 39.716524 11.865916 37.755188 
108.306258 40.085151 11.865916 37.755188 
108.121944 40.453779 11.865916 37.755188 
108.246322 40.296585 11.617161 36.963693 
107.939593 40.074997 11.869834 37.767654 
108.248325 40.839502 11.620996 36.975898 
108.067933 40.298326 11.620996 36.975898 
108.550528 40.866296 11.377376 36.200741 
108.493314 41.422221 11.138862 35.441833 
108.199630 40.519144 11.381132 36.212693 
108.495397 40.898722 11.142540 35.453536 
108.437682 41.444854 10.908949 34.710293 
108.893206 41.979273 10.680256 33.982631 
108.726539 42.312606 10.680256 33.982631 
109.005155 42.835476 10.456356 33.270224 
110.030658 42.799153 10.683782 33.993852 
110.863991 43.132486 10.683782 33.993852 
110.914472 41.429469 10.916154 34.733218 
110.625170 41.392922 11.153581 35.488665 
109.631326 39.959924 11.396171 36.260544 
109.274464 39.959924 11.396171 36.260544 
109.507393 39.565591 11.644038 37.049211 
108.839588 38.801896 11.897295 37.855031 
108.964294 39.571239 11.647882 37.061444 
108.781941 39.753592 11.647882 37.061444 
108.539328 41.053832 11.403698 36.284493 
108.182465 41.232263 11.403698 36.284493 
109.253053 41.410695 11.403698 36.284493 
109.788347 41.232263 11.403698 36.284493 
109.788347 40.161675 11.403698 36.284493 
109.842763 40.123944 11.651728 37.073681 
109.716051 40.085474 11.905153 37.880033 
109.529776 39.712925 11.905153 37.880033 
108.096386 39.673528 12.164090 38.703924 
107.583710 39.062427 12.428659 39.545734 
107.448548 39.020602 12.698983 40.405854 
107.448548 39.218642 12.698983 40.405854 
106.854430 39.218642 12.698983 40.405854 
106.716329 38.779228 12.975186 41.284681 
106.373263 37.118492 13.257396 42.182623 
105.611442 35.012697 13.545744 43.100095 
105.753427 35.676234 13.261773 42.196551 
105.959309 35.882117 13.261773 42.196551 
105.609205 35.011464 13.550217 43.114326 
105.963002 35.886915 13.266152 42.210484 
106.925587 36.741127 12.988042 41.325589 
107.869570 37.780181 12.715763 40.459245 
108.398934 38.204272 12.449191 39.611064 
108.457666 38.161737 12.719961 40.472604 
108.715415 37.721598 12.996620 41.352883 
109.321298 38.125519 12.996620 41.352883 
109.457527 37.953095 12.724161 40.485968 
109.392862 38.575505 12.457414 39.637226 
108.746969 39.185097 12.196258 38.806277 
108.804531 38.382687 12.461527 39.650313 
108.804531 38.770922 12.461527 39.650313 
108.863129 37.951489 12.732565 40.512707 
109.061168 38.149529 12.732565 40.512707 
109.655286 38.545607 12.732565 40.512707 
109.590709 37.980062 12.465642 39.663405 
108.944902 38.589929 12.204314 38.831907 
108.944902 38.780125 12.204314 38.831907 
108.944902 39.160517 12.204314 38.831907 
109.192572 38.357828 12.469757 39.676501 
109.639317 38.314581 12.740975 40.539465 
109.772867 38.343435 12.473875 39.689601 
109.515382 38.953576 12.212374 38.857554 
109.072803 39.360878 11.956356 38.042950 
108.942777 39.319710 12.216406 38.870384 
108.752581 38.558926 12.216406 38.870384 
108.562385 38.558926 12.216406 38.870384 
108.372189 38.749122 12.216406 38.870384 
109.070829 39.346754 11.960303 38.055511 
109.257103 39.533029 11.960303 38.055511 
109.070829 38.974205 11.960303 38.055511 
109.070829 39.160480 11.960303 38.055511 
109.257103 39.346754 11.960303 38.055511 
109.257103 39.719303 11.960303 38.055511 
109.257103 39.346754 11.960303 38.055511 
109.257103 39.533029 11.960303 38.055511 
109.257103 38.974205 11.960303 38.055511 
109.257103 39.160480 11.960303 38.055511 
109.070829 39.346754 11.960303 38.055511 
108.884554 39.346754 11.960303 38.055511 
108.884554 39.533029 11.960303 38.055511 
108.698280 39.160480 11.960303 38.055511 
108.512005 39.346754 11.960303 38.055511 
108.884554 39.719303 11.960303 38.055511 
108.884554 39.533029 11.960303 38.055511 
108.698280 39.346754 11.960303 38.055511 
108.512005 39.533029 11.960303 38.055511 
108.698280 39.160480 11.960303 38.055511 
108.512005 39.346754 11.960303 38.055511 
108.698280 39.533029 11.960303 38.055511 
108.512005 39.160480 11.960303 38.055511 
108.698280 39.533029 11.960303 38.055511 
108.512005 38.974205 11.960303 38.055511 
108.698280 39.160480 11.960303 38.055511 
108.512005 39.533029 11.960303 38.055511 
108.884554 38.974205 11.960303 38.055511 
108.698280 39.160480 11.960303 38.055511 
108.512005 39.346754 11.960303 38.055511 
108.884554 39.533029 11.960303 38.055511 
108.698280 38.787931 11.960303 38.055511 
108.512005 38.787931 11.960303 38.055511 
108.698280 38.974205 11.960303 38.055511 
108.325731 39.160480 11.960303 38.055511 
108.325731 39.533029 11.960303 38.055511 
108.512005 39.346754 11.960303 38.055511 
108.512005 39.719303 11.960303 38.055511 
108.884554 39.533029 11.960303 38.055511 
108.512005 39.160480 11.960303 38.055511 
108.512005 39.346754 11.960303 38.055511 
108.512005 39.533029 11.960303 38.055511 
108.512005 38.974205 11.960303 38.055511 
108.698280 39.160480 11.960303 38.055511 
108.325731 39.160480 11.960303 38.055511 
108.325731 39.346754 11.960303 38.055511 
108.512005 39.533029 11.960303 38.055511 
108.698280 38.974205 11.960303 38.055511 
108.512005 39.160480 11.960303 38.055511 
108.512005 39.346754 11.960303 38.055511 
108.698280 39.533029 11.960303 38.055511 
108.512005 38.974205 11.960303 38.055511 
108.698280 39.160480 11.960303 38.055511 
108.512005 39.346754 11.960303 38.055511 
108.698280 39.533029 11.960303 38.055511 
108.325731 38.974205 11.960303 38.055511 
108.325731 39.160480 11.960303 38.055511 
108.512005 39.346754 11.960303 38.055511 
108.512005 39.533029 11.960303 38.055511 
108.823647 39.931924 11.709569 37.257721 
108.696305 39.162040 11.964253 38.068076 
108.510031 39.348315 11.964253 38.068076 
108.882580 39.534589 11.964253 38.068076 
108.882580 38.789491 11.964253 38.068076 
108.882580 38.975766 11.964253 38.068076 
108.696305 39.162040 11.964253 38.068076 
108.510031 39.348315 11.964253 38.068076 
108.882580 39.534589 11.964253 38.068076 
108.696305 39.348315 11.964253 38.068076 
108.510031 39.534589 11.964253 38.068076 
108.696305 39.162040 11.964253 38.068076 
108.696305 39.348315 11.964253 38.068076 
108.510031 39.534589 11.964253 38.068076 
108.882580 39.162040 11.964253 38.068076 
108.696305 39.348315 11.964253 38.068076 
108.696305 39.720864 11.964253 38.068076 
108.510031 39.348315 11.964253 38.068076 
108.882580 39.534589 11.964253 38.068076 
108.696305 39.162040 11.964253 38.068076 
108.510031 39.348315 11.964253 38.068076 
108.882580 39.534589 11.964253 38.068076 
108.882580 39.348315 11.964253 38.068076 
108.882580 39.534589 11.964253 38.068076 
108.696305 39.534589 11.964253 38.068076 
108.696305 39.348315 11.964253 38.068076 
108.323756 39.720864 11.964253 38.068076 
108.696305 39.534589 11.964253 38.068076 
108.510031 39.348315 11.964253 38.068076 
108.882580 39.720864 11.964253 38.068076 
108.696305 39.534589 11.964253 38.068076 
108.510031 38.975766 11.964253 38.068076 
108.696305 39.348315 11.964253 38.068076 
108.510031 39.534589 11.964253 38.068076 
108.696305 39.348315 11.964253 38.068076 
108.696305 39.534589 11.964253 38.068076 
108.510031 39.348315 11.964253 38.068076 
108.882580 39.720864 11.964253 38.068076 
108.696305 39.162040 11.964253 38.068076 
108.696305 39.534589 11.964253 38.068076 
108.696305 39.534589 11.964253 38.068076 
108.510031 39.348315 11.964253 38.068076 
108.882580 39.907138 11.964253 38.068076 
108.882580 39.720864 11.964253 38.068076 
108.696305 39.534589 11.964253 38.068076 
108.510031 39.162040 11.964253 38.068076 
108.696305 39.534589 11.964253 38.068076 
108.696305 39.348315 11.964253 38.068076 
108.510031 39.720864 11.964253 38.068076 
108.882580 39.720864 11.964253 38.068076 
108.882580 39.534589 11.964253 38.068076 
108.696305 39.162040 11.964253 38.068076 
108.510031 39.348315 11.964253 38.068076 
108.696305 39.534589 11.964253 38.068076 
108.696305 39.162040 11.964253 38.068076 
108.696305 39.348315 11.964253 38.068076 
108.510031 39.720864 11.964253 38.068076 
109.068854 39.348315 11.964253 38.068076 
108.696305 39.534589 11.964253 38.068076 
108.510031 39.348315 11.964253 38.068076 
108.882580 39.720864 11.964253 38.068076 
108.696305 39.534589 11.964253 38.068076 
108.323756 39.348315 11.964253 38.068076 
108.510031 39.907138 11.964253 38.068076 
108.882580 39.720864 11.964253 38.068076 
108.882580 39.907138 11.964253 38.068076 
108.882580 39.720864 11.964253 38.068076 
108.696305 39.720864 11.964253 38.068076 
108.696305 39.720864 11.964253 38.068076 
108.696305 39.534589 11.964253 38.068076 
108.696305 39.534589 11.964253 38.068076 
108.696305 39.534589 11.964253 38.068076 
108.696305 39.348315 11.964253 38.068076 
108.510031 39.907138 11.964253 38.068076 
108.821714 40.306165 11.713436 37.270023 
108.821714 40.488518 11.713436 37.270023 
108.092302 40.488518 11.713436 37.270023 
107.727596 40.670871 11.713436 37.270023 
107.235506 39.718501 11.968203 38.080646 
107.547231 39.745110 11.717303 37.282329 
108.094290 39.927463 11.717303 37.282329 
108.094290 39.562757 11.717303 37.282329 
108.094290 39.927463 11.717303 37.282329 
108.581815 40.500607 11.471663 36.500747 
108.523629 40.883205 11.231173 35.735551 
108.750510 40.494581 11.475451 36.512799 
109.161008 40.097504 11.725042 37.306952 
109.708067 40.097504 11.725042 37.306952 
109.890420 39.915151 11.725042 37.306952 
109.890420 39.550445 11.725042 37.306952 
109.708067 39.185739 11.725042 37.306952 
110.072773 39.185739 11.725042 37.306952 
110.255126 39.185739 11.725042 37.306952 
110.492322 38.232968 11.980062 38.118379 
110.734588 38.004705 12.240628 38.947453 
110.601471 38.151739 12.506862 39.794560 
110.150214 38.957098 12.244670 38.960313 
110.150214 38.957098 12.244670 38.960313 
110.340410 39.147294 12.244670 38.960313 
110.910998 39.337491 12.244670 38.960313 
111.481587 39.717883 12.244670 38.960313 
112.679798 40.054974 12.510991 39.807700 
113.126094 39.816183 12.783105 40.673517 
112.326094 39.416183 12.783105 40.673517 
110.349624 37.220104 12.783105 40.673517 
110.483615 37.646441 12.515122 39.820844 
110.032445 38.452075 12.252757 38.986045 
109.780485 39.241117 11.995892 38.168747 
108.974853 40.013748 11.744412 37.368583 
109.157206 40.196101 11.744412 37.368583 
109.339559 40.378453 11.744412 37.368583 
109.339559 40.743159 11.744412 37.368583 
108.847132 40.519129 11.999853 38.181350 
108.157810 39.545083 12.260850 39.011794 
108.538203 39.354887 12.260850 39.011794 
107.967614 39.354887 12.260850 39.011794 
108.096132 39.954002 12.003815 38.193957 
108.408229 40.540623 11.752169 37.393264 
108.590582 40.358270 11.752169 37.393264 
108.955288 40.540623 11.752169 37.393264 
108.896121 41.114929 11.505798 36.609357 
108.235701 41.073665 11.756049 37.405611 
108.418054 40.344254 11.756049 37.405611 
108.723633 41.101042 11.509597 36.621445 
108.902064 41.279474 11.509597 36.621445 
108.420035 40.345921 11.759931 37.417961 
108.784741 40.528274 11.759931 37.417961 
108.908007 41.102840 11.513397 36.633537 
108.729576 41.281271 11.513397 36.633537 
109.086439 40.389114 11.513397 36.633537 
108.604368 39.990724 11.763814 37.430316 
109.274734 40.565419 11.517199 36.645632 
108.561008 40.743851 11.517199 36.645632 
108.917871 41.100713 11.517199 36.645632 
108.435759 40.880623 11.767698 37.442675 
108.800465 40.515918 11.767698 37.442675 
108.618112 40.515918 11.767698 37.442675 
108.125432 40.291081 12.023645 38.257053 
108.439699 41.068560 11.771583 37.455038 
109.300342 41.092533 11.524805 36.669836 
108.939558 41.272925 11.524805 36.669836 
108.699576 41.476904 11.283201 35.901094 
108.929812 41.615891 11.528611 36.681943 
108.870262 41.819996 11.286927 35.912948 
108.340850 41.290585 11.286927 35.912948 
108.747517 41.076502 11.532417 36.694055 
108.567125 41.256894 11.532417 36.694055 
109.048791 41.641519 11.290653 35.924806 
108.519379 41.112107 11.290653 35.924806 
108.573064 41.074366 11.536225 36.706171 
108.933848 41.435150 11.536225 36.706171 
108.392672 41.074366 11.536225 36.706171 
108.753456 41.435150 11.536225 36.706171 
108.513594 41.639509 11.294381 35.936668 
108.690064 41.286568 11.294381 35.936668 
108.920179 41.248698 11.540034 36.718290 
108.680357 41.633576 11.298110 35.948533 
108.856827 41.104165 11.298110 35.948533 
108.327415 41.457106 11.298110 35.948533 
108.327415 41.810047 11.298110 35.948533 
108.622312 42.186857 11.061259 35.194913 
108.794861 42.014308 11.061259 35.194913 
108.967410 41.669210 11.061259 35.194913 
109.019668 41.631563 11.301841 35.960403 
108.961662 42.008498 11.064911 35.206534 
109.250193 42.377530 10.832948 34.468469 
108.795130 42.002685 11.068564 35.218159 
108.795130 41.485038 11.068564 35.218159 
108.847308 41.447139 11.309305 35.984154 
108.317896 41.623609 11.309305 35.984154 
108.612910 42.000793 11.072219 35.229787 
108.728968 42.370069 10.840102 34.491235 
108.728968 42.032814 10.840102 34.491235 
108.728968 42.370069 10.840102 34.491235 
108.728968 42.201441 10.840102 34.491235 
108.728968 42.707324 10.840102 34.491235 
108.728968 42.707324 10.840102 34.491235 
108.897596 42.538696 10.840102 34.491235 
109.066223 42.370069 10.840102 34.491235 
108.897596 42.032814 10.840102 34.491235 
109.066223 42.538696 10.840102 34.491235 
109.234851 42.370069 10.840102 34.491235 
108.948337 41.826349 11.075875 35.241419 
109.000436 41.615648 11.316775 36.007920 
108.823965 41.262707 11.316775 36.007920 
109.000436 41.615648 11.316775 36.007920 
108.647495 41.439177 11.316775 36.007920 
108.877366 41.400532 11.562915 36.791092 
108.637783 41.786174 11.320511 36.019809 
108.990725 41.080291 11.320511 36.019809 
108.867614 41.041517 11.566733 36.803240 
108.867614 41.221909 11.566733 36.803240 
108.381042 40.460890 11.818309 37.603711 
108.749669 40.829517 11.818309 37.603711 
108.621145 40.236263 12.075357 38.421591 
109.124189 40.827231 11.822211 37.616127 
108.995622 40.418155 12.079344 38.434277 
108.619151 40.418155 12.079344 38.434277 
108.745766 41.009256 11.826115 37.628547 
108.501099 41.035048 11.578194 36.839707 
109.042276 41.395833 11.578194 36.839707 
108.802853 41.421199 11.335470 36.067405 
109.385462 41.381908 11.582017 36.851871 
109.326472 41.407402 11.339213 36.079314 
108.973531 41.583873 11.339213 36.079314 
108.973531 41.054461 11.339213 36.079314 
108.444119 41.230931 11.339213 36.079314 
108.444119 41.407402 11.339213 36.079314 
108.620590 41.583873 11.339213 36.079314 
108.915917 41.785583 11.101499 35.322952 
108.967737 41.746544 11.342957 36.091226 
108.438325 41.217132 11.342957 36.091226 
108.491441 41.001110 11.589666 36.876211 
108.491441 41.001110 11.589666 36.876211 
108.491441 41.001110 11.589666 36.876211 
108.491441 41.001110 11.589666 36.876211 
108.491441 41.001110 11.589666 36.876211 
108.491441 41.001110 11.589666 36.876211 
108.491441 40.640326 11.589666 36.876211 
108.491441 40.459934 11.589666 36.876211 
108.365404 40.419689 11.841741 37.678268 
108.365404 40.051062 11.841741 37.678268 
108.181090 40.419689 11.841741 37.678268 
108.181090 40.419689 11.841741 37.678268 
108.181090 40.419689 11.841741 37.678268 
107.996776 39.866748 11.841741 37.678268 
108.489528 40.814630 11.593493 36.888386 
108.128744 40.273454 11.593493 36.888386 
108.309136 40.453846 11.593493 36.888386 
108.128744 40.634238 11.593493 36.888386 
108.791442 41.201292 11.350449 36.115064 
108.791442 41.377762 11.350449 36.115064 
108.614972 41.377762 11.350449 36.115064 
108.614972 41.377762 11.350449 36.115064 
108.315065 40.632070 11.597321 36.900566 
108.256235 41.018859 11.354196 36.126988 
108.551720 41.397539 11.116169 35.369627 
108.430831 40.667797 11.357945 36.138917 
108.307314 40.627727 11.604981 36.924938 
108.248564 41.014772 11.361695 36.150849 
108.720598 41.393702 11.123510 35.392988 
108.427081 40.663705 11.365447 36.162785 
108.303481 40.446906 11.612645 36.949326 
107.996802 40.405866 11.865220 37.752974 
108.674113 40.617276 11.616480 36.961526 
108.493721 40.436884 11.616480 36.961526 
108.367392 40.395712 11.869138 37.765439 
108.491803 40.975880 11.620315 36.973730 
108.491803 40.434704 11.620315 36.973730 
108.185040 40.213007 11.873057 37.777908 
108.309493 40.793306 11.624152 36.985938 
108.129101 40.432521 11.624152 36.985938 
108.431336 41.180990 11.380465 36.210570 
108.607807 41.357460 11.380465 36.210570 
108.607807 41.357460 11.380465 36.210570 
108.784277 41.533931 11.380465 36.210570 
108.607807 41.710401 11.380465 36.210570 
108.431336 41.886872 11.380465 36.210570 
108.254866 42.063342 11.380465 36.210570 
108.550625 40.854664 11.141886 35.451457 
108.080438 40.992659 11.384222 36.222526 
108.376237 41.372340 11.145565 35.463162 
109.074276 41.197831 11.145565 35.463162 
108.604049 41.161188 11.387981 36.234486 
108.604049 41.161188 11.387981 36.234486 
108.604049 41.161188 11.387981 36.234486 
108.604049 40.984718 11.387981 36.234486 
108.604049 40.984718 11.387981 36.234486 
108.427578 40.984718 11.387981 36.234486 
108.427578 40.808247 11.387981 36.234486 
108.127263 40.590668 11.635670 37.022586 
108.790404 40.978736 11.391741 36.246450 
108.790404 40.978736 11.391741 36.246450 
108.790404 40.978736 11.391741 36.246450 
108.613933 40.978736 11.391741 36.246450 
108.613933 40.978736 11.391741 36.246450 
108.613933 40.978736 11.391741 36.246450 
108.790404 40.978736 11.391741 36.246450 
108.613933 40.978736 11.391741 36.246450 
108.613933 40.978736 11.391741 36.246450 
108.613933 40.978736 11.391741 36.246450 
108.437463 40.978736 11.391741 36.246450 
108.437463 40.978736 11.391741 36.246450 
108.437463 40.978736 11.391741 36.246450 
108.437463 40.978736 11.391741 36.246450 
108.260992 40.978736 11.391741 36.246450 
108.733341 41.358669 11.152927 35.486585 
108.437543 40.623732 11.395503 36.258418 
108.313617 40.586285 11.643355 37.047038 
108.435661 40.974609 11.399265 36.270390 
108.311694 40.401737 11.647199 37.059271 
108.002678 40.545777 11.900526 37.865310 
108.686242 40.942678 11.651045 37.071507 
108.686242 40.213266 11.651045 37.071507 
108.559537 40.174819 11.904455 37.877812 
108.684319 40.571852 11.654892 37.083747 
108.501966 40.207146 11.654892 37.083747 
108.192866 39.986213 11.908386 37.890319 
108.006591 40.358762 11.908386 37.890319 
108.876512 40.569651 11.658740 37.095991 
109.058865 40.387298 11.658740 37.095991 
108.932076 40.348585 11.912318 37.902829 
108.932076 39.976036 11.912318 37.902829 
108.745802 40.348585 11.912318 37.902829 
109.056940 40.745880 11.662590 37.108240 
109.056940 40.381174 11.662590 37.108240 
108.930110 40.342328 11.916251 37.915344 
108.743835 39.969779 11.916251 37.915344 
108.557561 40.342328 11.916251 37.915344 
108.868741 40.739754 11.666440 37.120492 
108.868741 40.557401 11.666440 37.120492 
108.868741 40.375048 11.666440 37.120492 
108.924221 40.153716 11.920185 37.927863 
108.862893 40.737547 11.670292 37.132749 
109.167573 41.309123 11.425638 36.354303 
109.043319 41.092201 11.674146 37.145009 
109.043319 41.092201 11.674146 37.145009 
108.860966 40.909848 11.674146 37.145009 
108.678613 40.909848 11.674146 37.145009 
108.496260 40.909848 11.674146 37.145009 
108.313908 41.092201 11.674146 37.145009 
108.436275 41.846258 11.429411 36.366307 
108.257844 41.310964 11.429411 36.366307 
108.556077 41.870585 11.189806 35.603929 
108.259878 41.657902 11.433184 36.378314 
108.558152 42.217648 11.193501 35.615684 
108.558152 41.519609 11.193501 35.615684 
108.383642 41.694119 11.193501 35.615684 
108.558152 41.694119 11.193501 35.615684 
108.209132 41.868628 11.193501 35.615684 
108.558152 42.043138 11.193501 35.615684 
108.436422 41.655818 11.436959 36.390325 
108.436422 41.834249 11.436959 36.390325 
108.257991 41.120524 11.436959 36.390325 
108.734735 41.680396 11.197197 35.627444 
108.438456 41.118437 11.440736 36.402341 
108.438456 41.296869 11.440736 36.402341 
108.135606 40.544131 11.689572 37.194092 
108.622841 40.933996 11.444513 36.414360 
108.319951 40.359559 11.693431 37.206373 
107.955245 40.906618 11.693431 37.206373 
108.442521 41.478965 11.448292 36.426384 
108.442521 41.478965 11.448292 36.426384 
107.961158 41.082828 11.697292 37.218657 
108.630827 41.472951 11.452072 36.438411 
108.630827 41.472951 11.452072 36.438411 
108.327854 41.076684 11.701155 37.230946 
108.327854 41.076684 11.701155 37.230946 
108.145501 41.259037 11.701155 37.230946 
108.450505 41.649289 11.455853 36.450442 
108.450505 41.649289 11.455853 36.450442 
108.272073 41.649289 11.455853 36.450442 
108.749016 42.031360 11.215694 35.686300 
108.278025 41.817781 11.459636 36.462477 
108.099594 40.747193 11.459636 36.462477 
108.456457 41.282487 11.459636 36.462477 
108.278025 41.460918 11.459636 36.462477 
108.099594 41.639350 11.459636 36.462477 
108.755007 42.021547 11.219398 35.698083 
108.458486 41.807840 11.463419 36.474517 
108.280055 41.094114 11.463419 36.474517 
107.976959 40.519023 11.712749 37.267837 
107.976959 40.519023 11.712749 37.267837 
108.099731 41.274367 11.467204 36.486560 
108.099731 40.560642 11.467204 36.486560 
108.099731 40.739073 11.467204 36.486560 
107.921300 40.917504 11.467204 36.486560 
107.921300 41.095936 11.467204 36.486560 
107.921300 41.274367 11.467204 36.486560 
108.099731 40.917504 11.467204 36.486560 
108.278162 40.917504 11.467204 36.486560 
108.278162 40.917504 11.467204 36.486560 
108.278162 41.095936 11.467204 36.486560 
108.456594 41.095936 11.467204 36.486560 
108.635025 41.095936 11.467204 36.486560 
108.635025 41.095936 11.467204 36.486560 
108.635025 41.274367 11.467204 36.486560 
108.813457 40.382210 11.467204 36.486560 
108.456594 40.560642 11.467204 36.486560 
108.456594 40.739073 11.467204 36.486560 
108.635025 40.917504 11.467204 36.486560 
108.635025 41.095936 11.467204 36.486560 
108.813457 40.917504 11.467204 36.486560 
108.635025 41.095936 11.467204 36.486560 
108.813457 41.274367 11.467204 36.486560 
108.576792 41.656817 11.226808 35.721661 
108.868981 42.031249 10.991450 34.972797 
109.154780 42.056654 10.761027 34.239632 
108.871088 41.684298 10.995080 34.984344 
108.922104 41.645020 11.234223 35.745254 
108.573085 41.645020 11.234223 35.745254 
108.690841 41.670680 10.998710 34.995896 
108.741818 41.631276 11.237932 35.757056 
109.090838 41.282256 11.237932 35.757056 
108.445096 41.067908 11.482357 36.534772 
108.623527 41.424771 11.482357 36.534772 
108.801959 40.889477 11.482357 36.534772 
108.088233 41.067908 11.482357 36.534772 
108.088233 41.246339 11.482357 36.534772 
108.266665 40.889477 11.482357 36.534772 
108.266665 41.067908 11.482357 36.534772 
108.266665 41.424771 11.482357 36.534772 
108.445096 41.246339 11.482357 36.534772 
108.445096 41.067908 11.482357 36.534772 
108.623527 41.424771 11.482357 36.534772 
108.922316 41.986157 11.241643 35.768863 
108.573296 41.986157 11.241643 35.768863 
108.691130 42.186574 11.005974 35.019009 
109.032307 42.186574 11.005974 35.019009 
108.400852 41.805742 11.245354 35.780673 
108.693235 41.831773 11.009608 35.030572 
108.744094 41.791992 11.249067 35.792487 
109.036516 41.992656 11.013243 35.042138 
108.746158 41.611573 11.252782 35.804305 
109.095178 41.262553 11.252782 35.804305 
108.746158 41.611573 11.252782 35.804305 
108.920668 41.611573 11.252782 35.804305 
108.571648 41.611573 11.252782 35.804305 
108.689599 41.812361 11.016880 35.053709 
108.689599 41.984910 11.016880 35.053709 
108.689599 41.294714 11.016880 35.053709 
108.689599 41.467263 11.016880 35.053709 
108.805077 42.007243 10.785924 34.318848 
108.973705 42.175870 10.785924 34.318848 
109.255390 42.704225 10.559809 33.599392 
108.761272 41.880696 10.559809 33.599392 
108.925978 41.880696 10.559809 33.599392 
108.646434 41.350597 10.789485 34.330179 
108.983689 41.181969 10.789485 34.330179 
109.203608 41.145883 11.024156 35.076860 
109.083721 40.936972 11.263932 35.839782 
109.310245 40.896234 11.508922 36.619297 
110.023970 41.074665 11.508922 36.619297 
109.898811 40.854862 11.759241 37.415767 
109.953282 40.630318 12.015005 38.229560 
109.822619 39.469473 12.276331 39.061053 
109.822619 39.661630 12.276331 39.061053 
110.014776 39.853787 12.276331 39.061053 
110.206933 40.045944 12.276331 39.061053 
109.496957 41.350567 12.543341 39.910631 
108.772313 41.112617 12.816159 40.778687 
108.632937 39.469149 13.094910 41.665624 
108.694451 37.180741 13.379725 42.571851 
108.834697 37.419133 13.099234 41.679381 
108.080478 37.169791 13.384142 42.585907 
106.895710 37.330199 13.675247 43.512151 
106.319540 37.070730 13.972684 44.458540 
105.296999 36.587243 14.276590 45.425513 
104.255467 35.428535 14.587106 46.413518 
104.096832 34.923788 14.904375 47.423012 
103.472002 34.408063 15.228545 48.454463 
102.997492 34.408063 15.228545 48.454463 
102.594627 33.881120 15.559766 49.508347 
102.028311 33.670652 15.233574 48.470462 
101.791056 33.433397 15.233574 48.470462 
101.950734 32.755186 14.914219 47.454334 
102.182106 31.829696 14.914219 47.454334 
102.569808 32.327109 14.601560 46.459508 
103.320820 32.049313 14.919144 47.470002 
103.158575 31.766410 15.243635 48.502475 
104.504632 32.749319 14.924070 47.485676 
104.971299 33.682652 14.924070 47.485676 
105.904632 33.915986 14.924070 47.485676 
106.604632 34.615986 14.924070 47.485676 
107.694398 35.580394 14.611204 46.490193 
108.302454 36.522602 14.304896 45.515579 
108.005338 37.446752 14.005011 44.561397 
107.716843 38.349136 13.711412 43.627219 
107.646840 38.806433 13.423968 42.712624 
108.276252 39.226041 13.423968 42.712624 
108.207157 39.463948 13.142549 41.817203 
108.411078 38.852183 13.142549 41.817203 
108.752759 39.494429 12.867031 40.940553 
108.487630 39.923565 12.597288 40.082281 
108.619674 40.539783 12.333201 39.242002 
108.748950 40.374645 12.074649 38.419338 
108.687280 40.965589 11.821518 37.613921 
108.073938 40.991228 11.573693 36.825388 
108.254330 41.171620 11.573693 36.825388 
108.375644 41.016444 11.331064 36.053386 
108.552115 41.192915 11.331064 36.053386 
108.375644 41.369385 11.331064 36.053386 
108.375644 41.545856 11.331064 36.053386 
108.670886 42.100236 11.093521 35.297568 
108.670886 41.927687 11.093521 35.297568 
108.843435 41.755138 11.093521 35.297568 
108.843435 42.100236 11.093521 35.297568 
108.843435 41.755138 11.093521 35.297568 
108.843435 42.100236 11.093521 35.297568 
108.843435 41.582589 11.093521 35.297568 
108.843435 41.755138 11.093521 35.297568 
108.843435 42.100236 11.093521 35.297568 
108.895342 41.198728 11.334805 36.065290 
108.189460 41.551669 11.334805 36.065290 
108.542401 41.198728 11.334805 36.065290 
108.542401 41.375198 11.334805 36.065290 
108.542401 41.551669 11.334805 36.065290 
108.542401 41.022257 11.334805 36.065290 
108.542401 41.198728 11.334805 36.065290 
108.718872 41.375198 11.334805 36.065290 
108.542401 41.551669 11.334805 36.065290 
108.718872 41.198728 11.334805 36.065290 
108.718872 41.375198 11.334805 36.065290 
108.718872 41.551669 11.334805 36.065290 
108.718872 41.022257 11.334805 36.065290 
108.718872 41.198728 11.334805 36.065290 
108.718872 41.375198 11.334805 36.065290 
108.542401 41.551669 11.334805 36.065290 
108.542401 41.022257 11.334805 36.065290 
108.542401 41.198728 11.334805 36.065290 
108.542401 41.375198 11.334805 36.065290 
108.542401 41.551669 11.334805 36.065290 
108.661212 41.929702 11.097184 35.309223 
108.885628 41.373166 11.338548 36.077198 
108.003275 41.549636 11.338548 36.077198 
108.003275 41.020224 11.338548 36.077198 
107.826804 41.196695 11.338548 36.077198 
107.879968 40.980826 11.585161 36.861877 
108.060360 41.341610 11.585161 36.861877 
108.362187 41.367210 11.342292 36.089110 
108.538658 41.543680 11.342292 36.089110 
109.010488 41.921964 11.104514 35.332543 
108.717178 41.537722 11.346037 36.101026 
108.717178 41.714193 11.346037 36.101026 
108.717178 41.890663 11.346037 36.101026 
108.540707 42.243605 11.346037 36.101026 
108.540707 41.890663 11.346037 36.101026 
108.364237 42.067134 11.346037 36.101026 
108.011295 41.361252 11.346037 36.101026 
108.483165 41.739660 11.108180 35.344209 
108.189814 41.355292 11.349783 36.112946 
108.485253 41.910296 11.111848 35.355879 
108.191862 41.698349 11.353530 36.124870 
108.487340 42.253478 11.115517 35.367553 
108.021360 42.041405 11.357279 36.136797 
108.316877 41.714306 11.119187 35.379231 
108.661975 41.714306 11.119187 35.379231 
108.368505 41.502106 11.361029 36.148729 
108.368505 41.678577 11.361029 36.148729 
108.068483 41.285459 11.608132 36.934964 
108.370551 41.672609 11.364780 36.160665 
108.070488 40.926420 11.611964 36.947159 
108.733381 41.313698 11.368533 36.172604 
108.556910 41.490168 11.368533 36.172604 
108.433277 41.096791 11.615798 36.959358 
108.374641 41.844981 11.372286 36.184548 
108.250967 41.275003 11.619634 36.971562 
108.192371 41.842929 11.376041 36.196495 
108.664555 42.222338 11.137556 35.437677 
108.198337 42.009502 11.379798 36.208447 
108.670560 41.683154 11.141233 35.449378 
108.374889 41.297642 11.383555 36.220402 
108.198419 41.474113 11.383555 36.220402 
108.670681 42.030243 11.144912 35.461083 
108.200461 41.819113 11.387314 36.232361 
108.496292 42.198898 11.148592 35.472791 
108.200542 41.987642 11.391073 36.244324 
108.496413 41.485199 11.152273 35.484504 
108.026112 41.099305 11.394835 36.256292 
108.502415 41.479341 11.155955 35.496220 
108.206584 41.093320 11.398597 36.268263 
108.504495 41.473481 11.159638 35.507940 
107.859604 41.087332 11.402360 36.280238 
108.514417 41.646050 11.163323 35.519664 
108.218506 41.085264 11.406125 36.292217 
108.516496 41.465676 11.167009 35.531392 
108.220545 41.079273 11.409891 36.304200 
108.697005 41.459811 11.170696 35.543124 
108.226504 41.073279 11.413659 36.316187 
108.524572 41.453943 11.174384 35.554860 
108.228541 40.892774 11.417427 36.328178 
108.526649 41.451995 11.178074 35.566599 
108.230578 41.065208 11.421197 36.340173 
108.528725 41.624554 11.181765 35.578342 
108.058104 41.412150 11.424968 36.352171 
108.534723 41.793190 11.185457 35.590090 
108.238571 41.580658 11.428740 36.364174 
108.358366 41.961825 11.189150 35.601841 
108.707386 41.961825 11.189150 35.601841 
108.411194 41.574655 11.432514 36.376181 
108.411194 41.753086 11.432514 36.376181 
108.232763 41.931517 11.432514 36.376181 
108.709460 41.242222 11.192844 35.613596 
108.413228 40.854924 11.436289 36.388192 
108.413228 41.033355 11.436289 36.388192 
108.234797 41.033355 11.436289 36.388192 
108.711534 41.414774 11.196540 35.625355 
108.589771 41.027348 11.440065 36.400206 
108.589771 41.205779 11.440065 36.400206 
108.411340 41.384211 11.440065 36.400206 
108.411340 41.562642 11.440065 36.400206 
108.232909 41.741073 11.440065 36.400206 
108.888117 42.301049 11.200237 35.637118 
108.591804 41.389966 11.443842 36.412225 
108.413373 41.568397 11.443842 36.412225 
108.413373 41.746829 11.443842 36.412225 
108.056510 41.925260 11.443842 36.412225 
108.533327 41.236342 11.203935 35.648884 
108.411484 41.023170 11.447621 36.424248 
108.411484 41.201602 11.447621 36.424248 
108.108560 40.627057 11.696606 37.216475 
108.595868 41.017157 11.451400 36.436274 
108.595868 41.195588 11.451400 36.436274 
108.595868 41.374020 11.451400 36.436274 
108.595868 41.730883 11.451400 36.436274 
108.417437 42.087745 11.451400 36.436274 
108.239006 41.374020 11.451400 36.436274 
108.715901 41.934374 11.211335 35.672429 
108.419468 41.895455 11.455181 36.448305 
108.419468 41.360161 11.455181 36.448305 
108.241037 41.717024 11.455181 36.448305 
108.717972 42.099073 11.215037 35.684208 
108.421499 41.711007 11.458964 36.460339 
108.243067 41.889438 11.458964 36.460339 
108.541611 41.022593 11.218740 35.695990 
108.070587 41.332439 11.462747 36.472378 
108.369170 41.714739 11.222444 35.707776 
108.718190 41.714739 11.222444 35.707776 
108.421636 41.326417 11.466532 36.484420 
108.600067 40.255829 11.466532 36.484420 
108.778499 40.791123 11.466532 36.484420 
108.475369 40.751218 11.715929 37.277956 
108.840075 40.751218 11.715929 37.277956 
108.657722 40.933571 11.715929 37.277956 
107.983252 39.798761 11.970751 38.088752 
108.481278 40.198005 11.719798 37.290265 
108.663631 40.198005 11.719798 37.290265 
107.806766 39.792473 11.974703 38.101328 
107.932284 40.191849 11.723667 37.302577 
107.932284 40.191849 11.723667 37.302577 
107.749931 39.827143 11.723667 37.302577 
107.202872 40.009496 11.723667 37.302577 
107.020519 39.097731 11.723667 37.302577 
106.838166 39.644790 11.723667 37.302577 
107.020519 40.009496 11.723667 37.302577 
107.202872 39.827143 11.723667 37.302577 
107.622436 39.786183 11.978657 38.113908 
107.622436 39.972458 11.978657 38.113908 
107.808711 39.972458 11.978657 38.113908 
107.622436 40.158732 11.978657 38.113908 
107.864717 38.999145 12.239193 38.942886 
108.492400 38.956034 12.505395 39.789894 
108.744640 38.523318 12.777388 40.655324 
108.803725 37.883153 13.055296 41.539577 
108.253905 37.227488 13.339248 42.443063 
108.524527 36.765920 13.629377 43.366200 
108.455625 36.796952 13.343653 42.457077 
108.803335 35.787082 13.063918 41.567013 
108.532427 36.834549 12.790048 40.695608 
108.732427 37.434549 12.790048 40.695608 
109.132427 37.234549 12.790048 40.695608 
109.466491 38.061117 12.521920 39.842471 
109.597745 38.672861 12.259412 39.007219 
109.407549 38.863057 12.259412 39.007219 
109.407549 39.053253 12.259412 39.007219 
109.407549 38.863057 12.259412 39.007219 
109.217353 39.053253 12.259412 39.007219 
109.726247 39.081732 12.002407 38.189478 
108.981149 39.454281 12.002407 38.189478 
108.981149 39.268006 12.002407 38.189478 
108.794875 39.640555 12.002407 38.189478 
108.981149 39.640555 12.002407 38.189478 
109.167424 39.454281 12.002407 38.189478 
108.794875 39.454281 12.002407 38.189478 
108.422326 39.640555 12.002407 38.189478 
108.734409 40.227129 11.750791 37.388879 
108.552056 40.409482 11.750791 37.388879 
108.916762 40.409482 11.750791 37.388879 
108.857580 41.166095 11.504449 36.605064 
108.500717 41.344527 11.504449 36.605064 
108.679148 40.273939 11.504449 36.605064 
108.857580 40.273939 11.504449 36.605064 
108.197175 39.875859 11.754670 37.401224 
