219.000000 87.000000 32.000000 15.000000 
218.635294 87.547059 32.000000 15.000000 
218.452941 87.547059 32.000000 15.000000 
216.811765 87.547059 32.000000 15.000000 
215.535294 87.547059 32.000000 15.000000 
213.711765 87.547059 32.000000 15.000000 
211.888235 87.547059 32.000000 15.000000 
210.976471 87.729412 32.000000 15.000000 
210.064706 87.911765 32.000000 15.000000 
207.694118 88.276471 32.000000 15.000000 
206.417647 88.458824 32.000000 15.000000 
204.594118 88.823529 32.000000 15.000000 
203.317647 88.823529 32.000000 15.000000 
201.494118 89.188235 32.000000 15.000000 
200.400000 89.552941 32.000000 15.000000 
198.394118 89.735294 32.000000 15.000000 
196.388235 89.917647 32.000000 15.000000 
195.111765 90.282353 32.000000 15.000000 
193.470588 90.647059 32.000000 15.000000 
192.011765 90.647059 32.000000 15.000000 
189.823529 90.829412 32.000000 15.000000 
189.094118 91.011765 32.000000 15.000000 
186.740235 91.030993 32.696000 15.326250 
184.877490 91.217267 32.696000 15.326250 
183.573569 91.776091 32.696000 15.326250 
182.286627 91.609418 33.407138 15.659596 
180.004274 91.799614 33.407138 15.659596 
178.102313 91.609418 33.407138 15.659596 
177.341529 92.370202 33.407138 15.659596 
175.439568 92.370202 33.407138 15.659596 
173.537607 92.370202 33.407138 15.659596 
172.396431 92.560398 33.407138 15.659596 
169.940972 92.580296 34.133743 16.000192 
167.611560 92.386178 34.133743 16.000192 
165.105061 92.794529 34.876152 16.348196 
163.124669 92.992569 34.876152 16.348196 
162.134473 93.586686 34.876152 16.348196 
160.550159 93.586686 34.876152 16.348196 
158.767806 93.586686 34.876152 16.348196 
157.381532 93.982765 34.876152 16.348196 
154.807022 94.378843 34.876152 16.348196 
153.024669 94.378843 34.876152 16.348196 
151.044277 94.774921 34.876152 16.348196 
148.684607 95.191252 35.634708 16.703770 
146.261077 95.191252 35.634708 16.703770 
145.655195 95.191252 35.634708 16.703770 
144.241469 94.989292 35.634708 16.703770 
142.221861 95.595174 35.634708 16.703770 
140.202254 95.797135 35.634708 16.703770 
139.394410 95.999096 35.634708 16.703770 
136.970881 96.201056 35.634708 16.703770 
134.345391 96.201056 35.634708 16.703770 
132.123822 96.604978 35.634708 16.703770 
131.114018 97.210860 35.634708 16.703770 
128.690489 97.412821 35.634708 16.703770 
125.677471 97.837050 36.409763 17.067077 
123.391197 98.252736 36.409763 17.067077 
121.540339 98.898504 37.201676 17.438286 
118.363868 98.898504 37.201676 17.438286 
117.305044 99.110269 37.201676 17.438286 
114.994594 99.555922 38.010812 17.817568 
113.502795 99.362156 38.837547 18.205100 
111.508677 99.583724 38.837547 18.205100 
108.849854 99.362156 38.837547 18.205100 
107.298873 100.026862 38.837547 18.205100 
105.083187 100.469999 38.837547 18.205100 
102.202795 100.026862 38.837547 18.205100 
99.987109 100.691567 38.837547 18.205100 
99.322403 100.913136 38.837547 18.205100 
96.241221 101.379862 39.682264 18.601061 
94.888280 100.928881 39.682264 18.601061 
92.407888 101.379862 39.682264 18.601061 
91.245403 101.800327 38.850371 18.211111 
88.586579 102.243464 38.850371 18.211111 
86.814030 102.686601 38.850371 18.211111 
85.263050 102.686601 38.850371 18.211111 
81.517023 102.710124 39.695366 18.607203 
78.811140 102.935614 39.695366 18.607203 
75.673571 102.958751 40.558741 19.011910 
74.516708 102.958751 40.558741 19.011910 
72.665728 103.190124 40.558741 19.011910 
69.889257 103.884241 40.558741 19.011910 
66.881414 104.115614 40.558741 19.011910 
64.336316 104.578359 40.558741 19.011910 
61.791218 104.346986 40.558741 19.011910 
59.014747 105.272477 40.558741 19.011910 
56.259946 105.759840 41.440893 19.425419 
54.612887 105.995134 41.440893 19.425419 
52.495240 105.759840 41.440893 19.425419 
51.318769 106.465722 41.440893 19.425419 
48.985746 106.960353 42.342233 19.847922 
46.815158 107.201529 42.342233 19.847922 
43.197511 107.442706 42.342233 19.847922 
39.821041 107.925059 42.342233 19.847922 
37.168099 107.925059 42.342233 19.847922 
34.997511 108.166235 42.342233 19.847922 
32.826923 108.407412 42.342233 19.847922 
30.173982 108.889765 42.342233 19.847922 
28.244570 108.889765 42.342233 19.847922 
25.591629 109.130941 42.342233 19.847922 
21.491629 109.613294 42.342233 19.847922 
