211.000000 76.000000 34.000000 40.000000 
210.709804 75.709804 34.000000 40.000000 
210.129412 75.709804 34.000000 40.000000 
207.438093 75.565000 34.739500 40.870000 
205.570105 75.418578 35.495084 41.758922 
203.138732 75.114656 35.495084 41.758922 
200.403438 74.810735 35.495084 41.758922 
199.187752 74.202892 35.495084 41.758922 
196.148536 74.202892 35.495084 41.758922 
194.932850 73.898970 35.495084 41.758922 
192.805399 73.291127 35.495084 41.758922 
191.893634 73.291127 35.495084 41.758922 
190.981870 73.291127 35.495084 41.758922 
190.374027 73.595049 35.495084 41.758922 
190.070105 73.898970 35.495084 41.758922 
189.766183 73.595049 35.495084 41.758922 
189.462262 73.898970 35.495084 41.758922 
189.766183 73.898970 35.495084 41.758922 
189.462262 73.898970 35.495084 41.758922 
189.462262 74.202892 35.495084 41.758922 
189.766183 74.506813 35.495084 41.758922 
189.462262 74.810735 35.495084 41.758922 
189.766183 74.506813 35.495084 41.758922 
189.766183 74.810735 35.495084 41.758922 
189.766183 74.506813 35.495084 41.758922 
189.766183 74.810735 35.495084 41.758922 
189.766183 74.506813 35.495084 41.758922 
189.766183 74.810735 35.495084 41.758922 
190.070105 74.506813 35.495084 41.758922 
190.374027 74.506813 35.495084 41.758922 
190.677948 74.506813 35.495084 41.758922 
190.981870 74.506813 35.495084 41.758922 
190.981870 74.202892 35.495084 41.758922 
190.981870 74.202892 35.495084 41.758922 
190.981870 74.202892 35.495084 41.758922 
190.981870 73.898970 35.495084 41.758922 
190.981870 73.898970 35.495084 41.758922 
190.981870 73.898970 35.495084 41.758922 
190.981870 73.898970 35.495084 41.758922 
190.981870 73.898970 35.495084 41.758922 
190.981870 73.898970 35.495084 41.758922 
190.677948 73.898970 35.495084 41.758922 
190.981870 73.898970 35.495084 41.758922 
190.981870 73.898970 35.495084 41.758922 
190.981870 73.898970 35.495084 41.758922 
190.981870 73.898970 35.495084 41.758922 
190.677948 74.202892 35.495084 41.758922 
190.981870 74.506813 35.495084 41.758922 
190.677948 74.810735 35.495084 41.758922 
190.677948 74.506813 35.495084 41.758922 
190.677948 74.810735 35.495084 41.758922 
190.374027 74.810735 35.495084 41.758922 
189.766183 74.810735 35.495084 41.758922 
188.854419 75.114656 35.495084 41.758922 
188.246576 75.418578 35.495084 41.758922 
187.942654 75.418578 35.495084 41.758922 
187.638732 75.114656 35.495084 41.758922 
188.246576 74.506813 35.495084 41.758922 
188.550497 74.202892 35.495084 41.758922 
189.766183 73.595049 35.495084 41.758922 
190.677948 73.595049 35.495084 41.758922 
193.109321 73.595049 35.495084 41.758922 
193.717164 73.595049 35.495084 41.758922 
194.932850 73.595049 35.495084 41.758922 
195.236772 73.595049 35.495084 41.758922 
196.148536 73.595049 35.495084 41.758922 
196.756380 73.595049 35.495084 41.758922 
197.364223 73.595049 35.495084 41.758922 
198.579909 73.595049 35.495084 41.758922 
199.795595 73.595049 35.495084 41.758922 
200.099517 73.595049 35.495084 41.758922 
200.707360 73.595049 35.495084 41.758922 
202.226968 73.595049 35.495084 41.758922 
202.530889 73.595049 35.495084 41.758922 
203.138732 73.595049 35.495084 41.758922 
203.442654 73.595049 35.495084 41.758922 
203.746576 73.595049 35.495084 41.758922 
203.746576 73.898970 35.495084 41.758922 
203.746576 73.595049 35.495084 41.758922 
203.746576 73.595049 35.495084 41.758922 
204.050497 73.595049 35.495084 41.758922 
204.354419 73.595049 35.495084 41.758922 
205.874027 73.595049 35.495084 41.758922 
206.785791 73.595049 35.495084 41.758922 
208.001478 73.898970 35.495084 41.758922 
209.825007 73.595049 35.495084 41.758922 
211.040693 73.898970 35.495084 41.758922 
212.560301 74.202892 35.495084 41.758922 
215.667652 74.336684 34.750970 40.883494 
216.263731 74.634723 34.750970 40.883494 
216.561770 75.528841 34.750970 40.883494 
217.455887 76.124919 34.750970 40.883494 
218.051966 76.720998 34.750970 40.883494 
220.436280 77.019037 34.750970 40.883494 
220.734319 77.913155 34.750970 40.883494 
221.628436 78.807272 34.750970 40.883494 
222.442676 79.256782 35.506804 41.772710 
223.354441 79.560704 35.506804 41.772710 
223.962284 79.864625 35.506804 41.772710 
224.874049 79.560704 35.506804 41.772710 
226.089735 80.168547 35.506804 41.772710 
227.305422 80.168547 35.506804 41.772710 
228.825029 80.168547 35.506804 41.772710 
229.128951 79.864625 35.506804 41.772710 
229.128951 79.560704 35.506804 41.772710 
228.825029 79.560704 35.506804 41.772710 
227.527128 80.322112 36.279077 42.681267 
227.217324 80.322112 36.279077 42.681267 
225.048697 80.012308 36.279077 42.681267 
223.189873 80.012308 36.279077 42.681267 
222.260462 79.702504 36.279077 42.681267 
221.021246 78.773092 36.279077 42.681267 
220.091834 77.843680 36.279077 42.681267 
218.233011 77.843680 36.279077 42.681267 
217.303599 77.533876 36.279077 42.681267 
216.683991 77.533876 36.279077 42.681267 
216.064383 77.224072 36.279077 42.681267 
214.825167 76.604465 36.279077 42.681267 
214.205560 76.604465 36.279077 42.681267 
212.656540 76.294661 36.279077 42.681267 
212.036932 75.984857 36.279077 42.681267 
210.178109 75.365249 36.279077 42.681267 
209.248697 75.675053 36.279077 42.681267 
207.699677 75.055445 36.279077 42.681267 
207.080069 75.055445 36.279077 42.681267 
203.982030 75.055445 36.279077 42.681267 
203.362422 75.365249 36.279077 42.681267 
202.433011 75.675053 36.279077 42.681267 
201.193795 75.365249 36.279077 42.681267 
199.644775 75.984857 36.279077 42.681267 
199.334971 75.675053 36.279077 42.681267 
198.095756 75.675053 36.279077 42.681267 
196.856540 75.675053 36.279077 42.681267 
196.546736 75.675053 36.279077 42.681267 
195.617324 75.984857 36.279077 42.681267 
194.997716 76.294661 36.279077 42.681267 
193.138893 76.604465 36.279077 42.681267 
192.209481 77.224072 36.279077 42.681267 
191.280069 77.224072 36.279077 42.681267 
190.350658 77.533876 36.279077 42.681267 
189.421246 77.843680 36.279077 42.681267 
188.801638 77.533876 36.279077 42.681267 
188.182030 77.843680 36.279077 42.681267 
186.942814 77.843680 36.279077 42.681267 
185.703599 77.533876 36.279077 42.681267 
185.393795 78.463288 36.279077 42.681267 
184.774187 78.773092 36.279077 42.681267 
184.464383 78.463288 36.279077 42.681267 
184.154579 79.082896 36.279077 42.681267 
183.534971 78.773092 36.279077 42.681267 
183.534971 78.463288 36.279077 42.681267 
183.534971 78.773092 36.279077 42.681267 
183.844775 78.463288 36.279077 42.681267 
184.154579 78.463288 36.279077 42.681267 
184.154579 78.463288 36.279077 42.681267 
184.464383 77.843680 36.279077 42.681267 
184.774187 76.914268 36.279077 42.681267 
185.393795 76.294661 36.279077 42.681267 
185.703599 76.294661 36.279077 42.681267 
186.013403 75.984857 36.279077 42.681267 
186.013403 75.365249 36.279077 42.681267 
186.323207 75.055445 36.279077 42.681267 
186.633011 74.745641 36.279077 42.681267 
187.252618 73.816229 36.279077 42.681267 
187.632893 73.644003 35.518528 41.786503 
187.936815 73.036160 35.518528 41.786503 
188.309117 72.562399 34.773922 40.910497 
188.607156 71.966320 34.773922 40.910497 
189.269693 71.799063 34.044927 40.052855 
189.269693 72.091220 34.044927 40.052855 
189.269693 71.799063 34.044927 40.052855 
189.269693 72.091220 34.044927 40.052855 
189.269693 71.506906 34.044927 40.052855 
189.269693 71.506906 34.044927 40.052855 
189.269693 71.214749 34.044927 40.052855 
189.561850 71.214749 34.044927 40.052855 
189.854007 71.214749 34.044927 40.052855 
190.146164 71.214749 34.044927 40.052855 
189.854007 71.214749 34.044927 40.052855 
190.503021 71.342423 33.331214 39.213193 
190.503021 71.342423 33.331214 39.213193 
190.503021 71.342423 33.331214 39.213193 
190.503021 71.342423 33.331214 39.213193 
190.503021 71.342423 33.331214 39.213193 
190.503021 71.342423 33.331214 39.213193 
190.503021 71.342423 33.331214 39.213193 
190.216746 71.342423 33.331214 39.213193 
189.930471 71.342423 33.331214 39.213193 
189.644197 71.342423 33.331214 39.213193 
189.930471 71.342423 33.331214 39.213193 
189.993572 71.467179 32.632463 38.391133 
189.993572 71.467179 32.632463 38.391133 
189.715141 71.467179 32.632463 38.391133 
189.436710 71.745610 32.632463 38.391133 
189.993572 71.745610 32.632463 38.391133 
189.715141 72.024041 32.632463 38.391133 
189.715141 71.745610 32.632463 38.391133 
189.436710 72.302473 32.632463 38.391133 
189.993572 72.302473 32.632463 38.391133 
189.993572 72.580904 32.632463 38.391133 
189.715141 73.137767 32.632463 38.391133 
189.715141 73.137767 32.632463 38.391133 
189.715141 73.137767 32.632463 38.391133 
189.715141 73.416198 32.632463 38.391133 
189.715141 73.694630 32.632463 38.391133 
189.715141 73.973061 32.632463 38.391133 
189.715141 73.416198 32.632463 38.391133 
189.715141 73.416198 32.632463 38.391133 
189.715141 73.137767 32.632463 38.391133 
189.715141 72.580904 32.632463 38.391133 
189.436710 72.580904 32.632463 38.391133 
189.993572 72.302473 32.632463 38.391133 
189.993572 72.024041 32.632463 38.391133 
189.993572 71.745610 32.632463 38.391133 
189.715141 71.745610 32.632463 38.391133 
189.436710 72.024041 32.632463 38.391133 
189.993572 72.024041 32.632463 38.391133 
189.993572 72.024041 32.632463 38.391133 
189.993572 72.024041 32.632463 38.391133 
189.993572 72.302473 32.632463 38.391133 
189.993572 72.580904 32.632463 38.391133 
189.993572 73.137767 32.632463 38.391133 
190.272004 73.137767 32.632463 38.391133 
190.550435 73.137767 32.632463 38.391133 
190.828866 73.137767 32.632463 38.391133 
190.473988 72.998695 33.342219 39.226140 
190.760263 72.998695 33.342219 39.226140 
191.332812 72.712420 33.342219 39.226140 
191.619086 72.998695 33.342219 39.226140 
192.477910 72.712420 33.342219 39.226140 
193.336734 72.998695 33.342219 39.226140 
194.195557 72.426146 33.342219 39.226140 
195.340655 72.426146 33.342219 39.226140 
196.772028 72.426146 33.342219 39.226140 
198.775949 72.426146 33.342219 39.226140 
199.634773 72.712420 33.342219 39.226140 
201.066145 73.284969 33.342219 39.226140 
201.638694 73.571244 33.342219 39.226140 
203.356341 74.430067 33.342219 39.226140 
204.215165 75.002616 33.342219 39.226140 
205.073988 75.002616 33.342219 39.226140 
205.932812 75.288891 33.342219 39.226140 
206.505361 75.288891 33.342219 39.226140 
207.650459 75.288891 33.342219 39.226140 
208.509283 75.575165 33.342219 39.226140 
209.081832 75.575165 33.342219 39.226140 
209.368106 75.575165 33.342219 39.226140 
209.654381 75.861440 33.342219 39.226140 
210.226930 76.147714 33.342219 39.226140 
210.150607 76.007404 34.067412 40.079309 
209.780124 75.571542 34.808379 40.951034 
209.780124 75.571542 34.808379 40.951034 
209.482085 75.273503 34.808379 40.951034 
209.482085 75.273503 34.808379 40.951034 
209.482085 74.975464 34.808379 40.951034 
209.103544 74.232082 35.565461 41.841719 
208.799622 73.928160 35.565461 41.841719 
208.191779 73.016396 35.565461 41.841719 
207.805005 71.953524 36.339010 42.751776 
207.805005 71.329994 36.339010 42.751776 
207.805005 70.082935 36.339010 42.751776 
207.805005 69.771171 36.339010 42.751776 
207.409818 68.682716 37.129383 43.681627 
207.727465 68.047422 37.129383 43.681627 
207.409818 67.729775 37.129383 43.681627 
207.323683 66.301796 37.936947 44.631703 
206.998193 65.650815 37.936947 44.631703 
206.998193 64.999835 37.936947 44.631703 
206.998193 63.697874 37.936947 44.631703 
206.998193 62.721404 37.936947 44.631703 
206.911119 61.585053 38.762076 45.602442 
207.317420 61.731682 37.949473 44.646439 
206.991930 61.080702 37.949473 44.646439 
206.904720 60.269682 38.774874 45.617499 
207.642528 60.416469 37.962004 44.661181 
207.317037 60.090978 37.962004 44.661181 
207.317037 60.090978 37.962004 44.661181 
207.317037 59.114508 37.962004 44.661181 
208.030763 59.114508 37.962004 44.661181 
208.030763 58.138037 37.962004 44.661181 
208.387626 58.851763 37.962004 44.661181 
208.062136 57.875292 37.962004 44.661181 
208.418998 58.232155 37.962004 44.661181 
208.418998 58.232155 37.962004 44.661181 
208.418998 57.161567 37.962004 44.661181 
208.093508 57.487057 37.962004 44.661181 
208.450371 57.130194 37.962004 44.661181 
208.124881 57.130194 37.962004 44.661181 
208.481743 57.843920 37.962004 44.661181 
208.807234 57.518429 37.962004 44.661181 
207.736645 56.447841 37.962004 44.661181 
209.364096 57.098821 37.962004 44.661181 
209.720959 57.455684 37.962004 44.661181 
210.046449 57.781174 37.962004 44.661181 
209.689586 57.781174 37.962004 44.661181 
210.015077 57.781174 37.962004 44.661181 
209.658214 57.781174 37.962004 44.661181 
209.983704 57.455684 37.962004 44.661181 
208.913116 57.098821 37.962004 44.661181 
209.238606 57.749802 37.962004 44.661181 
208.524881 58.106665 37.962004 44.661181 
208.524881 58.432155 37.962004 44.661181 
207.811155 58.789018 37.962004 44.661181 
208.136645 59.114508 37.962004 44.661181 
205.995469 59.471370 37.962004 44.661181 
206.646449 59.796861 37.962004 44.661181 
204.148410 59.439998 37.962004 44.661181 
204.473900 59.439998 37.962004 44.661181 
205.187626 59.796861 37.962004 44.661181 
203.147338 58.985680 38.787677 45.632561 
203.388267 58.820799 39.631309 46.625069 
202.957277 58.992182 40.493290 47.639165 
202.863971 59.168224 41.374019 48.675317 
202.059126 59.703586 42.273904 49.734005 
202.059126 60.791821 42.273904 49.734005 
201.599398 61.339199 43.193361 50.815719 
202.422736 62.613022 42.287862 49.750426 
203.228739 63.497248 41.401345 48.707465 
203.228739 64.207052 41.401345 48.707465 
204.017607 65.072502 40.533414 47.686369 
204.017607 66.807796 40.533414 47.686369 
204.017607 67.848972 40.533414 47.686369 
204.017607 68.890149 40.533414 47.686369 
204.442475 69.737053 39.683677 46.686679 
204.442475 70.415484 39.683677 46.686679 
205.197652 71.922498 38.851754 45.707946 
205.530986 73.255831 38.851754 45.707946 
205.864319 73.922498 38.851754 45.707946 
205.864319 75.589164 38.851754 45.707946 
206.197652 76.255831 38.851754 45.707946 
206.530986 76.922498 38.851754 45.707946 
207.197652 77.922498 38.851754 45.707946 
207.530986 78.922498 38.851754 45.707946 
207.864319 79.255831 38.851754 45.707946 
207.864319 79.589164 38.851754 45.707946 
208.197652 79.589164 38.851754 45.707946 
208.530986 79.589164 38.851754 45.707946 
209.197652 79.255831 38.851754 45.707946 
209.197652 77.922498 38.851754 45.707946 
209.530986 77.589164 38.851754 45.707946 
209.864319 76.922498 38.851754 45.707946 
210.271560 76.068272 38.037272 44.749731 
210.271560 75.417291 38.037272 44.749731 
210.670264 75.235374 37.239864 43.811604 
210.989872 74.915766 37.239864 43.811604 
210.670264 74.596159 37.239864 43.811604 
210.670264 73.956943 37.239864 43.811604 
211.060610 73.776957 36.459173 42.893144 
211.060610 74.088722 36.459173 42.893144 
211.442772 73.914795 35.694848 41.993939 
210.831008 74.220678 35.694848 41.993939 
210.525125 73.914795 35.694848 41.993939 
209.301596 74.220678 35.694848 41.993939 
208.078066 73.914795 35.694848 41.993939 
207.772184 74.220678 35.694848 41.993939 
206.548655 73.914795 35.694848 41.993939 
205.019243 74.220678 35.694848 41.993939 
204.713360 73.914795 35.694848 41.993939 
203.183949 73.914795 35.694848 41.993939 
201.960419 74.220678 35.694848 41.993939 
202.028688 73.743208 34.946546 41.113584 
201.728688 73.443208 34.946546 41.113584 
201.428688 73.143208 34.946546 41.113584 
201.728688 73.443208 34.946546 41.113584 
201.728688 73.143208 34.946546 41.113584 
202.328688 73.443208 34.946546 41.113584 
204.128688 73.143208 34.946546 41.113584 
205.328688 73.443208 34.946546 41.113584 
207.728688 73.143208 34.946546 41.113584 
208.628688 73.443208 34.946546 41.113584 
210.728688 72.843208 34.946546 41.113584 
213.128688 72.843208 34.946546 41.113584 
215.528688 72.843208 34.946546 41.113584 
217.628688 73.143208 34.946546 41.113584 
220.994995 73.574158 34.213932 40.251684 
224.793034 73.574158 34.213932 40.251684 
227.714603 73.282001 34.213932 40.251684 
230.344015 73.574158 34.213932 40.251684 
233.265583 72.989844 34.213932 40.251684 
235.602838 73.282001 34.213932 40.251684 
236.479309 73.574158 34.213932 40.251684 
237.647936 72.989844 34.213932 40.251684 
238.816564 72.989844 34.213932 40.251684 
239.985191 73.282001 34.213932 40.251684 
240.861662 73.574158 34.213932 40.251684 
241.153818 73.282001 34.213932 40.251684 
241.445975 73.574158 34.213932 40.251684 
241.153818 73.282001 34.213932 40.251684 
241.153818 73.574158 34.213932 40.251684 
240.569505 73.282001 34.213932 40.251684 
238.232250 73.574158 34.213932 40.251684 
237.647936 73.282001 34.213932 40.251684 
235.310681 73.574158 34.213932 40.251684 
234.142054 73.282001 34.213932 40.251684 
232.096956 73.282001 34.213932 40.251684 
229.759701 74.158472 34.213932 40.251684 
226.545975 74.158472 34.213932 40.251684 
223.332250 74.450628 34.213932 40.251684 
220.702838 74.158472 34.213932 40.251684 
216.904799 74.742785 34.213932 40.251684 
215.151858 74.450628 34.213932 40.251684 
212.522446 74.450628 34.213932 40.251684 
208.432250 74.742785 34.213932 40.251684 
204.634211 74.742785 34.213932 40.251684 
201.128328 75.034942 34.213932 40.251684 
199.083230 75.327099 34.213932 40.251684 
195.577348 76.203570 34.213932 40.251684 
192.071465 76.495726 34.213932 40.251684 
190.026367 76.495726 34.213932 40.251684 
187.396956 76.495726 34.213932 40.251684 
184.183230 76.495726 34.213932 40.251684 
183.306760 76.495726 34.213932 40.251684 
182.138132 76.787883 34.213932 40.251684 
180.385191 77.080040 34.213932 40.251684 
179.508720 77.664354 34.213932 40.251684 
178.340093 77.372197 34.213932 40.251684 
178.632250 77.372197 34.213932 40.251684 
178.924407 77.080040 34.213932 40.251684 
180.677348 76.495726 34.213932 40.251684 
183.598916 74.450628 34.213932 40.251684 
186.812642 73.574158 34.213932 40.251684 
190.902838 73.282001 34.213932 40.251684 
194.993034 73.866315 34.213932 40.251684 
199.083230 73.574158 34.213932 40.251684 
203.173426 73.574158 34.213932 40.251684 
206.971465 73.866315 34.213932 40.251684 
210.185191 74.450628 34.213932 40.251684 
212.150369 74.597205 34.958085 41.127159 
213.050369 74.597205 34.958085 41.127159 
213.950369 74.597205 34.958085 41.127159 
214.550369 74.897205 34.958085 41.127159 
214.850369 75.197205 34.958085 41.127159 
215.150369 75.197205 34.958085 41.127159 
215.450369 74.597205 34.958085 41.127159 
215.150369 73.997205 34.958085 41.127159 
214.250369 73.697205 34.958085 41.127159 
212.750369 73.097205 34.958085 41.127159 
210.050369 72.797205 34.958085 41.127159 
208.770200 72.949947 35.718423 42.021674 
206.017259 73.561712 35.718423 42.021674 
204.793730 73.867594 35.718423 42.021674 
201.429024 74.785241 35.718423 42.021674 
199.287847 75.397006 35.718423 42.021674 
196.452351 75.857667 36.495299 42.935646 
194.893527 76.792961 36.495299 42.935646 
193.646468 77.728256 36.495299 42.935646 
192.399409 78.351785 36.495299 42.935646 
191.067229 78.820154 37.289072 43.869496 
189.788798 79.139762 37.289072 43.869496 
188.510366 79.139762 37.289072 43.869496 
187.551543 79.139762 37.289072 43.869496 
186.826416 79.621505 38.100109 44.823658 
186.412077 79.785028 38.928786 45.798572 
186.655394 79.286968 39.775487 46.794691 
186.655394 78.604615 39.775487 46.794691 
187.246365 78.095723 40.640604 47.812476 
188.634600 77.054547 40.640604 47.812476 
189.927927 76.534586 41.524537 48.852397 
191.702437 76.534586 41.524537 48.852397 
193.476947 76.179684 41.524537 48.852397 
194.896555 75.469880 41.524537 48.852397 
197.380869 75.469880 41.524537 48.852397 
198.445574 75.114978 41.524537 48.852397 
200.300440 73.497634 40.654023 47.828262 
203.092596 72.799594 40.654023 47.828262 
205.612847 72.253868 39.801758 46.825598 
208.077105 72.403514 38.967360 45.843952 
209.152224 72.884047 38.150454 44.882886 
210.861918 73.027055 37.350673 43.941968 
210.861918 73.027055 37.350673 43.941968 
211.181526 73.027055 37.350673 43.941968 
212.212249 73.168044 36.567659 43.020775 
212.525975 73.795495 36.567659 43.020775 
212.839700 73.795495 36.567659 43.020775 
213.223000 74.246435 35.801060 42.118894 
212.986499 74.076158 35.050531 41.235919 
212.686499 74.076158 35.050531 41.235919 
212.686499 74.076158 35.050531 41.235919 
212.386499 73.776158 35.050531 41.235919 
212.086499 74.376158 35.050531 41.235919 
211.486499 74.376158 35.050531 41.235919 
211.486499 74.376158 35.050531 41.235919 
211.186499 74.376158 35.050531 41.235919 
210.586499 74.376158 35.050531 41.235919 
210.586499 74.376158 35.050531 41.235919 
210.286499 74.376158 35.050531 41.235919 
209.986499 74.376158 35.050531 41.235919 
209.686499 74.376158 35.050531 41.235919 
209.986499 74.376158 35.050531 41.235919 
209.686499 74.376158 35.050531 41.235919 
209.686499 74.376158 35.050531 41.235919 
209.986499 74.376158 35.050531 41.235919 
209.686499 74.376158 35.050531 41.235919 
209.986499 74.376158 35.050531 41.235919 
209.386499 74.376158 35.050531 41.235919 
209.386499 74.376158 35.050531 41.235919 
209.386499 74.376158 35.050531 41.235919 
209.386499 74.376158 35.050531 41.235919 
209.386499 74.376158 35.050531 41.235919 
209.386499 74.376158 35.050531 41.235919 
209.386499 74.376158 35.050531 41.235919 
209.386499 74.376158 35.050531 41.235919 
209.386499 74.076158 35.050531 41.235919 
209.386499 73.776158 35.050531 41.235919 
209.386499 74.076158 35.050531 41.235919 
209.386499 73.476158 35.050531 41.235919 
208.786499 73.476158 35.050531 41.235919 
208.786499 73.476158 35.050531 41.235919 
208.786499 73.176158 35.050531 41.235919 
208.786499 72.576158 35.050531 41.235919 
208.786499 72.876158 35.050531 41.235919 
208.786499 73.176158 35.050531 41.235919 
208.705324 72.427717 35.812881 42.132801 
208.705324 72.427717 35.812881 42.132801 
208.705324 72.121835 35.812881 42.132801 
208.705324 71.815953 35.812881 42.132801 
209.011207 71.815953 35.812881 42.132801 
209.317089 71.815953 35.812881 42.132801 
209.317089 71.815953 35.812881 42.132801 
209.622972 71.815953 35.812881 42.132801 
209.539389 71.969523 36.591811 43.049189 
209.853114 71.969523 36.591811 43.049189 
209.853114 72.283249 36.591811 43.049189 
209.853114 72.596974 36.591811 43.049189 
209.853114 72.596974 36.591811 43.049189 
209.853114 72.596974 36.591811 43.049189 
209.853114 72.596974 36.591811 43.049189 
210.166840 72.283249 36.591811 43.049189 
210.480565 72.596974 36.591811 43.049189 
210.794291 72.283249 36.591811 43.049189 
210.480565 72.596974 36.591811 43.049189 
210.480565 72.596974 36.591811 43.049189 
210.794291 72.596974 36.591811 43.049189 
210.082629 72.442540 37.387683 43.985509 
210.082629 72.442540 37.387683 43.985509 
210.082629 72.762148 37.387683 43.985509 
210.082629 72.442540 37.387683 43.985509 
210.082629 72.762148 37.387683 43.985509 
210.082629 72.762148 37.387683 43.985509 
210.794132 72.903593 36.603893 43.063403 
210.794132 72.903593 36.603893 43.063403 
211.491537 73.041255 35.836534 42.160628 
211.491537 72.429490 35.836534 42.160628 
211.491537 72.735372 35.836534 42.160628 
211.185655 72.735372 35.836534 42.160628 
210.879772 72.735372 35.836534 42.160628 
211.185655 72.735372 35.836534 42.160628 
210.573890 72.735372 35.836534 42.160628 
210.573890 72.735372 35.836534 42.160628 
210.879772 73.041255 35.836534 42.160628 
210.795932 73.500405 36.615978 43.077622 
210.397734 73.973112 37.412376 44.014560 
209.990874 74.453277 38.226095 44.971877 
209.990874 74.780728 38.226095 44.971877 
209.663423 75.435630 38.226095 44.971877 
209.335972 75.435630 38.226095 44.971877 
209.335972 75.763081 38.226095 44.971877 
209.335972 75.763081 38.226095 44.971877 
209.008521 76.090532 38.226095 44.971877 
208.681070 76.090532 38.226095 44.971877 
208.026168 76.090532 38.226095 44.971877 
208.026168 76.090532 38.226095 44.971877 
208.026168 76.417983 38.226095 44.971877 
207.698717 76.745434 38.226095 44.971877 
207.371266 76.745434 38.226095 44.971877 
207.698717 76.745434 38.226095 44.971877 
207.043815 76.745434 38.226095 44.971877 
207.043815 76.745434 38.226095 44.971877 
207.043815 76.745434 38.226095 44.971877 
207.043815 76.745434 38.226095 44.971877 
207.043815 76.417983 38.226095 44.971877 
206.716364 76.417983 38.226095 44.971877 
206.388913 76.090532 38.226095 44.971877 
206.061462 76.090532 38.226095 44.971877 
206.388913 75.763081 38.226095 44.971877 
206.061462 75.763081 38.226095 44.971877 
206.061462 75.763081 38.226095 44.971877 
206.061462 75.435630 38.226095 44.971877 
206.061462 75.108179 38.226095 44.971877 
206.388913 74.125826 38.226095 44.971877 
206.061462 73.798375 38.226095 44.971877 
205.973204 73.964208 39.057513 45.950015 
205.302616 73.964208 39.057513 45.950015 
205.637910 73.964208 39.057513 45.950015 
205.973204 73.964208 39.057513 45.950015 
205.213160 73.799796 39.907014 46.949428 
205.213160 74.140972 39.907014 46.949428 
205.213160 73.799796 39.907014 46.949428 
205.213160 74.140972 39.907014 46.949428 
204.871983 73.799796 39.907014 46.949428 
204.871983 73.458619 39.907014 46.949428 
205.290286 72.927211 39.070409 45.965187 
205.699819 72.403132 38.251342 45.001579 
205.773316 71.892482 37.449447 44.058173 
206.165858 72.354297 36.664362 43.134544 
206.165858 72.668022 36.664362 43.134544 
206.479584 72.354297 36.664362 43.134544 
206.793309 72.668022 36.664362 43.134544 
206.863897 72.806430 35.895736 42.230277 
206.863897 72.806430 35.895736 42.230277 
206.863897 72.806430 35.895736 42.230277 
206.863897 72.806430 35.895736 42.230277 
206.863897 72.498587 35.895736 42.230277 
206.863897 71.882901 35.895736 42.230277 
206.863897 71.882901 35.895736 42.230277 
207.171740 71.882901 35.895736 42.230277 
207.787426 71.575057 35.895736 42.230277 
208.095269 71.267214 35.895736 42.230277 
208.403113 71.882901 35.895736 42.230277 
208.710956 71.882901 35.895736 42.230277 
208.710956 71.882901 35.895736 42.230277 
208.710956 71.882901 35.895736 42.230277 
208.710956 71.882901 35.895736 42.230277 
209.018799 72.190744 35.895736 42.230277 
209.326642 72.498587 35.895736 42.230277 
209.634485 72.190744 35.895736 42.230277 
209.634485 72.498587 35.895736 42.230277 
209.634485 72.190744 35.895736 42.230277 
210.010742 72.941242 35.143223 41.344968 
209.710742 72.941242 35.143223 41.344968 
210.010742 72.941242 35.143223 41.344968 
209.710742 73.241242 35.143223 41.344968 
210.010742 73.841242 35.143223 41.344968 
209.710742 73.841242 35.143223 41.344968 
209.710742 73.841242 35.143223 41.344968 
209.710742 73.841242 35.143223 41.344968 
209.710742 74.141242 35.143223 41.344968 
209.710742 74.741242 35.143223 41.344968 
209.710742 75.641242 35.143223 41.344968 
210.010742 76.241242 35.143223 41.344968 
209.710742 76.241242 35.143223 41.344968 
210.010742 76.241242 35.143223 41.344968 
210.010742 76.241242 35.143223 41.344968 
210.310742 76.241242 35.143223 41.344968 
210.610742 76.541242 35.143223 41.344968 
210.910742 76.841242 35.143223 41.344968 
211.210742 76.541242 35.143223 41.344968 
210.910742 76.841242 35.143223 41.344968 
211.210742 76.541242 35.143223 41.344968 
211.210742 76.841242 35.143223 41.344968 
211.210742 76.541242 35.143223 41.344968 
211.210742 76.841242 35.143223 41.344968 
211.210742 76.541242 35.143223 41.344968 
210.910742 76.841242 35.143223 41.344968 
211.210742 76.541242 35.143223 41.344968 
210.910742 76.841242 35.143223 41.344968 
210.910742 76.541242 35.143223 41.344968 
210.910742 76.841242 35.143223 41.344968 
210.910742 76.541242 35.143223 41.344968 
210.910742 76.541242 35.143223 41.344968 
210.910742 76.541242 35.143223 41.344968 
210.910742 76.541242 35.143223 41.344968 
210.910742 76.541242 35.143223 41.344968 
210.910742 76.541242 35.143223 41.344968 
210.910742 76.541242 35.143223 41.344968 
210.910742 76.541242 35.143223 41.344968 
210.910742 76.541242 35.143223 41.344968 
210.910742 76.541242 35.143223 41.344968 
210.910742 76.841242 35.143223 41.344968 
210.910742 76.241242 35.143223 41.344968 
211.210742 76.241242 35.143223 41.344968 
210.610742 76.241242 35.143223 41.344968 
210.910742 76.241242 35.143223 41.344968 
211.210742 76.541242 35.143223 41.344968 
210.910742 76.541242 35.143223 41.344968 
211.210742 76.841242 35.143223 41.344968 
210.910742 75.941242 35.143223 41.344968 
211.210742 75.041242 35.143223 41.344968 
211.210742 75.041242 35.143223 41.344968 
211.210742 75.041242 35.143223 41.344968 
211.210742 75.341242 35.143223 41.344968 
210.910742 75.641242 35.143223 41.344968 
211.210742 75.941242 35.143223 41.344968 
210.910742 75.341242 35.143223 41.344968 
210.910742 75.641242 35.143223 41.344968 
211.210742 75.941242 35.143223 41.344968 
210.910742 75.341242 35.143223 41.344968 
210.910742 75.641242 35.143223 41.344968 
211.210742 75.941242 35.143223 41.344968 
210.910742 75.341242 35.143223 41.344968 
211.210742 75.641242 35.143223 41.344968 
210.910742 75.941242 35.143223 41.344968 
211.210742 75.641242 35.143223 41.344968 
211.210742 75.941242 35.143223 41.344968 
211.210742 75.641242 35.143223 41.344968 
211.210742 75.941242 35.143223 41.344968 
211.210742 75.641242 35.143223 41.344968 
211.510742 75.941242 35.143223 41.344968 
211.810742 75.641242 35.143223 41.344968 
212.410742 75.941242 35.143223 41.344968 
212.710742 75.641242 35.143223 41.344968 
213.310742 75.941242 35.143223 41.344968 
213.910742 75.341242 35.143223 41.344968 
215.110742 75.341242 35.143223 41.344968 
215.410742 75.341242 35.143223 41.344968 
216.310742 75.641242 35.143223 41.344968 
217.210742 76.241242 35.143223 41.344968 
218.110742 76.841242 35.143223 41.344968 
218.710742 77.441242 35.143223 41.344968 
219.910742 78.641242 35.143223 41.344968 
220.210742 79.541242 35.143223 41.344968 
220.128559 79.091615 35.907588 42.244221 
220.045907 78.632209 36.688578 43.163033 
219.960644 77.535360 37.486554 44.101829 
219.960644 76.892223 37.486554 44.101829 
219.639076 77.213792 37.486554 44.101829 
219.317507 76.892223 37.486554 44.101829 
218.674370 76.892223 37.486554 44.101829 
218.352801 76.570654 37.486554 44.101829 
217.709664 75.927517 37.486554 44.101829 
217.388095 75.927517 37.486554 44.101829 
216.744958 75.927517 37.486554 44.101829 
216.816321 76.068221 36.700692 43.177284 
216.573564 75.893351 35.931304 42.272122 
216.950193 76.028601 35.178045 41.385935 
216.715005 75.556523 34.440577 40.518326 
217.009123 75.850641 34.440577 40.518326 
216.420888 75.850641 34.440577 40.518326 
216.420888 75.850641 34.440577 40.518326 
216.126770 75.850641 34.440577 40.518326 
215.538535 75.850641 34.440577 40.518326 
215.538535 75.850641 34.440577 40.518326 
215.538535 75.850641 34.440577 40.518326 
215.244417 75.850641 34.440577 40.518326 
214.950299 75.850641 34.440577 40.518326 
214.656182 76.144758 34.440577 40.518326 
214.950299 76.144758 34.440577 40.518326 
214.656182 76.438876 34.440577 40.518326 
214.950299 76.732994 34.440577 40.518326 
214.656182 77.027111 34.440577 40.518326 
215.244417 76.438876 34.440577 40.518326 
215.244417 76.732994 34.440577 40.518326 
215.244417 77.321229 34.440577 40.518326 
215.244417 77.321229 34.440577 40.518326 
215.244417 77.027111 34.440577 40.518326 
215.244417 76.438876 34.440577 40.518326 
215.244417 76.732994 34.440577 40.518326 
215.017185 77.451821 33.718570 39.668906 
214.728950 78.028292 33.718570 39.668906 
214.440715 78.028292 33.718570 39.668906 
214.440715 78.028292 33.718570 39.668906 
214.362261 78.461599 34.451949 40.531705 
214.656378 79.343952 34.451949 40.531705 
214.950496 79.638069 34.451949 40.531705 
214.362261 79.638069 34.451949 40.531705 
214.656378 79.638069 34.451949 40.531705 
214.950496 79.638069 34.451949 40.531705 
214.656378 79.343952 34.451949 40.531705 
214.950496 79.049834 34.451949 40.531705 
214.362261 78.461599 34.451949 40.531705 
214.656378 78.461599 34.451949 40.531705 
214.950496 78.461599 34.451949 40.531705 
214.362261 78.461599 34.451949 40.531705 
214.362261 78.461599 34.451949 40.531705 
214.362261 78.461599 34.451949 40.531705 
214.068143 78.755716 34.451949 40.531705 
213.774025 78.461599 34.451949 40.531705 
214.068143 78.461599 34.451949 40.531705 
213.479908 78.755716 34.451949 40.531705 
213.774025 78.167481 34.451949 40.531705 
213.774025 78.167481 34.451949 40.531705 
213.399361 78.020816 35.201279 41.413269 
213.164416 77.850986 34.463324 40.545088 
212.789628 77.410058 35.212902 41.426943 
212.487667 77.108097 35.212902 41.426943 
212.185706 77.410058 35.212902 41.426943 
212.789628 77.410058 35.212902 41.426943 
212.487667 77.108097 35.212902 41.426943 
212.185706 77.410058 35.212902 41.426943 
212.789628 77.108097 35.212902 41.426943 
212.789628 77.410058 35.212902 41.426943 
212.789628 77.108097 35.212902 41.426943 
212.789628 77.410058 35.212902 41.426943 
212.487667 77.108097 35.212902 41.426943 
212.554805 77.542331 34.474704 40.558475 
213.146962 77.838410 34.474704 40.558475 
213.146962 77.542331 34.474704 40.558475 
213.146962 78.134488 34.474704 40.558475 
213.146962 77.838410 34.474704 40.558475 
213.146962 77.542331 34.474704 40.558475 
213.146962 77.838410 34.474704 40.558475 
213.146962 77.246253 34.474704 40.558475 
213.443040 77.246253 34.474704 40.558475 
214.035197 77.246253 34.474704 40.558475 
214.035197 77.246253 34.474704 40.558475 
214.331276 77.246253 34.474704 40.558475 
214.627354 77.246253 34.474704 40.558475 
215.219511 77.246253 34.474704 40.558475 
215.219511 77.542331 34.474704 40.558475 
215.219511 77.542331 34.474704 40.558475 
215.515589 77.838410 34.474704 40.558475 
215.811668 77.246253 34.474704 40.558475 
215.515589 77.542331 34.474704 40.558475 
215.811668 77.838410 34.474704 40.558475 
215.515589 77.246253 34.474704 40.558475 
215.811668 77.542331 34.474704 40.558475 
215.811668 77.838410 34.474704 40.558475 
215.876951 77.079227 33.751981 39.708213 
215.876951 77.079227 33.751981 39.708213 
215.876951 77.079227 33.751981 39.708213 
215.876951 77.079227 33.751981 39.708213 
215.588715 77.079227 33.751981 39.708213 
215.876951 77.079227 33.751981 39.708213 
215.588715 77.367462 33.751981 39.708213 
215.588715 77.367462 33.751981 39.708213 
215.588715 77.655698 33.751981 39.708213 
215.588715 77.367462 33.751981 39.708213 
215.588715 77.655698 33.751981 39.708213 
215.300480 77.367462 33.751981 39.708213 
215.012245 77.367462 33.751981 39.708213 
214.435774 77.079227 33.751981 39.708213 
214.435774 76.502756 33.751981 39.708213 
214.147539 76.502756 33.751981 39.708213 
213.571068 76.214521 33.751981 39.708213 
213.571068 75.638050 33.751981 39.708213 
213.282833 75.349815 33.751981 39.708213 
213.282833 75.061580 33.751981 39.708213 
212.994598 74.773345 33.751981 39.708213 
212.706362 74.196874 33.751981 39.708213 
212.771913 74.324857 33.044409 38.875776 
212.207207 74.042504 33.044409 38.875776 
211.924854 73.477798 33.044409 38.875776 
211.360148 73.195446 33.044409 38.875776 
211.000790 73.055024 33.763125 39.721324 
210.136084 73.055024 33.763125 39.721324 
209.847849 72.766789 33.763125 39.721324 
209.271379 72.766789 33.763125 39.721324 
208.904205 73.199526 34.497473 40.585262 
208.312048 73.791682 34.497473 40.585262 
208.015969 74.383839 34.497473 40.585262 
207.127734 75.568153 34.497473 40.585262 
207.127734 75.864231 34.497473 40.585262 
206.535577 75.864231 34.497473 40.585262 
206.456496 75.718945 35.247793 41.467992 
206.073176 75.267981 36.014433 42.369921 
206.381019 75.575824 36.014433 42.369921 
206.605048 75.115051 36.797747 43.291467 
206.359387 75.568829 36.026324 42.383911 
206.583287 75.107904 36.809896 43.305761 
206.022067 75.246146 36.038219 42.397905 
206.329910 75.553989 36.038219 42.397905 
206.553681 75.092912 36.822050 43.320059 
206.308274 74.915617 36.050118 42.411904 
206.531915 74.762230 36.834208 43.334363 
206.531915 74.762230 36.834208 43.334363 
207.233695 73.953713 36.062021 42.425907 
208.157225 73.338027 36.062021 42.425907 
208.772911 73.030184 36.062021 42.425907 
209.458754 73.782732 35.306022 41.536497 
210.432750 74.218115 34.565872 40.665732 
211.024907 74.514193 34.565872 40.665732 
211.913142 74.810271 34.565872 40.665732 
212.505299 75.402428 34.565872 40.665732 
212.801378 75.402428 34.565872 40.665732 
213.097456 75.402428 34.565872 40.665732 
213.689613 75.698507 34.565872 40.665732 
213.689613 75.994585 34.565872 40.665732 
213.985691 76.586742 34.565872 40.665732 
214.577848 76.586742 34.565872 40.665732 
214.577848 76.586742 34.565872 40.665732 
214.873927 76.586742 34.565872 40.665732 
215.170005 76.586742 34.565872 40.665732 
215.466084 76.586742 34.565872 40.665732 
215.762162 76.290664 34.565872 40.665732 
216.354319 75.994585 34.565872 40.665732 
216.354319 75.994585 34.565872 40.665732 
217.012714 76.124762 33.841238 39.813221 
217.593106 75.834566 33.841238 39.813221 
217.593106 75.544370 33.841238 39.813221 
217.593106 76.124762 33.841238 39.813221 
217.883303 75.544370 33.841238 39.813221 
218.173499 75.254174 33.841238 39.813221 
218.463695 74.963978 33.841238 39.813221 
219.044087 74.673782 33.841238 39.813221 
219.044087 74.383585 33.841238 39.813221 
219.334283 74.383585 33.841238 39.813221 
219.624479 73.803193 33.841238 39.813221 
219.979200 72.769532 33.131795 38.978583 
220.263514 71.916591 33.131795 38.978583 
220.895113 71.756534 32.437225 38.161441 
221.173544 71.756534 32.437225 38.161441 
221.173544 71.756534 32.437225 38.161441 
220.895113 71.756534 32.437225 38.161441 
220.616682 72.034966 32.437225 38.161441 
220.059819 72.034966 32.437225 38.161441 
220.059819 72.034966 32.437225 38.161441 
220.059819 72.034966 32.437225 38.161441 
220.059819 72.034966 32.437225 38.161441 
220.059819 72.034966 32.437225 38.161441 
220.059819 72.313397 32.437225 38.161441 
219.781387 72.591828 32.437225 38.161441 
219.781387 72.591828 32.437225 38.161441 
219.502956 72.591828 32.437225 38.161441 
219.224525 72.313397 32.437225 38.161441 
219.502956 72.591828 32.437225 38.161441 
219.286098 72.156540 31.757216 37.361430 
219.346426 72.275611 31.091462 36.578191 
219.346426 71.742277 31.091462 36.578191 
219.346426 71.475611 31.091462 36.578191 
219.346426 70.942277 31.091462 36.578191 
219.346426 71.208944 31.091462 36.578191 
219.346426 71.208944 31.091462 36.578191 
219.672324 71.325687 30.439665 35.811371 
219.672324 71.064903 30.439665 35.811371 
219.672324 71.325687 30.439665 35.811371 
219.672324 70.804119 30.439665 35.811371 
219.672324 70.804119 30.439665 35.811371 
219.672324 70.804119 30.439665 35.811371 
219.672324 71.064903 30.439665 35.811371 
219.672324 71.586471 30.439665 35.811371 
219.672324 71.586471 30.439665 35.811371 
219.672324 71.586471 30.439665 35.811371 
219.672324 71.586471 30.439665 35.811371 
219.672324 71.586471 30.439665 35.811371 
219.672324 71.586471 30.439665 35.811371 
219.672324 71.847256 30.439665 35.811371 
219.672324 72.368824 30.439665 35.811371 
219.411540 72.108040 30.439665 35.811371 
219.150756 72.368824 30.439665 35.811371 
218.629187 73.151177 30.439665 35.811371 
218.037371 73.804866 31.101728 36.590268 
217.237371 74.604866 31.101728 36.590268 
217.237371 75.404866 31.101728 36.590268 
216.632473 75.273613 31.778190 37.386106 
216.286886 75.412138 32.469366 38.199254 
216.286886 75.133706 32.469366 38.199254 
216.008454 75.412138 32.469366 38.199254 
215.933781 74.996721 33.175575 39.030088 
215.649468 74.996721 33.175575 39.030088 
215.365154 74.996721 33.175575 39.030088 
215.649468 74.712407 33.175575 39.030088 
215.080840 74.428093 33.175575 39.030088 
215.365154 74.712407 33.175575 39.030088 
215.365154 74.428093 33.175575 39.030088 
215.365154 74.428093 33.175575 39.030088 
215.080840 74.143780 33.175575 39.030088 
214.796526 73.575152 33.175575 39.030088 
214.227899 72.722211 33.175575 39.030088 
214.227899 72.437897 33.175575 39.030088 
214.227899 72.722211 33.175575 39.030088 
214.227899 72.153583 33.175575 39.030088 
214.227899 71.869270 33.175575 39.030088 
213.943585 71.300642 33.175575 39.030088 
213.943585 71.016329 33.175575 39.030088 
213.943585 70.732015 33.175575 39.030088 
213.659271 70.163387 33.175575 39.030088 
214.291329 70.288184 32.480087 38.211867 
214.353352 70.410287 31.799179 37.410799 
214.686668 70.257326 31.132546 36.626524 
215.220002 70.257326 31.132546 36.626524 
215.279664 70.374576 30.479887 35.858691 
215.801233 70.635360 30.479887 35.858691 
215.540448 70.896145 30.479887 35.858691 
215.801233 71.156929 30.479887 35.858691 
215.801233 71.417713 30.479887 35.858691 
215.540448 71.417713 30.479887 35.858691 
215.801233 71.678498 30.479887 35.858691 
215.540448 71.939282 30.479887 35.858691 
215.801233 72.200066 30.479887 35.858691 
215.279664 72.200066 30.479887 35.858691 
215.208980 72.070887 31.142825 36.638618 
214.675646 72.604221 31.142825 36.638618 
214.942313 72.337554 31.142825 36.638618 
214.408980 71.804221 31.142825 36.638618 
214.408980 71.804221 31.142825 36.638618 
214.675646 71.537554 31.142825 36.638618 
214.942313 71.004221 31.142825 36.638618 
214.408980 70.737554 31.142825 36.638618 
214.675646 70.204221 31.142825 36.638618 
214.942313 69.404221 31.142825 36.638618 
215.002083 68.988264 30.489951 35.870531 
215.523652 69.249048 30.489951 35.870531 
216.625598 68.842688 29.850764 35.118546 
216.115794 68.842688 29.850764 35.118546 
216.370696 68.842688 29.850764 35.118546 
216.625598 68.587786 29.850764 35.118546 
216.370696 68.332884 29.850764 35.118546 
216.880500 68.332884 29.850764 35.118546 
216.625598 68.587786 29.850764 35.118546 
216.370696 69.097590 29.850764 35.118546 
216.880500 68.842688 29.850764 35.118546 
216.880500 69.352492 29.850764 35.118546 
216.880500 69.352492 29.850764 35.118546 
216.625598 69.352492 29.850764 35.118546 
216.370696 69.352492 29.850764 35.118546 
216.046069 68.970577 30.500018 35.882375 
215.785285 69.752930 30.500018 35.882375 
215.524501 69.752930 30.500018 35.882375 
215.785285 70.013715 30.500018 35.882375 
215.002932 70.535283 30.500018 35.882375 
215.002932 70.796068 30.500018 35.882375 
215.002932 71.578420 30.500018 35.882375 
215.002932 72.099989 30.500018 35.882375 
215.263716 72.360773 30.500018 35.882375 
215.524501 72.621558 30.500018 35.882375 
215.192813 72.752906 31.163394 36.662816 
214.926146 72.752906 31.163394 36.662816 
214.053911 72.620864 31.841198 37.460233 
214.326460 72.348315 31.841198 37.460233 
214.053911 72.075766 31.841198 37.460233 
214.599009 72.348315 31.841198 37.460233 
214.599009 72.075766 31.841198 37.460233 
214.599009 72.620864 31.841198 37.460233 
214.599009 72.348315 31.841198 37.460233 
214.599009 72.075766 31.841198 37.460233 
214.326460 72.348315 31.841198 37.460233 
214.053911 71.530668 31.841198 37.460233 
214.053911 70.985570 31.841198 37.460233 
213.781362 71.258119 31.841198 37.460233 
213.508813 72.075766 31.841198 37.460233 
212.963715 72.348315 31.841198 37.460233 
212.963715 72.075766 31.841198 37.460233 
212.963715 72.348315 31.841198 37.460233 
212.691166 72.075766 31.841198 37.460233 
211.873519 72.620864 31.841198 37.460233 
211.055872 72.893413 31.841198 37.460233 
210.844531 74.103716 31.173683 36.674922 
210.577864 74.637049 31.173683 36.674922 
210.044531 74.637049 31.173683 36.674922 
209.511197 74.637049 31.173683 36.674922 
209.511197 74.637049 31.173683 36.674922 
209.511197 74.637049 31.173683 36.674922 
209.244531 74.370382 31.173683 36.674922 
208.977864 74.103716 31.173683 36.674922 
208.444531 74.637049 31.173683 36.674922 
208.444531 74.370382 31.173683 36.674922 
208.177864 74.103716 31.173683 36.674922 
207.911197 74.637049 31.173683 36.674922 
208.177864 74.370382 31.173683 36.674922 
207.644531 74.103716 31.173683 36.674922 
207.644531 74.637049 31.173683 36.674922 
207.644531 74.370382 31.173683 36.674922 
207.644531 74.103716 31.173683 36.674922 
207.644531 74.637049 31.173683 36.674922 
207.644531 74.370382 31.173683 36.674922 
207.644531 74.103716 31.173683 36.674922 
207.644531 74.637049 31.173683 36.674922 
207.644531 74.637049 31.173683 36.674922 
207.644531 74.637049 31.173683 36.674922 
207.644531 74.903716 31.173683 36.674922 
207.644531 75.437049 31.173683 36.674922 
207.911197 75.170382 31.173683 36.674922 
208.177864 74.903716 31.173683 36.674922 
208.177864 75.437049 31.173683 36.674922 
208.177864 75.437049 31.173683 36.674922 
208.177864 75.970382 31.173683 36.674922 
208.105517 76.904876 31.851711 37.472601 
208.105517 76.904876 31.851711 37.472601 
207.832968 76.904876 31.851711 37.472601 
208.105517 76.632327 31.851711 37.472601 
208.378066 74.451935 31.851711 37.472601 
208.576777 72.954224 32.544486 38.287630 
209.690502 71.840499 32.544486 38.287630 
210.804228 71.005204 32.544486 38.287630 
212.196385 70.448342 32.544486 38.287630 
213.588541 70.169910 32.544486 38.287630 
214.208102 70.571239 31.862228 37.484974 
214.208102 70.571239 31.862228 37.484974 
214.208102 70.571239 31.862228 37.484974 
214.480651 70.298689 31.862228 37.484974 
215.025749 70.026140 31.862228 37.484974 
215.843396 71.116337 31.862228 37.484974 
216.115945 72.206533 31.862228 37.484974 
215.843396 73.024180 31.862228 37.484974 
216.115945 73.296729 31.862228 37.484974 
215.769443 73.161629 32.555231 38.300272 
216.047875 73.718491 32.555231 38.300272 
216.326306 73.996923 32.555231 38.300272 
215.693836 74.137270 33.263308 39.133303 
215.978150 73.852956 33.263308 39.133303 
215.693836 74.421584 33.263308 39.133303 
215.978150 74.137270 33.263308 39.133303 
215.332098 73.996009 33.986785 39.984452 
215.332098 74.286205 33.986785 39.984452 
215.041902 73.996009 33.986785 39.984452 
214.751706 74.286205 33.986785 39.984452 
214.751706 73.996009 33.986785 39.984452 
214.751706 74.286205 33.986785 39.984452 
214.751706 73.996009 33.986785 39.984452 
214.751706 74.286205 33.986785 39.984452 
214.751706 73.996009 33.986785 39.984452 
214.751706 74.286205 33.986785 39.984452 
214.382099 74.141570 34.725997 40.854114 
214.084060 73.843531 34.725997 40.854114 
214.382099 74.141570 34.725997 40.854114 
213.786021 73.843531 34.725997 40.854114 
214.084060 74.141570 34.725997 40.854114 
214.084060 73.843531 34.725997 40.854114 
214.084060 74.439610 34.725997 40.854114 
214.448056 74.569800 33.998006 39.997655 
214.157860 74.859996 33.998006 39.997655 
214.157860 75.150192 33.998006 39.997655 
214.157860 74.859996 33.998006 39.997655 
214.157860 75.440388 33.998006 39.997655 
214.448056 75.440388 33.998006 39.997655 
214.448056 75.440388 33.998006 39.997655 
214.448056 75.440388 33.998006 39.997655 
214.448056 75.440388 33.998006 39.997655 
214.448056 75.440388 33.998006 39.997655 
214.157860 75.440388 33.998006 39.997655 
213.867663 75.440388 33.998006 39.997655 
214.157860 75.730585 33.998006 39.997655 
213.867663 76.020781 33.998006 39.997655 
213.867663 76.020781 33.998006 39.997655 
213.867663 76.310977 33.998006 39.997655 
213.867663 76.601173 33.998006 39.997655 
213.867663 76.891369 33.998006 39.997655 
213.207739 77.326983 34.737463 40.867604 
211.935852 77.478626 35.493003 41.756474 
211.328008 78.086469 35.493003 41.756474 
211.024087 78.086469 35.493003 41.756474 
