62	61	18	11	
62	61	18	11	
62	61	18	11	
62	61	18	11	
62	61	18	11	
63	61	18	11	
63	61	18	11	
63	61	18	11	
63	61	18	11	
63	61	18	11	
63	61	18	11	
63	61	18	11	
64	61	18	11	
63	61	18	11	
64	61	18	11	
67	62	18	11	
68	63	18	11	
70	63	18	11	
71	64	17	10	
71	64	17	10	
71	63	17	10	
71	63	17	10	
71	63	17	10	
71	63	17	10	
70	63	18	11	
72	63	17	10	
72	63	17	10	
73	63	17	10	
74	63	17	10	
74	64	17	10	
73	64	18	11	
77	65	17	10	
78	65	17	10	
78	65	17	10	
78	64	17	10	
79	65	17	10	
80	65	17	10	
81	65	17	10	
81	64	17	10	
81	64	18	11	
81	64	18	11	
81	64	18	11	
81	64	18	11	
81	64	18	11	
82	64	18	11	
84	64	17	10	
84	64	17	10	
84	64	18	11	
86	64	17	10	
86	64	17	10	
86	65	18	11	
87	64	18	11	
88	64	18	11	
88	64	18	11	
88	64	18	11	
89	64	18	11	
89	64	18	11	
91	64	17	10	
91	64	18	11	
91	64	18	11	
93	64	18	11	
94	64	18	11	
95	64	18	11	
96	64	18	11	
97	64	18	11	
98	64	18	11	
99	64	18	11	
100	64	18	11	
100	64	18	11	
100	64	18	11	
102	64	18	11	
102	65	18	11	
105	65	18	11	
106	65	18	11	
106	65	18	11	
107	65	18	11	
108	65	18	11	
109	65	18	11	
110	65	18	11	
112	65	18	11	
112	65	18	11	
113	65	18	11	
115	65	18	11	
116	65	18	11	
118	65	18	11	
119	65	18	11	
120	65	18	11	
121	65	18	11	
122	65	18	11	
124	65	18	11	
125	65	18	11	
126	65	18	11	
128	66	18	11	
129	66	18	11	
130	66	18	11	
131	66	18	11	
133	66	18	11	
134	67	18	11	
135	66	18	11	
137	66	18	11	
138	66	18	11	
140	66	18	11	
143	66	18	11	
144	66	18	11	
146	66	18	11	
147	66	18	11	
149	66	18	11	
150	66	18	11	
152	67	18	11	
154	67	18	11	
155	66	18	11	
157	66	18	11	
159	66	18	11	
161	66	18	11	
162	66	18	11	
164	66	18	11	
166	67	18	11	
168	67	18	11	
170	67	18	11	
172	67	18	11	
174	67	18	11	
177	67	18	11	
179	67	18	11	
181	67	18	11	
184	67	18	11	
186	67	18	11	
188	67	18	11	
191	67	18	11	
193	67	18	11	
196	67	18	11	
199	68	18	11	
