8	186	169	87	
13	186	169	87	
29	186	162	83	
40	187	156	80	
52	187	153	78	
67	188	147	75	
72	187	144	74	
85	188	138	71	
91	189	135	69	
102	189	130	67	
106	189	128	65	
117	188	125	64	
122	189	123	63	
130	189	120	62	
139	190	116	59	
143	189	113	58	
151	190	109	56	
154	191	107	55	
161	190	105	54	
165	191	103	53	
171	191	100	51	
176	190	100	51	
180	190	99	50	
185	192	97	49	
188	191	95	48	
193	191	93	48	
198	191	91	47	
202	190	89	46	
206	192	87	45	
207	190	87	45	
212	190	86	44	
214	191	84	43	
218	191	82	42	
220	192	81	41	
223	191	81	41	
227	191	79	40	
229	191	78	40	
233	192	76	39	
234	192	75	38	
238	192	73	37	
241	192	72	37	
242	192	72	37	
244	191	72	37	
246	191	70	36	
249	192	69	35	
251	192	67	34	
253	192	66	34	
256	193	65	33	
256	193	64	32	
259	193	64	32	
261	193	64	32	
261	192	64	32	
264	192	62	32	
266	193	61	31	
267	193	60	31	
269	193	59	30	
270	194	58	29	
271	193	58	29	
273	193	58	29	
275	193	56	29	
277	193	55	28	
278	193	55	28	
278	193	55	28	
280	193	54	28	
281	194	53	27	
283	194	53	27	
284	194	52	27	
285	193	51	26	
287	193	51	26	
288	193	51	26	
289	193	51	26	
289	194	50	25	
291	194	49	25	
292	194	48	24	
293	194	47	24	
295	193	47	24	
295	193	47	24	
296	193	46	24	
298	195	45	23	
298	195	45	23	
299	194	44	23	
301	194	44	23	
301	194	44	23	
303	194	43	22	
303	194	43	22	
304	194	43	22	
304	194	43	22	
305	195	42	21	
306	194	42	21	
307	194	42	21	
308	194	42	21	
309	194	41	21	
310	194	41	21	
310	194	40	20	
311	194	39	20	
312	194	39	20	
312	194	39	20	
313	194	39	20	
313	195	38	19	
315	195	37	19	
316	195	37	19	
316	195	36	18	
317	195	36	18	
317	195	36	18	
318	195	36	18	
319	195	36	18	
319	195	36	18	
320	194	36	18	
320	194	36	18	
321	194	36	18	
321	194	36	18	
322	194	35	18	
323	195	35	18	
323	196	34	17	
323	195	34	17	
325	195	33	17	
325	195	33	17	
325	195	32	16	
326	195	32	16	
326	195	32	16	
327	195	32	16	
327	195	32	16	
327	195	32	16	
329	195	32	16	
329	195	32	16	
329	195	32	16	
330	195	32	16	
330	194	32	16	
330	194	32	16	
331	194	32	16	
331	194	32	16	
333	194	31	16	
333	195	31	16	
334	195	31	16	
334	195	31	16	
334	195	31	16	
335	195	31	16	
335	195	31	16	
335	195	31	16	
336	195	31	16	
336	195	31	16	
336	195	31	16	
337	195	31	16	
337	195	31	16	
337	195	31	16	
338	194	31	16	
338	195	31	16	
339	194	31	16	
339	194	31	16	
339	194	31	16	
339	194	31	16	
340	194	31	16	
340	194	31	16	
340	194	31	16	
341	195	30	15	
341	195	30	15	
341	195	30	15	
342	196	30	15	
341	196	30	15	
343	195	29	15	
343	193	29	14	
342	193	28	14	
344	194	27	14	
345	195	27	14	
346	197	27	14	
346	197	27	14	
346	196	27	14	
346	195	27	14	
345	195	27	14	
345	195	27	14	
345	195	27	14	
346	195	26	13	
347	195	26	13	
348	195	26	13	
348	195	26	13	
350	197	26	13	
350	197	26	13	
350	197	26	13	
350	196	26	13	
350	195	26	13	
350	195	26	13	
350	195	26	13	
350	195	26	13	
351	195	26	13	
351	195	26	13	
352	196	26	13	
352	196	26	13	
352	196	26	13	
352	196	26	13	
352	195	26	13	
352	195	26	13	
352	195	26	13	
352	195	26	13	
353	195	26	13	
353	195	26	13	
354	196	26	13	
354	196	26	13	
354	196	26	13	
354	196	26	13	
354	195	26	13	
354	195	26	13	
354	195	26	13	
354	195	26	13	
355	195	26	13	
355	195	26	13	
355	195	26	13	
356	195	26	13	
356	195	26	13	
356	195	26	13	
356	195	26	13	
356	195	26	13	
356	195	26	13	
356	195	26	13	
356	195	26	13	
357	195	26	13	
357	195	26	13	
357	195	26	13	
357	195	26	13	
357	195	26	13	
357	195	26	13	
357	195	26	13	
357	195	26	13	
357	195	26	13	
358	195	26	13	
358	195	26	13	
358	195	26	13	
358	195	26	13	
358	195	26	13	
358	195	26	13	
358	195	26	13	
358	195	26	13	
358	195	26	13	
358	195	26	13	
358	195	26	13	
358	195	26	13	
358	195	26	13	
358	195	26	13	
358	195	26	13	
358	195	26	13	
358	195	26	13	
358	195	26	13	
358	195	26	13	
358	195	26	13	
358	195	26	13	
358	195	26	13	
358	195	26	13	
358	195	26	13	
358	195	26	13	
358	195	26	13	
358	195	26	13	
358	195	26	13	
358	195	26	13	
358	195	26	13	
358	195	26	13	
358	195	26	13	
358	195	26	13	
358	195	26	13	
358	195	26	13	
358	195	26	13	
358	195	26	13	
358	195	26	13	
358	195	26	13	
358	195	26	13	
358	195	26	13	
358	195	26	13	
358	195	26	13	
358	195	26	13	
358	195	26	13	
358	195	26	13	
358	195	26	13	
358	195	26	13	
358	195	26	13	
358	195	26	13	
358	195	26	13	
358	195	26	13	
358	195	26	13	
358	195	26	13	
358	195	26	13	
358	195	26	13	
358	195	26	13	
358	195	26	13	
358	195	26	13	
358	195	26	13	
358	195	26	13	
358	195	26	13	
358	195	26	13	
358	195	26	13	
358	195	26	13	
358	195	26	13	
358	195	26	13	
358	195	26	13	
358	195	26	13	
358	195	26	13	
358	195	26	13	
358	195	26	13	
358	195	26	13	
358	195	26	13	
358	195	26	13	
358	195	26	13	
358	195	26	13	
358	195	26	13	
358	195	26	13	
358	195	26	13	
358	195	26	13	
358	195	26	13	
358	195	26	13	
358	195	26	13	
358	195	26	13	
358	195	26	13	
358	195	26	13	
358	195	26	13	
358	195	26	13	
358	195	26	13	
358	195	26	13	
358	195	26	13	
358	195	26	13	
358	195	26	13	
358	195	26	13	
358	195	26	13	
358	195	26	13	
358	195	26	13	
358	195	26	13	
358	195	26	13	
358	195	26	13	
358	195	26	13	
358	195	26	13	
358	195	26	13	
358	195	26	13	
358	195	26	13	
358	195	26	13	
358	195	26	13	
