7	129	72	94	
7	129	72	94	
8	129	72	94	
8	129	72	94	
8	129	72	94	
8	129	72	94	
8	129	72	94	
9	129	72	94	
9	129	72	94	
9	129	72	94	
8	129	72	94	
8	129	72	94	
8	129	72	94	
8	129	72	94	
8	129	72	94	
8	129	72	94	
8	129	72	94	
8	129	72	94	
8	129	72	94	
8	129	72	94	
8	129	72	94	
8	129	72	94	
8	129	72	94	
8	129	72	94	
8	129	72	94	
8	129	72	94	
8	129	72	94	
8	129	72	94	
8	129	72	94	
8	129	72	94	
8	129	72	94	
8	129	72	94	
8	129	72	94	
8	129	72	94	
8	129	72	94	
8	129	72	94	
8	129	72	94	
8	129	72	94	
8	129	72	94	
8	129	72	94	
8	129	72	94	
8	129	72	94	
8	129	72	94	
8	129	72	94	
8	129	72	94	
8	129	72	94	
8	129	72	94	
8	129	72	94	
8	129	72	94	
8	129	72	94	
8	129	72	94	
8	129	72	94	
8	129	72	94	
8	129	72	94	
8	129	72	94	
8	129	72	94	
8	129	72	94	
8	129	72	94	
8	129	72	94	
8	129	72	94	
8	129	72	94	
8	129	72	94	
8	129	72	94	
8	129	72	94	
8	129	72	94	
8	129	72	94	
8	129	72	94	
8	129	72	94	
8	129	72	94	
8	129	72	94	
8	129	72	94	
8	129	72	94	
8	129	72	94	
8	129	72	94	
8	129	72	94	
8	129	72	94	
8	129	72	94	
8	129	72	94	
8	129	72	94	
8	129	72	94	
8	129	72	94	
8	129	72	94	
8	129	72	94	
8	129	72	94	
8	129	72	94	
8	129	72	94	
8	129	72	94	
8	129	72	94	
9	129	72	94	
9	129	72	94	
9	129	72	94	
9	129	72	94	
9	129	72	94	
9	129	72	94	
9	129	72	94	
9	129	72	94	
9	129	72	94	
9	129	72	94	
9	129	72	94	
9	129	72	94	
9	129	72	94	
9	129	72	94	
9	129	72	94	
9	129	72	94	
9	129	72	94	
9	129	72	94	
9	129	72	94	
9	129	72	94	
9	129	72	94	
9	129	72	94	
9	129	72	94	
9	129	72	94	
9	129	72	94	
9	129	72	94	
9	129	72	94	
9	129	72	94	
9	129	72	94	
9	129	72	94	
9	129	72	94	
10	130	72	94	
10	130	72	94	
10	130	72	94	
10	130	72	94	
10	130	72	94	
10	130	72	94	
10	130	72	94	
10	130	72	94	
10	130	72	94	
10	130	72	94	
10	130	73	95	
10	129	73	95	
10	130	73	95	
10	130	73	95	
10	130	73	95	
10	130	73	95	
10	130	73	95	
10	130	73	95	
10	130	73	95	
10	130	73	95	
10	130	73	95	
10	130	73	95	
10	130	73	95	
10	130	73	95	
10	130	73	95	
10	130	73	95	
10	130	73	95	
10	130	73	95	
10	130	73	95	
10	130	73	95	
10	130	73	95	
10	130	73	95	
10	130	73	95	
10	130	73	95	
10	130	73	95	
10	130	73	95	
10	130	73	95	
10	130	73	95	
10	130	73	95	
10	130	73	95	
11	130	73	95	
11	130	73	95	
11	130	73	95	
11	130	73	95	
11	130	73	95	
11	130	73	95	
11	130	73	95	
11	130	73	95	
11	130	73	95	
11	130	73	95	
11	130	73	95	
11	130	73	95	
11	130	73	95	
11	130	73	95	
11	130	73	95	
11	130	73	95	
11	130	73	95	
11	130	73	95	
11	130	73	95	
11	130	73	95	
11	130	73	95	
11	130	73	95	
11	130	73	95	
11	130	73	95	
11	130	73	95	
11	130	73	95	
11	130	73	95	
11	130	73	95	
11	130	73	95	
11	130	73	95	
11	130	73	95	
11	130	73	95	
11	130	73	95	
11	130	73	95	
11	130	73	95	
11	130	73	95	
11	130	73	95	
11	130	73	95	
11	130	73	95	
11	130	73	95	
11	130	73	95	
11	130	73	95	
11	130	73	95	
11	130	73	95	
12	130	73	95	
12	130	73	95	
12	130	73	95	
12	130	73	95	
12	130	73	95	
12	130	73	95	
12	130	73	95	
12	130	73	95	
12	130	73	95	
12	130	73	95	
12	130	73	95	
12	130	73	95	
12	130	73	95	
12	130	73	95	
12	130	73	95	
12	130	73	95	
12	130	73	95	
12	130	73	95	
12	130	73	95	
12	130	73	95	
12	130	73	95	
12	130	73	95	
12	130	73	95	
12	130	73	95	
12	130	73	95	
12	130	73	95	
12	130	73	95	
12	130	73	95	
12	130	73	95	
12	130	73	95	
12	130	73	95	
12	130	73	95	
12	130	73	95	
12	130	73	95	
12	130	73	95	
12	130	73	95	
12	130	73	95	
12	130	73	95	
12	130	73	95	
12	130	73	95	
12	130	73	95	
12	130	73	95	
12	130	73	95	
13	130	73	95	
13	130	73	95	
13	130	73	95	
13	130	73	95	
13	130	73	95	
13	130	73	95	
13	130	73	95	
13	130	73	95	
13	130	73	95	
13	130	73	95	
13	130	73	95	
13	130	73	95	
13	130	73	95	
13	130	73	95	
13	130	73	95	
13	130	73	95	
13	130	73	95	
13	130	73	95	
13	130	73	95	
13	130	73	95	
13	130	73	95	
13	130	73	95	
13	130	73	95	
13	130	73	95	
13	130	73	95	
13	130	73	95	
13	130	73	95	
13	130	73	95	
13	130	73	95	
13	130	73	95	
13	130	73	95	
13	130	73	95	
13	130	73	95	
13	130	73	95	
13	130	73	95	
13	130	73	95	
13	130	73	95	
13	130	73	95	
13	130	73	95	
13	130	73	95	
13	130	73	95	
13	130	73	95	
13	130	73	95	
13	130	73	95	
13	130	73	95	
13	130	73	95	
13	130	73	95	
13	130	73	95	
13	130	73	95	
13	130	73	95	
13	130	73	95	
13	130	73	95	
13	130	73	95	
13	130	73	95	
13	130	73	95	
13	130	73	95	
13	130	73	95	
13	130	73	95	
13	130	73	95	
13	130	73	95	
13	130	73	95	
13	130	73	95	
13	130	73	95	
13	130	73	95	
13	130	73	95	
13	130	73	95	
13	130	73	95	
13	130	73	95	
13	130	73	95	
13	130	73	95	
13	130	73	95	
13	130	73	95	
14	130	73	95	
13	130	73	95	
13	130	73	95	
14	130	73	95	
14	130	73	95	
14	130	73	95	
14	130	73	95	
14	130	73	95	
14	130	73	95	
14	130	73	95	
14	130	73	95	
14	130	73	95	
14	130	73	95	
14	130	73	95	
14	130	73	95	
14	130	73	95	
14	130	73	95	
14	130	73	95	
14	130	73	95	
14	130	73	95	
14	130	73	95	
14	130	73	95	
14	130	73	95	
14	130	73	95	
14	130	73	95	
14	130	73	95	
14	130	73	95	
14	130	73	95	
14	130	73	95	
14	130	73	95	
14	130	73	95	
14	130	73	95	
14	130	73	95	
14	130	73	95	
14	130	73	95	
14	130	73	95	
14	130	73	95	
14	130	73	95	
14	130	73	95	
14	130	73	95	
14	130	73	95	
14	130	73	95	
14	130	73	95	
14	130	73	95	
14	130	73	95	
14	130	73	95	
14	130	73	95	
14	130	73	95	
14	130	73	95	
14	130	73	95	
14	130	73	95	
14	130	73	95	
14	130	73	95	
14	130	73	95	
14	130	73	95	
14	130	73	95	
14	130	73	95	
14	130	73	95	
14	130	73	95	
14	130	73	95	
14	130	73	95	
14	130	73	95	
14	130	73	95	
14	130	73	95	
14	130	73	95	
14	130	73	95	
14	130	73	95	
14	130	73	95	
14	130	73	95	
14	130	73	95	
14	130	73	95	
14	130	73	95	
14	130	73	95	
14	130	73	95	
14	130	73	95	
14	130	73	95	
14	130	73	95	
14	130	73	95	
14	130	73	95	
14	130	73	95	
14	130	73	95	
14	130	73	95	
14	130	73	95	
14	130	73	95	
14	130	73	95	
14	130	73	95	
14	130	73	95	
14	130	73	95	
14	130	73	95	
14	130	73	95	
14	130	73	95	
14	130	73	95	
14	130	73	95	
14	130	73	95	
14	130	73	95	
14	130	73	95	
14	130	73	95	
14	130	73	95	
14	130	73	95	
14	130	73	95	
14	130	73	95	
14	130	73	95	
14	130	73	95	
14	130	73	95	
14	130	73	95	
14	130	73	95	
14	130	73	95	
14	130	73	95	
14	130	73	95	
14	130	73	95	
14	130	73	95	
14	130	73	95	
14	130	73	95	
14	130	73	95	
14	130	73	95	
14	130	73	95	
14	130	73	95	
14	130	73	95	
14	130	73	95	
14	130	73	95	
14	130	73	95	
14	130	73	95	
14	130	73	95	
14	130	73	95	
14	130	73	95	
14	130	73	95	
14	130	73	95	
14	130	73	95	
14	130	73	95	
14	130	73	95	
14	130	73	95	
14	130	73	95	
14	130	73	95	
14	130	73	95	
14	130	73	95	
14	130	73	95	
14	130	73	95	
14	130	73	95	
14	130	73	95	
14	130	73	95	
14	130	73	95	
14	130	73	95	
14	130	73	95	
14	130	73	95	
14	130	73	95	
14	130	73	95	
14	130	73	95	
14	130	73	95	
14	130	73	95	
14	130	73	95	
14	130	73	95	
14	130	73	95	
14	130	73	95	
14	130	73	95	
14	130	73	95	
14	130	73	95	
14	130	73	95	
14	130	73	95	
14	130	73	95	
14	130	73	95	
14	130	73	95	
14	130	73	95	
14	130	73	95	
14	130	73	95	
14	130	73	95	
14	130	73	95	
14	130	73	95	
14	130	73	95	
14	130	73	95	
14	130	73	95	
14	130	73	95	
14	130	73	95	
14	130	73	95	
14	130	73	95	
14	130	73	95	
14	130	73	95	
14	130	73	95	
14	130	73	95	
14	130	73	95	
14	130	73	95	
14	130	73	95	
14	130	73	95	
14	130	73	95	
