114	182	11	39	
115	182	11	39	
116	182	11	39	
116	182	11	39	
117	182	11	39	
117	182	11	39	
117	182	11	39	
118	182	11	39	
119	182	11	39	
120	182	11	39	
121	182	11	39	
122	182	11	39	
124	182	11	39	
124	182	11	39	
125	182	11	39	
126	183	11	39	
126	183	11	39	
127	183	11	39	
127	183	11	39	
127	183	10	38	
128	184	10	38	
129	185	10	37	
130	185	10	37	
130	185	10	37	
130	185	10	37	
131	185	10	37	
132	185	10	37	
133	184	10	38	
134	184	10	38	
135	184	10	38	
136	184	10	38	
136	184	10	38	
137	184	10	38	
137	184	10	38	
138	184	10	38	
139	184	10	38	
140	184	10	38	
142	184	10	38	
142	184	10	38	
144	184	10	38	
145	184	10	38	
146	184	10	38	
146	184	10	38	
147	184	10	38	
148	184	11	39	
148	184	11	39	
148	184	11	39	
149	183	11	39	
149	183	11	39	
149	183	11	39	
149	183	11	39	
149	183	11	39	
149	183	11	39	
149	183	11	39	
149	183	11	39	
150	183	11	39	
150	183	11	39	
150	183	11	39	
150	183	11	39	
150	183	11	39	
150	183	11	39	
150	183	11	39	
150	183	11	39	
150	183	11	39	
150	183	11	39	
150	183	11	39	
151	183	11	39	
151	183	11	39	
151	183	11	39	
151	183	11	39	
151	183	11	39	
151	183	11	39	
151	183	11	39	
152	183	11	39	
152	183	11	39	
152	183	11	39	
153	183	11	39	
153	183	11	39	
154	183	11	39	
155	183	11	39	
156	183	11	39	
156	183	11	39	
157	183	11	39	
158	183	11	39	
158	183	11	39	
159	183	11	39	
160	183	11	39	
160	183	11	39	
161	183	11	39	
161	183	11	39	
161	183	11	39	
162	183	11	39	
162	183	11	39	
162	183	11	39	
162	183	11	39	
162	183	11	39	
162	183	11	39	
162	183	11	39	
162	183	11	39	
162	183	11	39	
162	183	11	39	
162	183	11	39	
162	183	11	39	
162	183	11	39	
162	183	11	39	
162	183	11	39	
162	183	11	39	
162	183	11	39	
162	183	11	39	
162	183	11	39	
162	183	11	39	
162	183	11	39	
162	183	11	39	
163	183	11	39	
163	183	11	39	
163	183	11	39	
164	183	11	39	
164	183	11	39	
165	183	11	39	
166	183	11	39	
167	183	11	39	
167	183	11	39	
168	183	11	39	
168	183	11	39	
169	183	11	39	
170	183	11	39	
170	183	11	39	
171	183	11	39	
171	183	11	39	
172	183	11	39	
173	183	11	39	
174	183	11	39	
175	183	11	39	
176	183	11	39	
177	183	11	39	
178	183	11	39	
179	183	11	39	
180	182	11	39	
181	182	11	39	
182	182	11	39	
183	182	11	39	
183	182	11	39	
184	182	11	39	
185	183	11	39	
186	183	11	39	
187	182	11	39	
188	182	11	39	
189	182	11	39	
191	182	11	39	
192	182	11	39	
193	182	11	39	
194	182	11	39	
195	182	11	39	
196	182	11	39	
196	182	11	39	
197	182	11	39	
198	182	11	39	
199	182	11	39	
200	182	11	39	
201	182	11	39	
202	182	11	39	
203	182	11	39	
205	182	11	39	
207	181	11	39	
208	181	11	39	
209	181	11	39	
210	181	11	39	
211	181	11	39	
212	181	11	39	
213	181	11	39	
214	181	11	39	
215	181	11	39	
216	181	11	39	
217	181	11	39	
218	181	11	39	
219	181	11	39	
220	181	11	39	
221	181	11	39	
222	180	11	39	
223	180	11	39	
224	180	11	39	
225	180	11	39	
226	180	11	39	
228	181	11	39	
229	181	11	39	
231	181	11	39	
232	181	11	39	
234	180	11	39	
235	180	11	39	
236	180	11	39	
237	180	11	39	
238	180	11	39	
239	180	11	39	
240	180	11	39	
241	180	11	39	
242	180	11	39	
243	180	11	39	
244	180	11	39	
245	180	11	39	
246	180	11	39	
247	180	11	39	
248	180	11	39	
249	180	11	39	
250	180	11	39	
251	180	11	39	
252	180	11	39	
254	180	11	39	
255	180	11	39	
256	180	11	39	
257	180	11	39	
258	180	11	39	
259	180	11	39	
260	180	11	39	
261	180	11	39	
263	180	11	39	
263	180	11	39	
265	180	11	39	
266	180	11	39	
267	180	11	39	
268	180	11	39	
269	180	11	39	
270	180	11	39	
271	180	11	39	
272	180	11	39	
273	180	11	39	
275	180	11	39	
276	179	11	39	
277	179	11	39	
278	179	11	39	
279	179	11	39	
280	179	11	39	
281	179	11	39	
282	179	11	39	
283	179	11	39	
284	179	11	39	
285	179	11	39	
286	179	11	39	
287	179	11	39	
289	179	11	39	
290	179	11	39	
291	179	11	39	
292	178	11	39	
293	178	11	39	
294	178	11	39	
295	178	11	39	
296	178	11	39	
297	179	11	39	
298	179	11	39	
299	179	11	39	
300	179	11	39	
301	178	11	39	
302	178	11	39	
303	178	11	39	
304	178	11	39	
305	178	11	39	
306	178	11	39	
307	178	11	39	
308	178	11	39	
309	178	11	39	
310	178	11	39	
312	178	11	39	
313	178	11	39	
314	178	11	39	
314	178	11	39	
314	178	11	39	
314	178	11	39	
315	178	11	39	
315	178	11	39	
315	178	11	39	
315	178	11	39	
315	178	11	39	
315	178	11	39	
315	178	11	39	
315	178	11	39	
315	178	11	39	
315	178	11	39	
315	178	11	39	
315	178	11	39	
315	178	11	39	
315	178	11	39	
315	178	11	39	
315	178	11	39	
315	178	11	39	
315	178	11	39	
315	178	11	39	
315	178	11	39	
315	178	11	39	
315	178	11	39	
315	178	11	39	
315	178	11	39	
315	178	11	39	
315	178	11	39	
315	178	11	39	
315	178	11	39	
315	178	11	39	
315	178	11	39	
315	178	11	39	
315	178	11	39	
315	178	11	39	
315	178	11	39	
315	178	11	39	
315	178	11	39	
315	178	11	39	
315	178	11	39	
315	178	11	39	
315	178	11	39	
315	178	11	39	
315	178	11	39	
315	178	11	39	
315	178	11	39	
315	178	11	39	
315	178	11	39	
315	178	11	39	
315	178	11	39	
315	178	11	39	
315	178	11	39	
315	178	11	39	
315	178	11	39	
315	178	11	39	
315	178	11	39	
315	178	11	39	
315	178	11	39	
315	178	11	39	
315	178	11	39	
315	178	11	39	
315	178	11	39	
315	178	11	39	
315	178	11	39	
315	178	11	39	
315	178	11	39	
315	178	11	39	
315	178	11	39	
315	178	11	39	
315	178	11	39	
315	178	11	39	
315	178	11	39	
315	178	11	39	
315	178	11	39	
315	178	11	39	
315	178	11	39	
315	178	11	39	
315	178	11	39	
315	178	11	39	
315	178	11	39	
315	178	11	39	
315	178	11	39	
315	178	11	39	
315	178	11	39	
315	178	11	39	
315	178	11	39	
315	178	11	39	
315	178	11	39	
315	178	11	39	
315	178	11	39	
315	178	11	39	
315	178	11	39	
315	178	11	39	
315	178	11	39	
315	178	11	39	
315	178	11	39	
315	178	11	39	
315	178	11	39	
315	178	11	39	
