214.0	61.0	19.0	21.0	
213.523421123	59.1265303025	19.7449248656	21.3514152263	
214.067614524	59.323559188	20.3314918176	21.3146935379	
213.754288113	60.0891450117	20.6860996627	21.3589075056	
213.821843318	60.1459759681	21.0284951075	21.3889703191	
214.385827516	59.7376754787	21.2221748156	21.4269794761	
214.742212326	59.866114813	21.468372757	21.4388803733	
214.058964652	59.9501031538	21.3858472997	21.4765121759	
214.434799503	60.031762481	21.5404107502	21.541148268	
214.529303951	59.6657629825	21.3830458267	21.3771558459	
213.997254127	59.6558450006	21.2655227551	21.4864450607	
214.26345994	59.7263757377	21.334856595	21.5333965749	
214.398117432	59.8050164327	21.3397536168	21.5782345554	
213.070376514	59.8616183925	21.0546409653	21.5369171159	
213.853363328	60.256373513	21.172039538	21.2754207129	
213.393669156	59.8640244263	21.063852898	21.4328740764	
212.629927953	59.5243514748	21.0415070409	21.5281305212	
211.960335243	59.9562175082	21.3300069776	21.8215612783	
210.795142682	59.6795973009	21.2734921832	21.9699783342	
209.227099248	59.4280515201	21.1408188343	22.32182275	
207.658215622	59.1480246294	21.2010319418	22.6858877256	
206.000888254	59.7366005845	20.9883439861	22.7939570749	
204.521527863	59.7620313931	20.5792248307	22.8570434159	
202.499012001	60.2272264096	20.2427148687	23.0765522645	
200.694187379	60.0449847696	19.9185908041	22.9818533095	
199.314310371	60.3032462144	19.3362213174	22.8973510091	
196.513180185	60.704119924	19.4524871368	22.566232294	
194.544774041	62.1079394776	19.3850568407	22.2801599575	
193.568313183	61.643272287	19.2980419086	21.9144306629	
193.010357839	61.5183686999	19.4194888866	21.568199601	
192.246992655	61.7404227815	19.6080622314	21.4514228127	
191.161227144	62.1590100428	19.5916649986	21.4527861889	
188.789594433	62.2962003585	19.5477305929	21.4875544628	
183.852695952	61.0343393967	19.6415454709	21.8469832942	
182.165242527	61.2401113716	19.4557202097	21.6975015438	
178.871068961	61.9217354294	19.7845203064	21.4613161421	
176.0075429	62.4532734378	20.0773537821	21.5952292225	
174.518917702	63.5023591031	20.1123312629	21.7253447981	
174.005478427	64.1683354299	19.9770160007	21.8990634228	
174.073819795	64.1909437157	20.0185640797	22.0926150096	
174.323423807	66.1844467833	20.0992494427	22.2233385538	
174.522390548	66.2466402659	20.2236182225	22.3750031683	
175.134605353	66.7963371567	20.2551862359	22.0082717284	
174.005329355	66.6167715339	20.5826830175	21.7033308958	
170.919953471	67.451440225	20.7013131488	21.8447003216	
167.709717595	66.8485094613	20.5963694709	22.091168512	
163.804039103	66.452877535	20.3485583657	22.2081398305	
160.754726871	65.297504253	20.372779775	22.3802296045	
159.89453785	65.6740164335	20.4402363786	22.3369581555	
156.884116292	66.0129414169	20.4255265628	22.2599522631	
153.908679546	65.241540319	20.7190769128	22.4672051842	
152.229383397	65.9521377235	20.6905743135	22.385930096	
149.481920896	65.5213743281	20.2314391451	22.688961915	
147.780452844	66.4554722058	20.1272985364	22.5506226326	
146.132276467	66.8091936217	20.2758122901	22.6469172325	
143.312186499	66.5864593722	20.4573239469	22.8116154608	
140.42554013	67.6690351247	20.7375819071	22.6917698581	
139.44596481	68.2199320241	20.7303348945	22.783668559	
138.61566871	68.2704943175	20.5661178064	22.9890486411	
138.319780258	68.5515557846	20.2725755984	23.2892954442	
138.552038298	69.1363040384	20.074199181	23.2496057208	
138.151401633	69.1910899407	19.9793399391	23.2405949709	
138.700679639	69.3691953866	19.9375441652	23.1940408215	
138.746389066	69.4282558011	19.8295751081	23.1525227877	
139.13588621	69.0201894426	19.8439386359	22.9797539603	
138.799926425	69.2754879867	19.8234992153	22.8316704117	
139.298969104	69.5397616343	19.7099091605	22.7812529298	
139.398951036	69.1798754204	19.7995785472	22.9315899034	
139.261670364	69.1923003766	20.0059940006	22.9172961295	
139.324496591	69.3246303775	20.2355131073	22.7708808453	
139.547818118	69.3043031549	20.3097238429	22.7394128144	
140.425785883	69.1791303111	20.1970868071	22.6008853896	
141.267829632	69.0246117646	20.0091743649	22.3412047438	
142.664411286	69.324432958	19.964295317	21.8605644165	
143.704427913	69.0829730488	20.0754960792	21.4970505276	
144.259702433	69.6754811717	19.9329581959	21.026799502	
147.369454111	69.8322103016	19.8209444929	20.6450001285	
151.23662631	70.062181442	19.8889351674	20.3969837344	
155.388003351	69.4560761009	19.7193896749	20.7985084829	
159.541457378	68.3804290486	19.7744042462	21.3473139672	
163.729744612	67.8429692608	19.453267137	21.8371016406	
167.77874516	66.8823027777	19.2588050261	22.4328432975	
170.678099878	66.219124817	19.349389499	22.7174858449	
174.089372968	66.0509206787	19.4546945805	22.6564538919	
178.014372661	65.5155915715	19.5383519205	22.3111250999	
181.585674968	65.8858486644	19.5829332198	22.0661018827	
185.175589849	66.2126463675	19.4225734886	21.6175769547	
188.264491076	65.2493496659	19.6415112685	21.767080663	
191.127983529	65.0892330791	19.5880253898	21.8826875809	
193.771743688	64.3550438692	19.2853795831	22.0756805188	
197.033571487	64.3071674145	18.9633884093	22.1598488623	
199.219584729	63.861805606	18.8576464504	22.4704453039	
201.915910085	63.4092800185	18.7504998681	22.5029755152	
204.779636937	62.6634089557	18.8813615494	22.5933514388	
206.879249733	62.5775390323	19.0445955729	22.5150902131	
209.46226528	62.2306677564	19.2744746304	22.3093473001	
211.278157627	62.6389884526	19.5578700038	21.8028939258	
213.390077594	61.6817179973	19.8083021246	21.845299565	
215.236505042	62.3182370583	20.1261396551	21.7908280127	
217.336183939	61.6443568464	20.3920384436	22.0679339914	
219.175205837	61.509112629	20.4861008451	22.4305957562	
221.450720194	61.7815757657	20.1714510092	22.5184787077	
223.446666296	60.9950420191	19.7693371983	22.4460951759	
225.385895874	61.8458451684	19.6180746284	22.409641491	
226.545451506	60.961259303	19.3523461988	22.5240510954	
227.917710565	61.2779618914	19.1665304045	22.5175498726	
229.756282463	61.5328269637	18.8225487153	22.6181031653	
230.471976586	61.2512240623	18.8847597325	22.8166385889	
231.247545255	61.4665188737	19.2380664351	22.7670916419	
231.97890704	61.6914283259	19.4734779005	22.8600398729	
232.199267555	61.4329002228	19.4169462521	23.0289670046	
232.860754489	61.2481689919	19.3682063194	23.1580128099	
233.250355722	61.2727198817	19.4716904702	23.1801715057	
234.725365147	62.0114971088	19.6943017709	23.0982955451	
235.137789699	61.980183406	19.7007214497	22.9484804035	
235.96308694	62.2866033553	19.8139230171	22.7179161745	
235.885293742	62.1348584759	19.7082640295	22.8201140806	
236.029990906	62.1279264987	19.630036734	22.8244372593	
236.39224826	62.3159160808	19.6396105028	22.8492338941	
237.196757299	62.7208547331	19.5264628363	22.7790930992	
237.48720558	63.5105956976	19.406646132	22.6037402234	
236.889942931	63.4589804197	19.1305358881	22.5389018986	
237.374492231	63.5622025966	18.9711877421	22.5298607976	
237.379090324	62.9888042801	18.8351273011	22.5017799847	
237.726558559	63.3444458512	18.7616068153	22.5208754639	
238.198672804	62.7063083893	18.8882012751	22.4419334842	
237.787061805	62.8529471836	18.9570993983	22.3517618857	
238.305048286	63.2391857393	18.8998180838	21.9537894336	
238.695911718	63.2295820315	19.0953225223	21.7668600082	
238.306584414	63.3169524746	19.2844285762	21.6158359868	
239.030204563	63.1794504775	19.3775335732	21.6044090467	
239.183108465	63.7342544758	19.4561581208	21.7254849136	
239.096114181	62.417872412	19.3298102113	21.7940504091	
239.865436914	62.7471653287	19.3288509639	21.8770900922	
240.698434885	61.8869603961	19.4891487081	21.9764597856	
242.802304647	61.6160898419	19.752377947	21.9074509527	
243.456307184	61.3170652028	20.2167452001	21.9398524306	
243.762273716	60.8576585317	20.2534892494	22.1202356866	
244.940976633	60.0466204192	20.3330212786	22.2330733002	
245.841348488	59.8567472366	20.5603595504	22.1776378606	
246.14531804	60.1191946566	20.4541124873	21.9337387983	
247.214875348	59.4921405285	20.536714816	21.7931050729	
247.797525048	59.4899564165	20.5234064861	21.5818135995	
247.795646021	59.247292265	20.2375219294	21.2272103281	
248.06456983	58.6467812004	20.1715880668	21.2099190755	
248.492804233	59.5331514456	19.9548948954	20.6981388807	
248.551013574	60.1663710549	19.9282969537	20.136051782	
248.538017733	59.7428542719	19.9743523969	19.743916633	
248.685169146	60.2236608947	19.8900740834	19.426157526	
248.566296682	59.9151640261	19.9508354689	19.4598334411	
248.782650094	58.3920861805	19.916136249	19.9627113608	
248.875010379	57.1864770915	19.9931224086	20.5998798883	
248.267081198	56.1368520955	20.1008887069	21.0757628074	
247.387463475	54.5782209836	20.3095539006	21.5026837682	
246.527974831	53.6740619067	20.3840416555	21.7095935623	
245.569906835	52.6048462636	20.4816619973	21.8531406177	
244.957649265	51.7626269138	20.409097581	22.0743756787	
244.427697225	51.1375092394	20.2860958145	22.1408868827	
243.551504632	51.3842406918	20.0588738424	22.0366321293	
243.847530184	51.0332336677	19.9823875925	22.1398496237	
243.766143075	51.3021939806	19.8412385638	21.9703906613	
244.074830757	50.7365812946	19.7003721052	22.1691468764	
244.728634803	51.3004213689	19.6569786179	22.2933669461	
244.949511908	51.1547530397	19.7355801105	22.2186600551	
245.711219883	51.6072136554	19.7757621778	22.2074765405	
246.034783872	53.9309951023	19.7101259528	21.9863688505	
246.262645054	57.087659816	19.5287475494	21.8160974721	
244.137496146	59.367534409	19.9084992983	21.3341347679	
242.427357735	61.7028697338	20.3624627547	20.9711587111	
239.83784393	63.9270476422	20.2160327362	21.2547450907	
239.026443623	65.4478873313	19.7946622533	21.7696408819	
237.256249481	68.0480907865	19.899687657	22.0961557325	
235.090991879	69.2757108948	20.1968066231	22.656926028	
233.296856534	71.9282003862	19.9363188686	23.0343788001	
231.533209743	74.4201458563	19.8026273519	22.9478100384	
229.481684114	77.672869512	19.7609829244	22.8162960554	
227.895002922	79.7554452578	20.1559939288	23.3017999536	
225.076911266	82.4274656951	20.3860415658	23.6664179151	
222.669295669	84.5963210834	20.5161183109	24.1075895532	
220.520869214	87.5833345323	20.8323648706	23.8210443533	
218.308984058	89.9239092641	21.3599298364	23.5683855245	
216.069592556	92.5185815817	21.9361741885	23.8640049989	
212.4067125	94.5974197905	22.0211019996	24.3387459561	
211.000117563	96.4572072771	22.0374922224	24.7552026588	
207.169847957	99.1066888595	22.1177857296	25.0012973513	
205.318711423	100.637480119	22.1701767989	25.114177009	
203.008873675	103.119689181	21.5950869294	25.3624408168	
200.474232823	105.763549005	21.1956918312	25.1318816983	
197.57886673	108.066214652	21.2173146626	25.0671208167	
194.712916879	109.738673876	21.7497765556	25.3122322055	
191.877456282	112.126461113	22.1476047633	25.9192798094	
189.25923431	114.037617391	22.4187915972	26.2661486929	
185.832567598	116.22692051	22.6345571929	26.3323867418	
182.398751153	118.878358166	22.8225677972	26.2573661104	
180.226831974	120.870657655	23.3390590778	25.8975141686	
176.23343834	123.109250667	23.8364119786	26.1459376934	
173.236766397	125.016275203	24.1390992871	26.5781593806	
170.238650476	126.598947364	24.1656814368	26.7465760256	
167.620911305	129.318327714	24.3053948031	26.8897627797	
164.831602314	130.357907621	24.5661600537	27.1715008904	
161.720364279	132.386663523	24.6317319611	27.3482748743	
158.603438519	133.273680871	24.2037064337	27.4722442079	
157.294537284	134.698705382	23.9715058849	27.3716995667	
155.570295566	136.97354711	23.7183446169	27.5412592727	
152.879389689	138.123009473	23.7689196058	27.0823520665	
150.521211688	140.316963823	24.4618947855	26.9743386222	
148.011104955	141.532719394	24.6698908111	26.7232190274	
147.942784496	143.334630166	25.3538934143	26.3400030223	
147.39395515	143.714233805	25.2558364168	26.0883600082	
146.857567059	141.795987702	24.8288154689	26.3471610719	
149.05700327	138.286276855	23.951600812	26.8566831981	
149.720560467	133.848434425	23.4894161347	26.9778924099	
152.590671229	128.683989148	23.0340135575	27.131998213	
154.183540255	123.52621102	23.218287867	27.2703149465	
155.072236536	118.437874758	23.7282949276	27.0292542925	
157.518857004	113.211737836	22.9716140434	26.9823566066	
157.702594601	107.636392391	22.8212367424	27.0404713204	
159.02672507	102.411973197	22.6016220202	26.7882129154	
161.404236365	97.9000321204	22.2903889164	26.3359158488	
162.021193572	92.860122254	22.3613785454	26.0769703863	
163.378606795	88.9276766045	22.2959380569	25.8273304826	
163.734099559	84.6679521953	22.2984475379	25.5956855908	
166.064835817	81.1442177804	21.8551967427	25.0778784625	
167.355983104	76.8621144454	21.1514065517	24.7016420644	
168.232598293	72.2635353443	20.9164119393	24.705534983	
169.026035428	68.7316236047	20.5131425209	24.3606228589	
169.085704297	66.1630347834	20.4675549061	23.1312831118	
169.804462728	64.240966429	20.2321649805	22.1399771392	
170.58814385	63.2011814208	19.6007710177	21.3470893588	
172.937610832	62.7511793504	19.4472260857	20.7691912591	
174.742318882	62.6707627044	19.6949107049	20.2269966116	
176.061239344	62.3102818532	19.351101465	19.9292846396	
175.799692538	61.9999503402	19.2151100272	19.8111295129	
175.596461729	62.2165314093	19.2561132885	19.7805037541	
175.386193674	61.5558472497	19.3355156575	19.728331034	
175.342401062	61.3937496866	19.3623669023	19.8933325997	
175.600924563	62.3440371087	19.4886710645	19.8969077186	
175.779372739	62.0703914819	19.489629547	19.9925995751	
174.982847657	61.7860366446	19.4330844648	20.0993042547	
175.26555125	61.5822587886	19.4802853761	20.2036446069	
175.348868043	61.9228178259	19.4313285582	20.2699520288	
175.770731877	61.4348496519	19.4212621204	19.9761699364	
177.291768123	62.2621880131	19.069430458	19.9927623539	
177.805357678	61.6321654262	19.0908056687	19.9903485327	
178.63813677	61.5110109149	18.7784012504	20.2894850094	
180.523314816	60.9007579658	18.73670069	20.4880324297	
183.40291921	60.6300842994	18.8906521691	20.6376542336	
186.391875711	59.6930755418	18.7943498325	20.8473330691	
189.177541181	58.1447991153	19.0293607388	21.1015878519	
191.61788637	57.6166804452	19.4736123719	21.2588825525	
194.416463275	56.7332393167	19.4700928471	21.6742454474	
197.951327559	55.7412058228	19.5609033863	21.9509077487	
200.327394045	54.9861624144	19.9320787332	22.3248862208	
203.414646144	54.7128814327	20.2278771257	22.3848613105	
205.688180001	54.4300367548	20.1874249338	22.0552175036	
208.430154406	54.6151806874	20.0962357764	21.7085429252	
210.667230485	53.6780181785	20.3450688618	21.6348773969	
213.302842856	53.0128547164	20.4818286599	21.7271996347	
215.031198379	53.0500050044	20.7051014748	21.3591115978	
217.651625779	53.6735212489	20.3444683117	20.9013479035	
219.898418688	53.181041592	19.8345861038	20.6971677572	
221.929391707	51.8409809678	19.6949342206	20.6763278494	
223.926278006	51.9694859534	19.6969067062	20.900868117	
226.096826357	51.0997371767	19.5640004863	21.1710962308	
228.140873848	50.7950294737	19.3690027238	21.4227841112	
229.718747138	49.9770193308	19.3553282961	21.579505127	
230.879360356	49.9135194238	19.4061744634	21.6154572837	
232.523851117	49.5917263456	19.4486457042	21.5597690787	
233.608765397	48.6612561222	19.6202471605	21.7036250648	
235.469845113	47.6649132043	19.7353249246	21.755778673	
236.735891325	47.4509353876	19.7213133154	21.6486109699	
237.693145963	47.8326602943	19.4225930755	21.5607951608	
239.521587267	47.4402187189	19.1322596425	21.6569075924	
240.401266872	46.5498754752	18.9847144782	21.8393388793	
242.522237667	46.3229051648	18.6173276446	21.8589234777	
242.839523203	46.247616674	18.6747823469	21.775487872	
244.146219259	45.7500327642	18.7623017157	21.6067687737	
244.200838787	44.874496073	18.8073315119	21.3650437775	
244.91667401	44.4368928242	18.8071759327	21.0766002529	
245.517002905	45.1946879112	18.7910529957	20.8498481307	
246.207035992	44.5338514432	18.780359569	20.5755004958	
245.783869607	43.8413105178	18.7735642616	20.42414583	
246.241708765	43.5763190471	18.872438722	20.4394233734	
245.917487825	43.1805662522	18.9329857511	20.3068859014	
246.521201085	43.9251814314	19.0070805455	20.2302962262	
246.272720823	43.341034524	18.9164411632	20.251449257	
245.935650334	43.8052432662	18.7562614684	20.2536209067	
246.477505032	43.6909263078	18.7360212186	20.2931238482	
246.823005851	43.7040571416	18.7143215346	20.2909664758	
245.216480712	47.100275811	18.7135816935	20.9440590553	
244.836655471	47.7618505825	18.5811273771	21.5405193658	
243.842618429	48.6047011911	18.7448658211	21.7484022325	
242.704193605	50.7330749857	19.0782547339	21.8960850005	
241.286016061	51.9510289617	19.3812983727	22.1538111914	
240.539748877	53.1788465724	19.6044344499	22.1804227739	
239.561487986	54.4323938002	19.6435547948	22.151187706	
238.648034637	56.1342442213	19.6627838341	22.014972102	
237.980706758	57.5389333789	19.5336678386	22.0864730419	
237.522471768	59.436346441	19.4046107038	21.9651501783	
236.755178155	61.1942429034	19.2747215625	22.0711535261	
236.134225663	62.329025647	19.0690993365	22.1972036056	
234.924783428	64.0161534884	19.1394521041	22.232189834	
234.995542704	65.1513046987	19.3735157709	22.4214511349	
233.957545391	66.0826218871	19.5636962196	22.5488538893	
233.113567788	68.0276832309	19.7773950762	22.4636441827	
232.307905992	69.3242682225	19.875098814	22.5724977426	
231.362032917	69.9475576976	20.1651552102	22.7728107521	
229.871802485	71.3668984567	20.3517333781	22.8363140498	
228.725890584	72.6933667447	20.3259277221	22.8442289592	
227.906360745	74.2155279754	20.2506831326	22.9582782642	
227.214599818	75.1825820955	20.0260648432	23.1745393894	
226.651827379	76.6476092506	20.0433028594	23.256671107	
224.494618888	78.0135863039	20.2925613747	23.4060569618	
223.573475101	79.0968684115	20.448660064	23.6061471513	
222.358639294	80.6926729403	20.8103958041	23.6945403787	
220.420599042	81.0408447803	21.3228911498	23.8594088658	
219.79461619	82.7071449056	21.3428510075	23.7832388756	
218.744143289	83.5069258839	21.3604751314	23.9064879442	
217.56725738	85.1339537202	21.3258955747	24.0594723704	
216.396903232	86.1710156557	21.2869317051	24.1128652083	
215.18762173	87.3037607118	21.2052012131	24.1267174735	
213.602469275	88.4821622312	21.1582137731	24.2578155257	
212.506004156	89.1174768547	21.1640011239	24.469333196	
210.473281308	90.50568162	21.0251901788	24.5121538685	
209.585864441	91.5416849318	20.7941896252	24.7050201895	
208.582679186	92.7076509662	20.676032452	24.7692308808	
207.121377803	93.6927997499	20.7639800386	24.7727950486	
205.408195159	94.799241586	20.689509389	24.4895122097	
204.366500858	96.1430291106	20.4494847069	24.0555028005	
203.202791224	96.8446173448	20.4752613755	24.4331726576	
202.179061118	96.4720597871	20.7541407349	24.5775449497	
201.300921791	95.9716669722	20.8591437009	24.7742872932	
202.235632232	95.0747730086	20.9113638184	25.0434680313	
202.213984892	92.7439371459	21.1899289682	25.3151388223	
201.424873587	90.8376434651	21.2768349008	25.3241182685	
201.304631386	88.569137143	21.3239465178	25.3363286839	
200.781233233	85.9055813011	21.4339869592	25.1121595075	
200.334701566	84.2169123261	21.5490347542	24.8944871535	
199.903012607	81.9216667105	21.8376633677	24.7039158156	
199.213780357	80.6656992355	21.5832706624	24.5085439128	
198.202993912	79.1324053973	21.3830825617	24.2622668661	
198.16406002	77.1818302057	21.2035253332	23.7982322145	
197.30287813	74.9540898766	20.9674528173	23.5967724718	
196.109066207	73.1536533924	20.7583949761	23.5762339115	
195.66248209	71.5071479422	20.4675387945	23.6230198591	
194.210540794	69.5159900451	20.3953225837	23.9834707161	
192.930718495	67.9913758352	20.2056075322	23.9433119993	
191.494446648	67.0494194189	20.018692977	23.956672919	
190.518887108	65.1143974971	19.8702308378	23.9859264638	
189.340291902	63.7036557579	19.4649654538	23.9095745565	
188.298789916	62.4160908489	19.1314902991	23.6607093041	
187.354566055	61.1560251278	18.8986158077	23.5690092766	
185.635232988	60.1965312175	18.5911919659	23.3755354981	
184.799342444	59.4245193185	18.5535389984	23.2635002899	
182.536883366	57.3077630956	18.7635519347	23.2399433072	
181.689723031	56.8126246869	19.0329707337	23.1905685299	
179.677853345	56.0456708866	19.2959642583	22.9209094466	
177.975304469	54.6430298444	19.4191484303	22.5699815745	
176.165326884	54.6103441408	19.67268225	22.3578897751	
173.353630117	54.0536661146	19.755805986	22.1403262596	
171.887873417	52.9870063266	19.6622394593	21.857631721	
170.354464048	53.0804629207	19.6747126463	21.5948943118	
169.271471215	52.6645059123	19.4958783313	21.3090237048	
166.812379666	51.9564926136	19.4870807303	21.2390086956	
165.577131831	51.6126905305	19.7313500621	21.1785295466	
163.933389159	51.0738356256	19.8839579042	21.0845666144	
162.486408467	51.5823292417	19.8797955896	20.5269148349	
161.121256856	51.9200736972	20.0211182738	19.8208268024	
159.206860204	53.414943636	19.9407429754	18.908329402	
159.340631064	54.8584504226	19.8070346411	18.0021937906	
160.988509714	55.7481932689	19.709948208	17.2130328705	
164.535577872	55.338806182	19.5550497051	16.9567267948	
169.583421029	54.0335819709	19.3103778819	17.7309039259	
174.616827253	53.8016440987	18.7122731807	18.5850581505	
180.361509091	53.6621118652	18.8955814492	19.2050981821	
185.497480106	54.3996204072	19.148352716	19.3485547181	
191.298118133	54.7060756502	19.686481168	20.0570487344	
195.366088615	55.4221764752	19.8948599454	20.5640828741	
201.1542599	55.3914526414	20.0503190713	21.2723789305	
205.476870655	56.5549831164	20.2238052866	21.4661884664	
209.406972388	57.3692968699	20.5062353088	20.9272560876	
213.505451625	58.7772018451	20.45706674	20.2296539923	
219.166029196	60.5322821955	20.3614784363	19.9803733825	
223.477371499	60.8539705108	20.284695065	19.5638543625	
227.572280793	61.9256236517	20.2423944733	19.6088489629	
231.702574441	62.055803048	20.0611821908	19.9837761272	
235.813154526	61.7482707349	19.8981878528	20.3791086673	
239.559371227	62.7712364302	19.4982370167	20.5113012321	
243.018914923	62.8876008742	19.126628941	21.1266853533	
242.503983206	64.7251338573	18.8210126224	21.4184409065	
241.180264952	65.1665328062	18.5351967813	21.7793149535	
238.290744904	66.3534127958	18.6579016005	21.767428458	
234.772898883	67.7970819822	18.8752021203	21.6711322556	
231.999799837	66.8526842381	19.2125808202	22.0136934475	
227.43498778	68.0304108357	19.1331088372	22.2151802751	
223.803652026	69.0018805895	19.2722963807	22.4742120546	
220.324168012	69.4725196297	19.2109284585	22.8883943674	
217.638827953	70.5409956702	19.3442417406	23.1390360549	
214.182631647	70.6391557081	19.4350535904	23.488560179	
211.194883983	71.2077844909	19.3969292521	23.5374347551	
207.584133604	72.5878212268	19.57307202	23.1260401151	
202.812656084	72.7160121396	19.9251186555	23.038233997	
198.791096001	73.1860392121	20.1941185682	22.7756990447	
195.209090573	74.4231540197	19.9175987201	22.7917391349	
190.85587971	75.1929438397	19.861949115	22.981076286	
187.86004226	75.5754186722	19.6485895997	23.0746088265	
183.96551159	75.3542201641	19.6108638072	23.2715918953	
180.801897962	77.0239634013	19.7437489725	23.2943585486	
177.121896368	77.2625693742	19.9587306188	23.7868837169	
172.565147502	77.4431843446	20.0313214617	23.8234883503	
169.496948517	78.2197316545	20.2763616138	23.5693050061	
166.357770893	78.2750509386	20.3696392113	23.6666997218	
162.799359446	78.823105386	20.2692264749	23.3865676221	
159.584783273	79.9120019313	20.3753432231	23.0730817095	
155.401588247	81.3072820105	20.2701768662	23.1629160559	
152.64637441	80.7781910367	20.4545620135	23.7744447664	
149.863640976	80.5540018217	20.4300614944	24.1387466748	
148.324479336	81.1507025421	20.5532504579	24.2235625584	
148.414969599	81.3279966901	20.7538594006	24.2128551459	
151.113646555	81.3021355659	20.4917575135	24.345079826	
154.263292332	80.7402652204	20.3546298738	24.1014164515	
158.285055148	79.948928247	20.4519375357	23.6637266679	
160.765716042	79.7475908035	20.1259996537	23.5080262969	
165.039583698	79.4230988815	20.0193598363	23.0977445864	
168.372442593	79.4039054363	19.5630092345	22.4728226107	
171.172127519	80.3269755536	19.3915290295	21.6512496099	
174.656601563	78.9984692207	19.0252469096	21.4979301134	
177.379430223	78.1773860251	18.329429288	21.5302156774	
178.960810271	78.2441165575	17.7901413075	21.6162465398	
180.469113283	77.0301825738	17.6708706195	21.7042974857	
182.695857957	76.3782803582	17.3482139976	21.9977980248	
182.744481419	76.5019756595	17.9315489577	21.9499673809	
182.348728355	76.2872580147	18.8719029979	21.6417079334	
182.549567415	76.1084584461	19.2594654506	21.5196804621	
184.354016631	74.5213502476	19.3354278319	21.7572980157	
186.400130751	71.2645849467	19.1457601483	22.196386017	
188.957290924	67.0145965163	19.1263082334	22.3558716724	
191.461492222	60.4773523241	18.1141360292	22.8184604686	
195.13193569	53.4949646858	17.5736165569	23.2924346622	
198.150772754	44.2191075821	16.9691345651	23.6014752628	
199.256189764	37.1892605946	17.0204985338	23.9686546251	
202.853415994	29.2526268086	17.3765053815	23.2466715981	
204.794514495	24.3761382564	17.4859692534	22.9102416106	
204.700032565	22.0166764901	17.8917854242	22.8342529272	
209.327360247	17.5368794816	17.8988702302	22.7933521172	
210.324652556	17.2770515011	18.2039465529	22.6248301822	
211.022684244	17.0337314694	18.1288272122	22.5218011707	
211.218393698	18.5052361737	17.714585706	22.1848457436	
212.228130664	20.3498733397	17.0809063904	22.2576677451	
212.61665887	23.4866383521	16.9239022045	21.7532670461	
213.469258936	25.0304201057	16.860880903	21.4616842774	
214.577222313	27.5268374123	16.7693453562	21.1604169459	
215.129620616	29.9918397779	16.878193579	21.248774931	
215.175410209	32.4455435695	16.9036159273	21.5015610827	
215.330057312	34.4257508168	16.8603361969	21.1323702473	
216.348829427	36.5615719409	16.9642423378	21.1031543482	
217.195533438	37.4545188446	16.8728226732	20.9881797643	
217.687243488	39.4107657023	16.6146957644	20.7986338588	
217.925083203	39.3849113547	16.4244767267	20.8789214708	
218.310027501	40.1100146371	16.3057332555	20.6969610683	
218.618728421	40.4485580412	16.0886518491	20.8494407335	
219.507087552	41.5215083331	15.8668703577	20.717197301	
220.324654232	41.6471783154	15.6716217376	20.841280769	
220.670651225	42.8481832969	15.4763317659	20.6601501636	
220.939677238	43.266375769	15.3531096553	20.6959453532	
221.365902821	44.2140480807	15.2372511264	20.8769196852	
222.019033446	44.9061201852	15.1848309903	20.7254636144	
222.037926419	45.0021009767	14.9852925672	20.5528152379	
221.862804394	45.793219035	14.9048183538	20.6969123904	
222.791252982	45.2593768078	14.9235139417	20.6208533468	
223.071548753	44.6086102337	14.9647042209	20.3419152276	
222.963939744	43.4361603916	15.0126466448	20.2588517389	
224.402958316	41.6747730052	14.9856399476	20.2162578427	
224.766859826	39.7064475384	15.0197629645	20.4521347646	
225.244197089	36.9288482306	15.1843376844	20.9375007155	
225.193568725	34.2808241498	16.0428110094	20.8814693161	
225.440020606	34.3475087088	16.1310916876	21.2812467778	
225.124157821	38.1867766408	15.6685756284	21.0619197937	
223.333650694	47.292401525	16.0365276697	21.4058621201	
222.912524201	52.7722946172	16.7343249778	21.4673019959	
222.206293821	46.7730765891	16.8163459044	20.71311436	
221.046584629	43.4598765048	17.7166208622	20.0554846916	
220.897906667	42.7968194612	17.5706651304	20.2194270006	
219.774465826	47.6776712128	17.3048231713	20.3419866812	
218.734348165	57.3576907949	17.4506280037	20.8304593736	
218.027914264	53.5419015446	17.4950165222	20.0630878799	
217.231743347	47.0248015419	18.057216788	20.6808234307	
216.764702741	46.9949607971	18.2365245029	20.8605416026	
216.855191959	51.2544049585	18.323027782	21.2711093452	
215.995900133	58.1090295294	18.4606856783	21.4184472771	
214.339066279	53.2865559278	18.880124318	22.1883999511	
214.189782155	50.771300497	19.2207456901	22.2548429079	
212.755925759	53.6177100197	19.2560073022	22.3028731249	
212.615555805	60.0696211902	19.3105656434	22.0914034766	
211.509848779	56.449928045	19.4989834451	22.0497065227	
210.917553444	55.5539498922	19.6143657983	22.0347646303	
210.382824317	59.050801964	19.4210142725	22.4767597806	
208.959320016	61.7460839934	19.4925421843	22.3804874284	
208.654069455	59.5553399539	19.6230319077	22.3773841914	
207.211950551	61.1686068137	19.6453630267	22.1618019335	
206.109900171	64.5347429808	19.7395161488	22.1721358243	
206.197729884	62.4930958101	19.7219979837	22.3395327229	
204.931822609	64.2230991035	19.6335861504	22.4336321156	
204.990049721	65.6261470607	19.7086208888	22.2730909369	
204.449177947	65.1171641597	19.8309676228	22.4434569037	
203.854694276	67.4868347881	19.9065824114	22.5692275526	
202.344936193	65.9244498296	20.0370297205	22.630529305	
201.318653207	68.3805984297	20.0827849858	22.4220957636	
200.944382288	67.450423174	20.2587396614	22.6628199938	
199.607127563	69.6018277208	20.3341085714	22.4385912162	
199.257546525	69.4536754012	20.3616536178	22.684887869	
198.048601518	69.83748226	20.3758565751	22.9003614033	
197.13577839	70.760771612	20.4480752356	22.8200820743	
195.63940984	71.2560725357	20.2812459479	22.8367942265	
193.718809621	71.2400292478	20.1319386402	22.9040224407	
192.662979212	72.1558352457	20.0411407859	22.7274446439	
191.351537672	72.7701935209	19.733858735	22.4801202394	
190.039689501	73.1028672759	19.7152055066	22.0138548856	
188.876726672	73.003855797	19.8453563941	21.6055642514	
186.868456565	73.5825782283	19.9347387269	21.5830141463	
185.862429178	74.498335024	20.0107446868	21.6324444034	
185.402157926	74.6164554579	20.0290464779	21.7442807938	
183.936921527	74.8879348793	19.8513756742	21.9897551124	
183.447420797	75.4601855747	19.7927668335	22.1812038836	
181.94389064	75.2574660973	19.7582469765	22.3939019755	
180.918507729	75.7814721717	19.4785872111	22.3375501509	
180.338749076	75.975402302	19.2116242254	22.301397268	
179.188230659	75.6824188527	18.9799151915	22.4142205419	
178.307028095	75.4289844272	18.445917018	22.4325882672	
178.574962997	75.6934563214	17.7301780922	22.3644291581	
178.151339738	75.9148304107	17.0855746873	22.6828734743	
178.0233246	75.3125332743	16.7740887272	22.9872418912	
178.2994713	75.5136901316	16.5986516367	23.0150505913	
178.355542075	75.0044114893	16.8697925452	23.090025289	
179.000041177	74.6158501329	16.8246429766	23.0606288001	
179.085634085	74.2035636004	16.8828086263	22.9081234117	
180.460680016	74.0336378962	16.8202598617	22.7075216313	
181.958036732	71.7618906673	16.9213958654	22.7857759004	
182.671712618	68.3457829373	17.0380001205	22.7766647882	
182.652032689	64.9975965128	17.2668649015	22.3894745822	
184.352414873	61.4975509431	17.5413986476	22.4603909339	
185.918437177	57.7478637955	17.7848909003	22.2255998453	
188.780894986	54.3957452059	17.9817800979	22.2633885128	
192.002361605	50.066167537	17.7677507688	22.3383852234	
195.839032632	47.7055199128	17.4591410852	21.8939315722	
197.653297605	49.6805572012	17.6337797564	22.0193017115	
201.114508471	57.0867370808	17.9015644604	21.5050987512	
203.05245052	62.7300692745	18.1067873781	21.4461457998	
204.084525411	55.8645375333	18.6240176031	21.1598892496	
205.096205277	50.8936629589	19.167413368	20.9198777816	
206.380611381	50.825779804	19.1352013325	20.5370611461	
207.680283208	54.8843008533	19.276100339	20.051454003	
209.676516172	61.412931927	19.2872122578	19.9828446438	
210.347282166	56.5424844306	19.5609759043	20.4423298354	
211.270504834	53.1917303262	19.7276633416	20.7034336935	
212.799673891	53.7189677311	19.6338753632	20.3481572972	
214.379447388	59.6472565819	19.1749422102	20.4113085297	
215.184291237	58.5023219345	19.3705956207	20.374020111	
216.514578801	55.493581439	19.6323477937	20.8962185928	
217.143962472	55.3506576288	19.4640324723	21.0757972221	
218.239144752	59.7490171744	18.8566125984	21.7139971628	
218.125109021	58.4823536716	19.2026940264	22.0904357345	
218.717343249	56.1004124946	19.2727075074	21.9546994944	
220.489501629	59.030036169	18.6130669192	21.6515209273	
222.085649223	61.5748514238	17.6957406339	21.9339346565	
220.148236212	59.9467498704	18.1715183043	21.8094248032	
219.265693286	59.8095418269	17.9442753174	22.9951397846	
214.340372073	59.9031374329	18.4839184289	23.3153847572	
213.906779578	59.6141667239	19.1740597418	23.9068615496	
214.38868439	59.6013800993	19.9048059151	24.9041497448	
216.558640048	59.588823677	21.0358059057	25.1742803729	
217.077718849	57.3723400001	22.09461177	26.1226338205	
216.278666935	56.3043938627	22.998029453	27.0387511807	
215.09111698	55.3387904625	24.0085341754	27.7689715238	
212.392568926	52.3192250894	25.1357062839	28.6202434313	
210.633535403	49.7723166429	26.6287482133	29.3762679226	
208.89503383	47.3285480775	27.7366666018	30.1846346219	
208.519942258	42.6425487425	28.2901386021	31.4979637567	
206.772610328	39.4719380648	28.8855313481	33.0984530616	
205.202179619	36.528057514	29.5177489258	34.4208123556	
203.25145501	34.7528178999	30.5672785808	35.5797814934	
201.147123974	31.792593154	31.8559815775	36.483053429	
197.703585653	29.403837134	33.8467917252	36.9447702894	
196.956147167	27.8030568819	35.1661716762	37.0553319626	
196.350989694	25.7974813558	36.8276820661	37.2062116738	
197.164267901	24.3871818824	38.4045020834	37.2913978578	
197.755046182	23.0839028584	39.5054353922	37.098559061	
198.672854039	24.2566212671	40.4171831884	37.0250249579	
200.378079823	25.5277023153	41.0407542155	37.2805750275	
202.396836982	28.7613419188	41.2538177707	37.9464414596	
202.562805459	30.8517740438	41.6922233448	38.8050432725	
202.671979801	33.1069231417	42.3425261035	39.7684417176	
200.622375215	34.9989458025	43.2651566772	40.5582733236	
198.125421045	35.3730448445	44.0582146115	41.1068250551	
196.268963564	35.2254922309	44.5630266476	41.8556318381	
194.120121691	35.6191018483	45.3119695664	43.1424592462	
190.816685736	33.9573077507	45.9813960698	44.6368338799	
187.074889585	33.7833758284	46.3636955538	45.6254280337	
182.208235102	32.596868011	46.129354594	46.435170833	
178.559697191	31.7640388116	45.8302586257	47.458445063	
177.071489241	32.4177603854	45.9185128965	48.3064144478	
171.552016794	29.4384968283	45.3449860958	49.5886759335	
168.073578482	26.5995762319	44.1522224288	51.0219239783	
166.526737905	27.2998336997	43.3773564632	51.7895854975	
165.076784919	25.4782148122	42.5298447163	52.8223234939	
164.21105248	25.1322783094	41.700565694	53.5845680777	
163.325250533	23.1368089172	40.3080454137	54.9636734327	
163.440604121	16.9430619838	38.2859389976	56.6346139114	
163.783293245	18.3137632977	36.9775852127	57.6230773924	
163.671385541	16.7993115842	36.1590803073	58.3963658128	
163.919068179	17.3444855132	35.6152429908	58.7372565101	
164.104145046	16.65285604	35.1587739766	59.2835616226	
165.314400095	15.9269155392	34.7644732148	59.7147748538	
168.002099675	14.9199030601	34.1785781316	60.6563648735	
169.385434291	13.9717130336	33.9422906944	61.0220525641	
171.935777073	12.1895285634	33.7417117364	60.8039669779	
175.318098491	10.7990521433	33.7957953707	59.425366638	
177.856356126	10.1446472485	34.6114456628	57.2883943836	
181.267722925	12.4054289314	35.5573840353	54.5334009523	
182.572663939	14.1184618651	36.7349738931	51.4405152182	
185.971768224	14.7709577768	37.3840564057	49.6326430925	
189.360859539	14.3822944629	37.844730946	47.9374846367	
193.3843977	15.2057963706	38.3795006089	46.8636561935	
196.184433724	16.6843164191	39.3627255376	45.9020100016	
197.4473526	17.3292192096	40.4703082278	44.4727542654	
