46.0	12.0	67.0	73.0
45.96748733520508	12.20659351348877	66.74651336669922	73.7365493774414
46.989288330078125	12.720015525817871	65.3532943725586	72.4035415649414
46.498897552490234	13.108441352844238	66.07414245605469	72.74635314941406
47.16798400878906	12.879096984863281	65.04877471923828	72.60590362548828
47.228179931640625	13.239123344421387	65.6700668334961	71.50736236572266
48.83613586425781	13.372512817382812	62.4004020690918	70.51525115966797
48.235172271728516	13.790518760681152	62.93693923950195	69.5023193359375
48.399234771728516	13.478726387023926	62.22356033325195	69.62911224365234
48.96437454223633	13.040484428405762	62.08476638793945	70.34542083740234
48.85123825073242	13.91602611541748	62.66581344604492	68.17328643798828
48.92037582397461	14.452879905700684	61.77518081665039	67.88245391845703
48.86236572265625	13.853435516357422	63.09244155883789	69.2369155883789
49.420772552490234	13.480860710144043	62.00926208496094	70.18273162841797
50.857784271240234	14.646010398864746	60.35053634643555	68.570556640625
51.36697769165039	13.101685523986816	58.86270523071289	69.0416488647461
52.484928131103516	14.204569816589355	57.76475143432617	67.2921371459961
53.008392333984375	15.326329231262207	57.582950592041016	65.56781768798828
53.6086311340332	15.588824272155762	57.787784576416016	66.10775756835938
53.156131744384766	16.099937438964844	57.565093994140625	65.78472137451172
51.91257095336914	16.12868309020996	58.907135009765625	67.25655364990234
51.490478515625	15.850552558898926	59.58168029785156	67.62433624267578
52.003082275390625	17.10031509399414	58.72793960571289	65.4220962524414
52.30049514770508	15.663477897644043	59.37810134887695	66.75701141357422
53.253414154052734	17.024660110473633	57.81425094604492	66.19985961914062
53.85231018066406	19.001312255859375	56.2110481262207	62.59629821777344
53.38722229003906	19.305212020874023	56.742218017578125	61.58139419555664
53.56208801269531	19.699708938598633	54.97380065917969	60.70713806152344
52.80229187011719	21.24603271484375	56.01173782348633	59.38901138305664
52.860774993896484	19.404783248901367	57.2597770690918	62.538082122802734
52.942596435546875	20.869802474975586	56.333953857421875	60.095245361328125
52.835819244384766	20.812734603881836	54.43304443359375	61.16019821166992
52.755855560302734	21.077003479003906	54.241546630859375	60.43022537231445
52.23086166381836	22.0632381439209	54.67512893676758	59.71943664550781
53.27732467651367	22.48540496826172	53.207454681396484	58.973968505859375
52.04716110229492	22.747705459594727	54.58258056640625	58.91780471801758
52.45961380004883	23.467817306518555	53.63032150268555	58.340240478515625
52.48539352416992	24.04572105407715	52.972930908203125	57.98956298828125
51.387481689453125	23.862070083618164	54.01222610473633	58.479801177978516
52.04847717285156	23.384803771972656	53.2186279296875	58.98203659057617
52.95106887817383	24.602432250976562	52.557186126708984	56.93746566772461
52.05501174926758	24.53834342956543	53.047603607177734	57.71311569213867
51.80717849731445	25.883886337280273	52.857391357421875	56.077423095703125
53.534847259521484	26.096681594848633	50.09133529663086	55.26132583618164
53.04742431640625	24.517343521118164	50.70204544067383	57.40778732299805
53.20307540893555	24.94942283630371	50.1463623046875	57.0143928527832
53.81399917602539	26.431747436523438	49.881256103515625	55.169769287109375
52.8217658996582	26.68724822998047	49.89216995239258	54.67197036743164
53.168025970458984	27.686729431152344	49.139068603515625	54.137332916259766
53.74125289916992	27.067960739135742	47.92551803588867	54.09075927734375
52.56877136230469	26.52978515625	48.5589485168457	55.360107421875
52.9304084777832	27.14128875732422	47.90400695800781	54.986328125
53.95947265625	29.080564498901367	46.6965217590332	52.937442779541016
53.021881103515625	28.800554275512695	47.30322265625	52.87347412109375
53.6387939453125	29.619443893432617	45.96023178100586	52.56869888305664
54.21220016479492	29.599279403686523	45.649322509765625	52.73264694213867
53.91714096069336	29.883695602416992	45.0067138671875	52.22710037231445
53.75969314575195	30.31266975402832	45.875179290771484	51.64522171020508
52.640899658203125	30.771657943725586	46.40011978149414	51.0979118347168
53.12923812866211	29.205453872680664	46.5119743347168	52.93171310424805
53.05916213989258	30.076356887817383	46.10573959350586	52.5229606628418
52.96762466430664	29.568519592285156	44.53281021118164	53.53731155395508
53.91628646850586	31.216386795043945	44.97506332397461	51.51469039916992
53.51948165893555	32.44632339477539	45.204288482666016	49.9266242980957
52.93564987182617	32.095462799072266	45.09486770629883	49.30624008178711
53.56294250488281	31.226778030395508	45.03818130493164	50.708683013916016
52.60337448120117	31.19818687438965	46.00831985473633	50.69502639770508
51.705718994140625	30.779314041137695	46.0302848815918	51.255615234375
52.00934982299805	31.81385612487793	46.39132308959961	50.9499626159668
52.85024642944336	33.00419998168945	45.47128677368164	49.289276123046875
52.78300857543945	32.85946273803711	44.68336868286133	48.835994720458984
51.86822509765625	34.389339447021484	45.18703079223633	47.68254470825195
52.7083625793457	33.2672119140625	43.06862258911133	47.92873001098633
51.49702835083008	33.52425765991211	45.66035842895508	48.2629280090332
51.05887222290039	33.87018966674805	45.53057861328125	48.28779983520508
49.79885482788086	33.752376556396484	46.47265625	48.910369873046875
50.31220626831055	34.1854362487793	46.333404541015625	48.12295913696289
50.299774169921875	33.92899703979492	45.28668212890625	47.39202880859375
50.24559020996094	34.60735321044922	44.57978820800781	46.67037582397461
49.81489181518555	34.508506774902344	45.31782150268555	46.7442626953125
50.55392837524414	35.10908889770508	43.288448333740234	45.84079360961914
48.12700271606445	34.62825393676758	45.56513595581055	47.17021560668945
48.7963981628418	35.20919418334961	44.46284103393555	46.31387710571289
49.480377197265625	34.73994445800781	44.27572250366211	45.911895751953125
48.698577880859375	35.60702133178711	44.6963005065918	44.78672790527344
48.14310836791992	35.6079216003418	44.4083137512207	44.8868408203125
48.497440338134766	35.05632400512695	43.41463088989258	46.00367736816406
48.3328971862793	35.714576721191406	43.15315628051758	44.75750732421875
47.42649459838867	34.832763671875	43.64588928222656	46.07441711425781
46.853302001953125	35.42507553100586	43.10844039916992	45.63566589355469
47.12214660644531	35.05768966674805	43.2216911315918	45.46476364135742
45.81328201293945	36.62651062011719	42.79021072387695	43.95170211791992
46.404205322265625	36.74003219604492	40.8382453918457	43.697723388671875
46.3898811340332	38.00185012817383	40.1841926574707	42.5913200378418
45.93411636352539	37.27595520019531	41.12395095825195	43.270809173583984
45.33489990234375	37.30282211303711	41.16303634643555	42.77617263793945
44.927249908447266	37.33613967895508	41.52824020385742	43.020870208740234
45.49565505981445	39.003665924072266	40.0001106262207	42.00125503540039
45.92364501953125	39.44883728027344	39.79773712158203	39.99250030517578
45.43260192871094	39.50222396850586	39.05999755859375	39.72101974487305
45.51246643066406	39.65666580200195	39.07761001586914	39.113189697265625
45.00741958618164	39.66238784790039	38.56170654296875	39.16276168823242
44.02852249145508	39.707725524902344	38.75626754760742	39.02671813964844
44.42025375366211	39.79336929321289	37.96438980102539	39.254798889160156
44.36286544799805	39.76095199584961	37.98530960083008	39.144657135009766
43.9201545715332	38.99641036987305	37.51393508911133	39.97218322753906
43.001739501953125	38.86521530151367	38.46173095703125	40.35232162475586
42.80583190917969	39.49201965332031	38.711368560791016	39.82508850097656
42.80712890625	38.83925247192383	37.987823486328125	40.05242919921875
42.74371337890625	38.958221435546875	38.201656341552734	39.69902038574219
43.119998931884766	39.139949798583984	36.903194427490234	39.654640197753906
43.50307083129883	39.227298736572266	35.724609375	39.192691802978516
43.2403678894043	40.2589225769043	36.088382720947266	38.292484283447266
42.79562759399414	40.39219284057617	35.36635208129883	37.8248176574707
41.98444747924805	39.50674057006836	35.578948974609375	38.84105682373047
41.98684310913086	39.81046676635742	36.07841491699219	38.80988311767578
42.148468017578125	39.953060150146484	34.95372009277344	38.00364685058594
42.16208267211914	40.625118255615234	34.93648147583008	37.964168548583984
41.94300842285156	39.8786506652832	35.53899002075195	38.69751739501953
40.71315002441406	39.208309173583984	36.62773132324219	40.17387390136719
40.82973098754883	40.47797393798828	35.792633056640625	38.42679214477539
41.303829193115234	39.92085647583008	35.86692428588867	38.36099624633789
39.92546463012695	39.17445755004883	36.271297454833984	39.47291946411133
39.43526077270508	39.646209716796875	36.109901428222656	38.73276138305664
40.14970779418945	39.93754577636719	35.89308547973633	38.53731918334961
39.8245849609375	38.847267150878906	36.637027740478516	39.72538375854492
39.11263656616211	38.62607955932617	35.74030685424805	39.27626419067383
39.64178466796875	39.876617431640625	35.48893356323242	38.21693801879883
39.639102935791016	40.093727111816406	35.64478302001953	38.182682037353516
39.27825927734375	39.404701232910156	35.4715461730957	38.60221862792969
39.37405776977539	40.09841537475586	35.34514236450195	37.66757583618164
39.06143569946289	40.23329162597656	35.957889556884766	37.72529220581055
38.08868408203125	40.54584884643555	35.79762268066406	37.231441497802734
37.972991943359375	39.80747985839844	35.303340911865234	38.35789108276367
38.86882400512695	39.65469741821289	35.114158630371094	38.34833526611328
38.59086608886719	40.89107131958008	34.44716262817383	37.37950134277344
37.889442443847656	40.58315658569336	34.700931549072266	37.28303146362305
37.872406005859375	40.50429153442383	34.638851165771484	36.98514175415039
37.538265228271484	40.96561813354492	34.7603874206543	37.02608108520508
37.36265182495117	40.98417282104492	35.18011474609375	36.218223571777344
36.084415435791016	39.851016998291016	35.826969146728516	38.159603118896484
36.5604362487793	40.1657829284668	34.997013092041016	37.34054946899414
36.873172760009766	40.955352783203125	33.97328186035156	37.0532112121582
37.29544448852539	40.56289291381836	34.40626907348633	36.82573318481445
36.396339416503906	40.07741165161133	34.29997253417969	37.00612258911133
36.80252456665039	39.371429443359375	34.04977798461914	37.799739837646484
36.67816925048828	39.18889617919922	33.7401237487793	38.06496047973633
35.39162826538086	39.63978576660156	33.81032943725586	37.07113265991211
36.48063659667969	40.17669677734375	33.723758697509766	36.7774772644043
35.0926399230957	40.97018814086914	33.708213806152344	36.30380630493164
35.4666862487793	40.122310638427734	33.62202072143555	36.77638626098633
35.31122589111328	40.72563552856445	32.779335021972656	36.04842758178711
35.15237808227539	41.29441452026367	33.29170608520508	35.67536926269531
34.88139343261719	41.1541748046875	33.19081497192383	35.5456657409668
34.96152877807617	41.337310791015625	32.94515609741211	35.16720199584961
35.28498840332031	41.10391616821289	32.15262985229492	35.25336837768555
35.56801986694336	41.303001403808594	31.65860939025879	35.3044319152832
35.14817810058594	41.815887451171875	31.551210403442383	35.316585540771484
34.27920913696289	41.22187042236328	32.27836608886719	35.65525436401367
34.30616760253906	41.6383171081543	32.10271072387695	34.87405014038086
33.9541130065918	42.070194244384766	32.18225860595703	34.96345901489258
33.67356491088867	41.96171188354492	32.27981185913086	34.82941436767578
33.85960006713867	42.247066497802734	31.62818717956543	34.5875244140625
34.19721603393555	42.670536041259766	31.07682228088379	33.53274154663086
34.30043411254883	43.17142105102539	30.927579879760742	33.38071823120117
34.33961486816406	42.8826789855957	31.1616268157959	33.47458267211914
33.67305374145508	41.86017608642578	31.42597007751465	34.657073974609375
33.16275405883789	41.6710319519043	32.41230392456055	34.840850830078125
33.45138931274414	42.42953109741211	32.05796813964844	34.1324462890625
33.29471969604492	42.477169036865234	31.730043411254883	33.823089599609375
32.77724075317383	42.7294807434082	31.235624313354492	33.139835357666016
32.753665924072266	42.052974700927734	31.625879287719727	33.69900894165039
32.4878044128418	42.71696090698242	31.419435501098633	33.14647674560547
33.1672248840332	43.06549072265625	30.9255428314209	33.55421829223633
33.592811584472656	42.00890350341797	30.977365493774414	34.26102066040039
32.58206558227539	42.43610763549805	30.721567153930664	33.474788665771484
32.832611083984375	43.208988189697266	30.2749080657959	32.50065994262695
32.1476936340332	43.3089485168457	31.328500747680664	33.049644470214844
32.02001190185547	42.9097785949707	31.055723190307617	32.78440856933594
32.076480865478516	42.71759033203125	31.5295467376709	33.113529205322266
32.11780548095703	42.776302337646484	31.136735916137695	34.03190231323242
31.43401527404785	42.65993881225586	31.505666732788086	34.106021881103516
30.9527530670166	42.74838638305664	31.22649383544922	32.999351501464844
31.26418113708496	43.45883560180664	31.573415756225586	32.50926971435547
31.013320922851562	43.35110092163086	31.231966018676758	32.099674224853516
31.17163848876953	43.50898742675781	31.06709098815918	31.370101928710938
31.41086769104004	43.91562271118164	30.853660583496094	31.6603946685791
30.496780395507812	43.714599609375	31.656301498413086	31.78900718688965
30.504714965820312	43.65755844116211	30.687284469604492	31.124975204467773
30.16109275817871	43.49818420410156	31.06938934326172	30.519195556640625
30.4492130279541	44.54280471801758	30.692419052124023	30.461267471313477
30.082612991333008	44.381771087646484	29.988298416137695	30.0732479095459
29.504087448120117	43.353973388671875	30.855318069458008	30.58162498474121
29.423049926757812	43.71873474121094	30.499839782714844	31.168746948242188
29.245025634765625	43.59773635864258	30.664915084838867	31.555883407592773
29.470346450805664	44.252288818359375	30.357635498046875	30.358781814575195
29.2545108795166	44.26399230957031	30.7149658203125	30.311935424804688
29.01117515563965	43.954620361328125	30.924123764038086	30.02735710144043
29.10870933532715	43.76215744018555	30.183385848999023	30.5861759185791
28.319168090820312	44.15750503540039	30.36515235900879	30.86201286315918
28.57929801940918	44.177059173583984	30.45206642150879	30.6295108795166
27.784692764282227	43.9047966003418	30.625564575195312	31.184545516967773
28.116798400878906	44.20876693725586	30.20887565612793	30.445043563842773
27.967926025390625	44.28139114379883	29.879365921020508	30.189577102661133
27.479719161987305	44.34482955932617	30.23854637145996	30.718795776367188
27.472816467285156	44.41557312011719	29.96192169189453	30.31290626525879
27.771875381469727	44.04600143432617	29.469369888305664	30.731531143188477
27.504653930664062	44.496891021728516	29.53559684753418	30.43633460998535
27.171300888061523	44.36955642700195	29.247756958007812	29.9279842376709
27.591283798217773	44.45894241333008	28.903337478637695	30.109315872192383
27.781211853027344	44.63713073730469	28.950342178344727	29.357534408569336
27.27952003479004	44.47547912597656	28.825456619262695	29.41554832458496
27.36141014099121	44.216556549072266	28.250905990600586	29.613740921020508
27.11826515197754	43.97738265991211	28.30527687072754	29.57832908630371
26.307533264160156	44.2061653137207	29.244247436523438	29.498991012573242
27.221208572387695	44.0052375793457	28.43004035949707	29.630739212036133
27.131574630737305	43.989070892333984	28.005064010620117	29.748117446899414
26.841751098632812	44.30455017089844	28.199533462524414	29.73967742919922
27.04522132873535	44.31589126586914	28.292526245117188	29.592885971069336
26.34162139892578	44.73524856567383	28.831024169921875	29.458826065063477
26.09228515625	44.66243362426758	28.78166389465332	29.744773864746094
26.285673141479492	44.81620407104492	28.90691375732422	30.110013961791992
26.45078468322754	44.69431686401367	28.724853515625	29.9606876373291
25.96973419189453	44.70270919799805	29.132856369018555	30.449716567993164
25.901803970336914	45.02628707885742	28.501380920410156	29.77558135986328
25.795921325683594	44.84759521484375	28.47321319580078	29.762224197387695
25.278242111206055	44.42521286010742	28.776086807250977	30.297502517700195
25.410558700561523	44.889034271240234	28.44722557067871	30.15753746032715
25.962942123413086	45.21940612792969	27.87806510925293	29.0926456451416
25.822677612304688	45.11197280883789	27.88533592224121	28.98667335510254
25.665647506713867	44.71380615234375	28.035402297973633	29.4908447265625
25.00982093811035	45.30171203613281	28.63965606689453	28.89742088317871
25.81707000732422	45.728939056396484	27.87431526184082	28.046762466430664
25.448278427124023	45.80147171020508	27.892702102661133	27.639053344726562
25.62497901916504	44.924041748046875	28.0230770111084	28.672658920288086
25.379440307617188	44.912384033203125	28.602140426635742	28.69866371154785
24.402328491210938	43.65315246582031	28.806289672851562	30.22365379333496
25.269027709960938	44.207340240478516	28.082801818847656	29.702163696289062
24.990114212036133	43.47589111328125	28.13133430480957	30.168813705444336
25.11275291442871	43.2386474609375	27.786771774291992	30.96465492248535
24.873870849609375	43.529178619384766	27.796945571899414	30.8287353515625
24.4195499420166	43.55280685424805	28.359567642211914	30.266996383666992
24.947227478027344	44.351226806640625	27.69757652282715	30.02586555480957
24.9068546295166	44.74806594848633	27.8861141204834	29.140296936035156
24.25026512145996	43.92167282104492	28.218229293823242	29.779077529907227
24.859344482421875	45.074031829833984	27.57389259338379	28.903289794921875
25.101430892944336	44.785858154296875	27.62455177307129	29.304506301879883
25.099538803100586	44.01896286010742	27.282331466674805	29.878393173217773
25.388864517211914	44.59382629394531	27.394899368286133	29.41706085205078
24.448944091796875	44.90860366821289	27.769258499145508	29.25742530822754
25.52301788330078	45.095794677734375	27.303403854370117	28.5762939453125
25.010786056518555	45.22129821777344	27.467580795288086	28.75069236755371
24.74798011779785	45.50788879394531	28.166059494018555	28.45554542541504
24.72356605529785	44.7225341796875	28.413930892944336	28.854232788085938
24.34743309020996	45.46311950683594	28.691701889038086	28.69728660583496
24.69324493408203	44.983978271484375	28.014013290405273	28.7559814453125
24.86570167541504	45.38974380493164	27.970436096191406	28.581344604492188
24.62348747253418	44.928646087646484	28.213953018188477	28.75510597229004
23.972145080566406	44.91657638549805	28.764997482299805	29.631446838378906
24.796157836914062	45.39252853393555	28.154205322265625	28.838056564331055
24.311187744140625	44.88348388671875	28.26093864440918	29.491533279418945
24.41035270690918	45.018001556396484	27.78883934020996	29.281755447387695
24.456748962402344	44.669376373291016	27.96771812438965	29.672792434692383
25.162572860717773	45.793949127197266	27.1629581451416	28.074445724487305
24.913854598999023	45.45909118652344	26.97698402404785	27.806549072265625
24.886011123657227	45.28916931152344	27.32374382019043	28.140501022338867
24.845441818237305	45.237945556640625	27.546327590942383	28.396400451660156
25.296295166015625	45.05247497558594	27.00819969177246	27.967817306518555
24.96021270751953	45.14371109008789	26.71302032470703	28.577957153320312
24.80644416809082	44.58659362792969	26.978818893432617	29.082067489624023
24.648351669311523	45.58183670043945	27.108041763305664	28.249677658081055
24.844772338867188	45.194149017333984	27.288930892944336	28.363027572631836
24.930288314819336	45.36526870727539	26.6343994140625	28.61878204345703
25.078466415405273	45.93050003051758	26.3211612701416	28.0098819732666
24.5858211517334	45.37672805786133	26.98793601989746	28.410171508789062
24.494155883789062	45.475101470947266	26.9511775970459	28.511306762695312
24.33784294128418	45.44258499145508	26.9276123046875	28.552703857421875
24.88884925842285	45.75398635864258	26.875757217407227	28.776430130004883
24.49375343322754	45.839717864990234	27.48295021057129	28.730873107910156
24.449052810668945	45.02531814575195	27.10077667236328	29.464096069335938
23.87351417541504	44.70566940307617	27.73344612121582	29.825027465820312
24.26148223876953	45.305938720703125	27.22995948791504	28.844741821289062
24.020212173461914	45.429561614990234	27.79441261291504	28.994064331054688
23.517427444458008	44.97526168823242	28.170011520385742	29.32176399230957
23.5665340423584	45.27009582519531	28.509183883666992	28.970903396606445
22.563453674316406	44.653594970703125	28.86390495300293	29.69659423828125
23.400346755981445	44.82707214355469	28.07710075378418	29.328224182128906
22.96687126159668	44.0556755065918	28.137351989746094	30.152963638305664
22.94295310974121	45.06019973754883	28.29471778869629	29.83677864074707
22.515817642211914	44.07326126098633	28.628463745117188	30.50339698791504
23.33506965637207	43.95572280883789	28.67093849182129	30.53004264831543
22.83637046813965	43.95454788208008	28.622772216796875	30.458877563476562
23.0945987701416	44.89803695678711	28.029924392700195	29.926713943481445
22.659154891967773	44.62955856323242	27.96331024169922	30.44305419921875
23.070960998535156	44.846981048583984	27.666566848754883	29.707868576049805
22.96567726135254	45.09035873413086	27.36397361755371	29.59755516052246
23.5048885345459	45.192134857177734	26.953641891479492	28.94550132751465
23.64455223083496	45.76972579956055	26.897302627563477	28.271217346191406
23.19738006591797	45.862422943115234	27.042863845825195	28.337265014648438
22.96956443786621	45.741336822509766	27.570215225219727	28.397397994995117
23.572059631347656	46.35512924194336	27.538469314575195	27.72913360595703
23.052309036254883	45.6695442199707	27.343183517456055	28.914573669433594
23.208450317382812	46.18830490112305	27.69966697692871	28.06913948059082
22.355606079101562	45.14460372924805	27.83855438232422	29.11812400817871
22.208105087280273	45.631160736083984	27.58428955078125	28.80088996887207
23.06066131591797	45.21406936645508	26.761564254760742	29.404052734375
22.88506317138672	46.054561614990234	26.67856788635254	28.483642578125
22.374048233032227	46.02097702026367	26.2571964263916	28.405500411987305
22.06696319580078	45.84370803833008	26.772470474243164	28.85680389404297
21.505956649780273	45.852787017822266	27.497751235961914	29.0846004486084
22.403182983398438	46.42448043823242	26.976533889770508	28.49764060974121
22.074766159057617	46.00819396972656	27.245084762573242	28.332124710083008
21.79743003845215	45.843353271484375	27.093076705932617	28.86659812927246
21.105478286743164	45.406829833984375	27.81354522705078	28.906736373901367
21.046606063842773	45.820613861083984	27.83442497253418	28.656051635742188
21.804059982299805	46.36198425292969	27.22058868408203	28.069971084594727
20.600624084472656	45.88325119018555	27.922826766967773	28.492109298706055
21.189573287963867	46.18708801269531	27.49659538269043	28.04071617126465
21.92905616760254	46.53581619262695	26.451448440551758	27.67877769470215
21.59101104736328	46.16608810424805	27.045257568359375	27.396516799926758
21.542455673217773	46.05812454223633	26.65892791748047	27.690521240234375
20.911436080932617	46.1749153137207	26.907297134399414	27.402360916137695
21.14796257019043	47.0056266784668	25.8346004486084	27.157081604003906
20.799537658691406	46.50642013549805	26.05817413330078	28.007530212402344
20.579927444458008	46.59855651855469	26.78846549987793	27.776227951049805
20.938766479492188	46.612117767333984	26.392663955688477	27.616050720214844
