326.0	60.0	55.0	166.0
325.4663391113281	62.82737731933594	54.128875732421875	161.4268341064453
324.4187927246094	62.763671875	54.45100784301758	161.41009521484375
324.3653259277344	61.47432327270508	53.56632995605469	161.4646453857422
322.9079284667969	61.67303466796875	54.55765151977539	158.35040283203125
323.0438232421875	61.76356506347656	52.922515869140625	158.98728942871094
322.4339904785156	61.951358795166016	53.55437088012695	157.9304962158203
322.6145935058594	61.52167892456055	52.320709228515625	162.98130798339844
321.8085021972656	64.12360382080078	51.89613723754883	165.75527954101562
320.4989318847656	64.62184143066406	52.42277145385742	163.1401824951172
320.2498474121094	64.12737274169922	52.22005844116211	162.17079162597656
321.7000427246094	65.29151153564453	51.33149337768555	155.9828338623047
322.083984375	64.78710174560547	51.24065017700195	156.16915893554688
320.6457214355469	63.269527435302734	52.00111770629883	154.7748565673828
320.8686218261719	62.2850456237793	51.6596794128418	156.19215393066406
319.8273010253906	61.75776290893555	52.5651741027832	155.715087890625
319.82635498046875	62.04219436645508	51.85055923461914	156.59515380859375
318.19970703125	65.67060089111328	53.27412033081055	157.17127990722656
318.5209655761719	66.5072250366211	52.39020919799805	155.1942596435547
318.2343444824219	65.77635955810547	52.46034622192383	158.2901153564453
318.7803955078125	65.85952758789062	52.82509994506836	154.4042510986328
319.2109680175781	65.17342376708984	50.03529739379883	151.41111755371094
318.7063293457031	67.08019256591797	50.34720993041992	148.93260192871094
317.7983703613281	69.09867095947266	50.63718795776367	146.3458709716797
317.4873962402344	69.17414093017578	49.98189926147461	143.89588928222656
317.8597717285156	70.4173812866211	49.022151947021484	142.13172912597656
317.0024719238281	70.0295181274414	49.18374252319336	144.4490509033203
316.962158203125	71.15164947509766	50.155487060546875	144.53065490722656
315.0430603027344	71.64144134521484	50.97670364379883	146.48472595214844
315.6124572753906	71.82697296142578	50.67708969116211	144.56631469726562
316.76409912109375	69.20612335205078	49.76834487915039	144.6917724609375
316.3425598144531	68.60285949707031	49.011138916015625	144.70787048339844
315.0873718261719	68.24472045898438	49.65424728393555	145.68890380859375
315.3606872558594	67.6529541015625	48.44643020629883	148.41273498535156
315.68475341796875	68.84857940673828	47.34092712402344	148.59356689453125
316.5740661621094	71.38990020751953	48.37847900390625	148.81211853027344
318.0733337402344	73.28881072998047	45.837276458740234	143.7874755859375
319.1173400878906	74.20348358154297	46.19113540649414	141.36988830566406
317.8730163574219	71.98636627197266	45.77231216430664	139.97976684570312
317.5360412597656	70.85552215576172	46.347957611083984	140.3311767578125
317.1549987792969	71.1719741821289	46.7810173034668	141.0861358642578
317.2763977050781	71.06641387939453	47.19778060913086	140.585205078125
317.0096435546875	71.05984497070312	48.00489807128906	143.30438232421875
316.1339416503906	73.70116424560547	49.127384185791016	145.74635314941406
316.8907775878906	75.50682830810547	48.21392822265625	144.87039184570312
318.3298034667969	73.70027923583984	47.32318115234375	142.43922424316406
318.9333801269531	72.22943115234375	45.88398361206055	139.9775848388672
319.2229919433594	74.3318862915039	45.617305755615234	137.1830291748047
319.5158386230469	74.09759521484375	45.97476577758789	137.46302795410156
319.4027099609375	72.41753387451172	46.657958984375	135.1990203857422
319.3945007324219	73.31741333007812	45.880374908447266	133.9245147705078
318.4467468261719	72.55989837646484	46.30384826660156	132.6016387939453
318.2564392089844	73.3511734008789	46.79390335083008	133.83999633789062
318.7626647949219	73.4253921508789	47.081207275390625	135.53738403320312
319.1440734863281	73.64385986328125	46.81932067871094	137.1005096435547
318.7951965332031	74.66734313964844	46.22591018676758	137.4274444580078
318.9830017089844	75.49557495117188	47.32304382324219	140.7423095703125
320.0173034667969	71.3372802734375	46.767791748046875	140.84506225585938
319.9080505371094	72.07254791259766	46.557315826416016	138.7268829345703
319.3080749511719	71.81897735595703	46.2703857421875	140.11708068847656
317.9343566894531	74.11699676513672	48.3799934387207	142.14251708984375
320.3851013183594	75.33710479736328	46.21992111206055	137.89051818847656
318.5941467285156	73.4115219116211	46.21699142456055	136.1209259033203
319.9985046386719	70.78839874267578	45.75642013549805	139.82205200195312
319.904052734375	70.8507080078125	46.40594482421875	140.16651916503906
319.2167053222656	71.07109832763672	46.64552307128906	139.29185485839844
319.716552734375	70.63506317138672	45.89375686645508	139.4327850341797
319.3365478515625	72.27055358886719	46.09439468383789	137.6691131591797
318.50238037109375	70.7516860961914	46.6934700012207	139.93443298339844
319.61273193359375	74.69939422607422	46.693634033203125	143.3744354248047
320.271728515625	75.26539611816406	45.52363586425781	142.1643829345703
321.1667175292969	75.23957824707031	45.398616790771484	141.09425354003906
321.4110412597656	71.98751068115234	44.59006118774414	138.94227600097656
322.41912841796875	73.60103607177734	44.636165618896484	137.7439727783203
321.5687561035156	74.33161926269531	45.04899978637695	134.5771942138672
320.47247314453125	74.12507629394531	44.452850341796875	131.77545166015625
320.979736328125	75.22891998291016	44.17367172241211	131.8666229248047
320.34210205078125	74.68118286132812	44.9006233215332	132.41336059570312
319.2289733886719	75.1716079711914	44.66341781616211	130.7274932861328
319.1287536621094	75.89481353759766	43.894962310791016	131.25914001464844
318.8478698730469	74.98245239257812	44.28971862792969	133.15773010253906
318.5028991699219	74.26116180419922	43.74900817871094	132.29612731933594
318.6806945800781	74.0687026977539	43.83919906616211	130.77171325683594
318.6197814941406	74.34464263916016	43.22990036010742	130.5932159423828
317.5424499511719	73.6701431274414	43.64146041870117	130.2975616455078
316.087890625	72.91387176513672	45.83388137817383	132.2356414794922
316.6188049316406	75.99073791503906	45.8023796081543	133.02951049804688
315.8354797363281	75.2075424194336	45.8304443359375	132.09457397460938
317.2491149902344	74.00269317626953	44.91913986206055	132.36317443847656
317.12939453125	73.1942367553711	43.92977523803711	131.9532470703125
316.4576110839844	73.81659698486328	42.95552444458008	128.0193634033203
315.8515319824219	73.12390899658203	43.5379753112793	126.89180755615234
316.7369384765625	75.41632080078125	43.31879806518555	129.09750366210938
316.9256286621094	77.9052505493164	43.873233795166016	128.15902709960938
317.2262268066406	79.8614730834961	43.47641372680664	126.5810317993164
316.5893249511719	82.03043365478516	44.7047119140625	127.02719116210938
316.3511657714844	85.00247192382812	43.78500747680664	123.8454360961914
317.2579040527344	85.56793975830078	44.20969772338867	125.6190185546875
317.6651306152344	79.6385269165039	42.42890167236328	124.75772094726562
317.6556091308594	76.25043487548828	41.364688873291016	123.89217376708984
317.9442443847656	77.03948211669922	41.20839309692383	124.22797393798828
317.8143310546875	75.95269775390625	40.8187141418457	124.37478637695312
318.0261535644531	76.14335632324219	40.712623596191406	123.28035736083984
317.4977722167969	75.16929626464844	41.46427536010742	123.18338775634766
317.2827453613281	76.9074935913086	41.895790100097656	122.37371063232422
316.1082458496094	74.6109848022461	43.1771125793457	125.05960083007812
317.5933837890625	81.50640106201172	41.40721130371094	122.70500946044922
316.8623046875	79.18680572509766	41.848018646240234	122.90119171142578
315.1304626464844	73.83753204345703	41.41709518432617	121.96857452392578
315.157958984375	74.09455108642578	40.98261642456055	122.0323486328125
316.41082763671875	86.85823822021484	43.62493896484375	122.64080810546875
315.6454772949219	82.68567657470703	43.81837463378906	125.78325653076172
316.36126708984375	85.26410675048828	43.10422134399414	123.74857330322266
316.7346496582031	85.07636260986328	42.8145866394043	123.78189849853516
315.9258117675781	81.03271484375	43.89516067504883	127.16014862060547
316.4262390136719	85.9677963256836	43.15464782714844	123.56925201416016
315.4111328125	84.46186065673828	43.54359817504883	124.8375015258789
314.5802917480469	85.63400268554688	44.943668365478516	124.95804595947266
314.8091735839844	85.21460723876953	43.25276184082031	124.1238784790039
315.22454833984375	83.30463409423828	44.08941650390625	126.90621185302734
315.5058898925781	83.35749053955078	43.76824951171875	127.5353775024414
315.92047119140625	84.70548248291016	43.75058364868164	124.93993377685547
315.6575622558594	84.16634368896484	43.88853073120117	126.26266479492188
315.8085632324219	81.37345123291016	44.7247314453125	130.57644653320312
316.6435241699219	81.89798736572266	45.386077880859375	129.01356506347656
317.2961120605469	82.65392303466797	45.07844924926758	129.20042419433594
316.1839294433594	79.83462524414062	45.79152297973633	131.40968322753906
315.63653564453125	84.11873626708984	44.767181396484375	128.6007537841797
315.4169921875	87.85807037353516	45.372745513916016	124.88159942626953
313.6117858886719	84.91254425048828	45.313751220703125	129.60191345214844
315.9642028808594	84.5090103149414	45.61807632446289	128.26803588867188
313.2149963378906	80.32012939453125	46.59274673461914	132.3446807861328
313.1716613769531	81.19733428955078	46.62489318847656	132.94992065429688
314.2233581542969	79.29306030273438	45.31485366821289	133.2854766845703
314.3641662597656	80.14510345458984	45.05533981323242	132.43251037597656
313.5945129394531	82.45285034179688	46.12382125854492	131.3897247314453
313.1448669433594	82.71630096435547	46.56949996948242	131.7542724609375
310.9359436035156	83.94619750976562	47.2440071105957	132.0440216064453
311.7586364746094	83.1577377319336	47.01075744628906	132.91978454589844
311.5366516113281	81.14801788330078	47.38887405395508	133.9585418701172
312.51129150390625	81.20340728759766	47.0667724609375	133.18211364746094
311.3131408691406	80.56429290771484	47.75380325317383	134.5032196044922
312.23797607421875	82.4481201171875	47.297672271728516	132.51358032226562
311.77880859375	85.17569732666016	47.54194641113281	130.8479461669922
312.3343811035156	79.55687713623047	47.268157958984375	134.81492614746094
311.4061584472656	82.3305892944336	47.220550537109375	134.11241149902344
311.2336730957031	81.73770904541016	46.94541931152344	134.80902099609375
311.9081115722656	80.86848449707031	46.8986701965332	134.24925231933594
312.8286437988281	84.76686096191406	46.14698791503906	131.20770263671875
311.8717346191406	85.50909423828125	46.40925979614258	130.67552185058594
311.2739562988281	83.34329986572266	47.07365798950195	132.93357849121094
313.4035949707031	81.87854766845703	46.78475570678711	131.24057006835938
311.7398376464844	85.9545669555664	46.77049255371094	130.9388885498047
311.27740478515625	81.72736358642578	47.20237731933594	133.2938232421875
312.0901184082031	84.39239501953125	46.6822509765625	130.4075927734375
313.87493896484375	83.85897827148438	45.99613952636719	128.94276428222656
312.3630065917969	82.9516372680664	46.05051803588867	130.21754455566406
312.2342529296875	82.95731353759766	46.08676528930664	130.8077392578125
313.2189025878906	84.57272338867188	46.209598541259766	127.81655883789062
310.2503662109375	86.8912353515625	46.41098403930664	129.7846221923828
311.8289489746094	86.7056884765625	45.345001220703125	128.03805541992188
310.9657897949219	84.54150390625	44.90169143676758	128.9705352783203
310.37164306640625	86.68785858154297	45.965091705322266	127.69091796875
309.8060302734375	87.35137939453125	46.18141555786133	128.8508758544922
310.7951354980469	85.92990112304688	45.6343879699707	128.53688049316406
310.4349365234375	83.22208404541016	46.3909797668457	131.02146911621094
312.7656555175781	86.46041107177734	45.671966552734375	127.04996490478516
312.0268859863281	87.62652587890625	46.28361511230469	126.94320678710938
311.4053955078125	87.73375701904297	47.08616256713867	128.1421661376953
309.1095275878906	84.95780181884766	46.904422760009766	131.4855194091797
312.7965393066406	87.249755859375	45.62363052368164	127.7630386352539
311.1144714355469	87.09856414794922	46.91361999511719	128.97425842285156
311.6280517578125	85.18305206298828	46.48207473754883	130.5691680908203
310.2638244628906	84.65831756591797	47.2288818359375	131.31394958496094
312.0196838378906	86.0190658569336	46.76059341430664	129.3286895751953
310.5787353515625	86.83154296875	47.481170654296875	128.45657348632812
309.39129638671875	86.7373275756836	48.078311920166016	131.08636474609375
308.3639831542969	88.64620208740234	49.12104415893555	131.2920379638672
309.8155517578125	81.02725982666016	48.99239730834961	135.81568908691406
311.3782653808594	85.5154037475586	49.173248291015625	131.3880615234375
310.4489440917969	86.97411346435547	48.832950592041016	131.5157470703125
308.6401672363281	83.9952392578125	49.77585983276367	134.47402954101562
310.1910095214844	84.00358581542969	49.05325698852539	133.2157440185547
309.84185791015625	83.6497573852539	48.94631576538086	132.83596801757812
312.0068054199219	85.15485382080078	47.92507553100586	129.6560821533203
309.7359313964844	85.96308135986328	49.088748931884766	132.4097137451172
307.9200744628906	87.08057403564453	49.77154541015625	133.49002075195312
309.7228088378906	84.3323974609375	49.0134162902832	133.26229858398438
308.0886535644531	85.136962890625	49.5656623840332	134.91651916503906
310.5289611816406	83.72254180908203	47.99454879760742	133.39779663085938
310.6664733886719	84.71137237548828	49.312286376953125	133.0764923095703
305.4222106933594	84.84231567382812	50.902313232421875	138.02725219726562
307.7216796875	76.0464096069336	50.05213928222656	140.3045196533203
308.3327941894531	80.60297393798828	49.99208068847656	139.07373046875
307.4425964355469	80.1546630859375	50.664615631103516	139.18060302734375
307.0978698730469	82.42300415039062	50.86980056762695	138.4037322998047
310.36004638671875	80.93828582763672	49.26051712036133	137.29580688476562
309.43780517578125	81.29823303222656	50.096038818359375	137.8724365234375
310.37493896484375	80.34111785888672	49.2162971496582	136.91770935058594
308.8664245605469	79.54049682617188	49.98725509643555	139.44313049316406
311.9348449707031	81.25894927978516	49.212066650390625	135.3199920654297
309.08367919921875	81.27205657958984	50.20204544067383	139.2121124267578
307.5607604980469	82.09380340576172	51.365779876708984	140.1803436279297
308.6432800292969	79.64686584472656	51.00895690917969	140.0095672607422
307.5030212402344	83.81975555419922	50.8101692199707	138.67967224121094
308.1568603515625	78.98139190673828	51.3331184387207	141.3260955810547
309.0151672363281	80.96200561523438	51.00294876098633	139.21812438964844
308.9637451171875	76.44670867919922	51.29018783569336	142.1057586669922
309.4252624511719	76.3357925415039	50.82075119018555	141.04672241210938
310.5754089355469	78.35950469970703	50.82734680175781	139.9583740234375
309.8929748535156	78.55289459228516	50.44704055786133	140.1650848388672
310.5278625488281	81.75569152832031	50.17413330078125	137.46595764160156
309.5005187988281	80.33065795898438	50.057247161865234	138.28932189941406
309.3502502441406	80.89446258544922	49.35567092895508	138.23516845703125
308.6159362792969	81.0117416381836	50.74253463745117	138.36582946777344
308.6378479003906	84.88467407226562	50.310237884521484	136.3472137451172
308.7787780761719	85.20149993896484	50.581783294677734	135.53904724121094
307.6101379394531	81.56459045410156	51.25936508178711	139.822998046875
307.5109558105469	83.45819854736328	51.777801513671875	139.9410400390625
308.87835693359375	79.50694274902344	50.490753173828125	139.7157440185547
310.29736328125	73.97493743896484	51.403987884521484	155.14649963378906
312.21417236328125	81.16224670410156	48.78419876098633	135.12274169921875
312.6037292480469	78.48991394042969	48.38432312011719	136.51084899902344
310.5169372558594	77.01518249511719	50.21565628051758	140.15452575683594
310.7217712402344	80.38177490234375	50.11722183227539	136.97337341308594
309.48956298828125	80.02149963378906	50.95223617553711	139.4982452392578
313.5632019042969	77.86556243896484	49.91374206542969	136.46397399902344
309.0399475097656	78.59444427490234	51.84207534790039	140.87782287597656
308.9456787109375	76.32859802246094	51.55723190307617	142.2202606201172
311.1246032714844	76.1845474243164	51.43887710571289	140.26356506347656
311.003173828125	79.82980346679688	51.324859619140625	138.2258758544922
311.3593444824219	78.9822769165039	51.61003494262695	139.46372985839844
309.3754577636719	77.4456558227539	51.89692306518555	141.50897216796875
309.5182189941406	74.11508178710938	52.13960647583008	143.92620849609375
309.6810607910156	76.75843048095703	52.773189544677734	143.0814666748047
308.9024658203125	77.83808135986328	53.116119384765625	144.45204162597656
307.4745788574219	78.45227813720703	53.80764389038086	145.0583038330078
307.939208984375	72.03204345703125	53.48796081542969	148.1142578125
311.0577087402344	75.92555236816406	52.41399002075195	143.279541015625
307.2569580078125	75.59744262695312	54.14115905761719	146.46229553222656
307.0989074707031	73.01343536376953	53.97909927368164	148.4634246826172
307.241943359375	68.9547348022461	54.28229904174805	151.6688995361328
307.0686340332031	72.4565658569336	54.63679504394531	149.37660217285156
307.9321594238281	73.26705169677734	54.21792984008789	147.9825439453125
306.5585632324219	73.13285064697266	54.637298583984375	150.42930603027344
306.6155090332031	67.7267074584961	55.00969314575195	153.8215789794922
307.1228332519531	74.35031127929688	54.80423355102539	148.9379119873047
308.84332275390625	72.04078674316406	54.38410568237305	148.0731201171875
307.4660949707031	70.41702270507812	54.86723327636719	150.5640869140625
307.7950744628906	69.08724212646484	54.7667121887207	150.06625366210938
306.63092041015625	67.49939727783203	55.21395492553711	152.18817138671875
305.18499755859375	71.7323989868164	56.00917434692383	151.75758361816406
305.2102966308594	70.66560363769531	56.18878173828125	153.99720764160156
306.25787353515625	71.6894760131836	55.81291580200195	150.2809295654297
305.6550598144531	71.0289077758789	55.38008117675781	152.2296142578125
305.8008117675781	67.42990112304688	55.9129753112793	152.8186798095703
307.1955261230469	72.3673324584961	55.42867660522461	149.7823028564453
306.8589172363281	71.32476043701172	55.3791618347168	151.84239196777344
308.50830078125	70.0097427368164	55.1108283996582	150.15089416503906
309.7661437988281	68.31404113769531	54.22206115722656	149.4704132080078
309.979736328125	71.0556869506836	54.56478500366211	147.8269805908203
307.7726135253906	68.54447174072266	54.8700065612793	149.17311096191406
307.34332275390625	72.22516632080078	55.04205322265625	148.5632781982422
309.37841796875	71.26839447021484	54.26223373413086	147.64724731445312
308.9438781738281	68.37767791748047	54.32533645629883	148.7881622314453
307.3629455566406	71.44709014892578	55.0875129699707	148.82557678222656
307.7958679199219	70.4395751953125	55.39686584472656	150.16416931152344
307.0617980957031	72.16879272460938	56.14350891113281	149.91148376464844
306.1360168457031	67.9046859741211	56.8878173828125	154.0689239501953
308.5126037597656	64.5078353881836	56.40077590942383	153.91448974609375
307.2558898925781	68.26568603515625	57.13881301879883	153.75967407226562
302.6037902832031	69.40935516357422	59.04355239868164	157.8965606689453
307.8206481933594	69.14444732666016	56.73545455932617	151.6442413330078
307.8683776855469	66.26898956298828	56.61458206176758	153.8509521484375
307.92156982421875	67.48149871826172	56.49803161621094	152.76686096191406
309.79541015625	71.24371337890625	55.71043395996094	148.44395446777344
307.8970642089844	70.22919464111328	56.47574234008789	149.95697021484375
309.9775085449219	71.78785705566406	55.1943244934082	147.2263641357422
308.644287109375	66.94683074951172	55.6807861328125	150.7044677734375
311.3769836425781	72.30120849609375	54.643157958984375	145.64366149902344
309.8358459472656	72.32183074951172	54.76953125	145.67086791992188
310.4902038574219	71.1566390991211	54.93829345703125	146.5147247314453
307.86602783203125	69.9229965209961	56.42518997192383	150.60911560058594
307.0588073730469	69.94255828857422	56.78275680541992	151.25062561035156
309.8885498046875	73.0974349975586	56.70025634765625	148.47344970703125
310.8353576660156	69.01445007324219	54.90885543823242	149.4207000732422
306.3059387207031	68.99358367919922	56.98397445678711	152.0234832763672
307.86248779296875	73.55207824707031	55.93438720703125	146.71022033691406
310.5126647949219	70.5110092163086	54.871585845947266	146.924560546875
310.52294921875	71.61773681640625	55.67196273803711	147.33013916015625
309.17596435546875	71.4429702758789	55.58393478393555	148.34022521972656
307.7069396972656	70.1960678100586	56.43330001831055	150.32933044433594
306.9809265136719	70.19658660888672	56.184627532958984	150.739013671875
308.2266540527344	70.35263061523438	55.34173583984375	148.81285095214844
309.5741271972656	70.58866119384766	54.83292770385742	148.66648864746094
307.0955505371094	69.6539306640625	56.26668930053711	151.6636505126953
308.320068359375	72.03813934326172	56.33330154418945	149.53187561035156
310.2415771484375	69.31515502929688	55.68159103393555	148.8771514892578
309.9150695800781	70.13629913330078	56.272735595703125	149.30311584472656
308.2946472167969	69.06002044677734	56.75056457519531	150.390380859375
308.3946838378906	71.35820770263672	56.70586013793945	148.34246826171875
310.4491882324219	70.66828155517578	55.93436813354492	147.4915313720703
308.3825378417969	66.23100280761719	57.53939437866211	151.2517852783203
312.2064514160156	67.80689239501953	55.813018798828125	147.06707763671875
310.6371154785156	66.99710083007812	56.6665153503418	149.3255157470703
311.1010437011719	69.38227844238281	56.24617004394531	149.4577178955078
310.99053955078125	69.82140350341797	56.41197204589844	148.6775665283203
310.4739685058594	68.96878051757812	56.57107162475586	148.5455322265625
311.0919494628906	71.69146728515625	55.86471939086914	146.10086059570312
312.6111755371094	71.97310638427734	55.07841110229492	144.50096130371094
312.2127380371094	72.25286102294922	55.23404312133789	144.4998321533203
311.2730407714844	70.38004302978516	56.1241569519043	145.21238708496094
312.7514953613281	71.50086212158203	55.83726119995117	143.86497497558594
311.1985168457031	70.48704528808594	56.250125885009766	146.27703857421875
311.2730712890625	72.4559326171875	55.3630485534668	142.9560089111328
312.7025451660156	73.56053924560547	55.234859466552734	142.02906799316406
313.14239501953125	72.41060638427734	55.477413177490234	142.554931640625
312.6016845703125	71.6434555053711	55.31052780151367	142.65330505371094
312.5160827636719	71.55467987060547	55.37186813354492	143.64015197753906
310.3780822753906	68.93663787841797	56.6258659362793	146.98878479003906
311.8550720214844	73.20794677734375	55.28789138793945	142.26319885253906
313.3461608886719	70.28860473632812	55.00312423706055	143.31610107421875
312.167236328125	72.39937591552734	55.25114059448242	141.9982452392578
312.8577575683594	69.90222930908203	55.57735061645508	144.3599395751953
313.00604248046875	71.1610336303711	54.780059814453125	142.86083984375
312.35009765625	70.40259552001953	55.64217758178711	145.0556182861328
313.4517822265625	68.12999725341797	56.01564407348633	146.1071014404297
310.8742370605469	67.4461669921875	57.4548225402832	148.3845672607422
312.53887939453125	67.39537811279297	57.024654388427734	148.0616912841797
313.885986328125	70.19475555419922	55.01304626464844	144.73846435546875
313.4797058105469	69.62957000732422	54.983978271484375	145.41029357910156
315.5490417480469	69.55577850341797	54.39793014526367	145.47122192382812
316.6996154785156	68.81764221191406	53.395992279052734	146.19479370117188
315.5985412597656	66.68512725830078	53.23659896850586	146.54627990722656
313.1952209472656	72.38612365722656	55.616668701171875	143.47280883789062
314.3686828613281	68.98738098144531	54.31962203979492	144.78121948242188
314.7698974609375	68.78245544433594	54.28879928588867	145.62600708007812
314.6723937988281	70.54033660888672	54.24324417114258	143.7899932861328
314.4165344238281	69.3572769165039	53.93814468383789	144.32778930664062
313.8220520019531	67.15316009521484	53.88722229003906	146.12657165527344
313.1925048828125	66.39513397216797	54.318851470947266	147.0746307373047
313.0372619628906	69.56961822509766	53.76039505004883	145.0625457763672
313.6929626464844	69.24372863769531	54.12124252319336	144.3196563720703
314.3515319824219	69.02521514892578	54.10896682739258	143.4375762939453
313.9349365234375	73.24603271484375	53.728759765625	140.7197723388672
313.3155212402344	67.93268585205078	54.99497985839844	145.6129608154297
313.7477111816406	73.16661071777344	53.382232666015625	141.6848907470703
312.0363464355469	70.7677230834961	54.858455657958984	145.01217651367188
313.2129211425781	69.50494384765625	54.328609466552734	144.60501098632812
313.2672119140625	70.0137710571289	54.59602355957031	143.87115478515625
313.7575378417969	68.24532318115234	54.66728210449219	144.9615936279297
313.3076171875	70.41073608398438	54.38874435424805	144.59872436523438
312.8732604980469	67.94808197021484	54.65791702270508	145.7783203125
312.8930358886719	67.21974182128906	54.81657028198242	146.6368408203125
312.8851318359375	68.15061950683594	54.51505661010742	146.86155700683594
312.1124572753906	68.61197662353516	55.21897506713867	147.21205139160156
312.9503173828125	65.5145034790039	54.57316970825195	149.21885681152344
310.5393981933594	68.4609146118164	55.66376876831055	149.6454620361328
313.5651550292969	66.53965759277344	55.09996032714844	147.81048583984375
312.6273498535156	68.20117950439453	54.46052551269531	147.5674591064453
310.9807434082031	66.38411712646484	55.43265151977539	150.5791473388672
312.99505615234375	66.29631042480469	55.9609489440918	149.54344177246094
312.228759765625	64.0624771118164	55.19218063354492	151.3197784423828
312.4229431152344	66.15535736083984	55.223880767822266	150.5027618408203
310.82666015625	66.2619857788086	55.288421630859375	151.0272674560547
312.3804016113281	65.30281829833984	54.67218017578125	150.61070251464844
311.7375793457031	66.5251693725586	56.92409896850586	151.0576629638672
311.6717224121094	65.93746948242188	55.27933883666992	150.2039031982422
311.4787292480469	67.55024719238281	55.320194244384766	149.8567352294922
310.1867370605469	66.5280990600586	56.00069808959961	151.4256591796875
311.4040222167969	67.25399017333984	55.509334564208984	150.5307159423828
312.3367614746094	65.45149993896484	56.268402099609375	150.67794799804688
312.4733581542969	69.32164764404297	54.9506721496582	149.0509796142578
311.7932434082031	65.92980194091797	55.57137680053711	151.14906311035156
312.3821105957031	67.05300903320312	56.02640151977539	149.94284057617188
310.0562438964844	62.58891677856445	56.685001373291016	153.099853515625
312.0604553222656	63.8519287109375	55.118221282958984	152.5406951904297
311.607666015625	69.71925354003906	54.85519027709961	148.8641815185547
311.6096496582031	66.66564178466797	55.03618240356445	151.40992736816406
312.0682373046875	62.708282470703125	55.6317138671875	153.62437438964844
311.7286682128906	63.7379035949707	56.77665710449219	153.15509033203125
311.63836669921875	67.6699447631836	55.32697677612305	151.21023559570312
311.1048278808594	64.76148223876953	55.72675704956055	153.60853576660156
311.3360290527344	63.85671615600586	55.27425003051758	153.8192138671875
311.6314697265625	61.89448547363281	55.74261474609375	154.86729431152344
311.9320983886719	64.06438446044922	54.973175048828125	152.60763549804688
312.9824523925781	65.47052764892578	55.18919372558594	151.71681213378906
312.4591369628906	62.9794807434082	54.851959228515625	152.8320770263672
312.53228759765625	61.6989860534668	54.42180252075195	154.16329956054688
312.7223205566406	63.33647537231445	54.940093994140625	153.12046813964844
313.2046203613281	62.52825927734375	54.894718170166016	154.19015502929688
313.3852233886719	63.9531135559082	54.114166259765625	152.3272247314453
314.1326904296875	62.586063385009766	53.31288528442383	153.62109375
312.57733154296875	62.52157974243164	53.90559387207031	154.16522216796875
313.5943298339844	62.10028076171875	53.36106491088867	153.41424560546875
313.8251953125	63.81761169433594	53.51640319824219	151.6345672607422
