198.0	70.0	70.0	73.0
194.7808074951172	71.70199584960938	67.94074249267578	71.67838287353516
190.73260498046875	71.47762298583984	69.23169708251953	73.05660247802734
188.50921630859375	72.8831558227539	66.83685302734375	72.10808563232422
186.73431396484375	72.33081817626953	67.03060913085938	72.89186096191406
186.7108154296875	73.23148345947266	66.20288848876953	72.28546905517578
187.5099639892578	74.64089965820312	66.3880386352539	70.87677764892578
189.59051513671875	74.97351837158203	68.1822509765625	71.37374114990234
192.58338928222656	75.68263244628906	69.152587890625	71.63319396972656
196.3129119873047	76.8604965209961	68.42084503173828	71.67255401611328
200.56085205078125	79.09880828857422	67.60315704345703	70.37112426757812
204.9656219482422	80.38803100585938	66.54741668701172	71.42556762695312
209.61875915527344	82.51738739013672	67.15326690673828	69.6837387084961
216.7032012939453	82.37126159667969	67.38764953613281	71.13239288330078
223.99603271484375	82.12162017822266	66.51224517822266	71.42849731445312
230.4150390625	81.02978515625	67.04890441894531	73.14946746826172
237.8111114501953	80.40309143066406	66.9576416015625	72.7059555053711
245.1357421875	78.13990020751953	67.98981475830078	74.61001586914062
253.32176208496094	75.1184310913086	69.58194732666016	76.61624908447266
263.6492614746094	75.66484069824219	71.59925079345703	76.59711456298828
275.9717712402344	76.0635757446289	69.2607650756836	78.01036834716797
285.5694274902344	78.70425415039062	64.05140686035156	79.3606948852539
290.5633544921875	81.06076049804688	61.764591217041016	81.1874008178711
290.0359191894531	83.14852142333984	63.8565788269043	81.85983276367188
289.4303283691406	85.02677154541016	63.08182907104492	79.77606964111328
286.6183166503906	84.0144271850586	64.35690307617188	80.19984436035156
281.2755432128906	82.96747589111328	65.1506118774414	80.04542541503906
273.7261962890625	83.63252258300781	66.49569702148438	78.11468505859375
265.8324890136719	83.6715087890625	67.70782470703125	79.0724868774414
259.3496398925781	83.93706512451172	67.3687973022461	77.48247528076172
254.734130859375	82.7555160522461	65.01309967041016	77.50972747802734
251.0037384033203	80.74557495117188	62.5860481262207	77.4222640991211
246.7123260498047	77.54552459716797	63.40053176879883	77.19647979736328
244.66981506347656	73.97134399414062	62.11074447631836	78.2988510131836
243.8662872314453	70.38400268554688	60.87229537963867	78.8530044555664
242.6690216064453	67.46514892578125	61.13728332519531	78.47615814208984
240.4513702392578	65.18965148925781	61.35337448120117	76.80619049072266
238.82359313964844	62.32545471191406	62.13752365112305	76.2182388305664
238.4418182373047	57.91948318481445	60.13957595825195	77.48242950439453
237.74205017089844	55.41618347167969	59.449520111083984	75.8798828125
237.0306396484375	51.57843017578125	59.39408493041992	76.00312042236328
234.64161682128906	48.20643615722656	60.881778717041016	75.14618682861328
232.1683349609375	45.6576042175293	61.03737258911133	73.58203887939453
230.225830078125	43.19704055786133	60.342987060546875	72.96839141845703
228.4613494873047	40.73776626586914	60.122188568115234	72.74974822998047
227.1647491455078	38.82190704345703	59.8551025390625	72.22632598876953
225.681396484375	36.227291107177734	59.20553970336914	73.32050323486328
224.0768585205078	34.911617279052734	60.50336837768555	72.95013427734375
223.609130859375	34.42106628417969	60.45808410644531	73.04943084716797
223.35670471191406	34.35482406616211	60.43293380737305	74.58374786376953
223.83631896972656	35.47256851196289	60.006465911865234	73.26424407958984
224.88792419433594	36.199798583984375	59.41257858276367	74.5352783203125
226.0070343017578	38.31037902832031	60.051849365234375	72.7766342163086
226.02394104003906	39.10565948486328	61.700927734375	74.2041015625
227.3467254638672	40.64691925048828	62.124385833740234	74.46411895751953
228.9912872314453	43.18142318725586	61.729339599609375	73.4966049194336
231.6076202392578	45.80303955078125	62.33402633666992	72.18245697021484
234.1769561767578	45.97868728637695	67.58301544189453	73.51912689208984
239.7421417236328	45.67642593383789	68.55171966552734	74.73664093017578
244.9349822998047	45.95574951171875	71.73114013671875	75.4180679321289
253.2131805419922	45.9175910949707	74.71248626708984	74.76931762695312
264.3780212402344	42.60274887084961	75.66744995117188	75.86528015136719
276.8384094238281	39.336849212646484	73.87639617919922	77.25259399414062
289.0709228515625	36.192569732666016	72.21509552001953	78.12676239013672
298.9310607910156	33.78238296508789	71.4427719116211	80.17293548583984
308.6666259765625	32.38776779174805	66.61005401611328	80.6423568725586
313.5057067871094	31.847412109375	65.48394012451172	80.58623504638672
314.78680419921875	31.34531593322754	63.54390335083008	83.24078369140625
311.6789245605469	34.29916000366211	65.98120880126953	81.25436401367188
308.4038391113281	35.74947738647461	66.52347564697266	81.08728790283203
306.5492248535156	37.02521514892578	64.78871154785156	80.54986572265625
305.8810729980469	37.96452331542969	66.43441772460938	80.8637466430664
306.4946594238281	38.353031158447266	65.34222412109375	80.61576080322266
306.6471862792969	38.15306091308594	66.12910461425781	81.71660614013672
308.1582336425781	38.120323181152344	65.42341613769531	80.73960876464844
310.378662109375	38.72830581665039	65.11003875732422	81.53022003173828
310.5489807128906	38.08247756958008	65.3323974609375	82.25418090820312
310.373291015625	37.637027740478516	65.48632049560547	81.1872787475586
308.6831970214844	38.3311882019043	66.37226104736328	79.00818634033203
304.42572021484375	38.66642761230469	65.85697174072266	78.32198333740234
295.0121154785156	39.48517990112305	70.17491912841797	78.66404724121094
283.2464904785156	41.42594528198242	72.39854431152344	78.32404327392578
272.49871826171875	44.49333572387695	73.3128433227539	77.47457122802734
263.3668518066406	45.19160842895508	72.22089385986328	76.89350128173828
253.1158447265625	45.21406173706055	72.93331909179688	76.94843292236328
242.94183349609375	46.20549011230469	71.70844268798828	74.66919708251953
234.2762451171875	47.672428131103516	69.87201690673828	75.08055114746094
226.0205078125	50.246768951416016	67.87645721435547	73.2923355102539
216.56861877441406	52.81260681152344	67.65719604492188	74.33468627929688
210.41746520996094	56.2220344543457	66.28286743164062	74.91226959228516
207.21934509277344	57.5220832824707	65.19056701660156	77.62593078613281
206.21099853515625	59.39501953125	64.5589828491211	78.41634368896484
206.4799041748047	62.54494094848633	63.737186431884766	77.06201171875
206.7528076171875	64.83538818359375	63.62334060668945	76.15474700927734
207.98793029785156	67.1805191040039	63.25999069213867	75.23957061767578
209.47804260253906	68.29239654541016	64.16708374023438	74.2765121459961
213.2452850341797	69.17880249023438	64.65331268310547	72.79692077636719
217.8872528076172	67.97710418701172	64.51336669921875	74.42884063720703
222.9110565185547	68.03414154052734	64.3211898803711	74.63370513916016
227.353515625	67.73865509033203	65.72651672363281	74.65595245361328
233.6170654296875	65.79943084716797	65.22460174560547	75.89480590820312
240.08154296875	63.05311965942383	63.63100051879883	77.00041198730469
243.817138671875	59.58500289916992	62.8373908996582	78.63359832763672
245.88377380371094	56.187068939208984	64.59931182861328	79.94928741455078
248.0571746826172	53.40994644165039	62.592037200927734	80.04129791259766
248.5912322998047	48.99514389038086	62.976871490478516	82.40737915039062
248.66839599609375	47.2323112487793	62.10905456542969	79.59368896484375
248.6465606689453	45.177860260009766	63.821533203125	78.1630630493164
248.2155303955078	43.55623245239258	63.49460983276367	77.1197280883789
247.8355712890625	41.09461975097656	63.01921463012695	77.67855834960938
247.6211395263672	39.79592514038086	64.41155242919922	77.41644287109375
246.9530792236328	39.40131378173828	63.94041442871094	75.20613861083984
245.53553771972656	37.80203628540039	65.390869140625	76.0068588256836
245.32106018066406	37.16643142700195	64.35470581054688	74.52454376220703
244.75917053222656	35.34098434448242	64.34146881103516	74.7290267944336
243.9227752685547	33.59953689575195	65.05477142333984	75.8516616821289
243.32574462890625	32.51020812988281	66.00069427490234	75.95183563232422
242.81298828125	32.30910873413086	64.15479278564453	74.79694366455078
242.7065887451172	30.90094757080078	66.84833526611328	76.47542572021484
242.98370361328125	30.390419006347656	67.06903839111328	76.96822357177734
242.8659210205078	30.80110740661621	65.80152130126953	75.93224334716797
241.78485107421875	31.371322631835938	64.8766098022461	74.98186492919922
239.9867706298828	32.10771560668945	63.7203483581543	74.44896697998047
237.25160217285156	32.98558807373047	63.752559661865234	73.98514556884766
234.4501953125	34.7194709777832	63.67250061035156	73.32743835449219
231.88084411621094	37.07062530517578	62.87845993041992	72.42304229736328
229.0850067138672	38.65163803100586	63.30740737915039	74.02322387695312
228.09942626953125	41.3321647644043	61.19106674194336	73.60031127929688
227.85813903808594	43.76956558227539	60.71632766723633	74.54080200195312
227.78245544433594	47.3148193359375	59.78508377075195	73.37217712402344
227.3584747314453	49.93416976928711	59.90291976928711	74.6299819946289
225.76658630371094	53.05868911743164	59.73051071166992	75.80233764648438
224.19830322265625	57.63290023803711	60.21079635620117	72.70560455322266
222.0532684326172	60.5729866027832	61.12747573852539	73.10820007324219
220.7388153076172	63.22267150878906	60.53099060058594	72.75543212890625
219.76361083984375	66.05797576904297	59.94598388671875	73.31542205810547
218.9912872314453	68.57369995117188	59.581912994384766	73.31963348388672
217.6703338623047	71.80422973632812	59.41737747192383	72.42831420898438
216.3263702392578	74.0787353515625	59.68576431274414	72.94010162353516
214.4893798828125	76.50970458984375	60.897457122802734	72.03580474853516
212.5426788330078	78.53952026367188	61.23298645019531	71.43043518066406
210.63975524902344	80.14733123779297	61.888309478759766	70.5588150024414
208.7442626953125	80.68108367919922	62.16994857788086	70.75113677978516
206.8001251220703	80.1748275756836	63.164363861083984	71.58871459960938
204.55047607421875	79.82728576660156	64.2421875	71.75689697265625
200.84706115722656	80.19105529785156	65.7392349243164	70.79656219482422
196.48895263671875	80.29354858398438	67.06645965576172	70.39228820800781
193.13294982910156	79.1963119506836	66.76805877685547	71.38326263427734
190.0672607421875	78.27185821533203	66.70696258544922	71.55399322509766
187.99021911621094	77.7512435913086	65.96495819091797	71.32059478759766
185.9836883544922	76.39954376220703	66.06436920166016	72.06524658203125
185.1814727783203	75.32443237304688	64.36492156982422	71.7392807006836
183.5281219482422	73.9417724609375	65.03350067138672	71.9806137084961
181.1840362548828	72.7595443725586	66.2009506225586	71.72868347167969
178.66156005859375	71.9048843383789	66.66596221923828	70.81653594970703
176.0709991455078	70.98455810546875	66.53076934814453	70.52216339111328
171.5374298095703	69.48808288574219	68.51374053955078	69.84859466552734
168.20701599121094	67.6246109008789	68.0201416015625	70.34500885009766
163.46151733398438	66.7187271118164	68.9563217163086	68.9140396118164
158.24952697753906	65.02611541748047	70.64925384521484	69.35540008544922
152.79075622558594	62.79095458984375	71.78800201416016	70.31441497802734
148.3078155517578	62.219547271728516	71.42631530761719	69.54067993164062
145.05096435546875	60.73624801635742	70.74411010742188	69.82172393798828
140.83917236328125	59.92959213256836	71.50902557373047	70.7016830444336
138.3987274169922	59.149532318115234	71.18730926513672	70.68457794189453
136.6701202392578	59.31264114379883	70.36597442626953	71.95098114013672
135.3501739501953	59.67784118652344	69.60383605957031	70.88005828857422
134.21612548828125	58.48471450805664	67.1041030883789	71.70867156982422
132.6545867919922	58.97446823120117	66.1858139038086	71.26814270019531
131.150634765625	60.093746185302734	65.97396087646484	71.4976806640625
130.36671447753906	60.24863815307617	67.57544708251953	72.9552993774414
129.55865478515625	60.99778747558594	67.07068634033203	72.71453094482422
129.85968017578125	62.68794250488281	67.41504669189453	73.49707794189453
130.37762451171875	63.99433517456055	66.9420166015625	72.77713012695312
132.2452850341797	65.98653411865234	66.90745544433594	73.0372085571289
133.6636962890625	65.42711639404297	68.18167877197266	75.52325439453125
135.045654296875	66.07180786132812	69.93433380126953	76.0744400024414
138.76649475097656	65.93722534179688	70.11324310302734	76.34646606445312
143.31434631347656	66.41255950927734	69.0191421508789	75.74752044677734
147.56590270996094	66.90264129638672	69.77640533447266	76.66825866699219
151.9002227783203	66.9157485961914	70.26885223388672	77.03258514404297
156.6625518798828	67.73040008544922	69.80866241455078	76.61553955078125
161.91893005371094	66.90465545654297	69.09774017333984	78.68254089355469
163.9806365966797	65.78569793701172	69.56022644042969	77.60155487060547
171.00303649902344	70.93205261230469	68.20242309570312	71.12543487548828
172.42857360839844	67.68321228027344	69.63207244873047	77.46503448486328
176.4703826904297	69.63377380371094	69.3632583618164	72.33602905273438
179.51983642578125	66.0771255493164	70.51628875732422	79.60115814208984
185.33294677734375	68.88973236083984	71.26322174072266	74.31742095947266
184.773193359375	65.8846435546875	71.66483306884766	74.73625183105469
191.8845672607422	62.103153228759766	71.82254028320312	74.90071868896484
192.57264709472656	60.92839431762695	72.54360961914062	75.6526870727539
195.63905334472656	53.827449798583984	72.78907775878906	75.9086685180664
193.37962341308594	60.34872055053711	72.83643341064453	75.95804595947266
207.80810546875	60.96910095214844	73.02301025390625	76.15261840820312
205.48338317871094	54.89360046386719	73.23259735107422	76.37118530273438
209.6082305908203	67.06977081298828	73.80297088623047	76.96600341796875
194.58428955078125	50.34382629394531	72.90345001220703	76.02793884277344
212.13807678222656	61.01513671875	73.2682876586914	76.40841674804688
217.79693603515625	47.65478515625	75.25428009033203	78.47953033447266
220.9498291015625	50.21379470825195	74.69185638427734	77.89301300048828
198.69244384765625	39.16244125366211	75.10794830322266	78.32694244384766
167.8526153564453	14.476963996887207	75.52867889404297	78.76570892333984
202.22752380371094	45.68930435180664	76.6109619140625	79.89437103271484
232.93939208984375	54.0914306640625	75.88532257080078	79.13763427734375
241.22650146484375	53.472232818603516	75.98900604248047	86.34696197509766
242.017333984375	53.54094314575195	69.91178131103516	79.1344985961914
242.9373321533203	54.106292724609375	67.82918548583984	78.00792694091797
243.4470977783203	53.95583724975586	66.9808578491211	77.36595916748047
244.06431579589844	53.678070068359375	65.85338592529297	77.94190216064453
244.4353485107422	52.845672607421875	64.827392578125	78.04389190673828
245.62750244140625	51.359249114990234	63.958744049072266	79.10096740722656
244.3748321533203	50.81745529174805	65.85867309570312	78.95747375488281
245.27235412597656	48.82247543334961	64.36175537109375	78.98764038085938
245.2767333984375	46.50798034667969	64.08013153076172	79.50211334228516
245.34242248535156	44.50498580932617	66.06214141845703	79.4521484375
244.7943115234375	43.03114700317383	67.14110565185547	79.9579849243164
244.19178771972656	41.40031814575195	67.21309661865234	77.60968780517578
243.27598571777344	39.683650970458984	69.32908630371094	77.45600128173828
241.1484832763672	38.839576721191406	70.61199951171875	77.31135559082031
241.54795837402344	37.05458450317383	69.63172149658203	77.22745513916016
241.1495361328125	36.72600555419922	70.20743560791016	77.17060089111328
239.14698791503906	36.404144287109375	70.6993408203125	76.51846313476562
238.33148193359375	36.32771682739258	70.08091735839844	76.02953338623047
237.63609313964844	35.68692398071289	71.3462905883789	75.8136215209961
234.2725372314453	35.87022018432617	70.2966537475586	74.03394317626953
231.32017517089844	35.32875442504883	71.8154525756836	74.19507598876953
229.0173797607422	32.86886215209961	70.59132385253906	74.38053131103516
227.01904296875	33.65464782714844	68.90740203857422	71.64838409423828
221.9042205810547	32.61642074584961	69.54849243164062	71.73807525634766
218.81700134277344	31.8264217376709	69.77582550048828	73.43061065673828
213.9494171142578	31.460710525512695	68.94258880615234	73.9000015258789
209.971923828125	32.11851119995117	67.61575317382812	73.56331634521484
207.06298828125	33.78369140625	66.77278900146484	72.7970962524414
203.25511169433594	34.22311019897461	66.79983520507812	73.46322631835938
198.6398468017578	34.94187545776367	66.8825454711914	73.80608367919922
193.97511291503906	36.499874114990234	67.22982025146484	74.41178131103516
192.07496643066406	37.423484802246094	66.3887710571289	73.18433380126953
192.12762451171875	39.45363998413086	66.14898681640625	72.40685272216797
193.0699462890625	41.10740661621094	65.55423736572266	73.06841278076172
193.0871124267578	43.4526481628418	67.27325439453125	73.86493682861328
194.93641662597656	46.614166259765625	68.81696319580078	73.05948638916016
199.3184356689453	51.44466781616211	69.09042358398438	72.46756744384766
203.10084533691406	55.03972244262695	68.8490219116211	73.27552032470703
206.1181182861328	58.8675422668457	69.07198333740234	70.1697998046875
215.6012420654297	63.78398132324219	65.53155517578125	68.35924530029297
219.7264404296875	63.492366790771484	66.30268859863281	69.12166595458984
224.8855438232422	67.16039276123047	65.7273178100586	71.28689575195312
227.29052734375	68.82860565185547	65.2639389038086	73.26839447021484
228.4389190673828	71.21733856201172	66.44034576416016	73.0774154663086
229.88861083984375	72.95503997802734	66.89005279541016	73.0956039428711
230.756103515625	75.5179214477539	65.71292114257812	72.65325927734375
230.39324951171875	77.88837432861328	65.4244613647461	72.431884765625
229.9187774658203	80.32957458496094	64.81380462646484	71.37164306640625
229.37049865722656	82.63919067382812	64.40178680419922	70.42859649658203
228.3819580078125	83.63953399658203	65.48096466064453	69.56541442871094
228.4561004638672	84.01265716552734	65.90602111816406	69.74573516845703
227.8268585205078	84.78123474121094	65.3016128540039	68.87618255615234
225.98426818847656	84.92467498779297	65.547119140625	68.60324096679688
224.68927001953125	85.4045639038086	65.60296630859375	68.9525375366211
223.84181213378906	84.92828369140625	64.84418487548828	69.77408599853516
222.66514587402344	85.17859649658203	64.7215347290039	70.18653869628906
223.4076690673828	85.77587890625	64.12828063964844	70.41956329345703
223.09185791015625	84.52741241455078	65.5065689086914	71.89230346679688
224.4274139404297	84.0054702758789	66.4387435913086	71.03335571289062
226.80921936035156	83.24629211425781	66.68306732177734	71.0213394165039
230.3695068359375	81.4017105102539	67.71463775634766	72.9571762084961
234.6636505126953	80.02982330322266	67.0398941040039	74.92229461669922
238.5210418701172	77.69425201416016	66.79690551757812	74.7088851928711
244.60389709472656	77.2153091430664	65.96305084228516	74.23554992675781
248.94383239746094	74.47093963623047	66.29840850830078	75.7400894165039
254.1145782470703	70.50955963134766	65.273681640625	78.16217803955078
256.5713195800781	67.84974670410156	67.0072021484375	76.42093658447266
262.8403625488281	66.00682830810547	63.18965148925781	78.23563385009766
263.93572998046875	62.989009857177734	64.04552459716797	80.34247589111328
265.8050231933594	60.381282806396484	65.75581359863281	80.25737762451172
268.8832702636719	57.51179122924805	65.80382537841797	80.01852416992188
271.7145080566406	55.623531341552734	64.57637023925781	79.43090057373047
273.15728759765625	53.66884994506836	65.55025482177734	79.12812042236328
276.885009765625	49.12992477416992	66.09169006347656	81.6427001953125
281.5830993652344	44.75830078125	63.82815170288086	81.49484252929688
284.7441711425781	39.54559326171875	63.71614074707031	83.17176055908203
287.37017822265625	34.550235748291016	63.20846176147461	82.80279541015625
289.5345764160156	30.63262939453125	61.99135208129883	82.2331314086914
292.3309631347656	26.997095108032227	61.30865478515625	81.80965423583984
294.3175048828125	23.1142520904541	61.83913040161133	81.2968521118164
297.5279541015625	21.0115909576416	61.268192291259766	80.24343872070312
299.559814453125	17.43001365661621	60.62916946411133	81.17616271972656
300.7515563964844	13.996508598327637	60.768798828125	81.65542602539062
300.6468200683594	10.663829803466797	59.84055709838867	81.14025115966797
297.5168762207031	8.135839462280273	61.4684944152832	79.87967681884766
293.0916748046875	6.208200931549072	62.80305862426758	77.27883911132812
286.8929443359375	6.74480676651001	64.25667572021484	74.6050796508789
281.2956237792969	6.361915588378906	62.65036392211914	73.81818389892578
275.97021484375	6.28464937210083	62.52644729614258	73.9576416015625
270.8874816894531	6.612066745758057	62.88848876953125	72.37931060791016
266.639892578125	6.254384994506836	60.93166732788086	71.84394073486328
262.3473205566406	4.79688024520874	61.03398132324219	69.58091735839844
255.62379455566406	4.118065357208252	63.313201904296875	73.24256134033203
246.6533203125	7.402601718902588	63.54384231567383	70.90371704101562
238.96954345703125	12.725518226623535	62.92454147338867	68.7223129272461
232.6315460205078	14.896016120910645	60.571773529052734	69.13145446777344
229.368408203125	15.841565132141113	59.76071548461914	70.7848129272461
226.60401916503906	16.038846969604492	60.06284713745117	71.10173797607422
225.96043395996094	17.51251983642578	58.160762786865234	70.3044662475586
225.4879913330078	17.438323974609375	58.5950927734375	71.52159881591797
225.8179931640625	17.536420822143555	58.964141845703125	72.48501586914062
226.0411834716797	18.333147048950195	58.90011978149414	71.8001480102539
227.1516571044922	19.05280876159668	57.73542404174805	71.3204574584961
227.5758056640625	19.566200256347656	59.389766693115234	70.83867645263672
230.58995056152344	18.995012283325195	60.635257720947266	71.60397338867188
236.44024658203125	17.83130645751953	61.05450439453125	71.87432861328125
243.1033477783203	15.135086059570312	61.31122970581055	72.21125030517578
251.35791015625	14.937610626220703	61.8548583984375	64.50579071044922
260.13946533203125	12.349647521972656	60.63472366333008	74.43535614013672
262.27032470703125	11.520602226257324	57.9277458190918	75.21198272705078
262.9797058105469	12.2748384475708	57.401458740234375	75.68453216552734
265.0068664550781	9.295269012451172	59.052154541015625	77.8793716430664
267.8193359375	9.925827980041504	57.67539978027344	77.05108642578125
267.4812927246094	10.158700942993164	59.108943939208984	77.11876678466797
267.9581604003906	11.374966621398926	58.7462043762207	75.74695587158203
264.8008117675781	14.272730827331543	59.28147888183594	75.94514465332031
258.9272155761719	18.875566482543945	60.157073974609375	74.33417510986328
258.906005859375	23.175668716430664	59.73675537109375	72.8312759399414
262.41094970703125	25.7874698638916	60.260372161865234	70.76402282714844
268.0087585449219	22.193939208984375	58.305084228515625	74.093505859375
270.9676818847656	22.1071834564209	57.99227523803711	70.74114990234375
273.358154296875	24.272613525390625	60.05192184448242	69.84832000732422
277.1237487792969	25.176347732543945	58.39106369018555	68.98773956298828
278.2467956542969	26.0037899017334	59.67107009887695	69.26347351074219
281.4310607910156	26.066146850585938	59.598880767822266	69.3427963256836
283.1579284667969	23.552139282226562	59.34916687011719	71.17589569091797
283.1965637207031	23.532068252563477	59.117740631103516	69.43132781982422
280.93450927734375	24.142881393432617	59.21586608886719	68.5909652709961
277.67376708984375	25.663537979125977	60.36704635620117	69.97850036621094
273.621826171875	27.38005256652832	59.97917556762695	68.50977325439453
270.44329833984375	29.46333885192871	59.4107780456543	68.37870025634766
267.594482421875	31.74806785583496	59.334503173828125	68.06623077392578
263.8447265625	33.45944595336914	60.1706428527832	67.10227966308594
258.4930725097656	33.71504211425781	61.4220085144043	68.93933868408203
247.7178192138672	33.154876708984375	66.20958709716797	71.0961685180664
244.60191345214844	39.357330322265625	56.46360778808594	58.88348388671875
235.9656524658203	39.13838195800781	61.8621826171875	68.7236328125
229.37498474121094	41.383792877197266	62.23222351074219	64.12958526611328
221.11865234375	40.454307556152344	63.59840774536133	64.40496063232422
210.3173370361328	38.355628967285156	64.6170425415039	65.20980834960938
203.1243133544922	39.52155685424805	63.67484664916992	64.17737579345703
195.0363311767578	36.98722839355469	65.15274810791016	64.99727630615234
190.548828125	35.089111328125	64.72692108154297	65.7169418334961
188.6712188720703	32.02524948120117	63.11391830444336	66.58258819580078
189.2785186767578	32.11474609375	65.49686431884766	66.81214904785156
197.21153259277344	30.734357833862305	59.70843505859375	62.26737976074219
204.1116485595703	29.81732177734375	67.78400421142578	65.8900375366211
215.8334197998047	26.62912940979004	67.73451232910156	66.12703704833984
228.60646057128906	23.112749099731445	67.98868560791016	67.22864532470703
238.7077178955078	20.397123336791992	70.41053009033203	67.72086334228516
249.763916015625	18.130952835083008	70.53003692626953	69.72210693359375
261.7844543457031	16.83366584777832	70.69597625732422	70.64775848388672
274.8231506347656	15.624763488769531	69.5008316040039	72.11682891845703
286.4654846191406	20.11848258972168	67.35440826416016	72.42147827148438
294.4353942871094	22.626535415649414	67.31212615966797	74.45272827148438
300.0506591796875	24.826814651489258	63.74488830566406	75.7350082397461
303.0242919921875	28.14373016357422	62.4017333984375	77.56048583984375
304.14990234375	32.1716194152832	62.188568115234375	80.2925033569336
303.89825439453125	37.12440490722656	61.888916015625	81.10555267333984
304.8463134765625	43.1972541809082	61.1580810546875	81.5588150024414
304.6612854003906	48.57076644897461	59.86195755004883	79.04564666748047
302.29534912109375	52.254058837890625	61.49015426635742	78.9617691040039
298.4859619140625	56.220516204833984	61.41014099121094	76.85053253173828
295.50384521484375	58.46614456176758	61.44120788574219	75.55447387695312
292.0870666503906	60.114990234375	61.05208969116211	74.26392364501953
289.0483703613281	60.6368408203125	61.8397216796875	74.04631805419922
286.2142028808594	61.55909729003906	62.39805603027344	74.98416137695312
283.0927734375	62.809017181396484	62.3870849609375	75.40543365478516
279.5428161621094	64.53530883789062	62.39306640625	74.10733795166016
274.5973205566406	65.04796600341797	63.50468444824219	73.96095275878906
270.6747131347656	65.43248748779297	62.78782653808594	71.61780548095703
266.44488525390625	63.292972564697266	61.91672897338867	71.67909240722656
263.043701171875	59.85710144042969	61.22886657714844	73.33911895751953
259.2184143066406	54.55363845825195	61.888912200927734	76.00223541259766
256.8959655761719	50.531436920166016	61.0064582824707	75.94696807861328
255.7015838623047	45.54759216308594	60.245723724365234	77.25044250488281
255.22080993652344	42.168277740478516	60.29543685913086	75.89258575439453
255.6922607421875	38.40354919433594	60.20974349975586	76.41505432128906
256.49700927734375	35.26333236694336	60.90522384643555	75.5008544921875
257.3416442871094	33.08198165893555	60.62955093383789	73.66800689697266
257.6737365722656	31.374176025390625	61.17193603515625	73.3718032836914
258.7831726074219	29.47217559814453	59.731201171875	72.62312316894531
258.5452880859375	27.86275291442871	58.92793273925781	72.92794036865234
258.2686767578125	25.89404296875	59.175907135009766	72.78312683105469
257.8229064941406	23.690750122070312	58.92866516113281	72.19749450683594
257.5808410644531	20.992578506469727	59.03398132324219	73.29998016357422
256.626220703125	20.46355628967285	59.50843811035156	70.3619155883789
254.29840087890625	17.76683235168457	60.11790084838867	71.07036590576172
252.84642028808594	16.720048904418945	60.913387298583984	69.2937240600586
250.58544921875	16.237905502319336	60.07596969604492	67.1604995727539
247.62855529785156	14.823613166809082	61.50020980834961	68.69270324707031
243.1863250732422	15.97677230834961	62.77491760253906	68.14383697509766
240.37855529785156	16.812387466430664	61.40029525756836	67.6930160522461
237.92286682128906	16.81781005859375	61.195308685302734	68.1703872680664
234.74969482421875	17.443588256835938	61.60993576049805	67.44989013671875
229.67726135253906	17.398035049438477	63.00252914428711	67.69258880615234
223.79920959472656	18.644330978393555	63.792266845703125	66.58036041259766
218.71966552734375	20.28809356689453	62.931610107421875	65.95902252197266
213.1376190185547	20.591100692749023	63.20784378051758	69.08401489257812
208.4679412841797	21.439170837402344	63.285526275634766	68.7399673461914
202.63233947753906	22.34928321838379	64.88129425048828	68.80524444580078
196.5326385498047	22.496864318847656	66.71708679199219	70.50733947753906
191.84840393066406	22.985647201538086	67.05889892578125	70.80159759521484
189.21337890625	23.49925994873047	66.2350845336914	71.20647430419922
187.71522521972656	24.3194522857666	65.5339126586914	70.80216217041016
186.2070770263672	25.774459838867188	65.44953918457031	70.1532211303711
183.9789581298828	27.2560977935791	65.68621826171875	68.48603057861328
181.4469451904297	27.69283103942871	65.93419647216797	68.2079849243164
178.635009765625	28.35292625427246	66.07565307617188	67.67345428466797
175.4016876220703	27.617637634277344	66.49392700195312	68.77801513671875
172.5434112548828	28.100961685180664	67.28765106201172	69.88902282714844
170.1798553466797	29.370140075683594	67.00621795654297	69.8509292602539
168.71055603027344	30.883615493774414	66.25934600830078	70.75740814208984
168.875732421875	33.466190338134766	65.7004623413086	69.18383026123047
168.8157196044922	35.79594039916992	66.50267791748047	69.27883911132812
170.06890869140625	36.35761642456055	65.39225769042969	70.68399810791016
168.4922332763672	38.55380630493164	66.37993621826172	69.86854553222656
166.5171661376953	40.6200065612793	67.79442596435547	69.19827270507812
163.58226013183594	41.47792053222656	68.9194107055664	69.32111358642578
160.3127899169922	43.10856628417969	69.02627563476562	69.64852142333984
156.89720153808594	43.54234313964844	70.17303466796875	71.3248519897461
155.31590270996094	42.960689544677734	68.0371322631836	70.92876434326172
154.0048065185547	44.12324905395508	68.72456359863281	70.09999084472656
153.10098266601562	45.454437255859375	68.83232879638672	69.98482513427734
152.57383728027344	45.532108306884766	68.75992584228516	70.71056365966797
152.34190368652344	46.250457763671875	67.58899688720703	70.36682891845703
151.6354217529297	47.137332916259766	68.42387390136719	71.52010345458984
150.92025756835938	48.85910415649414	68.15570068359375	71.9732437133789
149.88677978515625	52.180419921875	69.2995376586914	70.698974609375
150.04383850097656	52.5869255065918	69.28190612792969	72.5174331665039
150.50111389160156	54.71669006347656	69.26748657226562	72.84410858154297
149.43853759765625	57.17161560058594	69.4992904663086	73.06228637695312
148.40830993652344	59.49488830566406	69.04622650146484	71.93696594238281
146.63107299804688	62.23933029174805	70.80520629882812	70.267333984375
143.2599639892578	63.68949890136719	71.02722930908203	70.60347747802734
139.35411071777344	65.42192840576172	71.71112060546875	70.04400634765625
136.0651092529297	66.55655670166016	72.47257232666016	68.65056610107422
131.3723907470703	66.87671661376953	71.71074676513672	69.10601043701172
128.2890167236328	67.49320220947266	71.92523193359375	69.63892364501953
126.56453704833984	69.12104034423828	70.92572784423828	69.11787414550781
126.21642303466797	70.28258514404297	70.98908996582031	68.7777328491211
127.7107162475586	72.2164535522461	72.05056762695312	68.24384307861328
130.34304809570312	74.43441009521484	72.23456573486328	68.13103485107422
132.6320343017578	72.97924041748047	70.85546112060547	70.6732177734375
132.35687255859375	73.93299102783203	71.33209991455078	70.05414581298828
129.25242614746094	75.81600189208984	72.26663208007812	69.27256774902344
122.48904418945312	76.74853515625	75.06293487548828	68.48209381103516
115.17584228515625	76.09465789794922	75.1692886352539	68.74201965332031
110.55703735351562	71.96704864501953	73.8479995727539	72.19232177734375
107.00362396240234	68.54820251464844	73.60411834716797	73.46237182617188
102.91181182861328	64.82149505615234	71.891357421875	72.4468994140625
99.49385833740234	59.25648498535156	74.13641357421875	72.15250396728516
96.19586944580078	55.96352005004883	74.63272857666016	71.6208724975586
93.42208099365234	54.32261276245117	74.19230651855469	69.6589126586914
91.7322006225586	49.44891357421875	72.7987289428711	71.31737518310547
90.29755401611328	46.98159408569336	74.1617202758789	70.83782958984375
89.3423843383789	44.61945724487305	73.04293060302734	70.99109649658203
87.54004669189453	44.21881103515625	71.77132415771484	70.01692962646484
82.87320709228516	40.777061462402344	72.42620086669922	70.20272064208984
81.26089477539062	36.5616569519043	71.82910919189453	70.19254302978516
79.83731842041016	32.72287368774414	70.98822784423828	71.88288879394531
79.2080078125	30.127973556518555	70.73750305175781	71.08551788330078
78.91873168945312	26.223154067993164	70.66383361816406	71.9806137084961
82.27535247802734	27.25047492980957	64.1816635131836	66.93233489990234
80.47534942626953	20.858713150024414	71.41244506835938	72.95557403564453
81.98255157470703	18.785924911499023	72.47502899169922	72.6568832397461
82.79812622070312	16.2840633392334	71.43555450439453	72.01807403564453
85.2042465209961	13.839411735534668	70.56257629394531	70.83915710449219
87.94660186767578	11.543743133544922	68.92057800292969	69.52997589111328
89.0204849243164	9.554025650024414	70.25455474853516	69.74575805664062
90.417724609375	8.135504722595215	70.98771667480469	68.44576263427734
93.36585235595703	6.451135158538818	70.77446746826172	68.71131134033203
96.30013275146484	4.525501728057861	69.59613800048828	68.89955139160156
97.55504608154297	3.6339950561523438	70.2380142211914	67.77606201171875
98.07052612304688	1.9526087045669556	69.7373046875	68.83480834960938
97.58614349365234	1.6756452322006226	69.82537078857422	68.20885467529297
97.21187591552734	0.7790565490722656	71.49018096923828	68.00774383544922
99.02960205078125	2.3015944957733154	70.50614166259766	67.47869110107422
101.92679595947266	3.4625511169433594	71.27772521972656	67.91181182861328
106.59996795654297	4.286558151245117	70.88431549072266	67.59033966064453
112.76082611083984	4.31077766418457	71.01026153564453	66.62794494628906
118.76172637939453	4.702473163604736	69.03662872314453	68.4017105102539
123.29454803466797	4.868434906005859	70.16085815429688	69.13501739501953
128.83360290527344	6.6980133056640625	69.52812957763672	68.83084869384766
134.80149841308594	7.3238844871521	68.11450958251953	71.19104766845703
140.58731079101562	8.810587882995605	65.90885162353516	72.1397705078125
144.04449462890625	10.189297676086426	64.28255462646484	74.45321655273438
145.5182647705078	12.873198509216309	64.1583480834961	73.1979751586914
146.45632934570312	15.2024564743042	63.688716888427734	73.24112701416016
146.82736206054688	17.522302627563477	63.67063522338867	73.25911712646484
147.72412109375	19.44390296936035	64.00313568115234	73.1937484741211
148.80479431152344	21.3348445892334	64.15503692626953	73.17638397216797
149.82359313964844	21.7847957611084	64.3545913696289	72.94168090820312
151.42576599121094	22.606863021850586	64.59085845947266	73.39796447753906
153.01495361328125	24.44611167907715	64.2199935913086	72.39602661132812
154.5672149658203	26.08905601501465	64.3412094116211	73.23735809326172
155.89427185058594	29.14664649963379	66.0439224243164	73.8162612915039
159.54212951660156	31.488571166992188	66.8604507446289	72.93495178222656
163.40142822265625	32.219478607177734	68.2135009765625	73.95499420166016
168.08143615722656	32.99848556518555	67.11150360107422	74.44821166992188
172.1515350341797	34.73394775390625	65.65223693847656	73.91606903076172
174.93812561035156	35.678436279296875	64.70650482177734	74.4649887084961
176.8387908935547	36.602149963378906	64.39393615722656	74.99361419677734
177.42181396484375	37.5569953918457	65.20157623291016	76.78731536865234
178.09388732910156	39.7844352722168	65.04523468017578	75.35347747802734
179.27171325683594	42.068031311035156	64.11559295654297	75.94623565673828
180.23890686035156	44.8826904296875	64.75837707519531	75.88944244384766
181.58067321777344	47.356563568115234	64.3030014038086	76.1673355102539
183.5004119873047	49.918148040771484	66.1061782836914	75.69226837158203
186.0330810546875	51.66709518432617	64.45877075195312	75.45065307617188
188.70506286621094	53.948246002197266	63.690616607666016	75.99752044677734
189.51905822753906	55.49411392211914	64.57411193847656	76.97689819335938
192.48435974121094	57.31394577026367	63.75967025756836	76.88485717773438
194.94908142089844	59.042083740234375	62.2728385925293	76.75281524658203
194.7040252685547	61.202327728271484	64.01720428466797	75.54515075683594
196.8301544189453	63.11659622192383	64.30706024169922	76.2750015258789
198.8696746826172	63.9577751159668	64.70228576660156	76.5223159790039
203.17987060546875	65.55679321289062	62.988037109375	76.11302947998047
205.2037811279297	66.74358367919922	62.3160285949707	75.5977554321289
208.52215576171875	67.49698638916016	61.51377868652344	77.97486114501953
210.20977783203125	69.97278594970703	61.1466064453125	75.84026336669922
211.94281005859375	71.5906982421875	62.168155670166016	76.20624542236328
215.44346618652344	73.75672149658203	61.72117233276367	75.15802764892578
217.7227020263672	73.86675262451172	62.21633529663086	76.37381744384766
220.98004150390625	75.40204620361328	62.47835922241211	76.2030029296875
224.9680938720703	75.94090270996094	62.39543533325195	76.67028045654297
229.22943115234375	77.94143676757812	62.76204299926758	75.84358978271484
233.73870849609375	78.85150146484375	61.982421875	75.76151275634766
237.3701629638672	78.97245025634766	61.38997268676758	76.37567901611328
240.97019958496094	78.99201202392578	61.77418899536133	77.16845703125
244.66807556152344	79.15441131591797	60.954959869384766	77.35443878173828
248.5392303466797	79.69539642333984	59.77873229980469	77.80095672607422
250.1759490966797	80.58959197998047	59.22013854980469	76.93302154541016
251.72206115722656	80.45269775390625	59.596927642822266	79.00444793701172
252.36863708496094	81.27692413330078	59.116119384765625	78.66390991210938
253.76690673828125	82.05667877197266	59.02603530883789	78.38802337646484
254.76426696777344	81.75826263427734	58.549251556396484	79.85050201416016
255.08056640625	82.86143493652344	58.67079544067383	79.0206069946289
254.6936798095703	83.24105834960938	58.83342361450195	79.70462036132812
255.2083740234375	83.8691177368164	58.49518966674805	79.20650482177734
255.06336975097656	84.33695220947266	58.8905143737793	79.00830078125
255.7216033935547	85.1908187866211	57.37107467651367	77.28424835205078
254.90185546875	85.59876251220703	58.14029312133789	77.80042266845703
254.16497802734375	85.81424713134766	58.4375	78.01927947998047
253.11964416503906	86.30548858642578	58.23350143432617	78.23612213134766
251.7278594970703	88.68769073486328	58.6064567565918	77.5422592163086
249.4123077392578	91.82183837890625	59.673885345458984	77.09796142578125
246.56288146972656	95.8196029663086	61.36245346069336	75.97384643554688
244.87059020996094	99.1287612915039	62.11051559448242	72.40597534179688
244.5226287841797	99.73375701904297	62.20924758911133	71.62950897216797
246.18470764160156	98.2123031616211	61.51690673828125	72.68370819091797
246.1912384033203	98.92959594726562	61.6899299621582	70.37445068359375
247.7622528076172	96.82910919189453	61.12306594848633	71.84087371826172
249.59010314941406	96.00322723388672	60.1125373840332	71.42003631591797
250.60687255859375	95.04515838623047	60.60783767700195	71.43025970458984
251.20654296875	93.79501342773438	61.189334869384766	70.89959716796875
252.8266143798828	92.62771606445312	60.13040542602539	70.75189971923828
254.00807189941406	91.38082122802734	60.320159912109375	71.16341400146484
253.9312744140625	90.59808349609375	60.262271881103516	71.13352966308594
252.87652587890625	90.51254272460938	60.940860748291016	70.50720977783203
253.24156188964844	90.20902252197266	60.72526931762695	70.02631378173828
252.6779022216797	89.97986602783203	60.28794479370117	69.3593521118164
251.6830291748047	90.60946655273438	60.99641036987305	68.9301528930664
251.66859436035156	90.34490966796875	60.68671798706055	70.13294219970703
251.59278869628906	90.34839630126953	61.51164627075195	70.77690887451172
252.05140686035156	90.94564819335938	60.98411178588867	70.2615966796875
252.93882751464844	91.24771881103516	61.39363479614258	70.66122436523438
252.6009063720703	90.75634002685547	61.9058837890625	70.91863250732422
252.5820770263672	89.64810943603516	61.86962890625	71.41669464111328
252.83290100097656	88.85964965820312	61.39146041870117	71.43516540527344
253.2169952392578	88.01717376708984	61.51167678833008	71.5540771484375
253.7002410888672	85.5606689453125	61.774261474609375	73.41787719726562
255.8000030517578	83.11768341064453	61.225433349609375	74.2668685913086
256.5635986328125	81.73538970947266	61.80342102050781	74.25113677978516
257.998046875	79.0239028930664	61.4202766418457	75.83366394042969
258.6731872558594	77.07579040527344	61.03892135620117	77.06915283203125
258.8122253417969	73.89505004882812	59.89314651489258	79.13947296142578
260.8869934082031	69.57231903076172	59.15858840942383	81.12236785888672
260.6953125	65.35468292236328	60.57875061035156	82.69561767578125
262.2507629394531	60.47555160522461	61.677032470703125	83.578369140625
263.0231628417969	57.09336471557617	62.26310348510742	83.07455444335938
264.5988464355469	54.52482223510742	61.15205764770508	82.47984313964844
267.1036682128906	54.197811126708984	61.57993698120117	82.10244750976562
269.5836181640625	54.3264274597168	61.1419677734375	81.24365997314453
269.7239074707031	54.20475387573242	58.964263916015625	79.98902893066406
270.7842712402344	53.51228713989258	59.81333541870117	81.22211456298828
270.6506652832031	52.64877700805664	60.86784362792969	82.35041046142578
271.3462219238281	51.45994567871094	60.664546966552734	81.7426528930664
271.5126647949219	50.20753479003906	61.84092712402344	82.54480743408203
271.7803649902344	49.85457229614258	60.40156173706055	81.49187469482422
272.3696594238281	48.895816802978516	60.53684616088867	82.1072769165039
272.6803894042969	50.09844970703125	60.28118896484375	80.01957702636719
271.9068908691406	50.34930419921875	60.99951171875	82.24261474609375
270.4422912597656	51.6973876953125	60.69981384277344	80.52157592773438
268.96307373046875	52.25790023803711	61.69572448730469	81.52507781982422
