153.0	38.0	11.0	18.0
152.62884521484375	37.373783111572266	11.581938743591309	17.960962295532227
152.5389404296875	37.27053451538086	11.585545539855957	18.07486915588379
152.6324920654297	37.3403205871582	11.282971382141113	17.781219482421875
152.2965545654297	36.91609191894531	11.493255615234375	18.328935623168945
152.15208435058594	36.990657806396484	11.400464057922363	17.76542854309082
152.2135009765625	36.700016021728516	11.250335693359375	18.02454948425293
152.35105895996094	36.40805435180664	10.59044361114502	17.91996192932129
151.8326416015625	36.44113540649414	11.489394187927246	17.708463668823242
151.85694885253906	36.295440673828125	11.698019981384277	17.350547790527344
151.73046875	35.9246940612793	11.64358139038086	18.000661849975586
151.98292541503906	35.63572311401367	11.324307441711426	17.48966407775879
151.5390625	35.81794357299805	11.109725952148438	16.936616897583008
151.44235229492188	36.1739387512207	11.492196083068848	17.10500717163086
151.5068817138672	34.866455078125	12.006415367126465	17.418346405029297
150.89930725097656	35.40199661254883	10.900307655334473	17.396657943725586
151.79747009277344	34.57849884033203	11.706348419189453	17.266054153442383
152.49244689941406	35.5574836730957	11.105453491210938	16.68518829345703
151.927734375	35.310943603515625	11.621650695800781	16.798898696899414
151.1004638671875	34.405277252197266	11.9496431350708	17.783145904541016
151.8701934814453	34.97748565673828	11.434754371643066	17.739511489868164
150.90811157226562	35.782135009765625	11.929180145263672	18.127756118774414
150.41957092285156	34.7914924621582	11.745020866394043	17.688335418701172
149.6053009033203	34.66735076904297	11.287891387939453	17.742300033569336
149.33729553222656	34.66650390625	11.183287620544434	17.723356246948242
150.2617645263672	34.73492431640625	11.656182289123535	19.07375144958496
148.656982421875	34.1688346862793	11.043628692626953	19.375795364379883
148.95599365234375	34.95975875854492	12.20704174041748	19.33473777770996
150.56137084960938	36.41586685180664	12.637748718261719	17.819978713989258
150.62452697753906	36.59816360473633	11.97964096069336	18.345975875854492
149.3051300048828	34.670528411865234	11.622153282165527	19.325681686401367
145.7147979736328	33.26585388183594	11.934582710266113	19.52931785583496
152.22071838378906	36.87933349609375	11.044994354248047	18.561864852905273
150.9288787841797	36.646297454833984	11.31950855255127	18.085710525512695
151.5672149658203	36.119388580322266	11.97783374786377	18.6400089263916
152.0596466064453	34.92379379272461	12.153311729431152	19.084815979003906
151.88067626953125	34.77134704589844	12.469677925109863	18.885892868041992
150.93670654296875	33.72908401489258	12.606407165527344	19.145204544067383
152.42938232421875	36.101139068603516	11.630789756774902	17.996549606323242
151.49635314941406	35.256412506103516	12.394984245300293	18.222877502441406
152.18833923339844	36.22411346435547	11.804322242736816	17.892404556274414
150.9803009033203	35.13725662231445	12.275424003601074	18.850488662719727
150.01025390625	34.11768341064453	11.981491088867188	19.606077194213867
149.4654998779297	33.937469482421875	11.784428596496582	18.260751724243164
149.43801879882812	34.05877685546875	11.751510620117188	18.173498153686523
149.78330993652344	34.525508880615234	12.446907043457031	18.507064819335938
151.02139282226562	35.905582427978516	12.43207836151123	18.54944610595703
150.87171936035156	35.01578140258789	12.790545463562012	18.95650863647461
152.3036346435547	35.88978576660156	11.567225456237793	17.934099197387695
150.95233154296875	34.081451416015625	12.906285285949707	18.799047470092773
149.8079376220703	33.43899154663086	13.318097114562988	18.78192138671875
151.9469757080078	34.788856506347656	11.845844268798828	18.68247413635254
151.83631896972656	34.719268798828125	12.18810749053955	20.251615524291992
151.8480682373047	34.18550109863281	12.560259819030762	18.959182739257812
150.92738342285156	34.22627258300781	13.356192588806152	19.41208839416504
150.93675231933594	35.445953369140625	12.992546081542969	21.260526657104492
151.60987854003906	35.32046127319336	12.610926628112793	19.312959671020508
152.49758911132812	35.47566223144531	11.997179985046387	19.079143524169922
150.55479431152344	34.455726623535156	12.284588813781738	19.856109619140625
151.55517578125	34.80238342285156	12.46145248413086	19.494102478027344
150.2058563232422	34.76205062866211	12.649017333984375	19.883285522460938
149.90731811523438	33.770118713378906	12.949234008789062	20.486888885498047
150.73617553710938	33.917327880859375	12.584015846252441	20.130859375
151.9663848876953	35.03777313232422	12.46759033203125	19.386995315551758
152.24871826171875	34.65933609008789	12.162605285644531	19.187673568725586
151.87525939941406	34.96112060546875	11.990540504455566	19.890804290771484
151.57095336914062	34.382205963134766	12.097209930419922	19.4814453125
151.55003356933594	34.82579803466797	12.0536527633667	19.60735511779785
150.92161560058594	35.15632247924805	12.75442123413086	20.187274932861328
151.99368286132812	35.49033737182617	11.884461402893066	19.14432716369629
151.55738830566406	34.97317886352539	12.375396728515625	19.956212997436523
151.7406005859375	34.73726272583008	12.075104713439941	19.520700454711914
151.80819702148438	34.04372787475586	11.769664764404297	20.24424934387207
151.9542999267578	35.18263626098633	11.632217407226562	20.137208938598633
151.88587951660156	35.51262283325195	12.258044242858887	19.932098388671875
151.26832580566406	33.857303619384766	12.57121753692627	20.548925399780273
151.4783477783203	34.18935012817383	12.511250495910645	20.772886276245117
151.5883331298828	34.7195930480957	12.389130592346191	20.409658432006836
151.73670959472656	35.47437286376953	12.196980476379395	19.074323654174805
151.89036560058594	34.804813385009766	12.000929832458496	19.235382080078125
151.23626708984375	34.48500061035156	12.750479698181152	20.86441993713379
149.37548828125	34.41903305053711	12.811247825622559	20.142372131347656
149.80946350097656	33.90713119506836	12.635308265686035	20.268749237060547
151.61183166503906	34.068878173828125	12.499629974365234	20.451766967773438
150.9000701904297	35.07793045043945	12.642158508300781	19.98500633239746
151.4490509033203	35.15938949584961	12.56025218963623	20.56035041809082
150.9232635498047	34.53493881225586	12.820582389831543	20.27651596069336
150.31674194335938	34.113643646240234	13.093295097351074	20.939897537231445
150.8236083984375	34.95501708984375	13.035595893859863	20.018259048461914
150.4845428466797	34.29244613647461	13.129651069641113	20.68027114868164
151.9326171875	34.83964157104492	12.994868278503418	21.264318466186523
151.18032836914062	34.381107330322266	12.773560523986816	20.676189422607422
151.27137756347656	35.03201675415039	13.209301948547363	21.1687068939209
150.6826171875	33.696773529052734	13.486268043518066	21.400964736938477
150.10105895996094	34.76567459106445	13.071434020996094	20.940839767456055
150.65225219726562	34.18486022949219	13.027099609375	21.53472328186035
150.69752502441406	34.19831466674805	13.000495910644531	21.684789657592773
151.0716094970703	34.47334671020508	12.852519989013672	20.18328285217285
150.69273376464844	34.22511672973633	12.969346046447754	21.33738899230957
151.25347900390625	34.77159118652344	12.829249382019043	20.494945526123047
150.9434356689453	34.36854934692383	12.343995094299316	20.526662826538086
151.37608337402344	34.912349700927734	12.70483684539795	20.45091438293457
150.5716094970703	34.39980697631836	12.954527854919434	21.466690063476562
151.24246215820312	34.97092056274414	12.805804252624512	21.169179916381836
150.98789978027344	34.90107345581055	13.035027503967285	21.055553436279297
151.1205291748047	34.52733612060547	13.134913444519043	21.62444496154785
150.81092834472656	34.398006439208984	13.106202125549316	21.667341232299805
150.4605255126953	34.310611724853516	13.150845527648926	21.394493103027344
150.4405517578125	34.201045989990234	13.099254608154297	21.504201889038086
150.37271118164062	34.01882553100586	13.175337791442871	22.51647186279297
150.58787536621094	34.53378677368164	13.15649127960205	21.362823486328125
150.41798400878906	34.802520751953125	13.16357421875	22.144681930541992
149.7650146484375	33.55478286743164	13.44554615020752	21.580482482910156
151.10940551757812	35.00031661987305	12.655303955078125	20.869836807250977
150.6453399658203	34.594482421875	12.740286827087402	21.353044509887695
151.25917053222656	34.83756637573242	12.695938110351562	20.901592254638672
150.66079711914062	34.41177749633789	12.940823554992676	21.812227249145508
149.91468811035156	34.61210632324219	13.203057289123535	21.66069793701172
150.4727325439453	33.86399459838867	12.897486686706543	21.351415634155273
150.39515686035156	34.3896369934082	13.113006591796875	22.01735496520996
150.37612915039062	34.196441650390625	13.230999946594238	22.15070343017578
150.03831481933594	33.665950775146484	13.260425567626953	22.061071395874023
151.05718994140625	34.7393684387207	13.2040433883667	21.711685180664062
150.5788116455078	33.98014450073242	13.382878303527832	22.178375244140625
150.99188232421875	34.96834182739258	13.229640007019043	21.451303482055664
150.692626953125	34.399784088134766	13.192180633544922	21.7308406829834
151.16905212402344	34.811832427978516	13.04389476776123	21.030311584472656
150.82505798339844	34.02256393432617	13.167769432067871	22.125036239624023
150.7310791015625	35.02421569824219	13.031270027160645	21.165386199951172
150.97520446777344	34.63591766357422	12.849169731140137	20.899765014648438
150.7100372314453	34.272804260253906	12.999008178710938	21.428810119628906
150.78868103027344	34.4024772644043	13.076231956481934	21.703561782836914
150.52980041503906	33.852081298828125	13.2239408493042	21.759855270385742
150.51475524902344	33.9233512878418	13.148490905761719	21.217273712158203
150.44947814941406	34.913978576660156	12.695658683776855	20.91401481628418
150.97825622558594	34.69016647338867	13.061572074890137	21.018312454223633
150.2114715576172	34.49636459350586	13.12486743927002	20.93025779724121
151.2523651123047	34.27581787109375	12.76994800567627	21.02219009399414
150.1538848876953	34.97111892700195	13.07579517364502	20.904298782348633
150.20274353027344	34.57986831665039	12.833909034729004	21.928163528442383
150.3681182861328	34.888004302978516	12.994194030761719	22.151365280151367
151.69586181640625	35.057064056396484	12.7999267578125	20.713830947875977
150.7801513671875	35.41878890991211	12.688793182373047	20.148664474487305
151.38890075683594	35.14008712768555	12.78546142578125	20.417879104614258
150.99765014648438	34.85057830810547	13.128421783447266	21.11685562133789
150.69691467285156	34.424049377441406	13.287652015686035	21.13765525817871
150.88485717773438	34.392948150634766	13.085043907165527	20.30076026916504
150.90257263183594	35.32418441772461	13.068354606628418	20.219024658203125
150.872802734375	35.12340545654297	12.93702220916748	20.438539505004883
150.85948181152344	34.62163543701172	12.920654296875	20.996885299682617
150.32667541503906	34.59092330932617	13.219207763671875	21.309492111206055
150.2024383544922	34.34019470214844	13.331863403320312	21.415985107421875
150.5105743408203	34.47926330566406	13.100083351135254	21.131074905395508
150.88629150390625	34.3385124206543	12.675788879394531	20.037179946899414
150.79275512695312	34.90871810913086	12.893051147460938	20.91324234008789
150.88002014160156	34.59446334838867	12.527562141418457	20.796857833862305
150.47555541992188	34.435306549072266	13.254050254821777	21.237709045410156
149.97271728515625	34.82450866699219	13.06404972076416	20.672523498535156
150.1992950439453	34.541439056396484	13.340892791748047	20.799903869628906
150.88941955566406	34.946746826171875	13.585281372070312	20.74870491027832
150.81773376464844	34.18096923828125	13.328288078308105	21.0654239654541
150.44778442382812	34.28755569458008	13.268741607666016	20.9948673248291
150.2670440673828	34.15924835205078	13.6699857711792	21.552627563476562
150.72314453125	34.0244026184082	12.99892807006836	21.093955993652344
150.9573516845703	34.620445251464844	13.80752944946289	22.5941219329834
150.54161071777344	33.12700271606445	13.422224998474121	22.089609146118164
150.46104431152344	33.54634094238281	13.265522003173828	22.298599243164062
149.98773193359375	33.47736740112305	13.57718276977539	21.87074089050293
150.4869384765625	33.32600784301758	13.425955772399902	22.33344841003418
150.7001190185547	33.557621002197266	13.389273643493652	22.219154357910156
150.7841339111328	33.111942291259766	13.309985160827637	22.185941696166992
150.01113891601562	33.78945541381836	13.8057279586792	22.33742332458496
150.0123748779297	33.3176155090332	13.98865795135498	22.672170639038086
150.27928161621094	33.25205993652344	13.669548034667969	22.25065803527832
150.63467407226562	33.50933074951172	14.262341499328613	22.66398048400879
150.51832580566406	33.60165023803711	13.945189476013184	22.53861427307129
151.18040466308594	33.18086624145508	13.733509063720703	23.465490341186523
150.34226989746094	32.940792083740234	14.2676362991333	23.23641014099121
149.5782928466797	32.879547119140625	14.283782958984375	22.601913452148438
149.42633056640625	32.77970886230469	14.522686004638672	22.941015243530273
150.10903930664062	33.02686309814453	14.427006721496582	23.058969497680664
150.07455444335938	33.33938980102539	13.7088041305542	22.66820526123047
150.40118408203125	33.49509048461914	13.783574104309082	23.070802688598633
149.8694610595703	32.76002502441406	14.365165710449219	23.3681697845459
149.78155517578125	32.97701644897461	14.416447639465332	23.921003341674805
149.64451599121094	32.57210159301758	14.264362335205078	23.893945693969727
149.7240753173828	33.07046127319336	14.682168006896973	23.868515014648438
149.19313049316406	33.17209243774414	14.184383392333984	23.51947784423828
150.02671813964844	33.19651794433594	14.10815143585205	22.82915687561035
149.8599395751953	33.08065414428711	14.217057228088379	23.020238876342773
149.42713928222656	33.195350646972656	14.190415382385254	22.826416015625
149.43405151367188	33.179786682128906	14.38696575164795	23.602582931518555
150.15521240234375	33.49592971801758	14.350521087646484	23.157392501831055
150.05612182617188	33.16630172729492	14.23184871673584	22.918500900268555
150.31439208984375	33.298030853271484	13.918652534484863	22.822763442993164
150.07969665527344	33.75252914428711	13.686724662780762	22.341875076293945
149.79144287109375	34.224700927734375	14.019702911376953	21.816679000854492
150.3294677734375	33.67525100708008	13.503730773925781	22.674360275268555
149.51271057128906	32.92966079711914	14.504589080810547	23.315820693969727
149.70404052734375	33.591861724853516	14.183926582336426	22.772241592407227
151.2886199951172	33.13029479980469	13.534077644348145	22.81592559814453
150.22128295898438	34.01347351074219	13.173663139343262	21.412521362304688
150.58934020996094	33.595149993896484	13.1367769241333	21.347448348999023
150.17330932617188	33.86656188964844	13.186164855957031	20.802059173583984
149.9325714111328	33.32905197143555	13.550895690917969	21.458152770996094
150.7515411376953	33.8080940246582	13.155732154846191	20.800432205200195
149.982421875	34.08024215698242	13.705536842346191	21.611602783203125
150.2290496826172	33.67876052856445	13.68132495880127	21.704238891601562
150.44741821289062	32.908016204833984	13.208885192871094	22.370824813842773
150.11354064941406	33.87115478515625	13.4248628616333	21.249563217163086
150.84519958496094	34.130516052246094	13.072339057922363	21.49614143371582
150.4636993408203	34.26768112182617	13.300206184387207	21.645753860473633
150.3535919189453	33.564632415771484	13.10558795928955	21.661447525024414
150.3430938720703	33.561649322509766	13.684735298156738	22.5050106048584
150.12193298339844	33.464752197265625	13.57091999053955	22.233091354370117
149.89479064941406	33.320072174072266	13.763115882873535	22.20343780517578
149.7147216796875	33.38266372680664	14.081920623779297	22.39129066467285
149.74586486816406	33.586151123046875	13.713162422180176	22.50632667541504
150.2615509033203	33.63328170776367	13.678034782409668	21.950454711914062
149.9381561279297	33.6408805847168	13.895885467529297	21.649267196655273
150.0996551513672	33.601654052734375	13.798480033874512	22.02863121032715
149.8277587890625	33.729373931884766	14.046321868896484	22.216218948364258
150.4410858154297	33.263893127441406	13.847980499267578	21.872907638549805
149.98443603515625	33.259864807128906	13.667705535888672	22.34943962097168
149.99755859375	33.1222038269043	14.014583587646484	22.777685165405273
149.48460388183594	33.45884323120117	14.034348487854004	22.209020614624023
149.85142517089844	33.757476806640625	13.880623817443848	22.77417755126953
149.8352813720703	33.521549224853516	13.64026165008545	21.8729248046875
149.61659240722656	33.5256233215332	13.907605171203613	22.816709518432617
149.12796020507812	33.750099182128906	13.551371574401855	22.025972366333008
149.5530548095703	33.444156646728516	13.725483894348145	22.295913696289062
148.9352264404297	33.25876998901367	13.983844757080078	22.687423706054688
149.87265014648438	33.73384475708008	13.91235637664795	22.181222915649414
150.18325805664062	33.772762298583984	13.779999732971191	21.80353546142578
150.23265075683594	34.40402603149414	13.943448066711426	21.473838806152344
149.6798553466797	33.43007278442383	13.826557159423828	22.40180206298828
150.4230499267578	34.43022537231445	13.655972480773926	21.19708824157715
150.5980682373047	34.34701156616211	13.624653816223145	21.208465576171875
149.94749450683594	34.0517692565918	13.932231903076172	21.77278709411621
150.10943603515625	33.4693717956543	13.877612113952637	21.746810913085938
149.84979248046875	33.75495910644531	13.74362850189209	21.41872215270996
149.8859100341797	34.14585494995117	13.49563980102539	21.718530654907227
150.0193328857422	34.38518142700195	13.719099998474121	22.350122451782227
150.09133911132812	33.821163177490234	13.6321439743042	22.2590274810791
150.37811279296875	34.069122314453125	13.544522285461426	21.757959365844727
150.03494262695312	33.7280158996582	13.563136100769043	22.1463565826416
150.76934814453125	34.77144241333008	13.846332550048828	21.223960876464844
151.22879028320312	34.78739929199219	13.342164039611816	20.756940841674805
151.2852020263672	34.54677200317383	13.339706420898438	21.422033309936523
149.7259979248047	33.63569259643555	13.996135711669922	21.489606857299805
150.3995819091797	34.010860443115234	13.602614402770996	21.345422744750977
150.02310180664062	33.21543502807617	13.7803373336792	21.660789489746094
150.77366638183594	33.63457107543945	13.371685028076172	21.16148567199707
150.4213409423828	33.70207595825195	13.370742797851562	21.23094940185547
150.34642028808594	33.95998764038086	13.260242462158203	21.3436279296875
150.12408447265625	34.25778579711914	13.405076026916504	21.669479370117188
150.52691650390625	34.12474822998047	12.905189514160156	21.316631317138672
149.92576599121094	34.173641204833984	13.009261131286621	20.995872497558594
150.10536193847656	34.623172760009766	13.277009010314941	20.682649612426758
150.49913024902344	34.18442153930664	13.331955909729004	21.258726119995117
151.0369110107422	34.714481353759766	13.416702270507812	20.453304290771484
150.06036376953125	33.935123443603516	13.45706558227539	21.605941772460938
150.52093505859375	33.91058349609375	13.127105712890625	21.272056579589844
150.69500732421875	34.167724609375	13.52995777130127	20.772064208984375
150.19415283203125	33.810272216796875	13.26836109161377	20.83855438232422
149.84527587890625	33.589778900146484	13.819347381591797	21.583681106567383
150.57180786132812	33.32719039916992	13.294604301452637	21.92372703552246
150.4022674560547	34.016883850097656	13.083824157714844	21.4799861907959
150.49659729003906	33.64339065551758	13.290596961975098	21.177202224731445
150.67327880859375	34.3100471496582	13.146195411682129	21.18048095703125
149.82630920410156	34.45694351196289	13.328465461730957	20.9912166595459
149.99205017089844	33.559932708740234	13.569340705871582	21.272871017456055
150.12452697753906	34.43317794799805	13.503499031066895	20.7172908782959
149.64418029785156	33.84402847290039	13.668034553527832	20.703332901000977
150.2174530029297	34.36216735839844	13.520853996276855	21.09014129638672
150.8575897216797	34.207210540771484	13.391966819763184	21.778528213500977
150.80203247070312	33.95962142944336	13.244914054870605	21.61064910888672
150.45835876464844	34.3084602355957	13.413814544677734	20.517305374145508
150.55545043945312	33.96845626831055	13.07003402709961	21.5157413482666
150.51795959472656	33.553550720214844	12.871498107910156	21.629173278808594
151.2618865966797	33.71001052856445	12.80097484588623	21.2233943939209
150.62083435058594	34.09589767456055	13.00898265838623	20.41883087158203
150.88987731933594	34.064170837402344	13.139667510986328	21.084230422973633
150.80535888671875	34.32405471801758	12.68674087524414	21.157249450683594
150.71397399902344	34.375492095947266	12.492976188659668	21.775955200195312
150.83851623535156	33.953365325927734	13.263603210449219	21.643465042114258
151.63914489746094	34.637149810791016	12.686585426330566	20.645090103149414
151.1826629638672	34.379512786865234	12.991217613220215	20.936384201049805
150.5240936279297	34.16096496582031	13.711655616760254	21.695676803588867
150.62359619140625	33.74332046508789	13.362761497497559	21.506837844848633
150.88291931152344	33.370216369628906	13.24390697479248	21.578737258911133
150.7902374267578	33.699546813964844	12.917706489562988	21.7683048248291
150.96356201171875	33.6123046875	12.900394439697266	21.972946166992188
150.69830322265625	33.83527755737305	13.119029998779297	21.930299758911133
150.0658416748047	33.2677116394043	13.715153694152832	22.243247985839844
150.74375915527344	33.33623504638672	13.459345817565918	21.807283401489258
150.4192352294922	33.3475456237793	13.50848388671875	21.04268455505371
150.87242126464844	33.68338394165039	13.155750274658203	22.000524520874023
151.32005310058594	33.652244567871094	12.676155090332031	21.95868492126465
151.14785766601562	34.147396087646484	12.68463134765625	21.221323013305664
150.95994567871094	34.489925384521484	12.8296537399292	20.593902587890625
150.7509307861328	33.92811965942383	12.886341094970703	20.780502319335938
150.9160614013672	34.532161712646484	12.598617553710938	20.557846069335938
151.10260009765625	34.16988754272461	12.7401704788208	20.789161682128906
150.78277587890625	34.26708984375	13.393924713134766	21.195396423339844
150.88185119628906	34.100624084472656	12.744400024414062	21.37952423095703
150.6531982421875	33.9028434753418	12.800860404968262	21.50388526916504
151.14561462402344	33.3849983215332	12.85018539428711	21.997957229614258
151.00279235839844	34.14570236206055	12.585850715637207	21.651254653930664
150.86740112304688	33.98758316040039	12.7361421585083	21.162681579589844
150.8202362060547	34.1951904296875	12.785140991210938	21.694738388061523
150.52207946777344	34.11206817626953	12.849124908447266	21.37848472595215
150.51580810546875	33.71598434448242	12.874859809875488	21.773717880249023
150.2705841064453	34.04555892944336	13.509242057800293	21.722383499145508
150.38624572753906	33.4174919128418	13.279141426086426	22.06960105895996
149.8126983642578	34.14693832397461	13.292027473449707	21.744550704956055
150.60182189941406	33.56319808959961	13.25346851348877	22.014732360839844
150.47149658203125	33.92753601074219	13.225232124328613	21.76799201965332
150.5074920654297	33.91341018676758	13.23134708404541	21.171457290649414
150.1726837158203	33.72452926635742	13.395930290222168	21.999303817749023
150.31683349609375	33.69260787963867	13.475411415100098	22.422683715820312
150.3703155517578	33.398956298828125	13.501232147216797	21.39304542541504
150.6078643798828	34.05485153198242	13.334256172180176	21.054040908813477
150.3079071044922	33.624271392822266	13.536227226257324	22.143144607543945
150.94752502441406	33.867610931396484	13.407576560974121	21.72157859802246
150.3102569580078	33.8993034362793	13.717419624328613	22.262611389160156
150.4271697998047	34.385658264160156	13.306690216064453	21.440034866333008
149.88941955566406	34.067073822021484	13.614234924316406	21.976804733276367
150.69662475585938	34.026920318603516	13.334640502929688	22.10100746154785
150.18031311035156	33.87356948852539	13.620227813720703	21.736831665039062
150.29574584960938	33.744964599609375	13.269055366516113	22.149444580078125
150.13168334960938	33.644901275634766	13.774792671203613	22.431432723999023
150.47848510742188	33.79512405395508	12.962990760803223	21.724184036254883
150.35142517089844	33.406211853027344	13.633888244628906	22.128076553344727
150.63465881347656	33.44607162475586	13.184540748596191	21.58467674255371
150.06802368164062	33.3719596862793	13.39339542388916	22.4339542388916
150.63352966308594	34.38502883911133	13.079245567321777	21.750778198242188
150.46865844726562	33.86030960083008	13.326165199279785	22.3404483795166
150.14476013183594	33.6220703125	13.532505989074707	22.22191619873047
150.4971160888672	33.45576477050781	13.465076446533203	22.250768661499023
151.0718231201172	33.98903274536133	13.578319549560547	22.93950080871582
150.208740234375	33.67564392089844	13.800777435302734	22.295087814331055
149.8396453857422	33.4608268737793	14.018956184387207	22.665573120117188
149.90386962890625	33.396671295166016	13.872719764709473	22.113222122192383
150.28439331054688	33.6428337097168	13.723288536071777	22.633310317993164
150.504150390625	34.00929260253906	13.079705238342285	21.140377044677734
149.99913024902344	33.957942962646484	13.52524471282959	21.814422607421875
150.0386505126953	33.22816848754883	13.551746368408203	22.15938377380371
150.61500549316406	34.38105773925781	13.567578315734863	21.959617614746094
150.21548461914062	33.88039779663086	13.617365837097168	21.649118423461914
150.4091033935547	34.4185676574707	13.144543647766113	21.29071044921875
150.2185516357422	34.174644470214844	13.412636756896973	21.356630325317383
149.95823669433594	33.92361068725586	13.59842300415039	22.633214950561523
149.93063354492188	33.956607818603516	13.566386222839355	21.93109703063965
150.18951416015625	34.431461334228516	13.62259578704834	21.790435791015625
150.0963592529297	33.94496154785156	13.692852020263672	22.577882766723633
150.0800018310547	34.086334228515625	13.918007850646973	21.579431533813477
149.8217315673828	33.73232650756836	13.780372619628906	22.429216384887695
149.9025421142578	33.75303649902344	14.10692310333252	22.136756896972656
149.88746643066406	33.870933532714844	14.166539192199707	22.545913696289062
149.8859405517578	33.72848129272461	14.355719566345215	22.642318725585938
149.7191162109375	33.3480110168457	13.947456359863281	22.516387939453125
150.38555908203125	33.66865158081055	13.981314659118652	21.964475631713867
150.07310485839844	34.14909744262695	14.072113037109375	22.181528091430664
149.94972229003906	33.80535888671875	14.336921691894531	22.62363624572754
149.47447204589844	33.72885513305664	14.567039489746094	22.786706924438477
150.03733825683594	34.044471740722656	14.222969055175781	22.419321060180664
150.2463836669922	33.870094299316406	13.710624694824219	22.75960350036621
149.1674346923828	33.71977996826172	14.170310974121094	22.700773239135742
150.04615783691406	34.235809326171875	14.209601402282715	22.501174926757812
150.11764526367188	33.6483268737793	14.28713607788086	22.484437942504883
150.31520080566406	33.654178619384766	14.01990795135498	22.4808349609375
149.58912658691406	33.88419723510742	14.158604621887207	22.41215705871582
149.6519317626953	33.16298294067383	14.13773250579834	23.115188598632812
150.09474182128906	33.87206268310547	14.26755142211914	22.6635799407959
150.27589416503906	33.731597900390625	14.482625007629395	22.862192153930664
150.99342346191406	33.93889236450195	14.046382904052734	22.210695266723633
149.99371337890625	33.327735900878906	14.246734619140625	23.117406845092773
150.30287170410156	33.70783615112305	14.090713500976562	22.518579483032227
150.64305114746094	33.96841812133789	13.873233795166016	23.35498809814453
149.4823760986328	33.43911361694336	14.213831901550293	23.4149169921875
150.37074279785156	33.59703063964844	13.902121543884277	22.774728775024414
150.23854064941406	33.79961013793945	14.429957389831543	22.80794334411621
150.36561584472656	33.214759826660156	14.307909965515137	23.05731964111328
150.4793701171875	33.83096694946289	13.707663536071777	22.07875633239746
149.7487030029297	34.10417556762695	13.897160530090332	22.77433967590332
149.2860870361328	33.72105026245117	13.943160057067871	22.407928466796875
149.5831298828125	33.40849685668945	13.999911308288574	22.630224227905273
149.67327880859375	33.590389251708984	14.419219970703125	23.04801368713379
149.39199829101562	32.94015121459961	14.229866027832031	23.618791580200195
149.90853881835938	33.43980026245117	14.308262825012207	23.114500045776367
149.5225067138672	33.51396179199219	14.569849967956543	23.422279357910156
150.06800842285156	33.31782913208008	14.086639404296875	22.380525588989258
150.05560302734375	33.46146774291992	13.9035005569458	22.994720458984375
149.90638732910156	33.757503509521484	13.945225715637207	22.886659622192383
149.83712768554688	33.78316116333008	13.6525239944458	22.458702087402344
150.0178680419922	33.85105895996094	13.56602954864502	22.50969123840332
150.55747985839844	33.67388916015625	13.505780220031738	22.724843978881836
149.67942810058594	34.08676528930664	14.148402214050293	22.351675033569336
149.85458374023438	33.3690299987793	14.082871437072754	23.03215980529785
150.2312469482422	33.13301467895508	13.948138236999512	22.930946350097656
150.2268829345703	33.94609832763672	13.572043418884277	22.035154342651367
150.2030029296875	33.69355392456055	13.361083984375	22.484535217285156
150.3828125	34.19573211669922	13.237456321716309	21.52813720703125
149.74981689453125	34.41776657104492	13.2418212890625	21.11797523498535
150.39610290527344	33.633052825927734	13.423103332519531	21.867090225219727
149.5730438232422	33.81061935424805	13.090516090393066	21.295135498046875
149.39862060546875	33.52333068847656	14.072871208190918	22.801877975463867
150.49017333984375	34.213069915771484	13.718552589416504	21.671499252319336
150.28671264648438	34.12785339355469	13.921844482421875	21.610158920288086
150.6450653076172	34.307735443115234	13.654995918273926	22.02019500732422
150.6118621826172	33.77372360229492	13.37341594696045	21.82300567626953
150.05140686035156	34.10063552856445	13.397407531738281	21.755468368530273
150.52195739746094	34.376407623291016	13.362320899963379	21.27222442626953
150.27369689941406	34.308101654052734	13.564833641052246	21.84721565246582
150.03814697265625	34.07720184326172	13.173988342285156	22.00135612487793
150.35731506347656	34.1717414855957	13.554610252380371	21.724042892456055
150.21290588378906	34.82188415527344	13.416958808898926	20.31389808654785
150.42527770996094	34.05998611450195	13.257773399353027	21.116455078125
150.16407775878906	34.03765106201172	13.398360252380371	21.160659790039062
151.00865173339844	34.1264533996582	13.368027687072754	21.420454025268555
150.8654022216797	34.311607360839844	13.175308227539062	21.57921600341797
150.8788604736328	34.42518997192383	13.414616584777832	21.12936019897461
150.9190216064453	33.857364654541016	13.196660041809082	21.394256591796875
150.8645782470703	34.38468933105469	13.380627632141113	21.430870056152344
150.0465850830078	34.17359161376953	13.397533416748047	21.387008666992188
149.91600036621094	34.39970397949219	13.776907920837402	21.3316593170166
150.6399383544922	34.694095611572266	13.259647369384766	20.507673263549805
150.39385986328125	34.82524490356445	13.27779483795166	20.591144561767578
149.7272186279297	33.3919563293457	13.260016441345215	21.983095169067383
150.02684020996094	33.58274459838867	13.507476806640625	22.296798706054688
150.12652587890625	34.14031982421875	13.528372764587402	22.305688858032227
149.77545166015625	33.17417907714844	13.89304256439209	22.20702362060547
149.87892150878906	33.36527633666992	13.52492618560791	21.82915496826172
150.4595184326172	34.646236419677734	13.635047912597656	21.639005661010742
150.25865173339844	33.71654510498047	13.577903747558594	22.075742721557617
150.09947204589844	33.88144302368164	13.843546867370605	22.085844039916992
150.4626007080078	33.80405044555664	13.477538108825684	21.909982681274414
150.4523162841797	33.983211517333984	13.576525688171387	22.28961181640625
149.8437957763672	33.49180603027344	14.01125717163086	22.562408447265625
150.53634643554688	34.183982849121094	13.415298461914062	22.07720184326172
150.18113708496094	33.79022216796875	13.859597206115723	22.00932502746582
149.84310913085938	33.7463264465332	13.916808128356934	21.961477279663086
149.99497985839844	34.169010162353516	13.784838676452637	21.63226318359375
149.4517364501953	33.78920364379883	13.98583984375	23.374711990356445
149.14427185058594	33.292659759521484	14.467185020446777	22.904144287109375
150.0372772216797	33.88811111450195	14.082921028137207	22.201736450195312
149.33633422851562	32.96748733520508	14.49776554107666	23.148651123046875
150.1412811279297	33.32865524291992	14.26865005493164	22.64441680908203
149.20114135742188	32.568565368652344	14.695804595947266	23.76671028137207
149.2815399169922	32.732303619384766	14.623397827148438	23.82227325439453
150.186279296875	33.90021514892578	14.293951988220215	22.818628311157227
149.56028747558594	33.065738677978516	14.298432350158691	23.09284210205078
149.45350646972656	33.40528106689453	14.45888900756836	23.2451114654541
150.0937042236328	33.126338958740234	14.477012634277344	23.326751708984375
149.83148193359375	33.439453125	14.89791488647461	23.615623474121094
149.3782958984375	32.804325103759766	14.75559139251709	22.937789916992188
150.5347900390625	33.67972183227539	14.085274696350098	22.872961044311523
149.2543182373047	32.921207427978516	14.484359741210938	23.32383155822754
149.9185028076172	33.80911636352539	14.338587760925293	22.62129783630371
149.19635009765625	33.56745910644531	14.910250663757324	23.382230758666992
149.520751953125	33.15187072753906	14.624749183654785	23.459184646606445
150.19631958007812	33.53518295288086	14.52780532836914	23.28571891784668
149.85919189453125	33.6871223449707	14.349726676940918	22.62983512878418
150.09979248046875	34.10007095336914	14.266560554504395	21.818269729614258
150.17832946777344	33.485408782958984	14.096744537353516	22.09311866760254
149.87908935546875	34.384765625	13.799342155456543	21.247495651245117
149.80601501464844	33.97429275512695	13.725855827331543	20.919519424438477
150.54554748535156	34.82004165649414	13.872855186462402	21.01487922668457
149.41738891601562	33.872562408447266	13.668158531188965	21.580245971679688
150.36256408691406	34.940185546875	13.354130744934082	20.214988708496094
150.83006286621094	35.107757568359375	12.914237022399902	20.9028377532959
151.1061553955078	34.19355392456055	13.151009559631348	21.80704689025879
150.68360900878906	34.490596771240234	13.25222110748291	20.980466842651367
150.59970092773438	34.22611618041992	13.116314888000488	21.665136337280273
150.5359649658203	34.06736373901367	13.094538688659668	20.99494743347168
150.63746643066406	34.42947006225586	13.236588478088379	21.785005569458008
151.06455993652344	34.70820999145508	13.006881713867188	21.38118553161621
150.31495666503906	34.417362213134766	12.992371559143066	21.48906898498535
150.61363220214844	34.162174224853516	13.329437255859375	21.531028747558594
151.06088256835938	34.72574234008789	13.181453704833984	21.1667537689209
150.3120880126953	34.335296630859375	13.332144737243652	22.066757202148438
151.7451934814453	35.07501983642578	12.696955680847168	20.81376838684082
150.64935302734375	34.319156646728516	13.102757453918457	22.049100875854492
150.88067626953125	34.25486755371094	13.324522972106934	21.756128311157227
150.8332061767578	33.99617004394531	13.0130033493042	21.674463272094727
150.6791229248047	33.89388656616211	13.22166919708252	21.712202072143555
151.33905029296875	35.00126266479492	13.140915870666504	21.054956436157227
150.9534454345703	34.33727264404297	13.098111152648926	21.767972946166992
151.16595458984375	34.906742095947266	13.005902290344238	21.747146606445312
151.22259521484375	34.482975006103516	12.78676700592041	22.24053955078125
150.2329864501953	34.03034973144531	13.23917007446289	21.912391662597656
150.86033630371094	34.02201843261719	13.386764526367188	22.46946144104004
151.27633666992188	34.30010986328125	13.212462425231934	22.260000228881836
150.6977081298828	33.84769821166992	13.340144157409668	21.77020263671875
150.73284912109375	33.725399017333984	13.236640930175781	22.121301651000977
150.4311065673828	34.0593147277832	13.126696586608887	21.975553512573242
151.0791778564453	34.12723922729492	13.083046913146973	21.90358543395996
150.78392028808594	33.87412643432617	13.16382884979248	22.3780574798584
150.94717407226562	34.17940902709961	12.936127662658691	22.167373657226562
150.2511444091797	33.78914260864258	13.403010368347168	22.29151725769043
151.23045349121094	34.053768157958984	13.07166576385498	21.98773193359375
151.0004119873047	34.310462951660156	13.039237976074219	21.62322998046875
151.03469848632812	34.32423782348633	12.932147026062012	21.51908302307129
150.2279815673828	33.93002700805664	13.435837745666504	22.39375877380371
150.9392547607422	33.894309997558594	13.12735652923584	21.679841995239258
150.4549102783203	34.223995208740234	12.956316947937012	21.77534294128418
150.3364715576172	33.26565933227539	13.260428428649902	22.149003982543945
150.2586212158203	33.75047302246094	13.2785005569458	21.6599178314209
150.9085693359375	33.83667755126953	13.025788307189941	22.33587074279785
150.41688537597656	33.64210510253906	13.3405179977417	22.59943389892578
150.3592071533203	33.863441467285156	13.443805694580078	22.330713272094727
149.9162139892578	33.85105514526367	13.648151397705078	22.453908920288086
150.24794006347656	33.93610382080078	13.441917419433594	22.294031143188477
149.7047576904297	34.03850173950195	13.921551704406738	22.0132999420166
150.43800354003906	34.43990707397461	13.680686950683594	22.013803482055664
149.98936462402344	34.06473922729492	13.512782096862793	22.49236297607422
151.30670166015625	33.922569274902344	12.922804832458496	22.6021785736084
150.81842041015625	33.513736724853516	13.214512825012207	21.8481388092041
150.2468719482422	33.251670837402344	13.435914039611816	22.618215560913086
150.52322387695312	33.61722183227539	13.198037147521973	21.942781448364258
150.6996612548828	33.91814041137695	13.403366088867188	22.192359924316406
150.51226806640625	34.61032485961914	13.410835266113281	21.2811336517334
150.57310485839844	34.086849212646484	13.484396934509277	21.55106544494629
151.38909912109375	34.42633056640625	13.315940856933594	21.584060668945312
150.4541778564453	34.382137298583984	13.402283668518066	21.846338272094727
150.15167236328125	34.35302734375	13.497596740722656	21.47590446472168
150.3360595703125	34.34770584106445	13.240950584411621	21.323549270629883
149.89202880859375	32.957576751708984	13.421341896057129	22.25760841369629
150.9131317138672	34.27286148071289	13.48890209197998	21.93585777282715
150.4521942138672	33.595458984375	13.283637046813965	22.5891170501709
150.5899658203125	33.93925476074219	13.212079048156738	21.614240646362305
151.2209014892578	35.295623779296875	12.759604454040527	21.018747329711914
150.62188720703125	34.22760772705078	12.89641284942627	21.54241180419922
151.0748291015625	33.785091400146484	12.703557014465332	21.765390396118164
150.9814910888672	33.74755859375	12.927763938903809	22.10552406311035
150.8229217529297	33.289161682128906	12.947521209716797	22.455215454101562
150.81683349609375	34.94949722290039	13.042862892150879	20.642202377319336
151.10511779785156	34.3582649230957	12.626670837402344	21.157808303833008
151.13812255859375	34.195003509521484	12.670746803283691	21.1041316986084
151.07284545898438	34.653377532958984	12.832037925720215	20.881025314331055
150.6619415283203	33.25447463989258	12.744400024414062	21.592206954956055
150.4961395263672	34.54946517944336	13.012981414794922	21.17928123474121
151.16807556152344	34.2914924621582	12.650702476501465	21.62973976135254
150.85797119140625	34.28287887573242	12.688590049743652	21.263212203979492
151.7176055908203	34.58505630493164	12.36106014251709	21.33754539489746
151.3000030517578	34.251277923583984	12.388813018798828	21.455202102661133
151.080810546875	34.2813835144043	12.900398254394531	21.120216369628906
151.07493591308594	34.256797790527344	12.671459197998047	20.84463882446289
150.4918670654297	33.99386215209961	12.988425254821777	21.096099853515625
151.25445556640625	34.72274398803711	12.798861503601074	20.575769424438477
150.83599853515625	34.45319747924805	12.748736381530762	21.145715713500977
151.320068359375	34.80635452270508	12.513736724853516	20.715200424194336
151.4590606689453	34.53872299194336	12.152888298034668	20.856691360473633
151.37867736816406	35.131988525390625	12.37694263458252	20.577577590942383
150.9547576904297	34.72355270385742	12.585112571716309	20.614852905273438
151.8107147216797	34.85379409790039	12.085662841796875	20.674800872802734
151.1633758544922	34.380367279052734	12.723353385925293	20.849306106567383
151.15687561035156	34.87640380859375	12.438553810119629	20.507225036621094
150.73313903808594	34.72646713256836	12.517036437988281	20.662506103515625
151.0126190185547	34.508872985839844	12.65777587890625	20.714574813842773
151.10296630859375	34.4871940612793	12.344844818115234	20.881935119628906
151.55255126953125	34.89115524291992	12.101494789123535	20.40983009338379
151.3831329345703	34.56147384643555	12.271075248718262	20.46630859375
151.4315185546875	35.065792083740234	12.356045722961426	20.52267074584961
150.9490203857422	34.40201187133789	12.491040229797363	20.795923233032227
151.35353088378906	34.69637680053711	12.477137565612793	20.7871150970459
150.794921875	34.17525100708008	12.667449951171875	21.32442283630371
150.1542205810547	34.00052261352539	13.001105308532715	21.090042114257812
150.7821044921875	34.20000457763672	12.905535697937012	20.994863510131836
150.79676818847656	34.631046295166016	12.983777046203613	20.694154739379883
150.82125854492188	34.164451599121094	12.835759162902832	21.27989959716797
150.48695373535156	34.37285232543945	12.831847190856934	21.611047744750977
150.975830078125	33.855709075927734	12.963894844055176	21.073034286499023
150.7705841064453	33.822025299072266	12.66650104522705	21.128826141357422
150.33592224121094	34.47955322265625	13.16066837310791	21.223764419555664
150.67478942871094	34.45218276977539	13.189773559570312	20.899892807006836
150.78208923339844	34.05519104003906	12.627280235290527	21.54688262939453
151.3961181640625	35.00580596923828	12.65210247039795	21.534217834472656
151.3367156982422	34.55849838256836	12.798436164855957	21.693008422851562
151.06398010253906	34.09859848022461	12.766998291015625	21.517210006713867
151.04234313964844	33.856021881103516	13.060717582702637	21.72576904296875
150.52145385742188	34.293827056884766	13.070228576660156	22.095443725585938
150.40365600585938	33.67829513549805	13.243243217468262	22.19074821472168
150.6418914794922	34.23310470581055	12.769973754882812	22.139389038085938
150.92913818359375	34.330718994140625	12.806294441223145	20.673892974853516
150.86314392089844	33.85944747924805	13.013386726379395	21.022098541259766
150.33921813964844	34.457393646240234	13.147586822509766	20.680593490600586
150.64739990234375	33.957069396972656	12.9269437789917	20.903003692626953
151.09420776367188	34.88232421875	12.578301429748535	20.700437545776367
151.54820251464844	34.6471061706543	12.524369239807129	21.026016235351562
151.6509246826172	35.11313247680664	12.2898588180542	19.991498947143555
151.6322784423828	34.941864013671875	12.363388061523438	20.061662673950195
151.3778533935547	34.72196578979492	12.410822868347168	20.221378326416016
151.74632263183594	35.11612319946289	12.379833221435547	19.709205627441406
151.82786560058594	34.36760711669922	12.19915771484375	20.346738815307617
151.27235412597656	34.488521575927734	12.64858341217041	20.035860061645508
151.15171813964844	34.70803451538086	12.758959770202637	21.021841049194336
151.4333953857422	34.91817855834961	12.54080867767334	20.606971740722656
151.45286560058594	34.683712005615234	12.474961280822754	20.931385040283203
150.82452392578125	34.127288818359375	13.276032447814941	20.98158836364746
150.95591735839844	34.49593734741211	13.020721435546875	21.628129959106445
151.17385864257812	34.41021728515625	12.891697883605957	21.676963806152344
151.1802215576172	34.7209358215332	13.169291496276855	20.801603317260742
151.35194396972656	34.93845748901367	12.878939628601074	21.057024002075195
151.64620971679688	34.49561309814453	12.781769752502441	21.730857849121094
151.0281524658203	33.52866744995117	13.27393627166748	22.306640625
151.369384765625	34.10264205932617	13.054336547851562	21.844284057617188
150.8168182373047	33.55608367919922	13.21230697631836	21.4506893157959
151.4436798095703	33.60017776489258	12.740693092346191	20.99456787109375
151.03248596191406	33.45254135131836	13.028641700744629	21.254362106323242
150.96546936035156	33.62898635864258	13.001808166503906	21.07898712158203
151.3203125	33.737300872802734	13.016472816467285	21.294103622436523
151.09588623046875	34.035709381103516	13.202073097229004	20.68856430053711
150.9954071044922	33.47808837890625	13.08200454711914	21.53171730041504
150.97283935546875	34.284175872802734	13.226998329162598	21.005306243896484
150.88575744628906	33.967777252197266	13.040999412536621	21.25463104248047
151.46820068359375	34.16646957397461	12.897439002990723	20.96872329711914
151.13082885742188	34.000762939453125	13.302146911621094	21.74213409423828
150.97454833984375	33.95397186279297	13.57270336151123	21.645965576171875
150.80084228515625	33.74123001098633	13.6271333694458	22.038721084594727
150.50413513183594	33.72652816772461	13.9954252243042	22.12596321105957
150.79368591308594	33.65517807006836	13.828206062316895	22.290388107299805
150.78721618652344	33.76045608520508	13.849246978759766	22.364492416381836
150.5639190673828	33.009281158447266	14.076334953308105	22.962419509887695
150.85914611816406	33.77207946777344	13.733451843261719	21.71800422668457
150.67234802246094	33.44679260253906	13.961475372314453	22.35853385925293
150.73728942871094	33.7160758972168	13.6403169631958	22.12632942199707
151.4398193359375	34.384586334228516	13.459403038024902	21.293420791625977
150.35389709472656	34.501644134521484	14.022933006286621	21.553197860717773
150.79530334472656	33.80448532104492	13.57080364227295	21.50292205810547
150.5967559814453	33.52561950683594	13.606295585632324	22.15508270263672
151.04931640625	33.48621368408203	13.271410942077637	22.03626823425293
150.62252807617188	33.52505874633789	13.680485725402832	22.362319946289062
151.2230987548828	33.71746063232422	13.216656684875488	21.409393310546875
150.75111389160156	33.31399917602539	13.635392189025879	22.33397102355957
150.1784210205078	33.70216369628906	13.92038631439209	22.356307983398438
150.96922302246094	34.200096130371094	13.307437896728516	21.403596878051758
150.99241638183594	33.74055099487305	13.275763511657715	21.428665161132812
150.91993713378906	33.50981140136719	13.20150375366211	21.494354248046875
150.24179077148438	34.28968811035156	13.735304832458496	21.298744201660156
150.72947692871094	34.07863998413086	13.586799621582031	21.356584548950195
151.09478759765625	33.56089782714844	13.18062686920166	22.380441665649414
150.7279510498047	32.6218147277832	13.129197120666504	22.141311645507812
150.68324279785156	33.47638702392578	13.458544731140137	22.488882064819336
150.65489196777344	33.44538879394531	13.41991901397705	21.96746253967285
150.50340270996094	33.83040237426758	13.556411743164062	21.315011978149414
150.818115234375	32.95269012451172	13.301498413085938	22.125791549682617
150.9581756591797	33.19052505493164	13.398212432861328	22.736886978149414
150.55335998535156	33.5359001159668	13.35595703125	22.227685928344727
150.74021911621094	33.232051849365234	13.483272552490234	22.245145797729492
150.49061584472656	32.80653381347656	13.5557861328125	22.255355834960938
150.7896270751953	33.38614273071289	13.258243560791016	22.263296127319336
150.34930419921875	33.40041732788086	13.659004211425781	21.664670944213867
151.22496032714844	33.61039352416992	12.825206756591797	21.4749813079834
150.71571350097656	33.41078567504883	13.20388126373291	22.099702835083008
150.59132385253906	33.73495101928711	13.33038330078125	21.12202262878418
150.591552734375	33.3804931640625	13.62736988067627	22.55254554748535
150.25804138183594	32.994197845458984	13.612595558166504	22.35685920715332
150.40594482421875	33.295684814453125	13.780196189880371	22.245458602905273
150.90782165527344	33.8450927734375	13.096369743347168	21.451257705688477
150.94842529296875	33.891761779785156	12.967328071594238	21.20395278930664
150.80433654785156	34.03678512573242	13.125236511230469	20.90590476989746
150.8024444580078	33.91335678100586	13.142312049865723	21.831985473632812
150.42965698242188	33.165733337402344	13.485901832580566	21.834306716918945
150.8086700439453	33.452674865722656	13.44591236114502	22.531936645507812
151.4618377685547	34.008907318115234	12.628254890441895	20.9233341217041
151.40086364746094	34.65452575683594	12.762873649597168	21.32389259338379
151.54434204101562	34.70766067504883	12.754261016845703	20.60619354248047
151.3729705810547	33.99502944946289	12.527926445007324	21.316064834594727
151.32826232910156	33.43796157836914	12.549986839294434	21.0179443359375
150.87661743164062	33.94119644165039	13.126395225524902	21.485422134399414
150.84519958496094	33.68464279174805	12.98892593383789	21.549230575561523
151.1761016845703	34.06489562988281	12.849581718444824	21.229223251342773
151.39833068847656	34.43185806274414	12.641403198242188	20.966367721557617
151.2942352294922	34.13082504272461	12.893633842468262	21.830169677734375
150.97976684570312	34.20891189575195	13.182987213134766	21.555593490600586
150.63604736328125	34.30108642578125	13.328617095947266	21.524681091308594
150.8969268798828	34.14104080200195	13.158970832824707	22.467844009399414
151.4121856689453	34.96358108520508	12.949786186218262	20.9199275970459
150.38282775878906	34.64150619506836	13.535569190979004	20.648441314697266
151.20640563964844	33.71072769165039	13.128451347351074	21.872032165527344
151.3587188720703	33.917335510253906	12.779292106628418	21.86336326599121
150.72320556640625	33.950653076171875	13.400546073913574	21.851896286010742
150.8666534423828	33.92039489746094	13.292515754699707	21.54740333557129
150.88050842285156	33.63663864135742	13.33307933807373	21.48480224609375
151.2904815673828	34.56245803833008	13.02946949005127	21.645631790161133
151.40711975097656	34.153621673583984	12.769576072692871	22.013931274414062
150.9160614013672	33.96584701538086	12.938068389892578	21.67359161376953
151.28515625	34.553218841552734	12.605399131774902	21.008424758911133
150.8343505859375	34.030391693115234	13.32296085357666	21.55474853515625
151.4916534423828	34.03693771362305	12.874980926513672	20.95985984802246
151.3755340576172	34.258365631103516	12.615395545959473	20.946990966796875
151.52102661132812	34.41948318481445	12.578192710876465	21.971872329711914
151.72320556640625	34.619659423828125	12.316974639892578	20.7867374420166
151.0915985107422	33.84663009643555	12.709050178527832	21.869089126586914
151.31695556640625	34.249237060546875	12.698165893554688	21.47264862060547
151.57766723632812	34.4700927734375	12.305790901184082	20.93043327331543
151.3047637939453	34.966556549072266	12.46235179901123	20.172134399414062
151.12376403808594	34.234130859375	12.864520072937012	20.098417282104492
151.330810546875	34.09128189086914	12.568951606750488	21.290864944458008
150.77603149414062	34.367252349853516	13.28964900970459	21.228670120239258
151.05979919433594	34.04030227661133	13.155566215515137	21.509368896484375
151.0096893310547	34.49092483520508	13.15710163116455	21.382436752319336
151.12832641601562	34.67661666870117	12.980608940124512	21.304349899291992
150.7403106689453	34.042694091796875	13.471244812011719	22.035032272338867
150.4720916748047	33.97098159790039	13.502398490905762	22.247278213500977
150.3600616455078	33.5575065612793	13.83446216583252	22.402597427368164
150.8924560546875	34.14365005493164	13.48334789276123	21.657821655273438
151.07167053222656	34.48358154296875	13.408870697021484	21.785240173339844
150.59152221679688	33.996185302734375	13.57789134979248	22.305572509765625
150.7984619140625	34.236778259277344	13.379932403564453	21.906267166137695
150.61553955078125	34.225711822509766	13.599753379821777	21.733736038208008
151.25144958496094	34.36235427856445	12.914656639099121	21.116994857788086
150.75711059570312	34.02265548706055	13.415801048278809	21.910043716430664
150.8936767578125	33.97804641723633	13.342452049255371	21.61578369140625
150.96343994140625	33.708465576171875	13.26860523223877	22.160011291503906
150.7678680419922	33.68123245239258	13.481490135192871	22.608945846557617
150.7492218017578	33.15251541137695	13.465282440185547	22.22757911682129
150.5536346435547	33.43313980102539	13.6620512008667	23.591917037963867
150.2100830078125	33.86290740966797	13.741752624511719	22.677053451538086
150.61671447753906	34.00632858276367	13.610721588134766	22.246286392211914
150.5263671875	33.5875129699707	13.73752212524414	22.46278953552246
150.4458770751953	33.686588287353516	13.805476188659668	22.624834060668945
150.01199340820312	33.30377197265625	14.171183586120605	22.82114601135254
150.74456787109375	33.37882614135742	13.694538116455078	23.589988708496094
150.9966278076172	33.75890350341797	13.484428405761719	22.672637939453125
151.06349182128906	34.10087585449219	13.177330017089844	21.663145065307617
150.60389709472656	33.60259246826172	13.56309986114502	22.44061851501465
150.7303009033203	33.560123443603516	13.644042015075684	22.517438888549805
151.1192626953125	34.336856842041016	13.237406730651855	21.935256958007812
150.7436981201172	33.97724533081055	13.45546817779541	21.995269775390625
151.0749053955078	33.26578140258789	13.39394760131836	22.574182510375977
150.9832305908203	33.667518615722656	13.252984046936035	22.161169052124023
150.6347198486328	33.296634674072266	13.560066223144531	23.4827938079834
150.92469787597656	34.36178207397461	13.2069091796875	21.805274963378906
150.85089111328125	33.65992736816406	13.303513526916504	21.817426681518555
150.6554412841797	34.186153411865234	13.237312316894531	21.33102798461914
150.82275390625	33.7122688293457	13.63523006439209	22.834932327270508
150.59083557128906	33.56806945800781	13.904023170471191	22.954679489135742
150.9446563720703	33.41714096069336	13.385727882385254	22.837034225463867
151.01820373535156	33.637847900390625	13.166950225830078	22.519142150878906
151.02975463867188	33.56087875366211	13.264473915100098	22.46964454650879
150.3465576171875	33.27779769897461	13.663594245910645	22.60365104675293
150.91815185546875	33.33661651611328	13.26300048828125	22.31209373474121
150.5090789794922	33.71364974975586	13.523701667785645	22.009000778198242
150.93045043945312	33.95148849487305	13.084587097167969	21.341665267944336
151.06808471679688	33.59083938598633	13.077069282531738	21.893661499023438
151.1808624267578	33.65542984008789	13.048312187194824	21.56479835510254
150.73365783691406	33.68989181518555	13.138821601867676	22.200807571411133
150.4486846923828	34.299922943115234	13.519936561584473	21.29255485534668
151.35345458984375	33.72917556762695	13.129307746887207	22.2311954498291
150.89431762695312	32.7946662902832	13.212136268615723	22.925460815429688
150.836181640625	33.81454849243164	13.477961540222168	21.773012161254883
150.80030822753906	33.52053451538086	13.164321899414062	22.291494369506836
150.7323455810547	33.12373733520508	13.398344993591309	22.486703872680664
151.201416015625	34.337398529052734	12.82093334197998	20.576074600219727
150.85775756835938	33.739559173583984	13.154677391052246	21.62721061706543
150.65362548828125	33.86240768432617	13.269603729248047	21.45091438293457
151.05491638183594	33.85659408569336	13.241438865661621	21.117523193359375
150.63070678710938	33.965576171875	13.491104125976562	21.497352600097656
151.01573181152344	33.50892639160156	12.86935806274414	22.042692184448242
151.7538604736328	34.063140869140625	12.492085456848145	21.64984703063965
151.39805603027344	34.2264289855957	12.746386528015137	21.580244064331055
150.98214721679688	33.35626220703125	12.814005851745605	22.13324546813965
151.2231903076172	34.41837692260742	12.763630867004395	21.209882736206055
151.03009033203125	34.04164505004883	12.928820610046387	21.769485473632812
151.59112548828125	34.03216552734375	12.604275703430176	21.527090072631836
151.29180908203125	33.793182373046875	12.782119750976562	21.471860885620117
150.83628845214844	34.18816375732422	13.10098934173584	21.21613883972168
150.772216796875	34.353702545166016	13.106353759765625	20.83299446105957
150.62571716308594	34.43233108520508	13.271415710449219	21.214311599731445
151.10781860351562	34.288143157958984	12.858795166015625	21.026235580444336
151.14288330078125	34.29532241821289	12.861923217773438	21.262052536010742
150.6582794189453	34.22926712036133	13.344683647155762	21.702234268188477
151.0574951171875	34.71274948120117	12.950862884521484	21.00052833557129
151.30038452148438	33.78630447387695	12.85012435913086	21.956655502319336
151.31617736816406	34.43478775024414	12.642165184020996	20.789108276367188
150.7123260498047	34.111507415771484	13.272725105285645	21.04486656188965
150.82005310058594	34.28974914550781	13.29616928100586	21.18450355529785
150.8988494873047	34.02284240722656	13.309765815734863	21.87968635559082
151.16075134277344	34.604251861572266	13.203296661376953	21.5643253326416
150.6554412841797	34.13828659057617	13.356701850891113	21.741003036499023
151.02235412597656	33.41560745239258	12.963208198547363	21.513330459594727
152.59181213378906	34.743309020996094	12.149914741516113	20.949169158935547
152.3754425048828	34.12312316894531	11.872626304626465	21.77901268005371
151.61312866210938	33.714900970458984	12.501537322998047	21.36177635192871
151.8746795654297	33.67013168334961	12.222180366516113	21.38752555847168
152.21556091308594	34.19260025024414	12.312256813049316	21.484086990356445
152.33677673339844	33.72796630859375	12.135735511779785	21.32401466369629
152.7410125732422	35.23469924926758	11.50064754486084	20.482236862182617
152.9083709716797	35.23689270019531	11.351794242858887	20.47510528564453
152.9786376953125	35.340763092041016	11.459790229797363	20.357481002807617
151.61045837402344	34.966148376464844	12.522509574890137	21.367616653442383
152.18408203125	35.053070068359375	12.213362693786621	21.265966415405273
152.4566192626953	34.95718765258789	11.943327903747559	21.009145736694336
151.9574737548828	35.053714752197266	12.387587547302246	20.704622268676758
152.1853790283203	35.294551849365234	11.974884986877441	20.708877563476562
151.7324676513672	34.93028259277344	12.56027889251709	21.237340927124023
152.1295623779297	35.08779525756836	12.172359466552734	21.390531539916992
151.56072998046875	34.59334945678711	12.30019474029541	22.097787857055664
151.84815979003906	36.10383987426758	12.02497386932373	20.70526123046875
151.6687774658203	36.252803802490234	12.005082130432129	20.350019454956055
151.72560119628906	35.8687858581543	11.915148735046387	20.687597274780273
152.22450256347656	34.98924255371094	13.44936466217041	22.008026123046875
151.4330596923828	35.0223274230957	12.788043975830078	21.377744674682617
151.79335021972656	35.50938415527344	12.17684555053711	21.491544723510742
151.5088348388672	35.91769027709961	12.437911033630371	20.745676040649414
151.29559326171875	35.18595886230469	12.8152437210083	21.235183715820312
151.3658905029297	36.43172836303711	12.548256874084473	20.167505264282227
151.69793701171875	35.9907112121582	12.270953178405762	20.687780380249023
151.4406280517578	35.93359375	11.897210121154785	20.720232009887695
150.99539184570312	35.51845932006836	12.630447387695312	21.081031799316406
151.34786987304688	35.50979995727539	12.185576438903809	21.442773818969727
151.5748291015625	35.857662200927734	12.326251983642578	21.757822036743164
151.6444549560547	35.98325729370117	12.34387493133545	20.86039924621582
150.85800170898438	35.615718841552734	12.618366241455078	20.7425537109375
151.2779998779297	36.244693756103516	12.550541877746582	21.133344650268555
151.3537139892578	35.16572189331055	12.78686809539795	21.59303855895996
151.2105712890625	35.49354553222656	12.958207130432129	21.542335510253906
151.2567901611328	35.8985481262207	12.81800365447998	21.18171501159668
151.6504364013672	35.13584518432617	13.418339729309082	21.957250595092773
151.3766326904297	37.14590072631836	12.638031005859375	21.03481674194336
150.97654724121094	37.32978057861328	13.03049373626709	20.518095016479492
151.2732391357422	37.419681549072266	13.167667388916016	20.499448776245117
151.68626403808594	37.25606155395508	13.065577507019043	20.65486717224121
152.18080139160156	36.27946090698242	13.06541919708252	21.572309494018555
151.44552612304688	36.8753662109375	13.136077880859375	21.223979949951172
151.0870361328125	37.31769561767578	13.152274131774902	20.879924774169922
152.08106994628906	38.85874938964844	12.398819923400879	20.71441078186035
152.4342498779297	37.06247329711914	12.921483039855957	21.617517471313477
152.1402587890625	37.227012634277344	13.412681579589844	22.15978240966797
152.72763061523438	38.03775405883789	12.941161155700684	21.319684982299805
153.5074005126953	38.82285690307617	12.478015899658203	20.7932071685791
154.2510528564453	39.65533447265625	12.69552230834961	20.351022720336914
152.955322265625	39.308815002441406	13.892657279968262	21.519775390625
154.02638244628906	39.5992546081543	13.33533763885498	21.0671329498291
152.8046112060547	36.956295013427734	13.963358879089355	22.55171775817871
152.80821228027344	37.30281448364258	13.912410736083984	21.821264266967773
153.19093322753906	38.14554214477539	13.91738510131836	21.58946990966797
153.57106018066406	38.460872650146484	13.970237731933594	21.7358455657959
152.22315979003906	37.27112579345703	13.875694274902344	21.295141220092773
151.520263671875	36.19664764404297	14.095675468444824	22.17854881286621
151.66673278808594	36.08525466918945	13.569378852844238	21.24437141418457
152.1011505126953	35.72245788574219	13.445660591125488	20.799339294433594
152.11683654785156	35.58866500854492	13.558792114257812	21.077058792114258
151.9174041748047	35.18733596801758	13.37052059173584	21.93414878845215
151.9046173095703	35.37236404418945	13.648406028747559	21.25005340576172
152.10145568847656	35.9801139831543	13.423527717590332	20.973936080932617
150.8882293701172	33.83846664428711	13.690348625183105	23.359609603881836
150.8766632080078	33.990020751953125	13.75873851776123	22.186195373535156
150.9108123779297	34.49947738647461	13.525103569030762	22.266136169433594
151.14697265625	34.15153121948242	13.215226173400879	21.808176040649414
150.72767639160156	33.69601058959961	13.647677421569824	22.278352737426758
150.8772735595703	34.46120071411133	13.517582893371582	21.183300018310547
152.38336181640625	35.48466873168945	12.772831916809082	20.7607479095459
152.3897247314453	35.29740905761719	12.80385971069336	20.99946403503418
151.9301300048828	34.78255844116211	13.089192390441895	21.291635513305664
151.4138641357422	34.32399368286133	12.907414436340332	20.83903694152832
151.8914031982422	35.03129577636719	12.878246307373047	21.079345703125
151.61715698242188	34.15304946899414	13.07783031463623	21.60081672668457
151.8008575439453	34.85625076293945	12.868626594543457	20.26888084411621
152.1916046142578	34.71453094482422	12.816941261291504	20.86618995666504
152.3219451904297	35.336700439453125	12.921130180358887	20.75887107849121
152.1783447265625	34.61885452270508	12.667923927307129	21.03338623046875
152.1962127685547	35.07967758178711	12.955313682556152	20.871091842651367
152.48316955566406	35.512821197509766	12.620062828063965	20.107723236083984
152.5541229248047	35.444374084472656	12.343470573425293	20.318309783935547
152.72964477539062	35.45088577270508	12.300976753234863	20.107404708862305
152.25135803222656	35.0240364074707	12.0189790725708	20.481369018554688
151.38804626464844	33.94223403930664	12.652717590332031	20.755727767944336
152.11871337890625	34.7009162902832	12.334101676940918	20.517667770385742
152.2499237060547	34.65043640136719	12.46534252166748	20.80206298828125
152.081298828125	35.26926803588867	12.344712257385254	19.998271942138672
152.12217712402344	34.71150207519531	12.212782859802246	20.470090866088867
150.37567138671875	33.62805938720703	12.779010772705078	20.63704490661621
151.75096130371094	34.57975387573242	12.135002136230469	20.505643844604492
152.1687469482422	35.56711959838867	12.119784355163574	20.59550666809082
152.45518493652344	35.85512161254883	12.220892906188965	20.106672286987305
152.52317810058594	35.41731643676758	12.106348991394043	20.331178665161133
152.4303741455078	34.71085739135742	12.312657356262207	20.706523895263672
152.9528350830078	35.52092361450195	12.270033836364746	19.6086483001709
152.7396697998047	35.317935943603516	12.388877868652344	19.943334579467773
152.46212768554688	35.147430419921875	12.268839836120605	20.31305503845215
152.48526000976562	35.0775032043457	12.104376792907715	20.664270401000977
152.92027282714844	35.18680953979492	12.3592529296875	20.65498924255371
152.76014709472656	35.536319732666016	12.389283180236816	20.151960372924805
152.3475799560547	35.02193069458008	12.026012420654297	20.248872756958008
152.91514587402344	35.4631233215332	12.110041618347168	19.966245651245117
152.4237518310547	35.15885925292969	12.379485130310059	19.76782989501953
152.0579071044922	34.23750686645508	12.245887756347656	20.77874183654785
152.34527587890625	35.275325775146484	12.363663673400879	20.002351760864258
152.72096252441406	34.734920501708984	12.142590522766113	21.0150089263916
152.90333557128906	35.37129211425781	12.146709442138672	20.056833267211914
152.75714111328125	35.39109420776367	12.30264663696289	19.9556827545166
151.4591522216797	33.78957748413086	12.661824226379395	21.223054885864258
152.03785705566406	34.56206130981445	12.446295738220215	21.056299209594727
151.96815490722656	34.20650863647461	12.129961967468262	21.072479248046875
152.5882110595703	34.63680648803711	12.369457244873047	21.482498168945312
151.6859130859375	33.962677001953125	12.349918365478516	21.452783584594727
151.8423309326172	34.257362365722656	12.28541088104248	20.86663818359375
151.64085388183594	33.69588851928711	12.134295463562012	21.69818115234375
152.47752380371094	34.71416091918945	12.097697257995605	20.75189781188965
151.6209716796875	34.35812759399414	12.176852226257324	21.33661460876465
152.26942443847656	34.550724029541016	11.988037109375	20.89836311340332
152.06674194335938	34.23448944091797	11.959683418273926	21.1602783203125
152.2808380126953	34.56365966796875	11.636772155761719	20.65371322631836
152.1897735595703	34.17880630493164	11.836292266845703	21.127683639526367
152.09100341796875	34.12954330444336	11.789100646972656	20.66547203063965
152.06988525390625	34.65225601196289	11.934557914733887	19.83534812927246
151.7659454345703	34.85525894165039	11.990344047546387	20.01678466796875
151.87608337402344	34.92375183105469	11.867642402648926	19.752378463745117
151.85791015625	34.30949783325195	12.28178882598877	20.176830291748047
151.47247314453125	34.16335678100586	12.44070816040039	20.251264572143555
151.9248504638672	34.34541320800781	12.364476203918457	20.397249221801758
151.19204711914062	33.7729606628418	12.510379791259766	21.04776954650879
151.9055633544922	34.694698333740234	12.097563743591309	20.543045043945312
152.23435974121094	34.35215377807617	12.32791519165039	20.814002990722656
151.8755645751953	34.17435836791992	12.168326377868652	20.47434425354004
151.91871643066406	34.185733795166016	12.143775939941406	20.953580856323242
151.76321411132812	34.03732681274414	12.168322563171387	20.580610275268555
151.95130920410156	34.31924819946289	12.013693809509277	20.898195266723633
151.79063415527344	34.9649658203125	11.913188934326172	20.325332641601562
151.89320373535156	34.080841064453125	12.053549766540527	21.169527053833008
151.9873504638672	33.70962905883789	12.303245544433594	21.199005126953125
151.4571990966797	34.11972427368164	12.468426704406738	20.625581741333008
151.81739807128906	34.107425689697266	12.162041664123535	20.84697151184082
151.783447265625	33.95893478393555	11.838481903076172	20.93705940246582
151.97491455078125	34.3321418762207	12.127026557922363	21.13761329650879
151.91368103027344	34.23401641845703	11.897919654846191	20.917264938354492
152.2587432861328	34.35676193237305	11.742691040039062	20.57502555847168
152.0150604248047	34.59983444213867	11.943577766418457	20.39689826965332
151.7921905517578	34.3039436340332	12.159636497497559	20.420570373535156
152.2429656982422	34.29362106323242	11.738395690917969	20.787158966064453
152.2302703857422	34.73085403442383	11.925914764404297	20.816598892211914
152.1279754638672	34.66421890258789	12.227143287658691	20.886445999145508
152.25689697265625	34.23237228393555	12.53189468383789	21.174936294555664
151.87649536132812	34.318965911865234	12.305764198303223	21.28474998474121
151.71510314941406	33.7458610534668	12.3281831741333	21.657773971557617
152.48236083984375	34.52254867553711	12.158832550048828	21.04393196105957
151.8712921142578	34.03754806518555	12.192118644714355	21.40338706970215
151.6328887939453	33.548248291015625	12.44622802734375	21.507219314575195
152.06143188476562	33.8011589050293	12.5114164352417	21.38770866394043
151.03907775878906	33.48880386352539	12.665204048156738	21.771066665649414
151.8387908935547	34.41031265258789	12.084467887878418	21.40790367126465
152.21484375	33.9659423828125	12.378617286682129	21.40144157409668
152.1841583251953	34.29697036743164	12.311882019042969	20.455055236816406
151.4541473388672	34.06576919555664	12.272316932678223	20.92662239074707
152.31398010253906	34.32277297973633	12.242159843444824	20.792539596557617
152.1930694580078	34.481956481933594	11.973406791687012	21.095090866088867
150.94168090820312	33.229305267333984	12.499619483947754	21.2216796875
152.17515563964844	34.32590866088867	12.056190490722656	20.786270141601562
152.15773010253906	34.2386589050293	11.997599601745605	20.571725845336914
152.07855224609375	33.973846435546875	12.200885772705078	21.27869987487793
152.15708923339844	34.00779724121094	12.094887733459473	21.278554916381836
151.93167114257812	33.761749267578125	12.295802116394043	21.81592559814453
151.73947143554688	34.38747787475586	12.345471382141113	20.527753829956055
151.8678741455078	34.13595199584961	12.204890251159668	21.56537437438965
151.82322692871094	33.801822662353516	12.486003875732422	21.469270706176758
151.66375732421875	33.3385124206543	12.405162811279297	21.627365112304688
151.93650817871094	33.74751281738281	12.361557960510254	22.061704635620117
151.5720672607422	33.234745025634766	12.558756828308105	22.063669204711914
151.60211181640625	33.18697738647461	12.540501594543457	21.80609703063965
151.62876892089844	33.80154037475586	12.579795837402344	21.813446044921875
151.7476043701172	33.86184310913086	12.535256385803223	21.677528381347656
151.69659423828125	33.575077056884766	12.373618125915527	21.953073501586914
151.7858123779297	34.26022720336914	12.327125549316406	20.85297203063965
152.0682830810547	34.26987075805664	12.187409400939941	20.73224639892578
152.1001434326172	34.15382766723633	12.09766674041748	21.217552185058594
151.90513610839844	34.392704010009766	12.244945526123047	21.40502166748047
151.80235290527344	34.07928466796875	12.19483470916748	21.4617977142334
151.6735382080078	34.713863372802734	12.13449478149414	20.75559425354004
152.38035583496094	34.91756820678711	11.916942596435547	20.622488021850586
152.0056610107422	34.71860885620117	11.968756675720215	21.00180435180664
151.9088897705078	34.071693420410156	12.250229835510254	21.042512893676758
151.9975128173828	34.92363357543945	12.11526107788086	20.811689376831055
151.66671752929688	33.96217727661133	12.366559028625488	21.328062057495117
152.8307342529297	34.846988677978516	11.980667114257812	20.368669509887695
151.7767791748047	34.25784683227539	12.130584716796875	20.96287727355957
152.01976013183594	34.18631362915039	11.972249031066895	20.82771873474121
151.8372344970703	34.33304214477539	12.099979400634766	20.92258644104004
152.28866577148438	34.17304229736328	12.051194190979004	21.18547821044922
152.10171508789062	34.44914627075195	12.042373657226562	21.021665573120117
151.86114501953125	33.86654281616211	12.20703125	21.290998458862305
152.0635223388672	34.71221923828125	11.9115629196167	20.730918884277344
151.6916961669922	33.82773208618164	11.924113273620605	20.615930557250977
152.43064880371094	34.501895904541016	11.7757568359375	20.86176300048828
152.84251403808594	35.15501022338867	11.928047180175781	20.476917266845703
151.80189514160156	34.47011947631836	11.762531280517578	20.620092391967773
152.2393341064453	34.538970947265625	11.979596138000488	20.136037826538086
151.56494140625	34.37943649291992	12.449478149414062	20.496538162231445
151.82704162597656	34.79018020629883	12.287467002868652	20.632333755493164
151.76625061035156	34.64248275756836	12.283093452453613	20.5898494720459
152.4661407470703	35.04042434692383	11.944713592529297	20.927236557006836
152.62901306152344	34.805606842041016	12.080777168273926	21.197214126586914
151.8870391845703	34.49763107299805	12.1982421875	21.27790069580078
152.3073272705078	34.37389373779297	12.331478118896484	21.30058479309082
152.0092315673828	34.67671203613281	12.541901588439941	21.08356285095215
152.0148468017578	33.83723449707031	12.838699340820312	21.7877197265625
152.281494140625	33.956966400146484	12.539863586425781	21.51129913330078
151.69200134277344	33.96241760253906	12.47669506072998	21.190174102783203
151.65699768066406	34.25361633300781	12.361851692199707	21.176252365112305
152.45632934570312	34.46330642700195	12.19433879852295	21.247556686401367
152.49151611328125	34.402896881103516	12.220877647399902	20.854860305786133
151.9635772705078	34.281436920166016	12.147177696228027	20.49207878112793
151.9353485107422	34.21176528930664	12.127360343933105	21.425050735473633
151.64024353027344	33.91204833984375	12.214753150939941	21.34442138671875
151.80226135253906	33.97465515136719	12.439421653747559	21.837724685668945
152.3090362548828	33.91084671020508	12.226654052734375	21.599403381347656
151.37049865722656	34.309749603271484	12.542435646057129	21.096595764160156
152.1183624267578	34.31328201293945	12.326888084411621	21.41164207458496
151.5937042236328	33.78671646118164	12.585677146911621	21.19761085510254
152.1691436767578	34.69328689575195	12.313090324401855	21.482126235961914
151.59629821777344	33.70561599731445	12.676796913146973	22.032350540161133
151.7543487548828	34.10042190551758	12.610313415527344	21.573936462402344
151.06117248535156	33.6297492980957	12.685334205627441	21.197803497314453
152.05734252929688	33.837677001953125	12.612030029296875	21.498517990112305
151.9512176513672	34.19404983520508	12.3151216506958	21.23442840576172
151.5832977294922	33.858638763427734	12.627934455871582	20.970211029052734
152.1183319091797	34.45291519165039	12.284005165100098	20.86250877380371
152.49667358398438	34.7974739074707	12.485978126525879	20.478511810302734
152.6458282470703	35.05586624145508	12.44859790802002	20.34891128540039
151.9034423828125	34.2353401184082	12.45418930053711	21.099529266357422
151.1353302001953	33.88687515258789	12.754738807678223	21.012094497680664
151.76123046875	33.91217803955078	12.506324768066406	21.374664306640625
152.09706115722656	34.73604965209961	12.185545921325684	20.64929962158203
152.07752990722656	34.662052154541016	12.164872169494629	20.9622859954834
151.8138427734375	34.143646240234375	12.409113883972168	21.003047943115234
152.28857421875	34.376522064208984	12.201218605041504	21.044265747070312
152.2911376953125	34.68898010253906	12.095795631408691	21.117340087890625
152.32102966308594	34.290069580078125	12.248553276062012	21.188268661499023
152.11192321777344	34.738704681396484	12.09727954864502	20.95952606201172
152.2467498779297	34.68983459472656	12.021903038024902	21.63922691345215
152.5093994140625	35.057823181152344	12.059359550476074	20.82454490661621
151.83200073242188	34.1947135925293	12.109724998474121	21.284910202026367
152.26991271972656	34.845401763916016	11.900010108947754	20.60516357421875
152.46690368652344	34.894107818603516	12.208897590637207	20.497852325439453
151.65171813964844	33.83668899536133	12.415558815002441	21.547819137573242
151.64906311035156	34.239418029785156	12.249403953552246	21.000165939331055
152.08145141601562	34.49704360961914	12.69654369354248	20.57474708557129
152.19113159179688	34.34710693359375	12.42888355255127	20.796051025390625
151.93780517578125	34.26454162597656	12.394700050354004	21.119131088256836
151.37388610839844	33.943626403808594	12.383133888244629	20.97184944152832
151.271484375	33.85871505737305	12.696431159973145	21.008264541625977
151.86068725585938	34.251155853271484	12.574309349060059	20.394136428833008
151.9352569580078	34.51980209350586	12.490046501159668	20.342159271240234
151.75001525878906	34.29960250854492	12.30977725982666	20.945117950439453
152.0144805908203	33.79576873779297	12.50023365020752	21.666038513183594
151.7847137451172	33.945716857910156	12.612247467041016	21.164030075073242
151.7476806640625	33.67612838745117	13.071975708007812	21.668325424194336
151.55088806152344	33.95293045043945	12.889803886413574	21.529272079467773
152.16236877441406	34.72523880004883	12.714808464050293	20.309921264648438
151.5891571044922	34.120731353759766	12.488285064697266	20.940725326538086
151.62522888183594	34.01829528808594	12.693005561828613	21.160390853881836
152.1527557373047	33.975135803222656	12.642509460449219	21.38887596130371
152.46673583984375	34.3427734375	12.652344703674316	20.897470474243164
152.39431762695312	34.79008102416992	12.406826972961426	20.7356014251709
152.2014617919922	34.33308029174805	12.289372444152832	20.7158260345459
152.02369689941406	34.22330856323242	12.513577461242676	20.976930618286133
152.1723175048828	34.72877502441406	12.06820011138916	20.604028701782227
151.90895080566406	34.10416793823242	12.140324592590332	20.857675552368164
152.1307830810547	34.03794479370117	12.34156322479248	20.734569549560547
152.23081970214844	34.575645446777344	12.111244201660156	20.676416397094727
152.11720275878906	34.45485305786133	12.078267097473145	20.378150939941406
152.03726196289062	34.861900329589844	12.052387237548828	20.44835090637207
151.5879669189453	34.13072204589844	12.523411750793457	21.114194869995117
152.37033081054688	34.643035888671875	12.34737491607666	20.43604850769043
151.8849334716797	34.44200134277344	12.382759094238281	21.476755142211914
152.4875946044922	34.2820930480957	12.28896427154541	20.883468627929688
151.98497009277344	34.37804412841797	12.653454780578613	21.016977310180664
151.53526306152344	34.092716217041016	12.875502586364746	21.078723907470703
152.01797485351562	34.50153732299805	12.451569557189941	20.906494140625
152.01466369628906	34.28797912597656	12.359652519226074	20.884994506835938
152.14588928222656	34.96364974975586	12.694567680358887	20.145410537719727
151.9044647216797	34.989376068115234	12.621845245361328	20.08831787109375
152.36781311035156	34.74448013305664	12.214885711669922	20.036273956298828
152.28530883789062	34.496421813964844	12.502184867858887	20.21086311340332
151.3307342529297	34.33347702026367	12.526679039001465	20.7036075592041
151.62515258789062	34.3624267578125	12.645207405090332	20.951719284057617
151.233154296875	34.05487060546875	12.876564979553223	21.06113624572754
152.0274200439453	34.1585578918457	12.128398895263672	21.041379928588867
151.7263641357422	34.08274841308594	12.344437599182129	20.715970993041992
151.83799743652344	34.32087326049805	12.51513671875	20.388402938842773
151.59144592285156	34.142234802246094	12.476487159729004	20.078807830810547
151.15089416503906	33.73799514770508	12.571124076843262	21.110719680786133
151.5307159423828	34.2378044128418	12.153904914855957	19.589630126953125
151.853759765625	34.28823471069336	12.138386726379395	20.359386444091797
151.93600463867188	34.204551696777344	11.938616752624512	20.759782791137695
152.17356872558594	34.369876861572266	12.02894115447998	20.45049476623535
151.65489196777344	34.74739074707031	11.999796867370605	19.908418655395508
152.27093505859375	34.791507720947266	11.801055908203125	19.609960556030273
152.0243682861328	35.11799621582031	11.767128944396973	20.06721305847168
151.42112731933594	33.99497985839844	12.51911449432373	20.84580421447754
152.19093322753906	34.01667404174805	12.369149208068848	21.06825065612793
151.6718292236328	34.28236770629883	12.451720237731934	20.6605224609375
151.60984802246094	33.880882263183594	12.229843139648438	21.14293098449707
152.2969512939453	34.609256744384766	11.886211395263672	20.473356246948242
152.1869659423828	34.39840316772461	11.775813102722168	20.715246200561523
152.1894073486328	34.04612731933594	12.037491798400879	20.524900436401367
152.10084533691406	34.98039627075195	12.139225006103516	20.264564514160156
151.60765075683594	34.092281341552734	12.11407470703125	20.857202529907227
152.1691436767578	34.59099578857422	11.97509479522705	20.512235641479492
152.1114501953125	34.76731491088867	11.912693977355957	20.667339324951172
152.07492065429688	34.41313171386719	12.094195365905762	21.19742202758789
151.96853637695312	34.178035736083984	12.07142162322998	20.622417449951172
152.09837341308594	34.120418548583984	11.938321113586426	20.772518157958984
152.33387756347656	34.78812789916992	11.82089900970459	20.742361068725586
152.09153747558594	34.57225799560547	12.184271812438965	20.710800170898438
151.47222900390625	33.8375358581543	11.992053031921387	20.584871292114258
151.6134796142578	34.60097122192383	12.03966236114502	20.51714515686035
151.76611328125	33.82302474975586	12.2490234375	21.2352237701416
151.59779357910156	33.5151481628418	12.375782012939453	20.61092758178711
152.16867065429688	34.83579635620117	11.960953712463379	20.72918128967285
151.8584442138672	34.5770149230957	11.941402435302734	19.67714500427246
151.92127990722656	34.07613754272461	12.002524375915527	21.04108238220215
151.96353149414062	34.13706588745117	12.08172607421875	20.579416275024414
151.4928436279297	33.67548751831055	12.561537742614746	21.1544246673584
152.29583740234375	34.88431167602539	12.444915771484375	20.17789649963379
152.31710815429688	34.46150207519531	11.992781639099121	20.676027297973633
152.32786560058594	35.08738327026367	11.936206817626953	20.2346248626709
151.5873565673828	33.62883377075195	12.19959545135498	21.32018280029297
151.42567443847656	33.43053436279297	12.080510139465332	20.576433181762695
151.71188354492188	34.094364166259766	12.088793754577637	21.317306518554688
151.69273376464844	34.05715560913086	12.309515953063965	20.921110153198242
151.91539001464844	33.57955551147461	12.522904396057129	21.079633712768555
151.4153289794922	34.22785568237305	12.655509948730469	20.962860107421875
151.84637451171875	34.936153411865234	12.418002128601074	20.2513484954834
151.41746520996094	34.530941009521484	12.399153709411621	20.829090118408203
151.31663513183594	34.5993537902832	12.741942405700684	20.458322525024414
152.08900451660156	34.72654342651367	12.394722938537598	20.65886116027832
152.25985717773438	33.90306091308594	12.42898941040039	21.4910831451416
151.50067138671875	34.031978607177734	12.815890312194824	21.6126651763916
151.8009033203125	33.82379150390625	12.528706550598145	21.741701126098633
152.10595703125	33.83194351196289	12.325177192687988	21.67925262451172
151.9281768798828	34.107601165771484	12.61880111694336	21.054758071899414
151.35382080078125	34.2188720703125	13.057685852050781	21.224645614624023
151.6961669921875	33.36343765258789	13.130148887634277	21.924631118774414
151.074462890625	33.48836898803711	13.092862129211426	21.833763122558594
151.32630920410156	33.37265396118164	12.837394714355469	22.00881004333496
151.1696319580078	33.348812103271484	12.884800910949707	21.836328506469727
151.4152069091797	33.02628707885742	12.927192687988281	22.208709716796875
151.03131103515625	33.11236572265625	12.855788230895996	22.259885787963867
151.13746643066406	33.4578971862793	12.959242820739746	21.926584243774414
151.7273406982422	33.34576416015625	12.986927032470703	22.111169815063477
151.0562286376953	33.64695358276367	13.122817993164062	21.911773681640625
151.79241943359375	33.727264404296875	12.836295127868652	21.361894607543945
151.7495574951172	34.08060073852539	12.917630195617676	21.77888298034668
151.85780334472656	34.2866096496582	12.626721382141113	21.536928176879883
151.44769287109375	33.4122200012207	12.572237968444824	21.988161087036133
151.7323455810547	34.11418151855469	12.464238166809082	21.378814697265625
151.7161407470703	33.915279388427734	12.579776763916016	21.814172744750977
151.96755981445312	33.50472640991211	12.482680320739746	21.837141036987305
151.2173309326172	33.506019592285156	12.568211555480957	21.97975730895996
151.80433654785156	33.48985290527344	12.374485969543457	22.164278030395508
151.39613342285156	33.49003982543945	12.539767265319824	21.216459274291992
151.6222381591797	33.74694061279297	12.0798921585083	21.09781837463379
151.7459259033203	34.10170364379883	12.15177059173584	20.985654830932617
151.3758087158203	33.98381423950195	12.44591236114502	20.718765258789062
151.94528198242188	34.24900436401367	12.220054626464844	20.817895889282227
151.02935791015625	33.82686233520508	12.523624420166016	21.286943435668945
151.5478057861328	33.99083709716797	12.48310375213623	20.683088302612305
151.65380859375	34.312076568603516	12.516680717468262	20.966773986816406
151.63735961914062	34.18553161621094	12.475044250488281	21.398849487304688
151.11264038085938	34.43977737426758	12.740203857421875	21.126676559448242
152.01927185058594	34.66019821166992	12.552131652832031	21.11766242980957
152.2387237548828	34.698699951171875	12.204586029052734	20.78605842590332
151.8665008544922	33.713294982910156	12.189900398254395	21.429140090942383
152.50660705566406	34.929779052734375	12.389788627624512	20.960912704467773
152.05250549316406	34.237648010253906	12.410611152648926	21.375778198242188
150.8368377685547	33.411251068115234	13.003497123718262	22.099592208862305
151.73175048828125	33.909446716308594	12.859795570373535	21.43171501159668
151.2349090576172	33.9986572265625	12.8762788772583	21.34897804260254
152.30926513671875	34.223567962646484	12.134620666503906	21.233774185180664
151.84788513183594	34.269771575927734	12.462590217590332	20.965791702270508
151.42137145996094	33.662967681884766	12.46047306060791	21.8587703704834
151.81922912597656	33.37198257446289	12.509249687194824	22.371984481811523
151.51162719726562	34.90035629272461	12.484577178955078	20.4123477935791
151.4351348876953	34.275203704833984	12.442296028137207	20.52543830871582
151.75823974609375	35.196990966796875	12.094708442687988	19.788766860961914
151.8883514404297	34.96165084838867	12.0425386428833	20.4825382232666
151.59303283691406	34.01430130004883	12.496349334716797	20.65505027770996
152.8760986328125	35.902469635009766	11.734562873840332	19.242582321166992
152.6477813720703	35.7462272644043	11.811896324157715	19.234209060668945
152.099853515625	34.814945220947266	12.183838844299316	19.7109432220459
152.3726043701172	34.728633880615234	11.924003601074219	20.175687789916992
152.17970275878906	35.44419860839844	12.169879913330078	19.58373260498047
151.3428955078125	34.73504638671875	12.537653923034668	19.666927337646484
151.99436950683594	35.44525146484375	12.269793510437012	20.0777530670166
150.92173767089844	34.983516693115234	12.434494018554688	19.33283233642578
151.98513793945312	34.287715911865234	12.057780265808105	20.7736759185791
152.35606384277344	35.2874641418457	11.788956642150879	20.847675323486328
151.2926788330078	35.03681945800781	12.416352272033691	19.550180435180664
152.11129760742188	35.818511962890625	12.394612312316895	19.505189895629883
152.16822814941406	35.55790328979492	11.812636375427246	19.779706954956055
152.21170043945312	34.45654296875	12.214759826660156	20.6782169342041
152.35430908203125	34.321590423583984	12.224853515625	20.481904983520508
153.0459747314453	34.98600387573242	11.616355895996094	20.126779556274414
152.76856994628906	34.629798889160156	11.951220512390137	20.92390251159668
151.9388885498047	34.79103469848633	12.60715103149414	20.486902236938477
151.4951171875	34.89578628540039	12.501556396484375	19.509227752685547
150.7526397705078	34.54316711425781	12.994454383850098	20.47273063659668
151.55101013183594	35.52170944213867	12.69371509552002	19.50934410095215
151.5426025390625	35.4382438659668	12.64345645904541	19.010202407836914
151.69190979003906	35.46165084838867	12.73669719696045	19.140363693237305
152.19100952148438	34.916568756103516	12.392936706542969	20.29302215576172
152.1774139404297	34.27473068237305	11.984648704528809	20.960113525390625
151.56187438964844	33.603153228759766	12.362421989440918	21.648422241210938
151.81674194335938	34.3203125	12.57846736907959	20.82916831970215
152.0518341064453	34.37654113769531	12.236328125	21.01618003845215
