228.0	61.0	32.0	37.0
227.0	62.0	32.0	37.0
227.0	62.0	33.0	36.0
225.0	62.0	34.0	36.0
225.0	62.0	35.0	35.0
224.0	62.0	35.0	36.0
226.0	62.0	34.0	35.0
226.0	62.0	33.0	35.0
227.0	61.0	32.0	35.0
227.0	61.0	31.0	35.0
226.0	62.0	31.0	35.0
225.0	62.0	32.0	34.0
225.0	63.0	32.0	34.0
225.0	63.0	31.0	34.0
225.0	63.0	31.0	34.0
225.0	63.0	31.0	34.0
225.0	63.0	31.0	34.0
225.0	64.0	31.0	34.0
224.0	64.0	31.0	34.0
222.0	65.0	33.0	33.0
220.0	64.0	28.0	32.0
219.0	65.0	28.0	32.0
217.0	66.0	28.0	32.0
214.0	68.0	34.0	32.0
212.0	68.0	33.0	33.0
211.0	69.0	32.0	35.0
211.0	70.0	32.0	34.0
210.0	70.0	32.0	34.0
210.0	71.0	31.0	35.0
208.0	71.0	31.0	36.0
208.0	72.0	31.0	35.0
206.0	73.0	32.0	37.0
206.0	74.0	32.0	35.0
205.0	74.0	31.0	36.0
204.0	75.0	32.0	36.0
204.0	76.0	32.0	35.0
203.0	76.0	32.0	35.0
203.0	76.0	32.0	36.0
202.0	76.0	33.0	35.0
201.0	76.0	32.0	35.0
200.0	76.0	32.0	37.0
198.0	76.0	33.0	37.0
196.0	76.0	34.0	37.0
193.0	77.0	33.0	37.0
192.0	77.0	33.0	36.0
191.0	77.0	33.0	37.0
189.0	78.0	33.0	35.0
188.0	78.0	33.0	33.0
187.0	78.0	33.0	33.0
186.0	79.0	32.0	33.0
186.0	79.0	31.0	33.0
185.0	80.0	31.0	33.0
184.0	81.0	31.0	33.0
182.0	81.0	31.0	32.0
181.0	81.0	32.0	32.0
179.0	81.0	32.0	32.0
178.0	81.0	31.0	32.0
178.0	81.0	31.0	33.0
177.0	82.0	32.0	33.0
176.0	82.0	31.0	33.0
175.0	83.0	32.0	33.0
174.0	83.0	32.0	32.0
173.0	84.0	31.0	32.0
171.0	84.0	32.0	32.0
171.0	84.0	31.0	32.0
169.0	84.0	32.0	32.0
168.0	84.0	33.0	31.0
166.0	85.0	33.0	31.0
165.0	85.0	33.0	31.0
163.0	85.0	32.0	31.0
163.0	85.0	32.0	31.0
162.0	85.0	31.0	31.0
160.0	85.0	32.0	31.0
158.0	85.0	32.0	31.0
157.0	85.0	32.0	31.0
156.0	85.0	32.0	31.0
153.0	86.0	32.0	31.0
152.0	85.0	33.0	31.0
150.0	85.0	33.0	31.0
148.0	85.0	34.0	31.0
147.0	85.0	33.0	30.0
146.0	85.0	34.0	31.0
144.0	84.0	35.0	31.0
142.0	84.0	35.0	31.0
140.0	85.0	35.0	30.0
139.0	85.0	35.0	30.0
138.0	85.0	33.0	31.0
136.0	85.0	34.0	31.0
132.0	87.0	34.0	31.0
130.0	87.0	35.0	31.0
131.0	86.0	27.0	31.0
123.0	88.0	34.0	31.0
124.0	86.0	27.0	31.0
118.0	88.0	34.0	30.0
117.0	88.0	35.0	31.0
118.0	88.0	32.0	32.0
118.0	89.0	36.0	30.0
119.0	89.0	36.0	30.0
120.0	89.0	35.0	31.0
124.0	90.0	36.0	30.0
125.0	91.0	36.0	31.0
128.0	90.0	36.0	32.0
130.0	91.0	36.0	31.0
131.0	91.0	37.0	31.0
134.0	91.0	38.0	30.0
136.0	91.0	38.0	31.0
139.0	91.0	37.0	31.0
143.0	91.0	37.0	31.0
147.0	91.0	36.0	31.0
150.0	90.0	36.0	31.0
154.0	89.0	36.0	32.0
157.0	88.0	36.0	32.0
162.0	88.0	35.0	31.0
166.0	87.0	36.0	32.0
171.0	87.0	35.0	32.0
175.0	87.0	35.0	33.0
179.0	87.0	35.0	32.0
183.0	87.0	36.0	32.0
187.0	87.0	36.0	32.0
190.0	86.0	36.0	32.0
194.0	86.0	35.0	31.0
198.0	86.0	34.0	31.0
201.0	85.0	35.0	32.0
206.0	84.0	34.0	32.0
208.0	83.0	34.0	32.0
211.0	82.0	33.0	33.0
214.0	81.0	32.0	33.0
216.0	80.0	32.0	34.0
217.0	79.0	33.0	35.0
219.0	79.0	32.0	35.0
219.0	79.0	33.0	35.0
220.0	79.0	33.0	34.0
221.0	79.0	35.0	34.0
224.0	78.0	35.0	35.0
226.0	77.0	36.0	34.0
228.0	76.0	36.0	35.0
231.0	76.0	34.0	35.0
232.0	75.0	34.0	35.0
234.0	75.0	34.0	33.0
237.0	75.0	34.0	31.0
240.0	74.0	35.0	32.0
243.0	74.0	35.0	33.0
246.0	74.0	35.0	32.0
248.0	74.0	35.0	33.0
251.0	73.0	35.0	34.0
253.0	72.0	35.0	33.0
258.0	71.0	33.0	33.0
261.0	70.0	33.0	33.0
264.0	69.0	32.0	33.0
266.0	68.0	30.0	34.0
268.0	66.0	29.0	35.0
268.0	63.0	30.0	38.0
269.0	60.0	31.0	37.0
269.0	57.0	31.0	39.0
270.0	55.0	32.0	39.0
272.0	55.0	32.0	36.0
272.0	54.0	31.0	35.0
273.0	53.0	30.0	34.0
274.0	52.0	30.0	34.0
274.0	52.0	30.0	34.0
274.0	50.0	29.0	35.0
275.0	48.0	30.0	35.0
275.0	46.0	30.0	37.0
277.0	43.0	31.0	37.0
278.0	41.0	30.0	36.0
278.0	40.0	31.0	34.0
279.0	39.0	28.0	32.0
275.0	38.0	32.0	32.0
275.0	37.0	30.0	33.0
274.0	36.0	31.0	33.0
275.0	36.0	31.0	31.0
274.0	36.0	31.0	32.0
274.0	37.0	30.0	32.0
274.0	38.0	30.0	31.0
273.0	38.0	31.0	32.0
273.0	39.0	30.0	32.0
272.0	38.0	31.0	32.0
273.0	39.0	30.0	32.0
273.0	41.0	29.0	29.0
275.0	42.0	29.0	29.0
274.0	42.0	28.0	29.0
273.0	42.0	30.0	31.0
274.0	42.0	29.0	31.0
275.0	43.0	29.0	32.0
275.0	44.0	28.0	32.0
275.0	45.0	28.0	33.0
276.0	45.0	28.0	33.0
275.0	46.0	28.0	32.0
274.0	47.0	30.0	32.0
274.0	47.0	30.0	32.0
275.0	47.0	30.0	32.0
275.0	47.0	29.0	33.0
275.0	47.0	30.0	33.0
274.0	48.0	31.0	32.0
275.0	47.0	30.0	34.0
275.0	49.0	30.0	34.0
275.0	50.0	30.0	34.0
275.0	51.0	29.0	34.0
275.0	52.0	28.0	34.0
276.0	53.0	27.0	33.0
278.0	55.0	26.0	32.0
277.0	56.0	26.0	32.0
276.0	56.0	27.0	31.0
277.0	58.0	26.0	31.0
277.0	58.0	25.0	32.0
278.0	59.0	25.0	30.0
276.0	61.0	25.0	31.0
276.0	61.0	25.0	31.0
275.0	61.0	25.0	30.0
276.0	62.0	26.0	30.0
275.0	63.0	25.0	31.0
274.0	64.0	26.0	32.0
273.0	65.0	26.0	31.0
273.0	65.0	27.0	31.0
272.0	66.0	27.0	31.0
274.0	67.0	25.0	29.0
269.0	67.0	30.0	32.0
272.0	69.0	26.0	30.0
273.0	69.0	26.0	30.0
273.0	69.0	27.0	31.0
271.0	68.0	27.0	32.0
272.0	67.0	28.0	32.0
271.0	70.0	28.0	32.0
266.0	73.0	28.0	32.0
265.0	75.0	27.0	32.0
251.0	87.0	26.0	30.0
236.0	100.0	26.0	30.0
239.0	92.0	26.0	30.0
246.0	91.0	26.0	30.0
247.0	86.0	25.0	29.0
249.0	87.0	25.0	29.0
248.0	86.0	25.0	28.0
240.0	88.0	25.0	29.0
243.0	97.0	26.0	30.0
238.0	92.0	25.0	29.0
242.0	92.0	25.0	29.0
247.0	96.0	26.0	30.0
253.0	88.0	25.0	29.0
255.0	84.0	26.0	30.0
256.0	81.0	26.0	31.0
253.0	87.0	26.0	30.0
262.0	95.0	26.0	30.0
263.0	115.0	26.0	30.0
260.0	130.0	26.0	30.0
254.0	127.0	27.0	32.0
254.0	127.0	26.0	30.0
243.0	141.0	26.0	30.0
240.0	135.0	25.0	29.0
239.0	132.0	25.0	29.0
221.0	141.0	25.0	28.0
223.0	137.0	25.0	28.0
229.0	139.0	24.0	28.0
212.0	136.0	24.0	28.0
231.0	137.0	23.0	27.0
234.0	144.0	23.0	27.0
226.0	154.0	23.0	27.0
239.0	142.0	24.0	28.0
236.0	145.0	24.0	28.0
237.0	148.0	24.0	28.0
234.0	140.0	24.0	28.0
237.0	146.0	23.0	27.0
238.0	137.0	23.0	27.0
238.0	145.0	23.0	26.0
247.0	139.0	23.0	26.0
240.0	132.0	22.0	25.0
247.0	137.0	22.0	25.0
241.0	130.0	22.0	26.0
236.0	136.0	22.0	26.0
232.0	136.0	22.0	25.0
228.0	137.0	22.0	25.0
234.0	141.0	21.0	25.0
233.0	136.0	22.0	25.0
238.0	138.0	22.0	25.0
242.0	139.0	21.0	25.0
247.0	142.0	21.0	24.0
242.0	144.0	20.0	24.0
245.0	143.0	20.0	23.0
230.0	141.0	20.0	23.0
234.0	135.0	20.0	23.0
235.0	139.0	20.0	23.0
237.0	142.0	19.0	22.0
230.0	138.0	19.0	22.0
230.0	140.0	18.0	21.0
228.0	137.0	18.0	21.0
232.0	144.0	18.0	21.0
227.0	141.0	18.0	21.0
231.0	139.0	18.0	21.0
232.0	141.0	17.0	20.0
238.0	140.0	18.0	20.0
240.0	142.0	18.0	21.0
246.0	142.0	18.0	21.0
241.0	143.0	18.0	21.0
248.0	147.0	18.0	21.0
247.0	148.0	17.0	20.0
242.0	142.0	17.0	20.0
235.0	148.0	17.0	20.0
239.0	144.0	17.0	20.0
244.0	145.0	17.0	20.0
237.0	145.0	17.0	19.0
241.0	147.0	17.0	19.0
241.0	146.0	17.0	19.0
240.0	146.0	17.0	19.0
233.0	144.0	17.0	19.0
230.0	144.0	16.0	19.0
235.0	142.0	16.0	19.0
248.0	143.0	16.0	18.0
248.0	143.0	15.0	18.0
251.0	145.0	15.0	17.0
252.0	142.0	15.0	17.0
252.0	142.0	15.0	17.0
252.0	142.0	15.0	18.0
251.0	141.0	16.0	18.0
251.0	143.0	15.0	18.0
250.0	147.0	15.0	18.0
249.0	150.0	16.0	18.0
252.0	141.0	15.0	18.0
251.0	140.0	16.0	19.0
250.0	141.0	16.0	19.0
250.0	144.0	16.0	18.0
252.0	149.0	16.0	19.0
251.0	141.0	16.0	18.0
251.0	142.0	16.0	19.0
251.0	141.0	16.0	18.0
252.0	142.0	16.0	19.0
252.0	143.0	16.0	18.0
251.0	142.0	16.0	19.0
251.0	142.0	17.0	19.0
250.0	142.0	17.0	20.0
248.0	141.0	17.0	20.0
250.0	141.0	18.0	20.0
251.0	138.0	18.0	20.0
251.0	141.0	18.0	21.0
246.0	140.0	18.0	21.0
244.0	142.0	18.0	21.0
251.0	142.0	18.0	21.0
259.0	140.0	18.0	21.0
260.0	141.0	18.0	21.0
258.0	136.0	18.0	21.0
248.0	139.0	19.0	21.0
249.0	149.0	18.0	21.0
240.0	151.0	18.0	21.0
235.0	150.0	18.0	21.0
246.0	152.0	18.0	21.0
248.0	144.0	18.0	21.0
249.0	140.0	18.0	21.0
249.0	143.0	18.0	21.0
240.0	145.0	18.0	21.0
242.0	138.0	17.0	20.0
243.0	137.0	17.0	20.0
246.0	140.0	18.0	20.0
240.0	142.0	17.0	20.0
242.0	146.0	17.0	20.0
243.0	149.0	17.0	20.0
246.0	142.0	17.0	20.0
246.0	149.0	17.0	20.0
241.0	146.0	17.0	20.0
247.0	152.0	17.0	19.0
245.0	143.0	17.0	19.0
244.0	136.0	17.0	20.0
240.0	138.0	17.0	20.0
240.0	140.0	17.0	20.0
239.0	137.0	16.0	19.0
243.0	143.0	17.0	19.0
245.0	154.0	16.0	19.0
245.0	150.0	16.0	19.0
245.0	149.0	16.0	19.0
243.0	146.0	16.0	19.0
246.0	142.0	16.0	19.0
241.0	140.0	16.0	19.0
250.0	140.0	16.0	19.0
245.0	143.0	17.0	20.0
247.0	144.0	17.0	19.0
244.0	139.0	17.0	19.0
240.0	136.0	17.0	20.0
238.0	145.0	17.0	20.0
238.0	158.0	17.0	20.0
245.0	153.0	17.0	20.0
241.0	156.0	17.0	19.0
246.0	154.0	16.0	19.0
245.0	150.0	16.0	19.0
235.0	155.0	16.0	19.0
242.0	160.0	16.0	18.0
243.0	161.0	16.0	19.0
245.0	161.0	16.0	18.0
247.0	155.0	16.0	18.0
243.0	157.0	15.0	18.0
244.0	158.0	15.0	18.0
245.0	161.0	15.0	18.0
242.0	160.0	15.0	18.0
247.0	153.0	16.0	18.0
245.0	156.0	16.0	18.0
244.0	161.0	15.0	18.0
244.0	162.0	15.0	17.0
244.0	162.0	15.0	17.0
243.0	163.0	14.0	16.0
246.0	164.0	14.0	16.0
245.0	163.0	14.0	16.0
246.0	164.0	14.0	16.0
244.0	163.0	14.0	16.0
241.0	167.0	14.0	16.0
242.0	164.0	14.0	17.0
240.0	167.0	15.0	17.0
241.0	163.0	15.0	17.0
245.0	159.0	15.0	17.0
246.0	157.0	15.0	17.0
245.0	161.0	15.0	17.0
248.0	158.0	15.0	17.0
247.0	158.0	14.0	17.0
245.0	164.0	14.0	17.0
244.0	165.0	14.0	16.0
247.0	161.0	14.0	16.0
244.0	163.0	14.0	16.0
244.0	163.0	14.0	16.0
247.0	159.0	14.0	16.0
250.0	152.0	14.0	17.0
249.0	155.0	14.0	17.0
248.0	154.0	14.0	17.0
245.0	163.0	14.0	17.0
242.0	164.0	15.0	17.0
238.0	164.0	15.0	17.0
243.0	166.0	15.0	17.0
240.0	165.0	15.0	17.0
244.0	163.0	15.0	17.0
249.0	152.0	15.0	17.0
249.0	153.0	14.0	17.0
250.0	153.0	14.0	16.0
248.0	156.0	14.0	17.0
248.0	157.0	14.0	16.0
248.0	161.0	14.0	16.0
249.0	156.0	13.0	15.0
248.0	161.0	13.0	15.0
248.0	160.0	13.0	15.0
246.0	163.0	13.0	15.0
245.0	164.0	13.0	15.0
248.0	160.0	13.0	15.0
247.0	166.0	13.0	15.0
246.0	164.0	13.0	15.0
246.0	164.0	13.0	16.0
246.0	162.0	13.0	15.0
247.0	165.0	13.0	15.0
247.0	164.0	13.0	15.0
247.0	164.0	12.0	14.0
246.0	164.0	12.0	14.0
247.0	161.0	12.0	14.0
248.0	164.0	12.0	14.0
247.0	166.0	12.0	14.0
246.0	166.0	12.0	14.0
248.0	165.0	12.0	13.0
247.0	162.0	12.0	14.0
246.0	165.0	12.0	14.0
247.0	164.0	12.0	14.0
247.0	165.0	12.0	14.0
246.0	164.0	12.0	13.0
247.0	167.0	12.0	14.0
247.0	165.0	12.0	14.0
247.0	162.0	12.0	13.0
245.0	165.0	11.0	13.0
247.0	165.0	11.0	13.0
247.0	163.0	11.0	13.0
247.0	166.0	11.0	13.0
248.0	165.0	11.0	13.0
249.0	168.0	11.0	13.0
248.0	168.0	11.0	13.0
247.0	166.0	12.0	13.0
247.0	165.0	11.0	13.0
248.0	165.0	11.0	13.0
248.0	164.0	11.0	13.0
249.0	164.0	11.0	13.0
249.0	165.0	11.0	13.0
248.0	163.0	11.0	13.0
248.0	164.0	11.0	13.0
249.0	161.0	11.0	13.0
249.0	157.0	11.0	13.0
250.0	155.0	11.0	13.0
247.0	156.0	12.0	13.0
246.0	165.0	12.0	13.0
247.0	166.0	11.0	13.0
247.0	167.0	11.0	13.0
246.0	167.0	12.0	13.0
249.0	167.0	12.0	13.0
249.0	169.0	11.0	13.0
248.0	168.0	12.0	13.0
247.0	169.0	11.0	13.0
241.0	169.0	11.0	13.0
238.0	168.0	11.0	13.0
230.0	170.0	11.0	13.0
230.0	169.0	11.0	12.0
230.0	167.0	11.0	13.0
232.0	167.0	11.0	13.0
233.0	167.0	11.0	12.0
232.0	168.0	10.0	12.0
232.0	168.0	11.0	12.0
232.0	167.0	11.0	12.0
232.0	167.0	11.0	12.0
234.0	168.0	11.0	12.0
240.0	172.0	11.0	12.0
240.0	171.0	11.0	12.0
245.0	171.0	11.0	12.0
246.0	170.0	11.0	12.0
248.0	172.0	11.0	12.0
246.0	169.0	11.0	12.0
250.0	171.0	11.0	12.0
251.0	171.0	11.0	12.0
251.0	170.0	11.0	12.0
248.0	169.0	11.0	12.0
245.0	170.0	11.0	13.0
240.0	169.0	11.0	13.0
240.0	170.0	11.0	13.0
240.0	168.0	11.0	12.0
240.0	169.0	11.0	12.0
245.0	169.0	11.0	13.0
247.0	170.0	11.0	13.0
247.0	168.0	11.0	13.0
250.0	169.0	11.0	13.0
248.0	170.0	12.0	13.0
248.0	169.0	11.0	13.0
245.0	169.0	12.0	13.0
247.0	171.0	12.0	14.0
247.0	170.0	12.0	13.0
247.0	169.0	12.0	14.0
249.0	170.0	12.0	14.0
247.0	173.0	13.0	14.0
249.0	173.0	13.0	14.0
248.0	173.0	12.0	14.0
244.0	170.0	12.0	14.0
248.0	171.0	12.0	14.0
242.0	171.0	12.0	14.0
247.0	171.0	12.0	13.0
243.0	170.0	12.0	13.0
248.0	170.0	11.0	13.0
247.0	170.0	11.0	13.0
247.0	169.0	11.0	13.0
248.0	169.0	11.0	13.0
248.0	170.0	12.0	13.0
246.0	170.0	11.0	13.0
247.0	170.0	11.0	13.0
246.0	170.0	11.0	12.0
243.0	171.0	11.0	13.0
242.0	171.0	11.0	13.0
247.0	171.0	11.0	13.0
240.0	170.0	11.0	13.0
239.0	169.0	12.0	13.0
234.0	170.0	12.0	13.0
235.0	170.0	12.0	13.0
242.0	172.0	12.0	14.0
246.0	171.0	12.0	13.0
247.0	172.0	12.0	13.0
248.0	171.0	12.0	13.0
247.0	173.0	12.0	14.0
245.0	171.0	12.0	14.0
246.0	171.0	12.0	14.0
246.0	171.0	12.0	14.0
