154.0	46.0	9.0	19.0
154.0	46.0	9.0	19.0
154.0	46.0	9.0	19.0
154.0	45.0	9.0	19.0
154.0	45.0	9.0	19.0
154.0	45.0	9.0	18.0
153.0	45.0	9.0	18.0
153.0	45.0	9.0	18.0
153.0	45.0	9.0	18.0
153.0	45.0	9.0	18.0
153.0	46.0	9.0	18.0
153.0	45.0	9.0	18.0
153.0	45.0	9.0	18.0
152.0	45.0	9.0	18.0
152.0	44.0	10.0	16.0
152.0	44.0	9.0	17.0
152.0	44.0	10.0	18.0
151.0	44.0	10.0	18.0
151.0	45.0	10.0	17.0
152.0	45.0	10.0	17.0
151.0	44.0	11.0	18.0
152.0	45.0	10.0	17.0
150.0	44.0	9.0	18.0
151.0	45.0	9.0	18.0
150.0	43.0	9.0	19.0
150.0	44.0	9.0	18.0
150.0	44.0	9.0	19.0
150.0	43.0	9.0	20.0
148.0	42.0	10.0	19.0
149.0	42.0	10.0	18.0
149.0	43.0	10.0	19.0
149.0	42.0	10.0	19.0
149.0	42.0	10.0	20.0
149.0	42.0	10.0	19.0
149.0	42.0	10.0	19.0
149.0	42.0	10.0	19.0
149.0	42.0	9.0	19.0
149.0	42.0	9.0	19.0
149.0	42.0	9.0	19.0
149.0	42.0	10.0	19.0
148.0	41.0	10.0	19.0
147.0	39.0	13.0	20.0
149.0	42.0	10.0	18.0
149.0	41.0	10.0	19.0
148.0	41.0	10.0	19.0
148.0	40.0	10.0	19.0
148.0	40.0	10.0	19.0
148.0	41.0	10.0	19.0
148.0	41.0	10.0	19.0
148.0	40.0	10.0	19.0
148.0	41.0	10.0	19.0
148.0	40.0	10.0	19.0
148.0	41.0	10.0	19.0
148.0	40.0	10.0	19.0
147.0	40.0	10.0	19.0
147.0	40.0	10.0	19.0
147.0	39.0	10.0	19.0
147.0	39.0	10.0	19.0
146.0	40.0	10.0	20.0
146.0	39.0	10.0	20.0
144.0	38.0	14.0	21.0
146.0	39.0	11.0	20.0
145.0	38.0	11.0	21.0
145.0	38.0	12.0	21.0
145.0	38.0	11.0	20.0
145.0	38.0	11.0	20.0
144.0	37.0	12.0	21.0
144.0	37.0	12.0	22.0
144.0	37.0	13.0	22.0
144.0	37.0	12.0	22.0
144.0	38.0	12.0	21.0
144.0	38.0	11.0	21.0
144.0	38.0	12.0	21.0
143.0	37.0	11.0	20.0
142.0	37.0	11.0	20.0
142.0	37.0	12.0	21.0
142.0	37.0	12.0	21.0
142.0	36.0	11.0	21.0
141.0	36.0	11.0	21.0
142.0	36.0	11.0	21.0
142.0	36.0	11.0	21.0
141.0	37.0	11.0	20.0
141.0	37.0	11.0	20.0
141.0	36.0	11.0	21.0
141.0	36.0	12.0	21.0
141.0	36.0	11.0	21.0
141.0	36.0	11.0	21.0
140.0	36.0	11.0	20.0
140.0	36.0	11.0	20.0
140.0	36.0	11.0	20.0
140.0	36.0	11.0	21.0
139.0	36.0	11.0	20.0
139.0	37.0	10.0	19.0
138.0	36.0	10.0	20.0
139.0	36.0	10.0	20.0
138.0	35.0	11.0	20.0
138.0	36.0	10.0	20.0
138.0	35.0	11.0	20.0
138.0	36.0	11.0	19.0
138.0	35.0	11.0	19.0
137.0	35.0	11.0	20.0
137.0	35.0	11.0	19.0
137.0	35.0	12.0	19.0
136.0	35.0	11.0	20.0
136.0	35.0	11.0	19.0
136.0	35.0	11.0	19.0
135.0	35.0	11.0	19.0
135.0	34.0	11.0	19.0
136.0	35.0	11.0	19.0
136.0	34.0	11.0	19.0
135.0	34.0	11.0	19.0
135.0	34.0	12.0	20.0
135.0	34.0	12.0	20.0
135.0	33.0	11.0	20.0
135.0	32.0	12.0	20.0
135.0	33.0	11.0	19.0
134.0	32.0	11.0	19.0
134.0	33.0	12.0	20.0
134.0	33.0	12.0	20.0
134.0	32.0	12.0	20.0
133.0	31.0	12.0	20.0
133.0	32.0	12.0	20.0
133.0	31.0	11.0	20.0
133.0	31.0	11.0	20.0
133.0	31.0	11.0	20.0
134.0	31.0	11.0	20.0
133.0	32.0	11.0	20.0
133.0	32.0	12.0	20.0
133.0	32.0	11.0	20.0
133.0	31.0	11.0	19.0
133.0	31.0	11.0	20.0
132.0	31.0	11.0	19.0
132.0	31.0	11.0	20.0
132.0	30.0	11.0	20.0
132.0	30.0	11.0	20.0
132.0	30.0	11.0	20.0
132.0	30.0	11.0	20.0
132.0	30.0	11.0	20.0
132.0	31.0	11.0	20.0
131.0	30.0	11.0	20.0
131.0	30.0	10.0	20.0
131.0	30.0	10.0	20.0
132.0	30.0	10.0	19.0
131.0	29.0	10.0	20.0
131.0	30.0	10.0	20.0
131.0	30.0	10.0	19.0
131.0	30.0	10.0	20.0
131.0	30.0	10.0	21.0
131.0	29.0	10.0	21.0
131.0	28.0	10.0	20.0
131.0	29.0	10.0	20.0
131.0	29.0	10.0	20.0
131.0	28.0	10.0	20.0
131.0	28.0	11.0	21.0
131.0	28.0	10.0	20.0
131.0	27.0	10.0	20.0
131.0	28.0	10.0	20.0
131.0	28.0	10.0	20.0
130.0	27.0	10.0	21.0
130.0	26.0	10.0	21.0
130.0	26.0	10.0	21.0
130.0	26.0	11.0	21.0
130.0	27.0	10.0	21.0
129.0	26.0	10.0	21.0
129.0	26.0	10.0	21.0
129.0	26.0	10.0	21.0
129.0	26.0	10.0	21.0
129.0	26.0	10.0	21.0
128.0	26.0	10.0	21.0
128.0	27.0	10.0	21.0
128.0	26.0	10.0	21.0
128.0	26.0	11.0	20.0
127.0	27.0	10.0	20.0
127.0	27.0	11.0	21.0
127.0	27.0	11.0	20.0
127.0	27.0	11.0	21.0
127.0	27.0	11.0	20.0
127.0	27.0	11.0	20.0
127.0	26.0	11.0	21.0
127.0	26.0	11.0	21.0
126.0	26.0	11.0	21.0
126.0	26.0	11.0	21.0
127.0	26.0	11.0	20.0
127.0	26.0	10.0	20.0
126.0	26.0	11.0	21.0
126.0	26.0	11.0	21.0
127.0	26.0	11.0	21.0
127.0	25.0	11.0	20.0
127.0	25.0	11.0	20.0
127.0	26.0	10.0	20.0
126.0	25.0	10.0	20.0
127.0	25.0	11.0	20.0
127.0	26.0	11.0	20.0
127.0	25.0	10.0	20.0
127.0	25.0	10.0	20.0
127.0	25.0	11.0	21.0
127.0	24.0	11.0	21.0
127.0	25.0	11.0	21.0
127.0	25.0	11.0	21.0
127.0	25.0	11.0	22.0
127.0	24.0	11.0	21.0
126.0	24.0	11.0	20.0
126.0	24.0	11.0	21.0
126.0	24.0	11.0	21.0
126.0	24.0	11.0	21.0
126.0	24.0	10.0	20.0
126.0	24.0	11.0	20.0
126.0	24.0	11.0	21.0
126.0	24.0	11.0	21.0
126.0	24.0	11.0	20.0
126.0	23.0	11.0	21.0
126.0	23.0	11.0	22.0
126.0	22.0	11.0	20.0
126.0	23.0	11.0	20.0
126.0	23.0	10.0	20.0
126.0	23.0	10.0	20.0
126.0	23.0	10.0	20.0
126.0	22.0	11.0	21.0
125.0	22.0	10.0	21.0
126.0	21.0	10.0	21.0
125.0	22.0	10.0	21.0
126.0	22.0	11.0	22.0
125.0	22.0	11.0	21.0
126.0	22.0	10.0	21.0
125.0	22.0	10.0	21.0
125.0	22.0	11.0	21.0
125.0	22.0	11.0	21.0
126.0	22.0	11.0	21.0
125.0	22.0	11.0	21.0
125.0	22.0	11.0	21.0
125.0	22.0	11.0	21.0
125.0	22.0	11.0	21.0
125.0	21.0	11.0	22.0
125.0	21.0	11.0	22.0
125.0	22.0	11.0	22.0
125.0	21.0	11.0	22.0
125.0	22.0	11.0	21.0
125.0	22.0	11.0	21.0
125.0	22.0	11.0	21.0
124.0	22.0	11.0	21.0
124.0	22.0	11.0	21.0
125.0	22.0	11.0	21.0
124.0	22.0	11.0	22.0
124.0	23.0	11.0	21.0
124.0	22.0	11.0	21.0
124.0	22.0	11.0	21.0
123.0	20.0	14.0	21.0
124.0	22.0	11.0	21.0
124.0	22.0	11.0	21.0
124.0	21.0	11.0	22.0
124.0	22.0	11.0	21.0
124.0	22.0	11.0	21.0
124.0	22.0	11.0	21.0
124.0	22.0	10.0	21.0
124.0	21.0	10.0	21.0
124.0	22.0	10.0	21.0
124.0	21.0	10.0	20.0
125.0	22.0	11.0	21.0
124.0	22.0	11.0	21.0
124.0	21.0	11.0	21.0
124.0	21.0	11.0	21.0
124.0	21.0	11.0	21.0
124.0	21.0	11.0	21.0
124.0	21.0	11.0	22.0
123.0	21.0	11.0	21.0
124.0	21.0	11.0	22.0
124.0	22.0	11.0	22.0
124.0	21.0	11.0	23.0
124.0	21.0	11.0	22.0
123.0	20.0	11.0	23.0
123.0	20.0	12.0	23.0
123.0	20.0	12.0	23.0
123.0	20.0	12.0	24.0
123.0	20.0	12.0	24.0
123.0	20.0	12.0	24.0
123.0	20.0	12.0	25.0
123.0	20.0	12.0	25.0
123.0	21.0	13.0	25.0
123.0	20.0	13.0	25.0
123.0	20.0	13.0	25.0
123.0	21.0	13.0	25.0
122.0	21.0	13.0	25.0
123.0	21.0	13.0	24.0
123.0	21.0	13.0	24.0
123.0	21.0	13.0	23.0
123.0	21.0	13.0	23.0
124.0	21.0	12.0	23.0
124.0	21.0	12.0	23.0
123.0	21.0	12.0	24.0
124.0	20.0	12.0	24.0
124.0	21.0	11.0	23.0
124.0	21.0	12.0	23.0
123.0	22.0	12.0	23.0
124.0	21.0	12.0	24.0
124.0	22.0	12.0	23.0
124.0	21.0	12.0	24.0
124.0	21.0	12.0	25.0
125.0	20.0	12.0	25.0
123.0	21.0	12.0	24.0
124.0	21.0	12.0	24.0
124.0	21.0	12.0	24.0
123.0	22.0	12.0	24.0
124.0	21.0	12.0	24.0
124.0	21.0	13.0	24.0
126.0	20.0	12.0	23.0
125.0	20.0	12.0	24.0
125.0	20.0	12.0	24.0
124.0	21.0	13.0	25.0
125.0	21.0	12.0	25.0
127.0	20.0	11.0	23.0
125.0	20.0	12.0	25.0
126.0	20.0	11.0	23.0
124.0	20.0	12.0	25.0
127.0	20.0	11.0	23.0
127.0	19.0	10.0	22.0
127.0	19.0	10.0	22.0
125.0	20.0	11.0	23.0
126.0	20.0	10.0	22.0
127.0	19.0	10.0	20.0
127.0	20.0	10.0	20.0
127.0	20.0	10.0	20.0
127.0	20.0	10.0	20.0
127.0	20.0	10.0	19.0
128.0	19.0	9.0	20.0
127.0	19.0	9.0	19.0
127.0	20.0	10.0	20.0
127.0	19.0	9.0	20.0
127.0	20.0	10.0	21.0
127.0	19.0	10.0	21.0
127.0	19.0	10.0	21.0
127.0	20.0	10.0	21.0
126.0	20.0	10.0	23.0
127.0	20.0	10.0	22.0
126.0	19.0	10.0	21.0
127.0	19.0	10.0	21.0
128.0	19.0	10.0	21.0
127.0	18.0	10.0	21.0
128.0	19.0	9.0	20.0
128.0	19.0	9.0	20.0
128.0	19.0	10.0	21.0
127.0	19.0	11.0	22.0
127.0	19.0	11.0	21.0
127.0	19.0	11.0	22.0
127.0	19.0	11.0	21.0
127.0	20.0	11.0	23.0
129.0	19.0	10.0	22.0
125.0	21.0	12.0	24.0
126.0	21.0	11.0	23.0
125.0	21.0	12.0	23.0
125.0	21.0	12.0	23.0
127.0	20.0	12.0	23.0
128.0	20.0	12.0	24.0
126.0	21.0	12.0	24.0
127.0	21.0	12.0	24.0
128.0	20.0	12.0	23.0
126.0	20.0	13.0	23.0
128.0	19.0	12.0	23.0
127.0	20.0	12.0	24.0
131.0	19.0	12.0	22.0
126.0	21.0	12.0	23.0
128.0	18.0	15.0	24.0
129.0	20.0	12.0	22.0
129.0	20.0	12.0	22.0
129.0	20.0	12.0	22.0
133.0	21.0	11.0	23.0
132.0	21.0	11.0	23.0
131.0	21.0	12.0	22.0
132.0	21.0	11.0	22.0
131.0	21.0	11.0	22.0
132.0	22.0	11.0	21.0
132.0	22.0	12.0	22.0
131.0	21.0	12.0	22.0
130.0	20.0	12.0	23.0
131.0	20.0	12.0	24.0
132.0	21.0	12.0	23.0
133.0	21.0	12.0	23.0
132.0	21.0	12.0	23.0
132.0	20.0	12.0	23.0
132.0	20.0	12.0	22.0
134.0	22.0	11.0	22.0
133.0	21.0	11.0	22.0
133.0	20.0	12.0	23.0
133.0	20.0	11.0	22.0
133.0	21.0	11.0	21.0
133.0	22.0	11.0	22.0
134.0	21.0	11.0	22.0
134.0	21.0	11.0	22.0
134.0	21.0	11.0	22.0
134.0	22.0	11.0	21.0
133.0	21.0	11.0	22.0
133.0	21.0	11.0	22.0
134.0	22.0	11.0	22.0
133.0	22.0	11.0	22.0
133.0	21.0	11.0	22.0
134.0	22.0	11.0	22.0
134.0	22.0	11.0	21.0
134.0	22.0	11.0	21.0
133.0	22.0	11.0	22.0
134.0	22.0	10.0	20.0
134.0	22.0	10.0	21.0
133.0	21.0	11.0	21.0
134.0	22.0	10.0	20.0
134.0	22.0	10.0	21.0
134.0	21.0	11.0	21.0
134.0	21.0	10.0	21.0
134.0	22.0	10.0	21.0
134.0	21.0	10.0	21.0
134.0	21.0	10.0	21.0
134.0	21.0	10.0	21.0
134.0	21.0	10.0	21.0
133.0	20.0	11.0	22.0
134.0	21.0	11.0	21.0
134.0	21.0	10.0	21.0
134.0	22.0	10.0	21.0
134.0	22.0	10.0	21.0
134.0	22.0	10.0	21.0
135.0	22.0	10.0	20.0
134.0	22.0	10.0	20.0
134.0	22.0	10.0	20.0
134.0	22.0	10.0	19.0
134.0	22.0	10.0	20.0
134.0	22.0	10.0	20.0
134.0	22.0	11.0	21.0
134.0	22.0	10.0	20.0
134.0	22.0	10.0	20.0
134.0	22.0	10.0	20.0
134.0	22.0	10.0	20.0
134.0	22.0	10.0	20.0
134.0	22.0	10.0	20.0
134.0	22.0	10.0	20.0
134.0	22.0	10.0	21.0
134.0	22.0	10.0	20.0
134.0	22.0	10.0	20.0
134.0	22.0	10.0	21.0
134.0	22.0	10.0	21.0
134.0	22.0	10.0	20.0
134.0	22.0	10.0	20.0
134.0	22.0	10.0	20.0
134.0	23.0	10.0	20.0
134.0	23.0	10.0	19.0
135.0	23.0	9.0	19.0
135.0	23.0	9.0	19.0
135.0	23.0	9.0	19.0
135.0	23.0	9.0	19.0
135.0	23.0	10.0	19.0
135.0	22.0	9.0	19.0
135.0	22.0	9.0	19.0
135.0	23.0	9.0	19.0
135.0	22.0	9.0	19.0
134.0	22.0	10.0	20.0
135.0	22.0	9.0	20.0
135.0	22.0	10.0	21.0
135.0	22.0	9.0	20.0
135.0	22.0	9.0	20.0
135.0	22.0	10.0	20.0
135.0	22.0	10.0	20.0
135.0	22.0	9.0	20.0
135.0	22.0	10.0	20.0
135.0	22.0	10.0	21.0
135.0	22.0	10.0	20.0
135.0	22.0	10.0	21.0
134.0	22.0	10.0	20.0
134.0	22.0	10.0	21.0
134.0	22.0	10.0	20.0
134.0	22.0	10.0	20.0
135.0	22.0	10.0	20.0
134.0	21.0	10.0	20.0
135.0	22.0	10.0	20.0
134.0	22.0	10.0	21.0
134.0	21.0	10.0	21.0
129.0	21.0	14.0	21.0
134.0	22.0	10.0	22.0
134.0	21.0	10.0	22.0
133.0	21.0	11.0	22.0
133.0	21.0	11.0	22.0
134.0	22.0	11.0	22.0
134.0	22.0	10.0	21.0
134.0	22.0	10.0	21.0
133.0	21.0	11.0	21.0
133.0	21.0	11.0	21.0
135.0	23.0	10.0	20.0
134.0	22.0	11.0	21.0
134.0	22.0	11.0	21.0
133.0	21.0	11.0	22.0
134.0	21.0	12.0	22.0
134.0	22.0	11.0	21.0
133.0	21.0	12.0	22.0
134.0	22.0	11.0	21.0
133.0	21.0	11.0	21.0
134.0	21.0	11.0	22.0
133.0	21.0	11.0	21.0
133.0	21.0	12.0	22.0
134.0	21.0	11.0	21.0
133.0	21.0	12.0	22.0
133.0	21.0	12.0	22.0
133.0	21.0	12.0	22.0
133.0	21.0	12.0	22.0
132.0	20.0	12.0	22.0
132.0	21.0	12.0	23.0
132.0	21.0	12.0	22.0
133.0	21.0	11.0	21.0
133.0	20.0	11.0	22.0
133.0	20.0	11.0	21.0
133.0	21.0	11.0	21.0
133.0	20.0	11.0	22.0
133.0	20.0	11.0	22.0
132.0	20.0	12.0	22.0
133.0	20.0	12.0	22.0
133.0	20.0	11.0	22.0
132.0	20.0	12.0	23.0
132.0	20.0	12.0	23.0
132.0	20.0	12.0	23.0
128.0	19.0	12.0	23.0
131.0	21.0	12.0	23.0
133.0	21.0	12.0	22.0
132.0	20.0	13.0	23.0
133.0	20.0	12.0	22.0
134.0	21.0	12.0	22.0
134.0	21.0	11.0	22.0
134.0	21.0	11.0	22.0
134.0	21.0	11.0	22.0
130.0	20.0	16.0	25.0
133.0	21.0	12.0	23.0
134.0	20.0	11.0	22.0
134.0	21.0	12.0	22.0
134.0	21.0	11.0	22.0
133.0	21.0	12.0	22.0
134.0	21.0	11.0	22.0
134.0	21.0	12.0	22.0
133.0	20.0	12.0	22.0
135.0	21.0	11.0	22.0
133.0	20.0	12.0	22.0
132.0	20.0	12.0	22.0
133.0	20.0	12.0	21.0
133.0	21.0	12.0	22.0
134.0	20.0	12.0	22.0
133.0	20.0	12.0	22.0
133.0	20.0	12.0	22.0
133.0	20.0	13.0	23.0
132.0	20.0	12.0	22.0
134.0	20.0	12.0	21.0
133.0	20.0	12.0	21.0
134.0	20.0	12.0	21.0
132.0	20.0	12.0	22.0
133.0	20.0	12.0	21.0
132.0	19.0	12.0	22.0
133.0	20.0	12.0	21.0
133.0	20.0	12.0	22.0
133.0	19.0	12.0	22.0
133.0	20.0	12.0	21.0
133.0	20.0	12.0	22.0
132.0	19.0	12.0	22.0
133.0	20.0	12.0	22.0
134.0	20.0	12.0	22.0
133.0	20.0	12.0	22.0
133.0	21.0	12.0	22.0
134.0	21.0	12.0	22.0
134.0	21.0	12.0	22.0
135.0	22.0	12.0	23.0
135.0	22.0	12.0	22.0
135.0	23.0	12.0	22.0
135.0	23.0	12.0	23.0
135.0	22.0	12.0	22.0
135.0	22.0	12.0	22.0
136.0	23.0	12.0	23.0
134.0	20.0	12.0	22.0
133.0	20.0	16.0	24.0
133.0	19.0	12.0	23.0
134.0	19.0	12.0	23.0
133.0	17.0	13.0	23.0
133.0	18.0	13.0	24.0
133.0	18.0	12.0	22.0
132.0	17.0	13.0	23.0
133.0	16.0	12.0	22.0
132.0	17.0	12.0	22.0
133.0	18.0	12.0	22.0
132.0	17.0	13.0	22.0
134.0	19.0	12.0	22.0
133.0	19.0	13.0	22.0
133.0	19.0	13.0	23.0
134.0	20.0	12.0	22.0
134.0	19.0	13.0	22.0
136.0	22.0	12.0	22.0
134.0	19.0	13.0	23.0
136.0	21.0	12.0	23.0
136.0	23.0	13.0	23.0
136.0	22.0	12.0	22.0
136.0	23.0	12.0	23.0
137.0	22.0	12.0	22.0
137.0	22.0	12.0	22.0
137.0	21.0	12.0	22.0
137.0	22.0	12.0	22.0
137.0	22.0	12.0	22.0
138.0	21.0	12.0	22.0
137.0	22.0	12.0	22.0
138.0	22.0	12.0	22.0
137.0	21.0	13.0	23.0
137.0	20.0	13.0	23.0
137.0	20.0	13.0	23.0
137.0	20.0	14.0	24.0
139.0	20.0	14.0	24.0
139.0	21.0	14.0	24.0
138.0	21.0	13.0	23.0
139.0	22.0	13.0	24.0
139.0	23.0	13.0	25.0
136.0	18.0	18.0	28.0
138.0	21.0	13.0	24.0
138.0	22.0	13.0	24.0
138.0	22.0	13.0	24.0
138.0	22.0	12.0	23.0
137.0	23.0	12.0	23.0
137.0	22.0	13.0	24.0
137.0	23.0	12.0	23.0
137.0	23.0	12.0	23.0
138.0	23.0	13.0	23.0
138.0	22.0	12.0	23.0
139.0	23.0	12.0	22.0
138.0	23.0	12.0	22.0
138.0	23.0	12.0	21.0
136.0	22.0	12.0	21.0
139.0	23.0	11.0	22.0
138.0	23.0	11.0	21.0
138.0	23.0	11.0	21.0
139.0	23.0	12.0	22.0
139.0	23.0	12.0	22.0
139.0	24.0	11.0	21.0
139.0	24.0	11.0	21.0
138.0	23.0	11.0	21.0
138.0	23.0	11.0	21.0
138.0	22.0	12.0	21.0
138.0	23.0	11.0	20.0
139.0	23.0	11.0	21.0
136.0	22.0	15.0	24.0
139.0	23.0	11.0	20.0
139.0	23.0	11.0	20.0
139.0	24.0	11.0	20.0
138.0	23.0	11.0	20.0
138.0	24.0	11.0	20.0
138.0	23.0	11.0	21.0
138.0	23.0	11.0	21.0
138.0	23.0	11.0	21.0
138.0	23.0	11.0	20.0
137.0	23.0	12.0	21.0
138.0	23.0	11.0	20.0
137.0	23.0	12.0	21.0
138.0	23.0	12.0	21.0
138.0	23.0	11.0	20.0
138.0	23.0	11.0	20.0
138.0	24.0	11.0	20.0
138.0	23.0	11.0	20.0
138.0	23.0	11.0	20.0
138.0	23.0	11.0	20.0
138.0	23.0	11.0	21.0
138.0	23.0	11.0	20.0
137.0	23.0	11.0	21.0
138.0	23.0	11.0	20.0
137.0	23.0	11.0	21.0
138.0	23.0	11.0	21.0
137.0	23.0	11.0	21.0
138.0	24.0	11.0	21.0
138.0	23.0	11.0	20.0
137.0	24.0	11.0	20.0
137.0	23.0	12.0	21.0
137.0	23.0	12.0	21.0
137.0	23.0	12.0	21.0
137.0	23.0	12.0	21.0
137.0	23.0	12.0	21.0
138.0	24.0	11.0	21.0
137.0	23.0	12.0	21.0
138.0	23.0	12.0	21.0
137.0	24.0	12.0	21.0
137.0	23.0	11.0	21.0
137.0	23.0	12.0	22.0
136.0	22.0	12.0	22.0
137.0	24.0	11.0	21.0
138.0	23.0	11.0	21.0
137.0	23.0	12.0	22.0
138.0	23.0	12.0	22.0
138.0	24.0	11.0	21.0
137.0	23.0	11.0	22.0
137.0	23.0	12.0	23.0
138.0	23.0	12.0	22.0
138.0	23.0	12.0	22.0
137.0	22.0	12.0	23.0
138.0	23.0	12.0	22.0
138.0	23.0	12.0	22.0
139.0	23.0	12.0	22.0
138.0	23.0	12.0	22.0
138.0	23.0	12.0	21.0
138.0	23.0	12.0	21.0
139.0	23.0	12.0	21.0
138.0	23.0	12.0	22.0
138.0	23.0	12.0	21.0
139.0	23.0	12.0	22.0
139.0	23.0	12.0	21.0
139.0	23.0	12.0	21.0
139.0	23.0	11.0	21.0
139.0	22.0	12.0	21.0
139.0	23.0	11.0	21.0
139.0	23.0	11.0	21.0
138.0	23.0	11.0	20.0
138.0	23.0	11.0	20.0
138.0	23.0	11.0	20.0
139.0	24.0	11.0	20.0
139.0	24.0	11.0	20.0
138.0	23.0	11.0	20.0
138.0	23.0	11.0	20.0
139.0	23.0	11.0	20.0
139.0	24.0	10.0	19.0
139.0	23.0	11.0	20.0
140.0	24.0	10.0	19.0
140.0	23.0	10.0	20.0
139.0	24.0	10.0	20.0
138.0	23.0	11.0	21.0
139.0	23.0	10.0	20.0
139.0	24.0	10.0	20.0
140.0	24.0	10.0	19.0
139.0	24.0	10.0	19.0
140.0	24.0	10.0	19.0
140.0	24.0	10.0	20.0
140.0	25.0	10.0	20.0
140.0	24.0	10.0	20.0
139.0	24.0	10.0	20.0
139.0	23.0	10.0	20.0
138.0	22.0	14.0	22.0
139.0	22.0	11.0	21.0
140.0	23.0	11.0	20.0
139.0	22.0	11.0	21.0
139.0	23.0	11.0	20.0
139.0	23.0	11.0	20.0
139.0	23.0	12.0	21.0
139.0	23.0	11.0	21.0
139.0	23.0	11.0	21.0
139.0	23.0	11.0	20.0
140.0	24.0	11.0	20.0
139.0	24.0	11.0	20.0
140.0	24.0	11.0	20.0
140.0	24.0	11.0	19.0
140.0	24.0	11.0	20.0
139.0	23.0	11.0	20.0
138.0	23.0	11.0	20.0
138.0	22.0	12.0	20.0
138.0	22.0	12.0	21.0
138.0	23.0	11.0	20.0
138.0	23.0	12.0	21.0
138.0	22.0	12.0	21.0
138.0	23.0	12.0	21.0
138.0	23.0	12.0	21.0
139.0	23.0	12.0	21.0
138.0	22.0	12.0	21.0
138.0	22.0	12.0	21.0
137.0	22.0	12.0	21.0
138.0	22.0	12.0	21.0
139.0	23.0	12.0	21.0
138.0	23.0	11.0	21.0
139.0	22.0	11.0	22.0
138.0	23.0	11.0	21.0
139.0	23.0	11.0	20.0
138.0	23.0	13.0	21.0
141.0	24.0	10.0	19.0
141.0	24.0	10.0	19.0
139.0	23.0	10.0	20.0
141.0	24.0	10.0	19.0
139.0	24.0	13.0	20.0
141.0	25.0	10.0	19.0
141.0	24.0	10.0	19.0
141.0	24.0	11.0	20.0
141.0	25.0	11.0	20.0
141.0	25.0	11.0	19.0
140.0	24.0	13.0	20.0
142.0	25.0	11.0	20.0
143.0	25.0	11.0	19.0
143.0	25.0	11.0	20.0
142.0	25.0	11.0	20.0
142.0	25.0	11.0	19.0
140.0	24.0	13.0	20.0
143.0	26.0	11.0	19.0
142.0	27.0	11.0	19.0
142.0	26.0	10.0	18.0
142.0	26.0	11.0	18.0
141.0	26.0	11.0	19.0
142.0	26.0	10.0	18.0
142.0	27.0	10.0	19.0
142.0	27.0	11.0	19.0
143.0	26.0	11.0	20.0
142.0	26.0	11.0	19.0
140.0	25.0	13.0	21.0
142.0	26.0	10.0	19.0
141.0	27.0	11.0	20.0
139.0	26.0	11.0	19.0
141.0	27.0	10.0	18.0
140.0	27.0	11.0	19.0
140.0	27.0	11.0	19.0
140.0	27.0	11.0	20.0
138.0	26.0	11.0	20.0
139.0	27.0	11.0	20.0
137.0	26.0	11.0	19.0
137.0	26.0	11.0	19.0
136.0	27.0	10.0	18.0
135.0	27.0	11.0	19.0
135.0	27.0	10.0	18.0
134.0	27.0	10.0	18.0
134.0	28.0	10.0	18.0
134.0	27.0	11.0	18.0
133.0	27.0	11.0	18.0
131.0	26.0	13.0	21.0
132.0	27.0	11.0	19.0
131.0	26.0	11.0	19.0
132.0	25.0	11.0	20.0
130.0	26.0	11.0	20.0
127.0	25.0	14.0	22.0
127.0	27.0	11.0	22.0
127.0	27.0	11.0	21.0
125.0	26.0	11.0	20.0
126.0	27.0	11.0	20.0
126.0	27.0	10.0	20.0
124.0	26.0	10.0	21.0
125.0	28.0	10.0	19.0
124.0	28.0	10.0	19.0
122.0	26.0	10.0	20.0
122.0	28.0	10.0	19.0
121.0	28.0	10.0	19.0
119.0	26.0	10.0	20.0
118.0	28.0	12.0	19.0
118.0	26.0	10.0	20.0
119.0	28.0	10.0	19.0
117.0	24.0	10.0	20.0
118.0	27.0	10.0	20.0
117.0	27.0	10.0	19.0
116.0	26.0	9.0	19.0
115.0	27.0	10.0	19.0
114.0	27.0	10.0	19.0
114.0	27.0	10.0	19.0
113.0	27.0	10.0	19.0
112.0	27.0	10.0	19.0
111.0	27.0	10.0	19.0
111.0	28.0	10.0	19.0
110.0	27.0	10.0	18.0
110.0	27.0	10.0	19.0
110.0	29.0	10.0	19.0
109.0	29.0	9.0	18.0
109.0	28.0	9.0	18.0
108.0	28.0	9.0	19.0
107.0	28.0	9.0	19.0
107.0	27.0	10.0	19.0
106.0	27.0	9.0	19.0
105.0	28.0	10.0	19.0
104.0	26.0	10.0	19.0
104.0	28.0	10.0	19.0
104.0	28.0	10.0	18.0
102.0	27.0	10.0	18.0
102.0	26.0	10.0	18.0
102.0	26.0	10.0	18.0
100.0	26.0	10.0	18.0
100.0	25.0	10.0	18.0
100.0	25.0	10.0	20.0
99.0	26.0	9.0	20.0
99.0	27.0	9.0	20.0
98.0	26.0	10.0	20.0
99.0	27.0	9.0	19.0
98.0	25.0	10.0	20.0
97.0	26.0	10.0	19.0
96.0	26.0	9.0	19.0
95.0	26.0	10.0	20.0
94.0	25.0	10.0	19.0
94.0	26.0	10.0	19.0
94.0	25.0	10.0	19.0
93.0	25.0	10.0	20.0
92.0	24.0	10.0	20.0
92.0	24.0	10.0	20.0
91.0	25.0	10.0	20.0
90.0	25.0	10.0	20.0
91.0	25.0	10.0	19.0
90.0	24.0	10.0	20.0
90.0	25.0	11.0	21.0
88.0	23.0	10.0	20.0
88.0	24.0	11.0	20.0
88.0	23.0	11.0	21.0
88.0	24.0	11.0	21.0
88.0	23.0	10.0	21.0
87.0	23.0	10.0	20.0
88.0	23.0	10.0	21.0
87.0	24.0	10.0	21.0
86.0	23.0	10.0	22.0
86.0	23.0	10.0	22.0
86.0	24.0	10.0	21.0
85.0	24.0	10.0	21.0
85.0	25.0	9.0	20.0
85.0	24.0	9.0	21.0
84.0	25.0	9.0	20.0
83.0	25.0	9.0	20.0
82.0	24.0	9.0	19.0
82.0	24.0	9.0	18.0
82.0	25.0	9.0	18.0
79.0	24.0	10.0	19.0
81.0	24.0	9.0	19.0
80.0	25.0	9.0	19.0
80.0	25.0	9.0	19.0
80.0	25.0	9.0	18.0
79.0	25.0	9.0	19.0
78.0	25.0	10.0	19.0
78.0	26.0	10.0	18.0
77.0	25.0	10.0	19.0
77.0	26.0	10.0	19.0
76.0	25.0	10.0	19.0
75.0	25.0	10.0	19.0
75.0	26.0	10.0	19.0
74.0	26.0	10.0	19.0
73.0	25.0	10.0	20.0
73.0	26.0	10.0	19.0
72.0	25.0	10.0	19.0
72.0	25.0	10.0	19.0
72.0	26.0	10.0	20.0
71.0	24.0	10.0	19.0
70.0	24.0	10.0	20.0
70.0	25.0	10.0	20.0
70.0	25.0	10.0	20.0
70.0	26.0	10.0	19.0
69.0	26.0	9.0	19.0
68.0	25.0	10.0	20.0
67.0	25.0	11.0	20.0
68.0	26.0	11.0	20.0
66.0	25.0	10.0	20.0
66.0	25.0	10.0	19.0
66.0	25.0	10.0	20.0
66.0	25.0	10.0	20.0
66.0	25.0	10.0	21.0
65.0	26.0	10.0	21.0
64.0	26.0	10.0	21.0
64.0	26.0	10.0	21.0
64.0	27.0	10.0	20.0
64.0	26.0	10.0	20.0
63.0	26.0	10.0	19.0
62.0	25.0	10.0	20.0
62.0	27.0	10.0	20.0
62.0	25.0	10.0	19.0
62.0	26.0	10.0	20.0
62.0	26.0	10.0	19.0
61.0	25.0	10.0	19.0
61.0	26.0	10.0	19.0
61.0	27.0	10.0	19.0
61.0	27.0	10.0	19.0
60.0	26.0	10.0	19.0
59.0	26.0	10.0	19.0
60.0	27.0	10.0	19.0
60.0	27.0	10.0	18.0
60.0	28.0	10.0	18.0
59.0	27.0	10.0	18.0
59.0	27.0	10.0	18.0
58.0	27.0	10.0	19.0
59.0	28.0	10.0	19.0
58.0	27.0	10.0	19.0
58.0	28.0	10.0	20.0
58.0	28.0	10.0	19.0
57.0	28.0	10.0	20.0
57.0	27.0	10.0	20.0
57.0	27.0	10.0	20.0
56.0	28.0	11.0	21.0
55.0	27.0	11.0	21.0
56.0	27.0	11.0	20.0
55.0	27.0	10.0	20.0
55.0	28.0	11.0	20.0
55.0	28.0	10.0	20.0
55.0	28.0	10.0	20.0
55.0	28.0	10.0	20.0
55.0	28.0	10.0	20.0
55.0	27.0	11.0	21.0
55.0	28.0	10.0	20.0
55.0	28.0	10.0	20.0
54.0	28.0	10.0	19.0
55.0	28.0	10.0	19.0
54.0	28.0	10.0	19.0
54.0	28.0	10.0	19.0
54.0	28.0	10.0	19.0
54.0	28.0	10.0	20.0
54.0	28.0	10.0	19.0
55.0	28.0	10.0	19.0
53.0	28.0	12.0	19.0
54.0	27.0	10.0	20.0
55.0	28.0	10.0	20.0
55.0	28.0	10.0	20.0
54.0	28.0	10.0	20.0
55.0	28.0	10.0	20.0
55.0	28.0	10.0	19.0
55.0	28.0	11.0	20.0
55.0	28.0	11.0	20.0
55.0	29.0	10.0	19.0
55.0	28.0	10.0	20.0
55.0	29.0	10.0	20.0
55.0	29.0	10.0	20.0
55.0	28.0	11.0	20.0
55.0	28.0	11.0	20.0
54.0	27.0	11.0	20.0
54.0	28.0	11.0	20.0
55.0	28.0	11.0	21.0
54.0	28.0	11.0	21.0
54.0	28.0	11.0	21.0
54.0	28.0	12.0	21.0
54.0	27.0	12.0	21.0
54.0	27.0	12.0	21.0
54.0	29.0	11.0	20.0
54.0	28.0	11.0	20.0
54.0	29.0	10.0	20.0
55.0	29.0	10.0	20.0
55.0	29.0	11.0	20.0
55.0	29.0	10.0	19.0
54.0	30.0	11.0	19.0
55.0	30.0	11.0	20.0
54.0	30.0	11.0	20.0
55.0	30.0	11.0	19.0
55.0	30.0	11.0	19.0
54.0	32.0	11.0	20.0
54.0	32.0	11.0	19.0
54.0	33.0	11.0	19.0
54.0	33.0	10.0	19.0
53.0	32.0	12.0	19.0
54.0	33.0	10.0	19.0
54.0	34.0	10.0	19.0
54.0	34.0	10.0	19.0
55.0	34.0	10.0	19.0
55.0	33.0	10.0	19.0
55.0	34.0	10.0	19.0
55.0	34.0	10.0	19.0
55.0	34.0	10.0	19.0
55.0	34.0	10.0	19.0
55.0	34.0	10.0	19.0
55.0	33.0	10.0	19.0
54.0	34.0	10.0	19.0
54.0	34.0	10.0	20.0
54.0	34.0	10.0	19.0
54.0	33.0	11.0	20.0
55.0	33.0	11.0	19.0
55.0	33.0	11.0	20.0
54.0	32.0	11.0	19.0
54.0	33.0	11.0	20.0
54.0	32.0	11.0	20.0
54.0	32.0	11.0	20.0
54.0	32.0	11.0	20.0
54.0	32.0	11.0	20.0
55.0	32.0	11.0	21.0
54.0	32.0	11.0	20.0
55.0	31.0	11.0	19.0
55.0	31.0	11.0	20.0
54.0	31.0	11.0	20.0
54.0	30.0	11.0	20.0
54.0	30.0	11.0	20.0
54.0	30.0	11.0	21.0
54.0	30.0	11.0	21.0
54.0	30.0	12.0	21.0
55.0	29.0	11.0	20.0
54.0	30.0	11.0	22.0
54.0	29.0	11.0	21.0
54.0	30.0	11.0	21.0
54.0	30.0	11.0	21.0
55.0	30.0	11.0	20.0
54.0	30.0	11.0	21.0
54.0	30.0	11.0	21.0
54.0	30.0	11.0	21.0
54.0	30.0	11.0	21.0
54.0	29.0	11.0	22.0
54.0	30.0	11.0	20.0
53.0	30.0	11.0	21.0
54.0	31.0	11.0	20.0
54.0	30.0	11.0	20.0
54.0	29.0	11.0	20.0
54.0	31.0	11.0	20.0
54.0	31.0	11.0	20.0
53.0	30.0	11.0	21.0
53.0	30.0	11.0	21.0
54.0	30.0	12.0	21.0
53.0	31.0	12.0	21.0
53.0	31.0	12.0	22.0
53.0	30.0	12.0	22.0
53.0	30.0	12.0	22.0
53.0	30.0	12.0	21.0
53.0	30.0	12.0	22.0
53.0	30.0	12.0	22.0
54.0	30.0	12.0	21.0
54.0	31.0	11.0	21.0
53.0	30.0	12.0	21.0
53.0	30.0	12.0	22.0
54.0	30.0	12.0	21.0
53.0	30.0	11.0	21.0
52.0	30.0	11.0	20.0
53.0	30.0	11.0	21.0
53.0	30.0	11.0	20.0
53.0	31.0	11.0	20.0
54.0	30.0	11.0	20.0
54.0	30.0	11.0	21.0
54.0	30.0	11.0	21.0
54.0	30.0	11.0	20.0
53.0	30.0	11.0	20.0
53.0	30.0	11.0	20.0
53.0	30.0	12.0	21.0
54.0	30.0	11.0	21.0
53.0	29.0	11.0	21.0
54.0	30.0	11.0	21.0
54.0	30.0	11.0	20.0
54.0	30.0	12.0	22.0
54.0	30.0	11.0	21.0
54.0	30.0	11.0	21.0
54.0	30.0	11.0	21.0
55.0	30.0	12.0	21.0
54.0	30.0	11.0	21.0
55.0	30.0	11.0	21.0
55.0	29.0	11.0	21.0
55.0	30.0	12.0	22.0
55.0	30.0	11.0	21.0
55.0	30.0	12.0	21.0
56.0	30.0	12.0	20.0
56.0	29.0	12.0	20.0
56.0	29.0	12.0	21.0
57.0	28.0	11.0	20.0
58.0	29.0	11.0	20.0
58.0	28.0	10.0	19.0
59.0	30.0	10.0	19.0
59.0	29.0	10.0	19.0
60.0	29.0	11.0	19.0
60.0	29.0	11.0	20.0
61.0	29.0	10.0	19.0
61.0	29.0	10.0	20.0
62.0	30.0	10.0	19.0
63.0	29.0	10.0	19.0
63.0	29.0	10.0	20.0
64.0	28.0	10.0	20.0
64.0	28.0	10.0	19.0
64.0	27.0	11.0	20.0
65.0	27.0	11.0	20.0
66.0	28.0	11.0	20.0
67.0	27.0	11.0	21.0
67.0	27.0	11.0	21.0
68.0	27.0	11.0	20.0
68.0	27.0	11.0	20.0
69.0	28.0	11.0	20.0
70.0	27.0	11.0	22.0
71.0	26.0	11.0	21.0
71.0	26.0	11.0	22.0
72.0	26.0	11.0	21.0
71.0	24.0	13.0	21.0
73.0	26.0	11.0	20.0
73.0	25.0	11.0	22.0
73.0	24.0	10.0	21.0
74.0	25.0	10.0	21.0
75.0	25.0	10.0	20.0
75.0	26.0	11.0	20.0
77.0	25.0	11.0	20.0
78.0	25.0	11.0	20.0
78.0	26.0	11.0	20.0
78.0	25.0	11.0	21.0
79.0	24.0	11.0	21.0
80.0	24.0	11.0	21.0
81.0	24.0	11.0	22.0
82.0	24.0	11.0	21.0
82.0	24.0	11.0	21.0
82.0	24.0	11.0	22.0
83.0	24.0	10.0	22.0
84.0	24.0	11.0	21.0
84.0	26.0	11.0	20.0
84.0	25.0	11.0	21.0
85.0	24.0	12.0	22.0
86.0	24.0	11.0	22.0
86.0	24.0	11.0	22.0
87.0	24.0	11.0	22.0
87.0	23.0	12.0	22.0
88.0	23.0	11.0	22.0
88.0	21.0	12.0	24.0
89.0	23.0	11.0	24.0
90.0	23.0	11.0	22.0
90.0	23.0	11.0	22.0
91.0	23.0	11.0	23.0
91.0	23.0	11.0	22.0
92.0	23.0	12.0	23.0
93.0	23.0	12.0	22.0
94.0	22.0	11.0	22.0
94.0	23.0	12.0	23.0
95.0	22.0	12.0	24.0
95.0	22.0	11.0	23.0
97.0	23.0	11.0	23.0
97.0	23.0	11.0	22.0
99.0	24.0	10.0	21.0
99.0	23.0	10.0	21.0
100.0	22.0	11.0	23.0
100.0	22.0	10.0	22.0
101.0	22.0	10.0	23.0
102.0	22.0	11.0	23.0
102.0	22.0	11.0	23.0
102.0	22.0	11.0	22.0
103.0	22.0	11.0	23.0
104.0	21.0	11.0	23.0
104.0	21.0	11.0	23.0
104.0	22.0	11.0	23.0
105.0	22.0	12.0	24.0
106.0	21.0	11.0	23.0
106.0	21.0	12.0	23.0
108.0	23.0	11.0	22.0
107.0	22.0	11.0	23.0
106.0	19.0	16.0	24.0
108.0	21.0	11.0	23.0
109.0	21.0	11.0	24.0
109.0	21.0	11.0	24.0
110.0	21.0	11.0	23.0
110.0	21.0	12.0	24.0
111.0	21.0	11.0	24.0
111.0	21.0	12.0	23.0
112.0	21.0	11.0	24.0
112.0	21.0	11.0	25.0
113.0	22.0	12.0	25.0
114.0	22.0	11.0	24.0
114.0	21.0	12.0	25.0
