54	19	85	92	
54	19	85	92	
54	19	85	92	
55	20	83	90	
56	20	83	90	
57	21	81	88	
57	20	81	88	
57	21	80	86	
58	21	80	86	
60	22	78	84	
60	22	78	84	
61	23	76	83	
62	23	76	83	
62	23	76	83	
63	24	75	81	
63	24	75	81	
65	24	73	80	
65	25	73	80	
65	26	72	78	
67	26	71	76	
67	27	71	76	
66	27	72	78	
67	27	71	76	
67	28	71	76	
67	28	71	76	
68	29	69	75	
68	30	68	73	
69	30	68	73	
69	30	67	72	
69	31	67	72	
69	31	67	72	
69	31	67	72	
71	32	65	71	
70	33	65	71	
71	33	65	71	
70	34	64	69	
72	34	63	68	
71	35	63	68	
72	35	63	68	
71	35	63	68	
72	36	61	67	
72	37	61	67	
72	37	61	67	
72	38	60	65	
72	39	60	65	
72	39	60	65	
72	39	60	65	
72	39	60	65	
73	40	59	64	
72	40	59	64	
73	40	59	64	
72	41	58	63	
72	42	58	63	
72	43	57	61	
72	43	57	61	
72	43	57	61	
72	44	57	61	
72	44	57	61	
71	44	56	60	
72	45	56	60	
73	46	54	59	
72	46	54	59	
72	46	54	59	
72	47	54	59	
71	47	54	59	
72	47	53	58	
71	47	53	58	
71	47	53	58	
70	48	52	57	
71	48	52	57	
71	49	52	57	
70	49	52	57	
70	49	52	57	
69	49	52	57	
70	49	51	56	
69	50	51	56	
69	50	51	56	
69	50	51	56	
68	51	50	54	
69	51	50	54	
68	51	50	54	
67	51	50	54	
67	51	50	54	
67	52	50	54	
67	52	49	53	
66	52	49	53	
66	52	49	53	
66	52	49	53	
65	52	49	53	
66	52	48	52	
65	53	48	52	
66	53	48	52	
65	53	48	52	
65	54	47	51	
64	53	47	51	
64	54	47	51	
64	53	46	50	
64	54	46	50	
64	54	46	50	
63	55	46	49	
64	54	45	48	
63	55	45	48	
63	55	45	48	
62	55	45	48	
62	55	45	48	
62	55	45	48	
61	55	45	48	
61	55	45	48	
61	55	45	48	
60	55	45	48	
61	55	45	48	
60	56	44	47	
61	55	43	46	
60	56	43	46	
61	56	43	46	
60	56	43	46	
59	56	43	46	
59	56	43	46	
59	56	43	46	
58	56	43	46	
59	56	43	46	
58	56	43	46	
57	56	43	46	
57	56	43	46	
57	56	42	46	
56	56	42	46	
57	57	41	45	
57	57	41	45	
57	57	41	45	
56	57	41	45	
56	57	41	45	
56	57	41	45	
56	57	41	45	
55	57	41	45	
55	57	41	45	
55	57	41	45	
55	57	40	44	
55	57	40	44	
55	57	40	44	
54	57	40	44	
54	57	40	44	
54	58	40	43	
54	58	40	43	
54	58	40	43	
53	58	40	43	
53	58	40	43	
53	58	40	43	
53	58	40	43	
53	58	40	43	
53	58	40	43	
52	58	40	43	
52	58	40	43	
52	58	40	43	
52	58	40	43	
52	58	39	42	
52	58	39	42	
51	58	39	42	
51	58	39	42	
51	58	39	42	
51	58	39	42	
51	58	39	42	
50	59	38	41	
50	59	38	41	
50	59	38	41	
50	59	38	41	
49	59	38	41	
49	59	38	41	
49	59	38	41	
49	59	38	41	
49	59	38	41	
49	59	37	40	
49	59	37	40	
49	59	37	40	
49	59	37	40	
49	59	37	40	
48	59	37	40	
48	59	37	40	
48	59	37	40	
48	59	37	40	
48	59	37	40	
48	59	37	40	
48	59	37	40	
47	59	37	40	
47	59	37	40	
47	59	37	40	
47	59	37	40	
46	59	37	40	
46	59	37	40	
46	59	37	40	
46	59	37	40	
46	59	37	40	
46	59	37	40	
45	59	37	40	
45	59	37	40	
45	59	37	40	
45	59	37	40	
45	59	37	40	
45	59	37	40	
44	60	36	39	
44	60	36	39	
44	60	36	39	
44	60	36	39	
44	60	36	39	
44	60	36	39	
44	60	36	39	
44	60	36	39	
44	60	36	39	
43	60	36	39	
43	60	36	39	
43	60	36	39	
43	60	36	39	
43	60	36	39	
43	60	36	39	
42	60	36	39	
42	60	36	39	
43	59	35	38	
43	60	34	37	
43	60	34	37	
43	60	34	37	
43	60	34	37	
42	60	34	37	
42	61	34	37	
42	61	34	37	
42	61	34	37	
42	61	34	37	
42	61	34	37	
42	61	34	37	
41	61	34	37	
41	61	34	37	
41	61	34	37	
41	61	34	37	
41	61	34	37	
41	61	34	37	
41	61	34	37	
41	61	34	37	
40	61	34	37	
40	61	34	37	
40	61	34	37	
40	61	34	37	
40	61	34	37	
40	61	34	37	
40	61	34	37	
40	61	34	37	
40	61	34	37	
40	61	34	37	
40	61	34	37	
40	61	34	37	
40	61	34	37	
40	61	34	37	
40	61	34	37	
40	61	34	37	
40	61	34	37	
40	61	34	37	
40	61	34	37	
40	61	34	37	
40	61	34	37	
40	61	34	37	
40	61	34	37	
39	61	34	37	
39	61	34	37	
39	61	34	37	
39	61	34	37	
39	61	34	37	
39	61	34	37	
39	61	34	37	
39	61	34	37	
39	61	34	37	
39	61	34	37	
39	61	34	37	
39	61	34	37	
39	61	34	37	
39	61	34	37	
39	61	34	37	
39	61	34	37	
39	61	34	37	
39	61	34	37	
39	61	34	37	
39	61	34	37	
39	61	34	37	
39	61	34	37	
39	61	34	37	
39	61	34	37	
39	61	34	37	
39	61	34	37	
39	61	34	37	
39	61	34	37	
39	61	34	37	
39	61	34	37	
39	61	34	37	
39	61	34	37	
39	61	34	37	
39	61	34	37	
39	61	34	37	
39	61	34	37	
39	61	34	37	
39	61	34	37	
39	61	34	37	
38	61	34	37	
38	61	34	37	
38	61	34	37	
38	61	34	37	
38	61	34	37	
38	61	34	37	
38	61	34	37	
38	61	34	37	
38	61	34	37	
38	61	34	37	
38	61	34	37	
38	61	34	37	
38	61	34	37	
38	61	34	37	
38	61	34	37	
38	61	34	37	
37	61	34	37	
37	61	34	37	
37	61	34	37	
37	61	34	37	
37	61	34	37	
37	61	34	37	
37	61	34	37	
37	61	34	37	
37	61	34	37	
37	61	34	37	
37	61	34	37	
36	61	34	37	
36	61	34	37	
