120.0	36.0	103.0	108.0	
124.562679348	27.2207931842	96.9559864295	113.473766075	
127.715575562	26.3772716434	92.2966757431	117.076681256	
129.672376589	23.9801699753	88.4673263351	119.646873254	
130.748043641	22.7331653764	85.9554982957	120.899508009	
132.354911378	22.5418172771	83.2502031611	121.496352722	
132.364666805	24.0281758064	79.0448705464	121.550858405	
132.846428261	24.048245457	75.4937529121	120.781406455	
133.463859897	27.719105496	72.9158503188	119.275375985	
135.093710679	27.2932835176	70.4899263852	118.478285184	
136.356080565	28.1381683419	68.4530638658	117.870776899	
137.726946677	27.2812663897	66.5591376973	117.925906218	
138.574861288	28.189442345	65.4411314989	117.586196452	
139.245242221	28.3809637438	64.3706139698	117.537338949	
140.337953093	29.201528567	63.7261789119	116.884812038	
140.948308118	27.9104576539	62.6521095816	117.308270905	
141.405925122	28.0732072093	62.1675437622	117.014030375	
141.096358399	29.647846938	62.1268541231	116.237753976	
141.053851723	28.9646734807	61.7396976446	116.364240516	
141.636848581	29.3130737596	61.711636493	116.178869314	
141.586543356	29.9832504808	61.8082875975	115.938875902	
141.656410562	29.1496446298	61.8102877612	116.434278359	
140.773964651	29.9076926389	62.1845512092	116.067164418	
140.988309135	30.0672908492	62.5972964662	116.470700609	
140.176852585	30.2048535241	63.2365196428	116.565027305	
139.641174697	31.0315033928	63.2468618713	117.07550252	
139.304746409	30.7977657048	63.5908993881	117.881906309	
139.092351152	31.4540229096	63.7804229414	118.635188306	
140.688026187	31.8005965061	63.5443069452	120.311535715	
140.321338739	31.3272368579	63.504137509	121.075236768	
139.238947148	30.6711586299	63.4641373314	122.111842539	
140.38884034	29.2698096184	63.0254079156	124.073350585	
139.063839307	28.2410972671	63.1205955161	124.783694824	
139.380411206	27.4626021517	63.5310430138	125.569522965	
139.085648952	25.5612650249	63.939247378	126.21890391	
138.999066401	23.1906139447	64.2961704776	127.167324085	
138.80190006	21.8879929454	64.4938399493	126.950812661	
138.480761299	21.3482052277	64.5541595683	126.527647182	
137.85738258	19.4455592202	64.8118808594	125.898571131	
137.212152952	19.387736737	65.0002409713	124.973687854	
137.267553049	18.3234490344	64.8429381123	124.961444486	
138.074959759	17.175489802	64.4035248361	124.928621689	
138.317569784	14.3999991366	63.7163008565	124.993003906	
137.148262977	15.7265948102	63.425716776	123.811226285	
134.826150087	13.8747500587	63.933443809	123.519686682	
134.786981651	14.6201526608	64.1372733998	123.145421692	
132.631618508	14.4613188354	64.7744048295	122.482688636	
132.72114357	13.480126387	64.9355500521	122.94909456	
132.541398822	14.0720717512	65.1885065826	122.769657954	
132.35197906	14.5492993991	65.0592327661	122.820064801	
131.859016452	13.6557481129	65.070484756	122.514893611	
130.784234858	16.5286763728	65.44655903	121.980327859	
131.562556898	13.905189342	65.4353132461	123.373798274	
132.033330918	13.4407414607	65.566011903	123.7704738	
131.969260413	14.1410014263	65.6558907757	123.53330406	
132.180556604	13.5473435404	66.0025522815	123.622701237	
132.303956862	14.3520273402	66.0424892212	123.450286193	
133.060539997	12.8963775314	66.3236089656	124.125708688	
133.535359489	14.948255283	66.5934624182	123.484326782	
134.894648875	12.095593907	66.5941602179	124.452639101	
136.029949459	13.8633748887	66.842447781	124.001572671	
137.015271377	12.6230096638	66.9010193304	124.173485342	
137.82098335	12.4249570844	66.6016147365	124.479671458	
138.001716474	11.8205591491	66.2726956066	124.812461761	
138.31002807	13.4683233139	66.1771450597	124.282775384	
138.231956732	12.852275189	65.8144107515	124.305769896	
138.48356811	13.4805415351	65.5861008815	123.871435522	
138.106563856	13.0316347877	65.4682076943	124.032638461	
138.133819304	13.4780149286	65.8569056891	123.59548654	
137.833118545	14.4591447998	65.8060944553	123.421255576	
137.780824083	14.5445941899	66.7953736174	123.130591502	
137.946950724	16.2383078731	67.2023710585	123.330610235	
138.707336173	16.5522933399	67.2439980967	123.652392918	
139.99628194	16.5413343395	67.199030378	123.986439644	
141.154640687	15.8546101695	66.7309251099	124.748279488	
142.881388795	16.1791750886	66.1974813318	124.991062595	
144.215004869	17.1213874641	65.7931003777	124.623642655	
145.610348355	18.8750853939	65.118761675	124.026676891	
147.879953161	18.5401673061	64.4395112788	124.191244223	
148.737261944	21.1029809634	64.3196922373	123.020523535	
150.419466247	21.3607867913	64.5424136404	122.506659541	
151.849625596	21.5373531575	64.0764031995	122.64591712	
153.341396435	23.8086423305	64.2967158864	122.289171323	
153.079899917	24.101606655	64.7300444318	122.390322809	
154.041381544	25.5200867123	64.9970868189	122.567616224	
153.453802056	26.4644540449	64.7119947109	123.634720046	
153.548080345	26.3321905332	64.4966821797	124.605091109	
152.531582952	25.614471229	64.3551635882	124.867147144	
152.405074603	25.7312671699	64.7564422994	125.091309563	
151.669044163	25.5279792618	65.1224005241	125.761899096	
152.687183267	23.9934409895	65.484183892	126.415369157	
153.662950748	24.504362684	65.0712600273	126.474248646	
153.815664545	25.2593025059	64.6246327245	126.096708505	
154.486269341	23.5218370355	63.9451406586	126.445932007	
155.410815127	24.1669961569	64.0633098214	126.231449525	
155.896253162	24.9199321174	63.9608467996	126.053150101	
156.024900535	25.2471919594	64.117200248	125.706936281	
156.015062493	23.5078322872	63.482908992	126.184928319	
156.784564003	24.4043237095	63.8697744687	125.838973833	
157.018404926	24.6373473167	64.0663736998	125.173325684	
156.642122074	24.6702371792	63.9846947022	125.194402677	
156.29238106	24.5110175573	64.197290288	125.117695796	
156.278746405	24.8030901121	64.3860368635	125.178667603	
155.850710873	24.5082218066	64.2223480212	125.362464449	
155.765353459	24.9757370523	64.1226884359	125.224731208	
155.658956313	24.202131955	63.5482653285	125.760571594	
156.900336173	24.2470706241	63.1884215329	126.37476617	
156.944889275	22.6756085551	62.4471329589	127.649874268	
158.720757066	20.6748256273	61.0866917376	128.393984091	
156.967736769	23.239454851	60.7666925824	128.211109818	
150.342854195	24.3963801382	62.5885146197	126.365114196	
142.85606116	26.2661025791	64.4891593277	124.962339875	
137.116395486	27.4137924301	67.7358474394	124.5561369	
134.556964	28.0164879393	70.7724343927	123.428838065	
121.896865267	25.2983905968	73.3878179608	123.386946415	
118.268512254	25.6940006554	75.2497689575	123.859553281	
114.894921261	23.1730415518	77.9675164945	124.07566481	
113.527510825	21.1850645189	79.7440071764	126.24322075	
114.027342862	21.4801237209	82.0755093778	126.905749379	
114.318565697	21.5107399576	84.9975297539	126.00503311	
118.10957939	21.1419205977	85.9852282411	125.723295771	
121.94713163	20.7559139502	85.2930256311	125.511345846	
127.312673633	19.9285878599	83.0489034924	124.188681756	
128.677337235	19.2361280374	81.4491937589	122.609450879	
129.160418426	20.9379188507	80.5676633269	120.113775816	
129.40679097	21.5562131974	80.1967714976	118.196694476	
128.016297502	23.5178694483	79.5546889913	116.248831579	
129.08580523	22.7921749726	79.1051977795	115.891231962	
129.73923082	24.8284270705	78.7938915852	115.176816428	
129.492034105	24.6770590488	78.2516126031	114.317754713	
130.332267697	23.0175324627	78.3833540918	113.537093784	
131.116744047	25.4478522043	78.9121703852	111.162807489	
130.228927196	24.5970950165	79.5685936483	108.645164424	
129.576282726	24.6369841781	79.2913028106	107.254697468	
129.01100753	25.0362041603	79.2633607108	105.736418986	
129.810327019	25.5915356962	78.465931637	104.759292889	
131.393169712	26.5607460096	77.5031904615	104.339949018	
130.81619837	28.0552561558	77.4143423646	104.236455864	
131.086569974	29.0570358747	77.4681816906	103.818306503	
130.997151901	29.5988411291	77.4222698687	103.933708426	
131.500826669	27.5012187666	76.8910968549	105.088686569	
132.505645777	27.0369721296	76.7871079708	105.962903095	
133.683840945	25.2867896209	76.9726849757	106.054134492	
132.51755106	26.0174220235	78.7838104024	104.907785787	
132.475930618	26.3263778105	80.9524353046	103.360431424	
130.046129146	27.1789840878	83.5702415274	101.80304112	
128.983624724	27.4004219879	85.389067688	100.451460207	
126.26124365	27.7892715065	87.2929973513	99.8912593309	
126.569175894	29.4087293945	88.4885019266	99.2771819012	
125.887742977	29.6798805381	89.3648090996	98.7372352682	
126.291814078	29.6057256828	89.7795896155	98.116288309	
126.262542629	29.3049120671	90.1789136674	98.1267331153	
125.479858185	28.9748418854	90.1976355694	98.2388202393	
125.305510752	29.4898014546	90.3265247104	98.1961296218	
125.57867068	30.3137366085	90.5048569923	98.2390279609	
125.624723087	30.7280449191	90.7350743115	98.4898064428	
126.554651206	30.1036477882	90.7395600947	98.8191732663	
125.774188119	29.573507289	90.5836519846	98.4491592671	
125.820633412	29.4733743557	90.3856852438	98.8743721495	
125.007949767	29.7780627673	90.4371334362	99.1719754377	
126.036672053	30.1327357526	90.3380639726	98.9690282772	
126.174968177	29.7341933531	90.1550182089	99.1255697609	
128.163846841	29.5129099441	89.2120545384	99.4736465487	
129.060786563	30.7690108842	88.9469156174	99.1844275944	
129.570045397	31.0203182179	89.3043534544	98.871779614	
130.484650989	31.7224898143	88.9063624271	98.3964465813	
133.572317823	32.2654784504	87.8021454937	98.6238595501	
136.197183627	31.4501640494	85.5729728574	99.2751223994	
139.664500562	33.0412714366	83.1258703007	98.9621569063	
139.103812587	34.7989105882	82.8011831714	97.5392658853	
135.441464706	34.5469887032	83.8814395092	97.4161681685	
137.549259131	31.4649125149	81.3367707522	99.5573012977	
142.270183773	26.5572611362	79.7594198489	103.355625927	
149.112418873	22.2999505829	78.8445287375	107.235773282	
152.069604973	20.8639348387	78.8391914665	109.750920744	
161.974930519	16.2158071244	78.8332005151	113.056245352	
166.819124891	14.5816518047	79.2348007349	113.875692832	
173.049783213	12.0686130761	79.2999120066	113.513034964	
178.168527355	10.711524559	78.3221301879	112.973429549	
179.367945001	9.88924125271	78.5507932752	109.738507651	
180.395729172	9.7602562691	78.0359583471	106.409851801	
183.277889687	10.2572180244	76.8333493716	105.371479467	
182.868315378	11.5537251505	76.8088612572	103.718369265	
182.68430401	13.6835757154	77.2350613631	102.705590088	
