209	65	37	46	
208.88674932169053	62.78782280824575	36.22650135661896	46.81402612299657	
209.2557555644397	61.58472289813364	35.48848887112055	47.915161072495366	
209.4936048202675	60.44550056666697	35.012790359464965	48.883812192855785	
208.97693068890558	60.22327254959572	34.72945451347692	49.3282682269983	
209.14989373388764	60.804799179311935	34.3835284235128	49.48395811628997	
209.1581525483663	60.79298015647274	34.36701079455547	49.50759616196837	
209.19709258901207	60.81796099168534	34.289130713263944	49.45763449154317	
209.15848691092324	60.02376481113643	34.3663420694416	49.73259950331422	
209.14333046524405	59.937346060219014	34.396654960800014	49.905437005149054	
209.1307508500558	59.930377797311365	34.421814191176495	49.91937353096434	
209.1819690868574	59.949431938023984	34.31937771757326	49.88126524953911	
209.11477113758264	59.94616719805802	34.45377361612279	49.88779472947104	
209.68942416774172	59.85621776753132	34.62710982706802	50.06769359052444	
209.5606452823737	59.79165549270514	34.884667597804025	50.1968181401768	
209.4874376250938	59.72227235815947	35.031082912363836	50.33558440926814	
209.52196068202468	59.764698089051315	34.96203679850208	50.25073294748445	
209.48973029389543	60.3890631062466	35.0264975747606	50.33852565140403	
209.4360103508447	60.53207901222199	35.13393746086207	50.05249383945325	
209.50666741713104	60.5725682740935	34.99262332828937	49.97151531571023	
209.60525168582814	60.61066899106063	34.79545479089515	49.89531388177598	
209.70131863093687	59.84679147697458	34.603320900677694	50.09466622433665	
210.54681921281897	59.66853069764128	34.240557071046204	50.45118778300325	
211.11845828275355	59.59615802590767	34.42488520240693	50.59593312647046	
212.2815571750883	60.44201844898039	34.76437171121709	50.23705442706486	
214.0166987819125	60.64842790351519	35.293236624708165	49.82423551799526	
213.62202892515108	61.443407269596605	36.08257633823102	49.569817245575905	
213.22704510020085	61.52348876921045	36.8725439881315	49.40965424634821	
213.02272997032975	61.59552345413248	37.281174247873736	49.26558487650415	
212.85446276670748	61.45532285893513	37.61770865511823	49.54598606689885	
212.85334442939669	60.63519155835172	37.61994532973983	49.81680916409065	
211.9290595367509	59.603864319635186	36.721308115633235	50.50586014182464	
212.26831343002016	59.31710490525818	36.04280032909474	51.07937897057865	
211.90491271008253	59.10863516365066	35.40271713567155	51.496318453793684	
212.09009006102173	59.00499281963693	35.032362433793146	51.70360314182115	
212.30557356349846	58.84053686205274	34.601395428839666	52.03251505698954	
212.42013183375664	58.727014174335984	34.37227888832329	52.259560432423044	
212.34644401625226	58.7678992173115	34.51965452333207	52.17779034647201	
212.56520898662131	58.569594909379454	34.082124582593956	52.574398962336105	
213.4170328218209	58.41104347770939	33.735356222668955	52.89150182567623	
213.40761754191658	57.48827092225074	33.75418678247757	53.381208821380355	
213.58490211234664	57.27504104019248	33.39961764161744	53.807668585496884	
213.6683314306344	57.139192089681885	33.232759005041956	54.079366486518076	
213.70034346300838	57.041460290671786	33.16873494029397	54.274830084538266	
213.69734677870025	56.902473203390585	33.174728308910204	54.55280425910067	
214.45937643563755	56.94836177175144	33.021911548760706	54.46102712237895	
215.27679721972893	56.20097076934246	32.75437241149858	54.588506696276276	
215.3151136266886	56.10195709484003	32.67773959757924	54.786534045281144	
215.28841899710187	55.95339118894839	32.73112885675275	55.083665857064425	
215.28249110320337	55.89059982505363	32.742984644549715	55.209248584853945	
215.37124561897502	55.88593852906719	32.565475613006434	55.21857117682683	
215.429838939998	55.88207362560575	32.44828897096043	55.22630098374971	
215.51304199652373	55.96664022090324	32.281882857909004	55.05716779315473	
215.42950104447164	55.932021287628004	32.44896476201322	55.126405659705206	
215.43808278565794	55.71710128504647	32.43180127964057	55.55624566486827	
215.46814846925318	55.75732280896	32.371669912450095	55.47580261704121	
215.44645651675825	55.80531107607999	32.41505381743995	55.37982608280122	
215.45798441487696	55.838204732185986	32.391998021202554	55.314038770589235	
215.38598215974525	55.86000533781797	32.53600253146596	55.27043755932528	
215.37829669651725	55.901928723485895	32.551373457921976	55.18659078798941	
215.26205821439268	55.93451855490126	32.78385042217109	55.12141112515869	
215.1438664567728	55.832759974728745	33.02023393741087	55.32492828550372	
215.04899399508207	55.85918856927677	33.20997886079231	55.27207109640767	
214.150146795561	55.907379482977696	33.625126211432786	55.175689269005815	
213.37431216800636	55.95237559601841	33.78869084804809	55.08569704292438	
212.65271377621767	55.91983262500357	33.842373371070714	55.15078298495406	
210.52756893149828	55.912198613700895	33.9185009845108	55.16605100755942	
209.85245937921044	55.97821122794659	33.87582537062125	55.03402577906803	
208.48926721690782	55.99808922529707	33.82179329159253	54.99426978436706	
207.139527007479	55.93874028856502	33.74385940012431	55.11296765783116	
205.82384155717543	55.94222877335247	33.59689618691199	55.10599068825626	
202.46592811014193	55.92430969664193	33.379768759556704	55.14182884167735	
202.52062724023517	55.10528541332016	33.27037049937024	55.39640800789997	
201.98004481265596	54.98473234300126	32.96611959345735	55.63751414853776	
200.03352411370997	54.98151638028745	32.70756192657522	55.64394607396538	
199.3792991355139	54.91319121083414	32.63642054796849	55.780596412872	
198.8531092738876	54.05333882884381	32.30838351637963	56.11988442201125	
194.22862625705187	53.25173025863347	31.898107649278494	56.34320986232155	
194.27715341258656	53.341348027827706	31.801053338209087	56.163974323933076	
193.67137586970208	53.33886612069974	31.640679352881254	56.168938138189006	
192.9965302438914	53.44988499726872	31.621095787944267	55.94690038505105	
188.958847245399	53.361813895458184	31.50252265558965	56.12304258867212	
188.9855184455765	53.3891102407582	31.44918025523466	56.06844989807209	
188.35764861738897	53.46330548290432	31.340390605776506	55.92005941377986	
187.62280246583853	53.56155161389145	31.449600076719797	55.72356715180558	
187.6653146496671	53.65155148413658	31.36457570906267	55.54356741131532	
187.71609175486975	53.75186914520423	31.26302149865735	55.342932089180024	
187.71542788020568	53.73178273097087	31.264349247985464	55.38310491764675	
187.72551516417536	53.77003782765683	31.244174680046086	55.30659472427483	
187.72843928737103	53.76665121371576	31.238326433654755	55.313367952156966	
187.73078920102623	53.72567187896724	31.233626606344394	55.39532662165401	
187.7214019050804	53.759470732129685	31.252401198236022	55.32772891532911	
187.73775813399303	53.79017435577747	31.219688740410795	55.266321668033555	
188.47220231869704	53.8355060439558	31.099559268278718	55.17565829167688	
188.56038656810057	53.87197709029945	30.923190769471674	55.10271619898958	
189.24403603948826	53.89904200280234	30.89718545090181	55.04858637398381	
190.67344803277817	53.936088109151115	30.71846233809455	54.97449416128626	
191.34018889402304	54.617564166180955	30.720892172252594	54.947453603874436	
192.77956663360848	53.774441765869796	30.513243111169615	55.2981451954528	
193.52316113503548	54.39370557196369	30.363248526942463	55.39681200189185	
198.18036415887116	54.396786167920666	30.401473487998175	55.39065080997789	
197.98925729913793	54.448332591832326	30.783687207464652	55.28755796215458	
200.01870443208495	54.41467449592428	30.74974284099263	55.35487415397067	
200.68899494989614	55.02249200266671	30.751227856248374	55.48130519136393	
201.40534540668793	55.02651046865707	30.662486091948207	55.473268259383204	
202.7167454256751	54.98882502786266	30.72433967574056	55.54863914097202	
203.34639376433364	55.002082803045376	30.809538084966874	55.5221235906066	
206.02561578248554	54.94991676706033	30.8333197958991	55.62645566257669	
206.66953214256324	55.659779916316914	30.892990272299954	55.554232560619724	
207.9551382245664	55.57577370792873	31.01668516009149	55.72224497739608	
211.12648743610748	55.73908538349828	31.434209111069556	55.395621626257	
211.79251154081774	55.70672622839506	31.456480823181014	55.46033993646343	
213.15460355763778	55.8555193190102	31.4436097963653	55.16275375523315	
215.81855998426153	55.83190608884816	31.519823980969534	55.20998021555724	
215.70041016833557	55.79523157638602	31.75612361282146	55.28332924048151	
216.32555485406073	55.7816684153503	31.863957844529494	55.310455562552946	
217.0666871255898	55.7571526726846	31.742048314259574	55.35948704788436	
218.31698292605608	55.73010147318461	31.959483301096345	55.41358944688433	
218.92698458534733	55.893109371585936	32.10298398876519	55.08757365008168	
222.4525358963297	55.97427466925964	31.857382063681538	54.92524305473427	
222.67934538626704	55.889815904858764	31.403763083806854	55.094160583536016	
223.4538884090337	55.85524048404529	31.20401613339959	55.16331142516297	
224.2033446462893	55.82000614880727	31.052071680035915	55.233780095639005	
224.8714566545331	55.865552651709464	31.06127338305616	55.14268708983463	
227.51944621323602	55.77455615237034	31.142233722993694	55.32468008851287	
227.5480247318485	55.807773185989625	31.08507668576876	55.2582460212743	
228.14120806931825	55.42344391206535	31.24505930406964	54.680555275882426	
228.93027305209668	55.547839287394254	31.007447219221753	54.431764525224615	
231.0668685430269	55.5628891676643	30.732648815023882	54.401664764684526	
233.24198899272054	54.88615073931851	30.365450959239524	54.427460606841805	
234.0200483032263	54.91712930240007	30.13114416391236	54.36550348067868	
234.79429265177401	54.19638533229582	29.899557934237684	54.49008895346645	
235.5359379866991	54.224623813294684	29.731057101745098	54.43361199146872	
236.27909884112645	54.24594510661827	29.555813395976223	54.39096940482155	
236.35046508030374	54.950977424946274	29.413080917621635	54.28835809867004	
236.3699087200546	54.83216762887164	29.37419363811989	54.52597769081932	
236.39617026056916	54.88880918272242	29.321670557090794	54.412694583117755	
236.39545839505857	54.80617361303892	29.32309428811199	54.57796572248475	
236.3939679951922	54.8550196463663	29.326075087844664	54.48027365582999	
236.34984152695554	54.10499983846171	29.414328024318024	54.6754749944125	
236.39507700856743	54.76513687099885	29.32385706109426	54.6644263481504	
236.33369263904547	54.781902791873236	29.44662580013817	54.63089450640164	
235.67081629572218	54.250972606005774	29.46325687830658	54.38363326965838	
235.05405345451643	54.287263182075876	29.391020524573268	54.311052117518194	
235.05103483400916	54.33341725554189	29.397057765587824	54.21874397058616	
235.0667120712596	53.78478921200412	29.365703291086962	54.01380131581648	
235.05901663555443	53.90932437495643	29.381094162497263	53.76473098991186	
234.29065611963196	54.00310868120947	29.622585048520783	53.57716237740578	
234.10923457668343	54.09797345153464	29.985428134417816	53.387432836755444	
233.37503282362252	54.15092784937717	30.15386807895277	53.281524041070384	
233.31129491871837	54.22809825287868	30.281343888761075	53.12718323406735	
233.3689027665053	54.33801208108824	30.166128193187213	52.90735557764825	
233.42204859948086	54.50826817020632	30.059836527236083	52.566843399412086	
233.4630684543349	55.29578346993952	29.977796817528052	52.280895417043745	
233.52251335584478	55.56781829706663	29.85890701450826	51.736825762789536	
233.50233556818804	55.61676681138667	29.899262589821717	51.63892873414945	
233.4831793520416	55.7252634419486	29.93757502211465	51.421935473025606	
232.69166690767452	55.90738744117992	30.25056481174427	51.05768747456296	
232.6545894087589	56.683449796699435	30.324719809575477	50.77548287131046	
232.00379614032934	56.95780012590478	30.359330043017557	50.226782212899764	
231.4418917855145	57.1313540267473	30.223744878339133	49.87967441121472	
230.80810411657413	57.2922718930831	30.23937955487174	49.557838678543135	
230.23391544483383	57.70680677941637	30.140348243609086	48.72876890587659	
230.23651937769267	58.66434513535846	30.135140377891403	48.04707127417188	
230.1666247603821	59.603207283353754	30.27492961251256	47.39245806047225	
230.02909629534528	60.000548142924984	30.549986542586176	46.59777634132979	
229.8732792734595	60.39651829099222	30.861620586357738	45.80583604519533	
229.6756399743194	61.663022806446634	31.25689918463791	44.47444067217893	
229.60877243298995	61.88425916922245	31.390634267296843	44.03196794662729	
229.57656691306642	62.19138257563249	31.455045307143912	43.41772113380722	
229.6160349873484	63.20067026671085	31.37610915857991	42.57447597806417	
229.68541439518907	63.36193196766615	31.2373503428986	42.25195257615356	
230.27564580033416	64.15067748393679	31.21094506524116	41.82851907624507	
230.15585914513983	64.31059472838088	31.450518375629827	41.508684587356896	
230.18544025333043	64.5286510573547	31.391356159248634	41.07257192940925	
230.18890600651415	64.54579983538814	31.38442465288122	41.03827437334237	
230.16593926840468	64.61216888944195	31.430358129100128	40.905536265234765	
230.23566720702365	64.82699134494985	31.29090225186215	40.475891354218966	
230.22105152739323	64.9988790655303	31.320133611123012	40.132115913058044	
230.3630886355453	65.11310216836026	31.03605939481892	39.903669707398144	
230.39774568972953	65.31457693310193	30.966745286450426	39.5007201779148	
230.53815997660018	65.30861382609305	30.685916712709094	39.51264639193255	
230.60150706517592	65.42124457679901	30.559222535557637	39.28738489052064	
230.54930709469417	65.49560941075653	30.66362247652114	39.1386552226056	
230.57104844462364	65.59450600207555	30.620139776662207	38.94086203996757	
230.5580772324375	65.50230314419964	30.646082201034474	39.12526775571937	
230.55057697054613	65.72996131542857	30.661082724817227	38.6699514132615	
230.15535076936155	65.78509798661581	30.361530511288265	38.55967807088704	
229.6660934692892	65.77217218017113	30.256593066713194	38.5855296837764	
229.84324287383512	65.60435479592493	29.902294257621357	38.92116445226877	
229.9738091819743	65.36284641204568	29.64116164134301	39.40418122002729	
229.48564101456208	64.9896857540344	29.5328906506642	40.15050253604986	
229.0318537432007	64.14565592303069	29.34627819971145	40.74437520438174	
229.14962629803088	63.96641819561873	29.110733090051085	41.102850659205664	
229.2090808826784	63.72106290465489	28.991823920756055	41.593561241133344	
227.6176468480512	63.93104918085613	28.85326224359881	41.173588688730874	
227.6408879595602	64.44118944432864	28.806780020580845	41.25181799292484	
226.62865573544605	63.80968789921582	28.633395253129752	41.41589647531083	
226.60962432619849	63.75408192606354	28.67145807162492	41.52710842161538	
226.66369687120317	64.9747690990091	28.563312981615532	41.287424181459954	
226.09809882107385	65.08128653849741	28.599069657165693	41.07438930248331	
224.56232296396038	65.21119195525581	28.392179912533116	40.81457846896652	
223.988295809786	64.97263816071425	28.454762219409293	41.291686058049635	
223.46586178338822	64.33841100267902	28.405921787238988	41.46643188915425	
221.8041516020656	64.36823907135249	28.442734609578167	41.40677575180732	
220.1489138494978	64.55215534636503	28.46747334682624	41.03894320178225	
220.11197468508672	65.04906777460577	28.541351675648382	41.135222461044215	
219.96631881215512	64.51287445622633	28.83266342151162	41.114830328711996	
217.1827229690717	64.58097613023175	28.913446277462114	40.97862698070116	
217.16691589274166	64.63546177849157	28.94506043012222	40.86965568418151	
214.9936243301156	64.69402149148802	28.909933008988986	40.75253625818862	
214.39457882871963	64.62542519304313	29.014947506280325	40.889728855078395	
213.74829051659637	64.74338233206781	29.21064110291734	40.65381457702904	
211.16345337810523	64.79344733673508	28.897655905006438	40.553684567694475	
209.64336638131775	64.76636290874652	28.66823717349631	40.60785342367164	
206.4320126818363	64.7231305516282	28.56952192186353	40.69431813790824	
204.95012077793092	65.30421362213815	28.273556717319664	40.61873500100661	
204.41666465327086	65.16043517366518	28.259914483253937	40.906291897952535	
202.13400654200728	65.15872609905915	28.486549362009	40.909710047164594	
201.99849472424702	65.23618007196269	28.757572997529515	40.754802101357505	
201.49243822908886	64.64447647588796	28.67908655000439	40.84760985566554	
198.87736405898522	64.67995628002649	28.455694042632302	40.776650247388496	
198.3998691721005	63.998008049379244	28.324735600363454	41.0545984926447	
198.06950010212753	63.855552729697756	27.897493354535946	41.33950913200768	
198.0608607958715	63.75732844804909	27.91477196704801	41.535957695305015	
198.0886795035075	63.597679684587185	27.859134551775988	41.85525522222882	
198.02877123426325	62.942069172891316	27.978951090264488	42.074157169978136	
198.47694212790026	64.5464164348181	28.180210864578363	42.15826733088831	
198.8882602412403	64.51613932262303	28.45978553856199	42.218821555278424	
201.49384607669668	63.809512458410694	28.78743281213177	42.5243114948066	
201.2068632152538	63.81214441226478	29.361398535017567	42.51904758709843	
203.4856993982761	62.99413888613449	29.31262387321454	43.02783421329861	
203.94973852448788	62.78289827430309	29.518635178073723	43.450315436961404	
204.62665705162595	62.42382861880794	29.308667405451413	44.168454747951714	
208.0884943831071	62.16574090828229	29.292127285649308	44.68463016900302	
208.7106255563077	61.993209382549466	29.206531464877678	45.02969322046866	
208.6576680335782	61.92308677153527	29.312446510336674	45.16993844249705	
209.31006171379178	61.00041443687043	29.17394529106535	45.84899697067087	
210.0127011703755	60.70028598814349	28.942811507043483	46.449253868124735	
211.14904717795088	60.37960499069078	29.02861414068213	47.09061586303016	
214.4447969610963	60.265644673125934	29.57868304160116	47.31853649815985	
214.15496660395	60.33349847907559	30.158343755893767	47.18282888626055	
214.6788627137091	60.31030311227799	30.321123389504425	47.22921961985573	
215.302487276147	59.61093299668886	30.287861072966827	47.41397304269581	
217.14599818017695	59.3580938461719	30.24943222785485	47.91965134372972	
216.95995627426467	59.32747000450388	30.6215160396794	47.98089902706575	
217.57793675219526	59.0906187157231	30.61581833790265	48.454601604627314	
218.20934529208571	59.21522819217425	30.59025703231422	48.20538265172502	
218.22348593297679	59.277451166356975	30.561975750532078	48.08093670335957	
218.2297628524021	59.32758676905341	30.54942191168148	47.980665497966704	
218.0552188183294	59.26705675155652	30.898509979826887	48.10172553296049	
218.0264732762829	59.15629942811793	30.9560010639199	48.32324017983765	
217.97128323926745	58.353163731832495	31.06638113795075	48.6885314334595	
217.39250930874857	58.29965097544084	30.97563438115413	48.795556946242804	
216.8313550142153	58.13286865637353	30.849564464029484	49.12912158437743	
216.30241790438865	57.9807183352675	30.65618303857392	49.43342222658951	
216.32428062650064	57.117193807032564	30.612457594349962	49.90791373395205	
213.33278191363337	56.114217369109184	30.300943219970197	50.654964249775965	
213.9784431024645	55.84122319148561	30.274403225698002	51.20095260502311	
213.98296398598316	54.9734460220909	30.26536145866069	51.66405493925007	
213.97452423589488	54.04952379028127	30.282240958837264	52.23272166746725	
213.9674524752634	53.1225779777474	30.2963844801002	52.798710897099404	
214.4165906244908	52.86956730797867	30.69464144390401	53.30473223663685	
214.2918688273515	51.953541744899155	30.94408503818262	53.825993548709505	
213.92865933180457	51.74291313271582	31.670504029276444	54.247250773076175	
213.82147795797175	51.515139447889396	31.884866776942104	54.70279814272902	
213.6599159909338	51.31218904338951	32.20799071101798	55.1086989517288	
213.4434006870658	51.10602200341594	32.64102131875397	55.52103303167594	
212.49699164461467	50.34225057854536	33.15719894027648	55.67193541803736	
212.29700001811688	50.106476107762305	33.55718219327205	56.14348435960346	
211.9361614464407	49.9760071522624	34.27885933662442	56.404422270603284	
211.561118665793	49.93228883494184	35.028944897919814	56.49185890524438	
211.0430967912253	49.218368969859895	36.064988647055216	56.488368606892294	
210.6735857361932	49.20485870792323	36.80401075711943	56.51538913076563	
210.34817186716248	49.18109788628247	37.454838495180844	56.56291077404714	
210.04351597495125	48.40861184018513	38.06415027960332	56.63495292334653	
210.38456489392195	48.4121997820847	38.86619069998795	56.6277770395474	
210.05072100601683	48.39837828637003	39.53387847579822	56.65542003097673	
209.80424109587435	48.34613202548697	40.02683829608314	56.75991255274285	
209.6954361831719	47.67181416614483	40.24444812148806	56.59005286203266	
209.71030920322917	47.74936160964907	40.21470208137351	56.43495797502417	
209.6818914138339	47.80582439680585	40.271537660164	56.3220324007106	
209.66646995379014	47.89500310288031	40.30238058025155	56.143674988561685	
209.7343955146053	47.91891554600985	40.16652945862123	56.095850102302606	
209.756590250001	47.95737280117063	40.12213998782985	56.01893559198105	
210.4965884314865	47.869135273737484	40.15099320019358	56.19541064684733	
210.63958281521326	47.8049847904122	39.86500443274	56.323711613497906	
211.45751989923525	47.806711147271024	39.738359263358355	56.32025889978026	
212.2046643002741	47.944757300181706	39.75115940182667	56.04416659395889	
212.13674203348475	48.02033516827741	39.887003935405346	55.89301085776748	
215.22942907490784	48.175770501773236	39.71391831464481	55.58214019077583	
217.75496973014126	47.26526135382391	39.14938174658465	55.90764357253893	
218.741102898103	46.21512384545024	38.66824929043891	56.516784709508485	
221.2026157573018	46.17188506547461	38.22234581131062	56.603262269459755	
224.26179305972775	45.51110479606507	38.049137006656856	56.43853635822929	
226.59923190373735	45.67641488309462	37.81705787190817	56.10791618417019	
227.40970140695768	45.79063123224475	37.668223915957746	55.87948348586994	
229.06735447995078	45.06421544612515	37.285311361509144	55.86611826234034	
230.5553991749267	45.06084354851346	37.22849709923418	55.8728620575637	
231.96964242805316	45.22256097190116	37.31760023777393	55.5494272107883	
233.33487283579674	45.35310504514589	37.49795930247793	55.28833906429885	
233.94915189164004	45.48168903340854	37.723872598502254	55.03117108777355	
234.0471661466641	45.524366315483405	37.52784408845416	54.945816523623826	
234.81169825001314	45.713741117003536	37.44858538852404	54.567066920583564	
234.86232607479087	45.8590907480997	37.34732973896858	54.276367658391216	
234.9130021097634	45.89272936721741	37.245977669023546	54.2090904201558	
234.94298980435943	45.80753003417702	37.186002279831506	54.37948908623659	
234.83904174505844	45.85166794676084	37.39389839843345	54.29121326106895	
234.71715877091833	45.90310741891781	37.63766434671368	54.188334316755	
234.1393468065929	45.92190468890222	37.35309374060369	54.15073977678619	
232.09438068333853	45.8637759543141	37.13825896334411	54.26699724596243	
230.19457539405587	45.72614112643247	36.63850834938343	54.54226690172568	
229.93177020725733	46.52854438090526	37.16411872298051	54.36644111235288	
228.30912177434433	46.50545385653429	37.53931994972201	54.41262216109482	
225.60140463301613	46.34217131262659	37.186937539965925	54.739187248910206	
224.9455851158833	46.13070125274247	37.05753341668287	55.16212736867845	
222.84306006037107	45.94847574787193	36.926789926187205	55.52657837841953	
222.99777825852428	45.82540247682451	36.61735352988079	55.77272492051437	
220.52807454681357	45.653642971035765	35.76826970606171	56.11624393209186	
220.55782215803825	45.388221721140795	35.708774483612316	56.64708643188181	
219.92127040984005	45.180039850986525	35.536829666854565	57.06345017219034	
219.06979023318138	45.053430633601494	35.791402290879304	57.3166686069604	
219.00422095499445	46.56846360195252	35.922540847253174	57.199482574204055	
218.8979232069139	47.62651964586652	36.135136343414246	56.54025782677758	
217.68969683690713	49.14032484647622	35.650421011606795	56.41381549737923	
217.21736014480666	50.37249533259092	35.154511505401814	55.39005741555577	
217.54249460950606	54.08579003864711	34.50424257600299	53.63134171299468	
217.3424631866841	54.675828939448266	33.52453881006356	52.45126391139237	
217.1773849071977	55.163445579635564	32.50897254809497	51.47603063101778	
216.87017271318985	56.393587310365504	31.809257588084215	50.32988651758438	
217.23832453112848	56.79137833907032	31.07295395220695	49.53430446017476	
216.34015419781963	56.44577330764554	30.347184615821426	48.96445952152271	
216.56230880196415	56.5592765804774	29.90287540753239	48.737452975858986	
215.95176620339853	56.28847216742368	29.894442092545184	48.04954328984798	
215.140389072867	56.48987244187625	30.29808480017845	47.64674274094283	
214.25329470023482	56.77183476315496	30.852420803879788	47.0828180983854	
213.9122962117683	56.42208491515647	31.534417780812845	46.561662993307934	
213.16860834756093	56.6884101172586	33.021793509227564	46.02901258910368	
212.74602966351608	57.13020780295974	35.107625236070305	45.14541721770139	
211.75204380119646	56.88077556112468	37.09559696070952	44.38292812859998	
211.58579494385177	57.79646486697811	38.70993740237377	43.833392243867955	
210.9085106279616	57.89562520869751	40.064506034154135	43.635071560429175	
225.98555193672365	52.99441453010806	38.90210507632415	45.530670646782376	
226.1499205283673	53.173876140421115	38.57336789303688	46.500372654984965	
226.14394796150424	52.627485594886636	38.585313026763004	47.59315374605392	
226.62940696608672	52.95756130920056	38.96968151760693	48.288288817435024	
226.31891452282306	52.86518147535096	39.590666404134254	48.473048485134214	
226.6262211947595	53.65713836622624	40.361118500942105	48.27420014406438	
226.27411548892334	56.14405819535388	41.0653299126144	47.48368179638178	
226.83633006172894	55.34957853362951	41.33445729358339	47.6790845932503	
226.76009094439178	53.66217139274195	41.48693552825776	48.2521037381649	
225.86511353387942	52.7451760551223	41.86468143931549	48.6738855034373	
224.85756644686782	53.83427057920708	42.45497984700215	47.92049222160428	
224.6026498039097	53.0796467904022	42.96481313291838	48.007154817458414	
223.7243818900374	53.080942342253735	43.28926981515889	48.004563713755346	
206.31707240422259	53.10123439426528	45.047859376526056	46.52676093972083	
205.6928121490996	52.66267199492936	46.29637988677202	45.961812749531376	
201.50312353927677	53.161013132722545	47.41134443114396	44.965130473945	
201.53060180004763	55.872401456507966	48.811008024577745	43.90621417130062	
200.8337696568657	56.975417010258035	50.2046723109416	43.159785949196916	
200.48794110872834	57.17068061829444	50.89632940721632	42.769258733124104	
201.00084823660438	57.260220162736935	51.34417501851038	42.590179644239115	
200.8603827320218	58.07999533755503	51.625106027675535	42.428303675709024	
199.87998670804473	59.70356962768302	52.10651332991415	42.13992458688419	
200.32462301322775	59.91212856165636	52.69936039656007	41.722806718937505	
200.98235294804175	59.881960229320036	52.86834980976087	41.78314338361015	
201.6775470145035	59.88424127425347	52.96597855755515	41.77858129374329	
203.77892262519978	60.00885403963491	53.23154026456579	41.529355762980394	
203.2702743633859	57.6645366866572	52.7593866592847	41.74964008220928	
203.43276569785058	55.25156179281459	52.434403990355335	42.118177152882296	
204.94581620171496	55.17120632499355	52.38190239674751	42.27888808852439	
205.3952926378558	53.99222041625454	51.48294952446589	43.14826290900401	
206.39188054547793	53.65530153060192	50.97858327997642	43.82210068030927	
209.4013345647057	52.56325838182923	50.92711648438782	44.5143266671379	
210.38813434766593	51.404683406988696	50.45568334148342	45.32931019380293	
215.7901410801824	48.56965408665132	50.20686429471021	46.47571408379493	
215.80424164653473	49.14997210139461	50.17866316200555	46.83735486925724	
215.88935473863475	49.22030335477337	50.008436977805516	46.69669236249972	
216.91784917769118	49.09967289543248	49.474140251387766	46.93795328118151	
218.0531129161586	48.7849219954959	48.72178212330742	47.56745508105466	
218.62288687981058	48.153707007428494	47.58223419600349	48.82988505718947	
220.11716062241896	47.46026018236127	46.111956018354725	50.21677870732393	
222.3021127762185	47.3388983777145	44.77533887837642	50.45950231661746	
223.45451258222164	46.648071794833086	43.96963255456072	50.342062194189765	
220.29031991704807	48.79853084679233	44.36051501650883	49.009895524470785	
221.06193761262153	51.467598694978015	44.28722398065794	48.08159289398755	
221.97096851618053	51.2411988467107	43.92348235408485	47.08007240997724	
220.54238036707707	52.453999530570286	43.914836057876244	46.08738233946585	
221.46353100921039	52.7922915241871	43.489789306268904	45.41079835223222	
221.6999581743311	53.26742054996823	43.016934976027486	44.46054030066996	
222.83916394610912	54.22921550449689	42.11607457139749	43.914501530538644	
223.35854985502505	57.23948721344601	41.07730275356562	43.31291096741146	
223.8980367157937	56.87310054303296	39.998329032028344	42.71682115281274	
223.58668172935504	59.99709070251315	39.31861410279311	41.67854044230242	
222.7978478943647	58.86621100332461	38.345461008619075	41.389479076524815	
222.2667544869561	59.00292070745553	38.15220825752328	41.11605966826298	
220.38473988176938	59.84599697973569	38.17193442708456	40.67800813730671	
217.86621614702034	59.20193533295718	38.24268358642102	40.72455685332333	
217.75648243453793	57.17096349800373	38.462151011385885	41.056225431495164	
217.64958584167965	59.76925953481778	38.675944197102396	40.867998563942116	
217.05695293979443	59.07559034221274	38.60866840427472	41.00279535255409	
216.4246900326464	59.02058631789407	38.61961211568685	41.11280340119143	
215.1369549631423	58.78416129221291	38.68413202409823	41.58565345255376	
214.5340254150677	57.85716380543264	38.62610648715963	42.17576379302646	
212.28144368693032	57.30989652569417	38.04261635591865	43.27029835250341	
212.51154772756078	56.79068295192995	37.58240827465772	44.30872550003184	
212.0624063512402	56.27981475070089	37.1921548945098	45.330461902489965	
212.45425600971768	54.425608243218456	37.706443477805074	46.44289911695439	
212.1129679052677	53.201621781388205	38.389019686705	47.5674722321307	
211.9245140691419	52.624074436376816	38.765927358956624	48.72256692215347	
211.32389946164537	51.347002934797	38.591617363595915	49.90117071495929	
211.0532319954842	50.95541035733321	39.13295229591823	50.68435586988687	
210.64859813145287	50.672279610894385	39.942220023980894	51.250617362764515	
209.45625398359348	50.46546249306294	40.89356373841069	51.66425159842741	
208.156283076533	49.65575755839135	42.0383714855125	51.82852740075138	
206.901428505894	49.608609741289726	43.07187314743037	51.922823034954625	
206.46753391122573	49.5116762169349	43.93966233676689	52.116690083664274	
206.08224486628228	48.70438979734467	44.71024042665381	52.219935334897954	
205.72808654494503	48.57509410422912	45.41855706932829	52.47852672112905	
205.39830478250178	48.53476520017237	46.078120594214774	52.55918452924254	
205.10839633654757	48.47785140371376	46.65793748612319	52.673012122159776	
203.9527224839627	48.529275081926485	47.40573545681764	52.57016476573431	
202.82034933560266	48.63825240612387	48.0965833683414	52.35221011733955	
203.39001602821384	48.590622032802585	48.538765796533966	52.44747086398212	
203.3054125025121	47.78568572113557	48.70797284793746	52.467306890036824	
204.11150393520822	47.655426111535604	48.68882648176724	52.72782610923676	
203.95943444615293	47.66788713730388	48.992965459877844	52.7029040577002	
201.26904479526328	47.77618870134478	49.570014818853316	52.486300929618416	
201.9533858030942	47.645753312481105	49.80835482699177	52.74717170734576	
201.59545972612352	47.716442258214485	50.524206980933094	52.605793815879	
202.22634407958742	48.50909549723043	50.886450066005324	52.64449912984705	
201.97375464241563	48.59008995151341	51.391628940348866	52.48251022128109	
202.91495289284168	47.69732684214174	51.14502310254915	52.63224577697203	
215.56323037263203	46.419689858160936	50.36215428987775	53.55327400180636	
202.15710838184756	48.259002062318594	50.99406992339592	53.147190636997394	
217.7577047490435	47.139911418198785	50.95158936002437	53.745439705709614	
201.9100196957503	47.22133353911904	51.323077919808796	53.58259546386911	
202.64253833262373	47.07935250818572	51.510002691131625	53.86655752573575	
202.31380643242642	47.17830062855306	52.16746649152622	53.668661285001065	
202.1444499744048	47.951606829297994	52.50617940756944	53.7887176409571	
203.0941019416736	47.75745033703765	52.280780396917805	54.177030625477784	
203.4770787159342	47.73780999674195	51.51482684839664	54.21631130606919	
203.9250193172887	47.682373688436215	50.618945645687646	54.32718392268065	
205.43582139326634	47.701995465298246	49.249778495493416	54.2879403689566	
206.06383341763302	48.71672686548324	47.99375444676006	53.88851016084261	
207.62775182423042	48.946224498994056	46.4696912235412	53.42951489382097	
209.96853037844278	50.07027068410879	44.932656247295824	52.753683589681174	
211.25340428087034	51.265360257787464	43.90004288230295	51.90063888218609	
211.61813237561805	51.77758315663898	43.17058669280756	50.87619308448305	
211.89337547324604	52.938071917322716	42.62010049755155	50.035023877655135	
213.20818586208736	53.339048887581356	41.44844696845021	49.23306993713785	
217.8083048975491	53.985844806056434	40.80864453155674	47.939478100187706	
218.14619355256787	54.423831470150986	40.132867221519234	47.06350477199859	
219.67423055170556	54.86154146245221	39.820966017502556	46.18808478739614	
222.5042613571345	50.677940532953656	39.57508469640827	46.4340162117478	
217.5161956054226	55.40870075105197	40.0774380629083	45.092877035771544	
217.29056115098217	57.532264829912904	40.52870697178919	43.52711545968364	
217.93249552886442	61.52280097241963	40.568341390858556	42.163559048839545	
218.73263550725005	61.95657665902222	40.27086545806234	41.29600767563437	
219.00419745279734	64.70878855911161	39.7277415669678	40.92955317334827	
219.79995614689577	65.45137860805289	39.40638254572798	40.71453144242273	
220.09505325863574	67.758153063695	38.81618832224802	41.147801059971115	
220.4141317902363	68.26431476140637	38.178031259046925	41.39461925040982	
221.230205271567	69.332424298858	37.79874092185438	41.76411342644433	
221.44245686048131	69.04054258954133	37.37423774402576	42.34787684507768	
222.29208296658902	69.19906194038552	36.92984094480755	43.285693556386505	
223.1039771966608	69.32206425041923	36.568297512751826	44.30193396440687	
225.19876467935978	70.0768539033972	36.194993370656135	45.33653520731913	
225.2407444330535	70.42161034394348	36.11103386326867	45.928964150845395	
225.34253171260178	70.12985914992574	35.907459304172114	46.51246653888088	
225.46993375149395	69.74047301144849	35.65265522638774	47.291238815835385	
225.2978597170674	68.67236000101957	34.69381899172592	48.124480533178314	
224.48116156728335	68.26248752719587	33.72735406675872	48.944225480825715	
223.86041720020114	67.67301081549986	32.376064059530066	50.12317890421772	
220.72480842237488	66.25692821759598	30.89730006592145	51.66368050848197	
221.29975029170856	65.12127840535283	29.7474163272541	52.645130321464805	
218.86450553598408	65.23862726791845	29.478174724411044	52.410432596333585	
217.10097967835668	67.02396011546749	30.45146631695119	51.39352702395009	
214.40973623015253	67.80653176671753	31.999036114369993	49.82838372145003	
209.67417980093506	69.61157424423844	33.78444504828685	47.49924942049456	
208.49161671624552	71.15749269913785	34.87407641988409	45.682907308477546	
208.61172713186076	71.87615719800257	35.89961138844774	44.2455783107481	
208.2623304461505	72.4806189559664	36.59840475986831	43.03665479482042	
207.98250918563178	73.57652051467986	37.15804728090568	42.0979220531435	
205.8001170892285	73.42117582851373	37.780273677520874	41.16109216007867	
205.36952674475398	73.96429478237046	38.64145436646993	40.074854252365185	
205.0243682795132	73.65160611790189	39.331771296951494	39.46065605642725	
205.74480548191184	73.14322027474984	40.3725473173655	39.2366025301257	
203.62184490304372	72.65254270061608	40.85750200019188	38.96430218675658	
199.02824415920088	69.94222239319927	41.2460682412121	39.35715123206705	
199.42979774324684	70.63314265129999	41.71221597066379	39.24456561340924	
200.99705650040113	70.6491451907196	42.40198407633354	39.21256053457003	
202.74771280466402	70.65218215405505	44.04076363445048	39.206486607899095	
201.93103481376835	70.8182538651596	45.67411961624177	38.87434318569001	
201.0627064883512	71.06365391517137	47.41077626707609	38.383543085666474	
200.19363249091498	71.30589356006546	49.14892426194851	37.899063795878305	
200.1838618172769	71.63244672210982	50.53643505848466	37.24595747178957	
199.75537897967044	71.03324498643198	51.39340073369753	37.06592779946144	
200.17544697203024	71.1126354122114	51.94174946603558	36.90714694790258	
200.02174015279326	70.87865489823494	52.249163104509506	37.375107975855514	
201.842548272148	70.56757866115724	52.82716145981544	37.99726045001091	
202.62802525761717	70.20470767064687	52.68173876075311	38.72300243103165	
207.7013832007029	69.97381206587397	52.581719493899946	39.184793640577446	
211.24607208701428	69.72485929585717	52.698775633727735	39.68269918061105	
212.64798091452127	69.41315343525251	52.797381675699114	40.30611090182038	
216.2786703791593	69.19257059588568	52.85047276749536	40.747276580554036	
216.28903599884126	69.05240037529646	52.82974152813149	41.02761702173248	
216.10103743680853	68.3400689665699	53.20573865219696	40.977135475326335	
215.23299572789657	66.92580979116622	53.46175599151194	40.845521669115854	
211.95102257975552	65.68609816054416	54.09839082915486	40.36128920104036	
210.34550579092038	65.28094811817162	54.3421920032597	39.68797308400272	
208.2408609022446	63.34916645409711	54.12261932258204	39.122673954122504	
208.2462992731003	60.982945214291185	54.111742580870626	39.46409994916782	
206.75342322965193	58.664469106860054	54.15926479021225	39.69370734769745	
206.69894446075978	55.43721721481954	54.26822232799657	40.2537947485113	
205.79582772702759	52.2877824804131	54.590016018114696	40.61490510793917	
204.70260078550425	50.696874060128884	55.28122345384297	40.806229053870894	
204.38698003180716	50.55983887779381	55.91246496123715	41.08029941854104	
203.6639188284584	48.429828022008536	55.835613646109145	42.29437368646052	
202.06560432181175	48.52152069326445	55.94889984550181	43.652659750899026	
203.78466098508196	47.677850484173014	55.64186133934287	45.340000169081904	
207.21252202366946	47.9947547331129	56.72711606472001	46.29438703171255	
206.7822805117003	60.91224326793878	57.58759908865834	44.763982318286594	
206.7265238259571	66.80907970057851	57.69911246014479	44.23100003895409	
208.3960353344386	68.50594014044388	57.56347291098482	44.040662627026485	
211.61842589277	69.05304899226655	57.504764978940706	44.54296321953581	
212.53675182517668	69.27583943338018	57.27191979183132	45.70118901501243	
213.4321557044498	70.47531238554247	57.10017439543286	46.540367834983535	
214.96291669648093	72.69355086566608	57.29868277838264	46.993936425254404	
215.78828437551925	73.96861657287181	57.28834537282239	47.7246009158757	
218.92434661235262	74.86183914427575	57.62434789527339	47.59018752209724	
219.35630436505554	76.48171545113297	58.415469388224246	47.66050890509622	
219.12413418236252	76.2301974628368	58.87980975361032	48.163544881688566	
218.267179780396	73.94634711428901	58.910109613698125	49.364027691093675	
218.256782755955	72.64190160995568	58.93090366258015	50.26947174961643	
217.44344494167012	71.37589072345673	58.83924122954504	51.08315546100955	
217.86547869053263	69.67293213492091	57.99517373182007	52.75908890494146	
217.20872245134376	68.36406517334362	57.56501195385255	53.63314857175082	
216.34575558518088	67.27633226903001	57.540067248555346	54.0577359427551	
213.69124556353506	66.41742276739672	57.57739188708273	54.01832314443361	
213.89398644202222	65.65767377094477	57.17191013010843	53.78063175670956	
213.8994921487881	64.2920780622772	57.16089871657667	53.017663039429586	
212.98406460690546	63.82350195372777	57.256965070040245	52.22002652622672	
211.2100355019769	63.39941289101621	57.35784155918587	51.34461379129411	
210.8096369736745	62.13046850569779	58.1586386157907	50.460113042151164	
209.79389669684053	61.83194720566726	58.480662089376324	49.34769856212992	
207.91626619516038	61.4970523675548	58.84280110689427	48.32092724543367	
207.97681589498046	61.09190759555777	58.721701707254084	47.44563388960018	
207.0543748675965	60.63006401926822	58.89701643070177	46.69975371085901	
207.22598647495454	60.86288486375706	58.55379321598573	46.234112021881316	
207.25743201393814	61.03830914803666	58.4909021380185	45.88326345332211	
207.2052083928903	61.17658083310975	58.59534938011418	45.60672008317594	
207.34780403173716	62.029012252314445	58.310158102420445	45.53964458254856	
207.5599907746827	63.445933906993176	57.88578461652942	45.97047265785826	
208.64698847555857	63.995754600416305	57.344627603250544	46.5036696594849	
209.54937430267665	64.57806770492968	57.17303290606807	46.97222040751179	
210.54573270005767	65.1418451316772	56.81843083210933	47.48278027482006	
211.67103519805715	65.65657053540689	56.20871888209291	48.09422251334328	
211.78161443282704	66.12251297001056	55.98756041255312	48.80366048972943	
212.6811909353428	67.46439932154328	55.837693105317996	49.418459182256754	
213.3658105147436	67.18509349793027	56.125260322181475	49.977070829482784	
214.21977882966485	66.70587370618111	56.087525094636874	50.935510412981095	
214.4416018814142	67.14941702267969	55.643878991138195	51.73333762588219	
214.39102309706027	66.96032027214221	55.745036559846	52.11153112695714	
215.42555059949703	66.42463894684492	55.374269204884214	53.182893777551726	
215.57860844435908	65.91523587037207	55.06815351516015	54.20169993049744	
215.73014937912635	65.83311660221077	54.765071645625596	54.365938466820026	
215.79610019783846	66.05558478304823	54.63317000820136	53.9210021051451	
215.8482080069901	65.10619103318012	54.52895438989813	54.1102842806134	
215.89561149494153	65.3526550074756	54.434147413995206	53.61735633202244	
215.81169851387128	65.39572340954886	54.60197337613573	53.53121952787592	
215.88625049870976	65.31285953324769	54.452869406458774	53.696947280478284	
214.9773923411331	64.58112001541275	54.5674494029135	53.457289997449536	
214.15860396122258	63.89131350104956	54.503871623107	53.135748486548366	
209.4899344313077	61.84639368791965	55.365821199107216	52.14035442251044	
208.5593949701624	57.74255252949863	57.226900121397804	50.191115947084896	
207.35178996796824	55.418431393956254	59.64211012578612	48.076498632877055	
205.66104416875513	49.75926058056049	61.32969190351649	47.53747151479744	
204.15535846131104	47.379352784154904	62.63006285583619	47.16428571990314	
201.76833858998071	47.15128429854197	63.9546004314605	45.89567160761086	
197.1706028564143	42.576935632974866	64.52971430357567	44.69993982472385	
194.8131860727932	42.83305447775288	64.10539521775496	44.187702135167825	
194.345517190795	42.32654093054383	63.34255648549097	43.50255273332553	
195.07143478665236	42.839044427643955	63.566053620006755	42.47754573912527	
195.26224162194663	43.208641524135956	63.18443994941822	41.73835154614127	
195.59561612550772	43.49904217126488	62.51769094229604	41.15755025188342	
193.19229595069294	43.46601563614033	60.82835195110451	41.22360332213254	
194.0803490090261	43.294127848326895	59.052245834438175	41.567378897759404	
195.12929673652678	48.2519590496603	58.53291900666092	41.12312825843723	
200.59355136353682	48.21611064940437	58.54812549064496	41.19482505894907	
204.38063835341336	51.502962776923496	60.36275552679247	40.880323481177875	
204.54313510515593	54.6467804325607	61.62474404490111	40.9406162562785	
205.85835644332204	59.64934328420245	62.208241932449894	40.57731224463801	
206.56152460973033	60.44918905928623	62.411589841140454	40.587304935977656	
206.64388089539057	67.05815015106853	62.24687726982002	40.27259209224759	
207.333055351989	67.21061330482463	60.868528356623116	41.572847138547424	
208.63597442446715	71.81357101502411	59.8687697539201	42.00340897166798	
212.42314978461056	75.68660015263947	58.686846824931365	42.24788543555988	
214.44825225391466	80.49150455247538	57.80513021827805	42.143541631752846	
218.25360625633493	85.00250948244252	58.040204535016144	40.96731409339718	
220.58649561428365	86.10009094336688	58.03452779973248	40.32551849841968	
222.0304334052289	87.25563239666238	58.23202822776602	39.55712359679073	
224.41609489480396	87.89593322848506	58.05955572483522	39.80947209188513	
225.36822963616964	88.78831215987503	57.68981698586347	39.55924497286475	
225.56743717695105	88.7893655757722	57.29140190430063	39.55713814107044	
225.7457903644519	89.64922805259917	56.93469552929895	39.35618111117186	
226.57194868165607	89.75281995656206	56.79244037287198	39.14899730324606	
226.5861360497666	89.95051095378024	56.76406563665092	38.75361530880972	
226.6769810412199	89.98906700467373	56.58237565374432	38.67650320702272	
224.9761596389197	90.41794375104192	56.99701929737385	37.81874971428636	
224.23750039944315	90.69923251883806	56.98883183787815	37.25617217869408	
222.6595821186527	90.24582968015179	57.192632570363045	36.68695994151864	
220.5138809449295	88.28866552144305	57.07530845449844	36.192561795625025	
216.8358261610992	87.84931760120094	57.133656636132784	35.61170535890405	
216.5291350865533	82.55949913229578	56.29634643479644	36.03649584371743	
214.12139421274708	79.41355506756783	55.33069570495495	36.54725149571939	
213.51109015687607	78.86144401666454	55.11198605392682	36.21215583475583	
211.30277475747317	75.47297697383532	55.23725134056883	35.83681406680794	
210.6014491056958	70.9208643003713	55.21382372899943	36.384565922991065	
209.8501448596886	69.42232680884587	55.28157742157181	36.51193130715788	
209.1255016623623	68.03386571762388	55.29287163120033	36.412869119553704	
208.90077118690365	67.42903808056778	55.74233258211763	36.18601132921181	
208.20288387035134	66.21304928565789	55.69862962752799	35.739033743643034	
206.6738113920839	64.88362293913605	55.894052748668486	35.53516460129238	
207.39515568645578	64.95388318930439	55.882242529777585	35.39464410095568	
207.97828568546106	64.3313293784721	56.144332861277206	35.21140139311014	
207.26508043019953	64.34010724806494	56.14154350553907	35.193845653924456	
207.15557461045512	64.38576162868621	56.3605551450279	35.10253689268192	
207.101303186975	64.49131302062702	56.46909799198811	34.89143410880031	
207.26479817593022	65.27914787978033	56.14210801407768	34.74444572975986	
207.53950139236812	65.86226057737225	55.59270158120188	34.999553302234666	
207.68992625629016	67.08657694163679	55.29185185335777	35.38573022877953	
208.55531694520238	67.39842843456633	54.980435624616504	36.181392392003595	
208.5785565375689	70.8058285498249	54.93395643988349	36.50643073214277	
209.37977513281868	70.16080461660172	54.764196445485055	37.79647859858912	
210.1613460927902	70.9683984029545	54.65256714483552	39.08431626447065	
213.24910078131478	72.57579751305299	54.36134869507471	40.282736239739904	
213.50918474586985	72.48771684757159	53.84118076596458	41.945227366419644	
215.67075570449234	74.23521634229742	54.034647805081605	42.966837333329984	
216.32379278964987	68.40156228422074	54.253668165206335	45.483578266844674	
217.07546126807398	70.68546820622637	54.31947771894548	47.19235246518301	
216.91528090551998	70.60939680425838	54.639838444053495	48.942121436789385	
217.92615708881448	71.0187427659884	55.879275866078004	49.75402440763608	
218.35936162689913	72.40656089428897	56.67568401185804	50.304022594933656	
218.68053968814993	72.10820191999804	57.71730047892066	50.90074054351551	
218.3310372180159	70.60426252794325	58.41630541918876	52.19894130622026	
218.06723207773334	70.14232653716101	58.943915699753845	53.12281328778474	
216.87163764271645	68.71058835957066	59.57086950223391	54.22205457541169	
216.0223767357353	68.56024125946226	59.47787175348691	54.52274877562847	
215.30537292663575	67.34426815441168	59.11701803185015	55.15983364589381	
214.69573691156677	66.40472495884354	58.536924365969924	55.239554341011946	
214.01006344855054	65.44982502741999	58.11670384484588	55.35778675670251	
212.33997282309957	64.74796738320234	57.8831494874959	54.9746342410119	
212.5154983961532	64.25011767164055	57.532098341388675	54.19319329033009	
210.7195528045085	63.84103124699161	57.60547557009568	53.252109162336794	
210.81592736833824	63.4606182014454	57.412726442436195	52.26748307801582	
210.68279091306107	63.08908211374532	57.678999352990544	51.28378306286485	
209.81083772183973	61.1633406546212	57.707695436118954	49.989635083170256	
209.76948348909212	61.78008073874632	57.790403901614184	48.75615491492001	
209.55332956475277	62.31641858741636	58.2227117502929	47.683479217579944	
209.4173298209492	62.7657552771564	58.49471123790003	46.78480583809985	
209.30658810182646	63.25315250363004	58.7161946761455	45.81001138515258	
208.6773918328754	63.54064886736984	58.33164516752271	45.235018657672974	
209.02445489515168	63.71782766239208	57.63751904297014	44.88066106762849	
209.37949483810206	63.76492646560173	56.92743915706937	44.78646346120919	
209.70118426393202	63.73107295931156	56.28406030540949	44.85417047378953	
209.18466190229577	64.55348800238177	55.7269217758633	44.79952364046781	
208.68124311520555	64.50747752781892	55.153005692999685	44.8915445895935	
208.78360321647284	64.53093228175975	54.94828549046511	44.84463508171186	
208.09047521096957	64.4952751422349	54.76501442960539	44.91594936076153	
207.4917848575798	64.57454845469432	54.394532990112566	44.75740273584271	
207.48976392664568	64.71931397161599	54.3985748519808	44.46787170199938	
207.33448398072125	64.95002730058638	54.709134743829665	44.006445044058594	
206.42129880679832	64.25359400436474	54.98321492489089	43.8470214697172	
206.4760189849208	61.991340016757675	54.8737745686459	43.70980070129551	
206.4787442888253	62.237948093929106	54.8683239608369	43.216584546952646	
206.51774430333484	62.422044431074475	54.79032393181786	42.84839187266191	
205.8289742960431	62.59453053306478	54.63312423712486	42.5034196686813	
205.20497431481593	61.98411641285782	54.35439939055049	42.19752310006656	
206.0563054564577	62.152573505306556	54.16922369187508	41.860608915169095	
205.3058040720179	62.4004032213586	54.16105444886373	41.364949483065	
205.66439076674118	62.27943163458063	53.44388105941721	41.60689265662094	
206.10340386867523	61.38263726308644	52.56585485554908	41.906523410105756	
206.4137419863464	61.47584231190527	51.945178620206775	41.720113312468094	
206.6845525263132	61.625163394711194	51.40355754027312	41.421471146856256	
206.95577892702948	61.75938944415029	50.861104738840595	41.15301904797806	
207.18922971048204	61.96297271911348	50.39420317193549	40.74585249805168	
207.478442166191	62.067456915774784	49.81577826051756	40.536884104729076	
206.8466899273659	62.361516870789785	49.65828320894556	39.94876419469906	
206.8082056920671	62.61784542751472	49.735251679543204	39.4361070812492	
204.54192371280163	62.293138655799495	50.062026213973425	38.683590816646074	
204.6165417846781	62.3427485913225	49.912790070220446	38.58437094560007	
204.75739862455345	62.30228522413929	49.63107639046979	38.665297679966486	
204.80394860278886	61.60793215898409	49.53797643399895	38.66619316886492	
204.32507478812863	50.92412941157746	49.10932237356401	40.624175007101954	
206.15147916816866	52.481235417522626	48.27960487156099	41.74459988232724	
205.27622054244694	51.74276371438326	48.6133522510809	41.80477341668248	
203.6644933771007	48.184864133955635	48.991010792571316	41.80608310453262	
203.45142706669162	43.792347352630095	49.41714341338954	42.01858155296391	
204.34885089409335	43.899249709166625	50.49980322579699	41.80477683989084	
200.95761613521933	43.34012520169118	51.47426392138157	41.47102364930087	
200.62060259184318	42.99067283992662	52.14829100813387	40.70834388286503	
198.99198940749477	42.56936426222491	52.48645305838373	40.09142887904496	
198.28332549956005	42.00065365193484	52.44913195136804	39.77420117673997	
193.2240457331274	45.56526320797331	52.42537226636114	39.889495791714566	
193.3687600614671	49.5633134219168	52.13594360968176	40.59593085407852	
188.0754318723108	61.95087471080639	52.51999654808176	40.598559487515736	
191.12733924040174	69.87032761008722	53.7333141750561	40.857344887897774	
190.23834134923123	73.09203964131532	54.025147513042654	41.84473304721362	
194.39142889682506	81.27539204286374	56.26595977751293	40.5451530436281	
195.26411684827312	89.3777360259294	57.559685592535864	39.53597366709207	
195.21628521251955	95.23069667047142	57.65534886404298	38.4873088202698	
196.51893920425545	97.85707038297437	58.06307305531715	37.754109657382806	
198.67992619590953	102.08990639339382	58.24240249894433	36.790610014769506	
201.703651469803	103.24568513827921	58.14303281077278	35.96607273990254	
203.42891048829446	104.92482798650187	57.63593423601805	35.55120650568545	
205.02285383625264	110.19311950001179	57.362396714711096	35.2148455897985	
206.6343680632342	110.2643153340791	57.03425180070286	35.072453921663865	
207.47621683085765	113.81919790443284	56.790708525342815	35.16346008039065	
208.14522821708755	114.47489749746896	56.890734962905896	35.2901101043413	
208.73753704455845	114.42931258386108	57.14778585381797	35.381279931557074	
210.06456854174155	115.9548755840137	57.3877950957385	35.224226167538504	
210.53063501567595	116.69920275041781	57.90364038185702	35.18355006871764	
210.9865283590339	117.43304160777694	58.4468366796315	35.170855338489716	
210.83924907508126	118.09899071729761	58.74139524753677	35.30181527355356	
210.76421220243722	117.95915833181299	58.891468992824855	35.581480044522806	
210.54827696231303	118.74440114305523	59.32333947307326	35.48739225527941	
209.7458883540965	120.22488922590593	59.44687751111273	35.4888944463651	
209.88269611363862	120.83482323740955	59.17326199202852	35.752128553968916	
201.22673709606642	123.90290232117343	55.716614772903505	37.03331512010884	
203.24117438791546	127.08364948072014	53.14094162942669	37.93782800212216	
