226	55	36	48	
225.0348700701904	55.210550386668686	36.93025985961918	46.57889922666263	
224.06435764042803	55.87628398783411	37.55837617929886	45.247432024331786	
223.7799278227455	56.99692967638384	38.12723581466393	44.30876289486292	
222.9845591452173	58.1331653264683	38.42068124043119	43.33358352398317	
220.41660795182128	58.224071129623944	38.40903388065354	43.151771917671894	
219.75677402383235	58.45143642619863	38.44482260437206	42.697041324522516	
216.68502367150592	58.50579640386874	38.20139381364366	42.588321369182296	
216.0350288706698	59.24576560247421	38.229573445075204	42.3801929422121	
212.1911280345661	59.26444560189658	38.30322890732018	42.34283294336735	
211.0503154224066	59.23778477165405	38.04561744992872	42.39615460385241	
209.25229878651172	59.063285845034784	37.84264180612466	42.745152457090946	
206.69221048185693	59.16792461288322	37.888770826746594	42.53587492139407	
204.88427151041367	59.19062068668113	37.70664528217258	42.49048277379825	
203.72793999078672	58.67471458355621	37.49453824130395	42.259909939986805	
202.58486437033486	58.81866208965505	37.2698596068724	41.97201492778914	
201.27297245408636	58.23477111742598	37.39893512298614	41.89244271405565	
200.6370529289359	58.97305339914696	37.42259243944709	41.6640598844536	
200.6048369653323	59.066860725672385	37.48702436665429	41.47644523140276	
200.06240947443507	58.95325201275068	37.32875696722574	41.70366265724616	
199.48625126055708	59.009952667961656	37.23694517838027	41.59026134682421	
199.51816571494632	59.77390285299085	37.17311626960178	41.303260956783205	
199.02636845630536	59.823935754338784	36.921290286524226	41.20319515408734	
199.74771939506593	59.986992894944436	36.708433199596435	40.877080872876036	
199.7966864913784	60.043586357720095	36.61049900697142	40.76389394732472	
199.6992841204198	60.11863755093216	36.80530374888866	40.61379156090058	
199.64981448961854	60.12691581770625	36.90424301049122	40.59723502735241	
199.66050621685469	60.09573871705126	36.88285955601892	40.65958922866238	
199.5711926997284	60.10789822984082	37.06148659027146	40.635270203083266	
199.54584714893184	60.126232139522415	37.11217769186461	40.59860238372008	
199.503020059789	60.217358633328004	37.197831870150274	40.4163493961089	
199.46742618768144	60.23157009681704	37.26901961436538	40.38792646913083	
199.5361000100293	60.16587983305076	37.13167196966972	40.51930699666339	
199.54074051111792	60.12711897712628	37.122390967492436	40.59682870851235	
199.5386671867856	60.13645945092981	37.12653761615708	40.57814776090528	
199.4707346220356	60.15835703180435	37.26240274565709	40.53435259915621	
200.07750723052325	59.462659274961375	37.27373236524066	40.70087327628325	
200.07666394091467	59.51245012624505	37.27541894445787	40.6012915737159	
200.72269330612622	59.46566278349494	37.20948547043582	40.69486625921611	
200.72871427138386	59.44536996276463	37.19744353992051	40.735451900676736	
200.68052632171833	59.423597301038996	37.293819439251564	40.778997224128005	
200.66951625917073	59.51024702634008	37.315839564346774	40.60569777352584	
200.6210314232851	59.5315979076666	37.41280923611803	40.562996010872794	
200.69662715649372	59.63067048055355	37.26161776970082	40.364850865098894	
200.76509793228385	59.600366800242	37.124676218120534	40.42545822572199	
200.84147929954804	59.53231128941204	36.97191348359217	40.56156924738191	
200.90564902553172	59.5791366444917	36.84357403162484	40.4679185372226	
200.91324830045232	59.54105878835573	36.82837548178358	40.544074249494535	
200.9995758956897	59.56378426855186	36.655720291308846	40.49862328910227	
201.07575480174208	59.52746398113978	36.50336247920409	40.57126386392643	
201.00195997899303	59.50801387727001	36.6509521247022	40.61016407166598	
200.98592199559394	59.54224793036164	36.6830280915004	40.541695965482724	
200.9865399828861	59.44177056466779	36.681792116916114	40.74265069687042	
201.00561708581557	60.109508833830944	36.64363791105714	40.626037380293035	
200.35431427758238	60.06191338125079	36.72980234744787	40.72122828545336	
199.76567360601229	60.73526906329455	36.68778740429167	40.59381320766221	
199.7502649188249	60.75913550058716	36.718604778666396	40.546080333076986	
198.5420179984393	60.69034251467235	36.7023118107232	40.68366630490661	
197.9451971211147	60.73133480645223	36.67768002547773	40.60168172134685	
198.0067645394471	60.82295749927601	36.55454518881295	40.4184363356993	
197.44447054086928	60.827572265996295	36.46734211911691	40.40920680225872	
197.4253538711299	60.20250545498725	36.505575458595665	40.44908405020441	
197.43379284360824	59.518528113073785	36.48869751363897	40.60555219961708	
197.96665628787574	58.79767223521652	36.6366204623269	40.833614118108656	
200.21738033344502	58.7192220323916	37.01339646898876	40.990514523758485	
200.66778847672842	58.633490422904174	37.34058899561291	41.16197774273335	
203.05991435390084	58.578566227737554	37.49991587749995	41.27182613306658	
203.40051836749006	58.61243495132573	38.05885213347942	41.20408868589023	
204.42169109812488	58.64969899969246	38.51248583751618	41.12956058915677	
204.81749640771437	58.58012975745043	38.97491137446531	41.26869907364083	
205.25393309216872	58.58206511962608	39.365587831591654	41.26482834928953	
205.86824459710527	58.563047517701754	39.406647088442384	41.30286355313818	
206.41996145978752	58.517487157189436	39.57414157812985	41.39398427416282	
207.06494272270447	59.1437989291592	39.55918712842336	41.416368806350704	
207.79623969653716	59.16186644544058	39.37171493557781	41.38023377378796	
208.45422933432263	59.14881245252321	39.32732154674015	41.40634175962269	
209.10109250389505	59.20133465772963	39.30488608585364	41.30129734920984	
210.28931912231988	59.29828608063846	39.46701560305017	41.107394503392186	
210.17317527886377	59.27732905813514	39.69930328996243	41.149308548398835	
210.5816442696868	59.31830043317288	40.155520600839	41.067365798323344	
210.61774404091824	59.31898926895973	40.083321058376086	41.065988126749644	
210.55559139050587	59.41658596872856	40.20762635920087	40.87079472721199	
210.52212155298008	59.418684213645875	40.27456603425243	40.86659823737735	
210.42517648189903	59.40031126560167	40.46845617641449	40.90334413346577	
210.46953087412024	58.53116885827383	40.37974739197212	41.36018784923246	
211.1140972545375	58.5357803353363	40.37783455594316	41.35096489510753	
211.63434994673685	58.60144808975016	40.624374070393195	41.219629386279806	
214.35611412422557	58.58143646300142	40.33633940296649	41.259652639777286	
214.9379617540864	58.63197229923503	40.4575998289759	41.15858096731006	
215.4730539441212	58.78297005409712	40.67269778313727	40.85658545758587	
218.72411491458797	58.86111228335706	40.590200361600075	40.700300999065995	
218.61083908574176	59.643852808139236	40.816752019292466	40.41498503171415	
219.93998747727053	60.14918562976374	40.716927320058275	40.68355543037681	
223.71509956282335	60.73351193267868	40.85808718425131	40.79680016376338	
223.65771789082618	60.660979309208614	40.972850528245644	40.941865410703514	
224.29094871436732	60.73730188669024	40.99638438468923	40.78922025574026	
226.95714632970632	60.6728640744612	40.81583413332987	40.91809588019833	
226.95936086396318	60.62675482999131	40.811405064816164	41.01031436913811	
228.35190584774418	60.658781987828085	40.60337522292828	40.94626005346457	
229.71201301594883	60.64463149828546	40.45164766018353	40.974561032549815	
230.4056644917066	61.23532900799468	40.34664059729079	41.07546190175421	
231.71490490999858	61.13554584020241	40.29260974563675	41.27502823733874	
232.97876217799063	61.72251016566318	40.33390808875935	41.38560602597055	
233.64345245057999	62.26039769667928	40.291422381847944	41.59672580220569	
235.03846337694876	62.17890961139837	40.080472885427135	41.759701972767516	
235.5989533604786	62.228842966957785	40.24824674291888	41.65983526164868	
236.29086426278994	62.812115346083786	40.15426810470017	41.7831336698007	
236.92417786328866	62.79876447249259	40.177929944140466	41.80983541698308	
237.568267566994	63.36759973287675	40.18083250566746	41.963246865152385	
237.00089640114047	63.2675427101632	40.02204342424345	42.16336091057948	
236.9791060901871	63.25805226547074	40.065624046150205	42.182341799964405	
237.0580145909759	63.26050055004626	39.90780704457261	42.17744523081336	
236.45887974389342	63.27874524362555	39.81351913985007	42.14095584365479	
235.91027460861136	62.61294407270759	39.620237876295235	42.18206665137171	
234.6407048733864	62.78651301664812	39.583242694396105	41.83492876349065	
234.00545700257427	62.14141784162027	39.5716850965171	41.84306577404313	
230.0498879329608	62.78964136682237	39.79083935902198	41.82861603642594	
230.07172040656747	62.78348533946001	39.74717441180857	41.84092809115067	
229.5199618376596	62.198038020905344	39.5659453156011	41.72707649423675	
228.02884988866427	62.22779227738235	39.98798527881642	41.66756798128273	
225.2590027328521	62.40937755446018	40.38429472719217	41.304397427127064	
224.45329804679022	61.943476589454136	40.7092884033479	40.94978366117107	
223.77825578442759	61.9434107127323	40.773404683526145	40.94991541461474	
221.80487192152412	61.99213842113493	40.85923040413441	40.852459997809476	
221.18513112267905	61.38738021254429	40.81191372888248	40.775178142048695	
220.57648852471516	61.51267755363591	40.744362864915	40.524583459865454	
217.58880586168414	61.521532544460136	40.32060440910432	40.506873478217	
217.69879166647968	61.616577208684646	40.10063279951324	40.31678414976798	
214.5907108882728	60.918343523202125	39.98471999955069	40.446836649457765	
214.7111646504124	61.12601990562533	39.743812475271525	40.03148388461136	
213.04776655556668	60.8941965179951	39.301703151996264	40.49513065987182	
212.67420380100828	60.786397195474876	38.79222074467199	40.710729304912256	
209.9067182858888	60.66970539595103	38.06757265454092	40.94411290395996	
210.06658910660607	60.68341963856299	37.74783101310637	40.91668441873604	
209.53364055845714	60.755844601347974	37.57516815044431	40.77183449316607	
208.27851753822273	61.36258847821962	37.61830561155828	40.79190102910019	
207.63020462285454	61.987923836265004	37.68037791664122	40.77578383866289	
207.13098269517835	62.05931419923927	37.44353209453118	40.63300311271437	
206.04250643102856	62.09583291818837	37.16189416474111	40.559965674816155	
205.57501192717706	62.09495589618409	36.873209365086915	40.561719718824726	
203.82662957487483	62.645490966033684	36.71266869307756	40.67975137133014	
203.94831049220406	62.83388474218186	36.46930685841909	40.30296381903379	
202.23073382351683	62.85058865967054	36.27855448573625	40.269555984056424	
201.01171878951516	63.62769312490303	36.3064397943309	39.92041943329579	
200.5153929330939	63.68869084832235	36.099005861656735	39.79842398645716	
199.3677864038002	64.32996296041816	36.00445870876465	39.710759868005255	
198.85488157307663	64.40407270642548	35.838259913564656	39.5625403759906	
197.64095029602151	65.10047218240643	35.89201845018536	39.35679343277347	
196.47840721550196	65.20889217978191	35.847691457840824	39.13995343802251	
195.79086613867577	65.30959798576784	36.042150386916155	38.93854182605065	
195.2037051280086	65.45880047924366	36.035894368841525	38.64013683909901	
194.64642081475145	65.4879045670924	35.974641297055726	38.581928663401534	
194.094968155419	66.16014035226107	35.903606902469576	38.411396806315274	
193.40103295788256	66.75381096480685	36.12132887773885	38.39420400102731	
193.30668732414898	66.7905098180043	36.31002014520599	38.320806294632405	
193.38083025723634	66.78212700505273	36.161734279031286	38.33757192053554	
193.30343106583058	66.90670693755058	36.316532661842835	38.08841205553982	
193.2674553453422	66.98619740654729	36.388484102819596	37.92943111754642	
193.89814045837076	66.91341492560295	36.29741184938615	38.0749960794351	
193.95803497013645	66.1408826763132	36.177622825854755	38.44892519287605	
193.35998120991002	65.55489637376787	36.19864520508832	38.44581265674743	
193.42438081788123	65.43728542229425	36.06984598914589	38.681034559694666	
194.07640852927423	64.56006234882119	35.94279021934238	39.2584810536583	
194.60152947837423	63.799513464026965	36.076532495677604	39.595594648711554	
194.61981966646488	63.004653028235424	36.0399521194963	39.99395066930089	
194.5823155887285	62.366198997144224	36.11496027496904	40.073879268160645	
195.11988856872915	61.14356397816668	36.23923354440697	40.12031084723743	
195.7049613636362	60.39740955643279	36.27121209290246	40.410495552395645	
196.33622354800696	59.73392978657391	36.21583375107286	40.53030906520141	
196.34660272695663	59.14365507820736	36.1950753931735	40.502735360595494	
196.2219413535389	59.25296127096142	36.44439814000893	40.284122975087364	
196.20275288787553	58.667480976158515	36.48277507133574	40.24713870738313	
196.1489381110048	58.805666275526846	36.590404625077156	39.970768108646475	
196.1555971385302	58.28106561638886	36.5770865700264	39.8145755049834	
196.80178664273654	57.77673909018407	36.48745574267129	39.62048037633535	
196.94303558902413	57.313646841058635	36.204957850096065	39.34836860957786	
197.09637467227142	57.444926458771434	35.89827968360154	39.085809374152255	
197.24454738773574	57.02648926850363	35.60193425267286	38.74209872095632	
197.29812679186003	56.5803102354197	35.49477544442429	38.463945736270055	
197.38773508530892	56.66198863319535	35.315558857526526	38.300588940718775	
197.52014999297606	56.79505764098246	35.05072904219222	38.03445092514454	
197.64464626822172	56.257852237034925	34.801736491700915	37.95815382790423	
197.79131117976135	56.371495493752406	34.50840666862166	37.730867314469265	
197.85855690329677	56.510731083184	34.37391522155084	37.45239613560609	
197.91883963686044	55.961670628362135	34.25334975442347	37.41965379369502	
197.96538438309264	56.032685500999634	34.16026026195906	37.27762404842002	
198.0746896163612	55.506013719392	33.941649795421924	37.20622937417917	
198.19537375040088	55.581772167041535	33.700281527342604	37.054712478880106	
198.27972764214178	55.626502520674606	33.53157374386079	36.96525177161396	
198.42975167797655	55.221011371508986	33.23152567219124	36.666377109922095	
198.52036670642278	55.258203924579576	33.0502956152988	36.591992003780916	
198.06702748373365	55.34048434193719	32.860599736003586	36.427431169065684	
198.1762482742077	55.31966983556579	32.642158155055476	36.46906018180848	
198.32702522491493	54.782237278376925	32.34060425364098	36.45597687362229	
198.46420324996342	54.36999807449894	32.066248203544056	36.19752926824705	
198.52867039753738	54.82893786990584	31.93731390839613	36.35417751202368	
198.6274460818498	54.309348834354395	31.739762539771256	36.31846151072398	
198.65452524592624	54.336816479418026	31.685604211618386	36.26352622059672	
198.18220946109656	54.417626283981335	31.56077804788423	36.1019066114701	
198.2693735482866	54.48583402184397	31.386449873504162	35.96549113574482	
198.3233541677321	54.58161598858297	31.278488634613147	35.77392720226684	
198.4723920445658	55.203456996078586	30.98041288094577	35.58559528841183	
198.59657683203116	55.2610834632314	30.732043306015036	35.4703423541062	
198.17619994165807	55.229052636701994	30.53090763270286	35.53440400716503	
198.75742704326453	55.422479575858794	30.408105819935017	35.14755012885142	
198.8272998610315	56.04814445764812	30.26836018440111	34.92791818094352	
198.33100583976008	55.6528324678905	30.234890936862275	34.69248487037707	
198.41687946736621	56.1438647254665	30.063143681649997	34.73229610285653	
198.4310833427472	56.302488456974075	30.03473593088801	34.41504863984138	
199.49699430226713	56.37955463034905	29.93165607390887	34.260916293091434	
199.56271148273458	55.871217619707835	29.800221712973926	34.26725857628555	
199.59976546031857	56.40920310610257	29.726113757806008	34.1996110055292	
199.08573992527405	56.43286530852651	29.74807693686893	34.15228660068131	
199.17744107219158	56.260495596088205	29.564674643033875	34.49702602555792	
199.12136669366015	56.19606031621722	29.67682340009675	34.625896585299884	
198.97527414561364	56.0665343384652	29.969008496189787	34.88494854080392	
199.38048923484305	55.901833544458334	30.179166690498892	35.21435012881766	
199.2038285559403	55.81657290710835	30.532488048304412	35.384871403517614	
199.00046019625154	56.19803911211338	30.939224767681964	35.659304260071075	
198.81477166161088	56.52335295483813	31.310601836963233	36.05681357849295	
199.05153533413267	56.28853683273815	31.897320232895222	36.52644582269291	
198.76269080047675	56.6059890089239	32.47500930020702	36.96846442507725	
198.49792759110522	57.98751183547037	33.004535718950066	37.48449529094493	
198.79412024915217	57.663787047825494	33.521653258122726	38.13194486623467	
198.99591676973895	58.56182634115084	34.245879263536395	38.59150437275839	
198.70335088854304	58.28925688956034	34.83101102592819	39.13664327593939	
198.42845358585936	58.675672674983545	35.380805631295544	39.528163185235705	
198.2539885958639	58.43690060723529	35.72973561128651	40.00570732073223	
198.65073819518466	58.202184193448886	36.12844522539842	40.47514014830504	
199.20021975088432	58.08172899267329	36.23535217323803	40.71605054985622	
199.15754878606685	58.017739461930944	36.32069410287292	40.844029611340915	
199.64063835404602	57.94149800681471	36.56918539677366	40.996512521573386	
200.12568850824266	57.92519174260173	36.820094590453266	41.02912504999934	
200.05628061872997	57.781810023156766	36.95891036947864	41.31588848888927	
200.01202501967302	57.78051926652009	37.047421567592565	41.318470002162634	
201.19228520040048	57.62512492645537	37.15420164447102	41.62925868229207	
202.3628622812016	57.63647458731798	37.29341535375769	41.60655936056685	
203.0153558689991	56.984655072575826	37.230483240052436	41.66814332816132	
204.90844190018433	56.993931769025636	37.170331059177556	41.6495899352617	
205.48336581399735	57.01691466173761	37.26124064230284	41.603624149837756	
205.989643948908	57.01107770250219	37.49017999600802	41.6152980683086	
207.3041407761291	57.0555809636679	37.351850417016706	41.52629154597717	
209.90247707556796	57.689288430179914	37.12213982197448	41.500617113912035	
209.99930664201548	57.75694186094898	36.92848068907942	41.3653102523739	
212.60831631489725	59.390072772738904	36.64037351988493	41.79648256122081	
212.60455279065388	59.44035334229529	36.647900568371654	41.69592142210804	
213.1675180734245	59.4794955256383	36.755090527110866	41.61763705542202	
213.7262439799935	59.48435586693232	36.87126087319723	41.60791637283398	
215.5643873255802	59.48098893113409	36.900963173989204	41.61465024443043	
216.07312076281096	59.54588286252593	37.11940546731486	41.48486238164676	
217.28146219517893	59.6249566093066	37.177492882133166	41.32671488808542	
218.483770985867	58.86196271246534	37.24458523367821	41.61684771530732	
218.3003715870642	58.91891632809561	37.611384031283826	41.50294048404679	
219.5079514479791	58.921337885814026	37.68726031457447	41.49809736860996	
219.9988924687369	58.81700649204577	37.952030706856725	41.70676015614647	
220.59975705184902	58.6248213534151	38.00442225434875	42.09113043340781	
220.45736017134388	58.48203648308558	38.28921601535906	42.37670017406686	
220.93023384293338	58.321409632540465	38.61339027895111	42.697953875157076	
221.47730583210705	57.538161786325716	38.799335943173304	42.98435992501704	
221.31399199534854	56.59453275354262	39.12596361669026	43.584107407086044	
221.2168938142922	55.7535826907518	39.32015997880295	43.96395984218439	
221.1327901904283	54.81293576843181	39.488367226530784	44.53420255140439	
221.0206433537014	53.90353302947332	39.7126608999846	45.030414583129776	
221.53777758264206	51.60666750016286	40.01227201841682	45.62250691281005	
221.4468521898531	50.14433002069842	40.19412280399472	45.851470900771695	
221.2370833579085	49.462665270432225	40.61366046788394	45.860484085766785	
221.71268220133177	47.929927348691514	41.023633512977185	46.203618465368564	
222.22858154126723	47.14934293195382	41.36488667348091	46.39173545846934	
222.6219449104994	44.919422759033395	41.9595870443091	46.7072944764326	
223.0071113110894	44.092031791890086	42.585082566944784	46.96624808690352	
222.71528215755993	43.312976730876414	43.16874087400375	47.11452302948825	
223.2030442485124	42.301410457168856	43.61466086989438	47.71621139910771	
223.79133072489242	40.7860204040907	43.876006735315116	47.87115386890254	
223.42324704710433	40.09981554750997	44.61217409089131	47.799068907284095	
223.83927497355137	39.50678876878669	45.23519704220314	47.53004366052473	
223.51947903332172	38.75785856138105	45.87478892266246	47.567145900065285	
223.3626680666664	37.84932720742803	46.18841085597306	47.91274241283131	
223.89091592781446	35.407584646109925	46.61376085893732	48.35069035968635	
223.68082422279403	34.740002315641775	47.03394426897819	48.19041439050227	
224.31630717903192	33.99450384569887	47.26254690803311	48.18184277885733	
224.91444641387332	33.91934586971159	47.569312263196466	48.33215873083189	
225.55619949659524	32.974700741827675	47.79605353846162	48.71120154589068	
226.2344173888066	31.99198074816428	47.95939996381201	49.15685932344435	
226.25098821128813	30.915351262613225	47.92625831884894	49.780757449491325	
226.90378315216276	30.015304251730935	48.15929230832335	50.04222760003227	
227.37287445215546	29.24502237603484	48.767519264765	50.03638179499744	
227.98267720978018	28.216920772356794	49.103848618185395	50.536650133683665	
227.86451411606043	28.04284533118184	49.34017480562486	50.88480101603357	
227.65521659083953	27.986143379619495	49.75876985606669	50.99820491915826	
228.3106222864538	27.00315726155563	50.034652463809856	51.37748315631433	
228.2408695516676	26.148555993971815	50.1741579333822	51.48967918771579	
228.29550766842416	25.942639210598234	50.06488169986907	51.90151275446295	
229.11128264081896	25.004172590762796	50.039036623864305	52.17274112534903	
229.0867138378572	24.96817558803566	50.08817422978787	52.2447351308033	
229.0070894882718	24.132397003297207	50.247422928958656	52.30483988626759	
228.21511553622219	24.011366458262813	50.21645582259648	52.546900976336374	
228.15393889152395	23.211916576464006	50.338809111992944	52.52758419788269	
228.0409476293838	23.294613589989133	50.56479163627324	52.362190170832434	
227.97583739583058	23.520310744293766	50.69501210337964	51.91079586222317	
227.30255128169435	22.659509264800526	50.42577319447239	52.016587684029915	
227.26723465150192	22.687790514469945	50.49640645485726	51.96002518469108	
227.2257868730646	22.704920753078397	50.57930201173188	51.92576470747417	
227.23803999905948	22.775981183673245	50.55479575974216	51.78364384628448	
226.41535508214056	22.736763189999476	50.58856567017366	51.862079833632016	
226.36207096456872	22.82465177931318	50.69513390531732	51.68630265500461	
226.33912987511502	23.87990311483844	50.74101608422471	51.188087182350856	
225.50042125295582	24.608463801315747	50.81325445997553	51.33614467796381	
225.43091417525198	25.434845606117477	50.95226861538325	51.29202775436109	
224.66991308085204	26.360725163836094	50.86412662714945	51.050412815957515	
224.75646205672837	26.453275573975297	50.69102867539681	50.86531199567911	
224.0365925731048	27.235386928597155	50.53145577989456	50.900401149184766	
224.21095471651944	27.358203858379007	50.18273149306528	50.65476728962106	
223.51902430650543	28.15347019412152	49.97860455603327	50.65222237519608	
222.9031169837272	29.06360277211434	49.625690645935094	50.41668577486511	
222.33225269238537	30.14216419949863	49.19196104503751	49.83502110367779	
222.51861505622063	31.07800390495141	48.81923631736699	49.52281350632366	
221.87885500036236	31.96356620897426	48.5500726398922	49.30037268746923	
221.1781856160986	32.82134873156225	48.41047083867834	49.12574821203463	
221.35343509551814	33.75955220181157	48.05997187983928	48.78533439542255	
221.53726980031246	33.83892797598777	47.692302470250624	48.62658284707016	
221.67629798983384	36.39522284984987	47.41424609120789	48.06443809987675	
221.18489357833752	37.293295972487556	46.89346230429955	47.77188446450234	
220.7689238783855	37.19344289205658	46.23462488723629	47.9715906253643	
220.2889596332922	39.67941217081413	45.7110539730881	47.450150280853606	
220.60948074075424	40.33054911163682	45.07001175816399	47.614918069614234	
220.14273553425346	41.210362785158466	44.544034536728994	47.31475835700753	
220.36173470014862	44.978997734374644	44.10603620493868	47.00964166177601	
220.5144209474511	45.13127207582351	43.80066371033369	46.705092978878284	
220.6897933356828	45.983831875750255	43.449918933870336	46.42507739710402	
220.29658458616123	47.339872885591504	42.82117604638777	46.543316150472776	
220.4910585180059	48.87453647939158	42.43222818269843	46.28800821124352	
220.68994204876813	51.16596369492156	42.034461121174004	45.89567129530986	
220.3188294436781	52.008143541045776	41.392293645415776	45.59570428899961	
220.4800136015533	53.540399989232654	41.069925329665416	45.27017106879041	
219.98660370080668	57.0587033116696	40.69746086201032	45.02998576965839	
220.13136141838925	57.26161122650387	40.4079454268452	44.62416993998987	
220.2312309394277	58.68020781676778	40.208206384768296	44.46433043629783	
220.41898302157114	60.133464859146876	39.832702220481366	44.22382550009654	
220.55742567639007	61.0621720932031	39.55581691084352	43.68968424026815	
220.69580197297915	61.866223372913716	39.27906431766533	43.39213029282682	
220.18548277728405	62.62892982636226	38.99819701707705	43.16822307790828	
220.26167715864756	63.46734676477446	38.84580825435	42.78493190538624	
220.41724639951224	63.60927062426102	38.53466977262067	42.50108418641311	
220.56378032981465	63.740376637036235	38.24160191201581	42.238872160862684	
220.67408177472714	63.13566865518837	38.02099902219083	42.18126996071882	
220.71228781683593	62.42059180079854	37.944586937973256	42.348820691136396	
220.70453481278872	60.488831582555505	37.96009294606769	42.42037871225752	
220.7010067421661	59.96468902158895	37.96714908731289	42.20331693293548	
220.70790596698438	59.38146383419011	37.95335063767634	42.10768098475883	
220.64941484708842	58.758830455399185	38.07033287746829	42.09256850929388	
220.69042085036992	58.19121544483288	37.988320870905305	41.965787978179776	
221.27029663261177	57.63168414175772	38.087299569447886	41.82612032130376	
221.2798134237413	57.61883359881618	38.06826598718886	41.85182140718684	
221.3413114761715	57.680253075719534	37.94526988232843	41.72898245338013	
221.42872039142532	57.61541602195422	37.77045205182081	41.85865656091075	
220.90716881339472	56.898845228023674	37.5599667363703	42.03820967726014	
220.92835261373637	56.919679912457696	37.517599135687014	41.99654030839209	
220.4275616719341	56.92631998387624	37.26748658655322	41.983260165555	
219.87053201035394	56.75032983871229	37.13405515717518	42.33524045588291	
219.20683208423367	56.64251544381723	37.210640321651944	42.55086924567303	
217.81325857983086	57.26591861171414	37.48702183883411	42.55944565569094	
215.3133215533218	57.17378387455249	37.447130321738406	42.74371513001425	
215.1716081284182	57.17392433689855	37.730557171545634	42.74343420532214	
213.80714282841748	57.118191648134214	37.92610354452504	42.854899582850805	
213.18783467969146	57.15000390331857	37.893170180569065	42.791275072482094	
212.04255861632444	57.1462174789264	37.64365087188006	42.798847921266436	
211.38383463498482	56.629612016348815	37.694938338172065	42.56589835003434	
211.35225509227192	56.75651488738313	37.75809742359788	42.312092607965695	
211.20233743086686	56.89041938916073	38.05793274640797	42.044283604410495	
211.1166870072877	56.929290998547195	38.22923359356626	41.96654038563757	
211.1441043954787	56.883653434562675	38.1743988171843	42.05781551360662	
211.6713767817661	56.907790237488726	38.38298341696196	42.00954190775451	
212.08065901623607	57.0584418618136	38.83012088778737	41.708238659104765	
213.80612625478605	57.65519527843619	39.18354083461582	41.78284996716907	
216.45535536845162	56.90947954794623	38.984670591298574	41.99938443214552	
217.10448391669635	56.958562828041	38.961532007950886	41.90121787195598	
220.86458237489325	56.75568410358446	39.08064754215744	42.30697532086908	
222.05454800821667	56.686239737188636	39.2636023930489	42.44586405366071	
225.95473260944482	56.66873176068938	39.182348741066875	42.48088000665921	
227.15976001322412	56.69805100354529	39.3438395339693	42.422241520947416	
231.63383348091244	56.88625393191286	39.40767917008863	42.045835664212255	
232.23923505394328	56.952781086852255	39.47944032946332	41.91278135433347	
236.70359858916748	56.99048295011623	39.522081659611	41.83737762780553	
239.70206085155297	56.98214020462301	39.930765236892626	41.85406311879197	
240.33852881412062	56.86194496080595	39.94569032736882	42.094453606426086	
244.2155767604698	56.1720390588952	39.94275431055986	42.18240543093269	
244.89647887937417	56.300809747332266	39.87413943718729	41.92486405405856	
248.1721610976095	56.390066085135985	39.76313537131138	41.746351378451116	
248.21974078476097	56.37476005498711	39.66797599700839	41.77696343874888	
248.92688889843424	56.30739751421369	39.53616973368789	41.91168852029571	
250.35016097436588	56.25905356822865	39.254639667096775	42.0083764122658	
250.2988669983584	56.22242286120779	39.35722761911174	42.08163782630752	
250.34332931246362	56.20690356449082	39.26830299090131	42.11267641974145	
250.3075319035534	56.14186572555803	39.3398978087217	42.24275209760704	
250.39372722544755	56.19870858213427	39.16750716493346	42.129066384454546	
250.35025447221594	56.174284336276926	39.2544526713967	42.17791487616924	
249.77451350083777	56.187521580178924	39.123741743703924	42.15144038836525	
249.14649395163718	56.21441331202795	39.10007875919645	42.09765692466719	
245.2528070447761	56.24257561803553	39.216532717800554	42.041332312652024	
245.20451432671607	56.189144481974054	39.313118153920584	42.14819458477499	
241.97098994853764	56.11227550215797	39.366861535995675	42.30193254440716	
240.66494726184268	56.11973698747191	39.40711674613938	42.287009573779265	
236.94848334533867	56.059533730811566	39.12211370962736	42.40741608709996	
236.31239960201316	56.12878034273473	39.110612218213134	42.268922863253636	
231.76595395285636	56.77966619023685	39.234220301108806	42.248477341880516	
229.2693969835742	57.376064218530715	39.0954439531138	42.338653856932616	
225.49655440913972	57.30118347139677	38.948094397524656	42.48841535120051	
223.62129461884578	57.36095794940134	38.85212883996019	42.36886639519136	
219.173719738672	57.38510546971043	38.79588150392488	42.320571354573175	
214.80276781907102	58.24335814608007	38.59792482270716	41.88118893332241	
211.79636766321926	58.324819981875095	38.275105542761665	41.71826526173236	
208.05878184845818	60.326160914807645	38.19359908020596	41.49392244190619	
205.59129673609806	60.45892642776559	38.109959289567286	41.228391415990295	
202.1057636644681	61.87795460980314	37.58593619272404	40.888698131949575	
200.51192867691637	62.177765101774824	37.06696410564219	40.289077148006214	
196.46921523327075	63.03780352740401	36.626802935755606	39.78694144777324	
195.32680898843847	63.772185483537385	36.50539789952431	39.52128629845441	
191.24274810416392	63.93588428089551	36.29427404663032	39.193888703738175	
190.6909221255542	64.10875802648721	36.2093553086926	38.84814121255475	
188.95211968507286	64.82501331410936	36.14148463704453	38.59745582151405	
187.25336021787007	64.87248428396127	36.008506642052474	38.50251388181022	
186.70222280671896	64.94196070890021	35.937543905707784	38.363561031932335	
186.15000416539257	64.85516906262725	35.87204098766449	38.537144324478255	
186.21509566386965	64.08327238278858	35.741857990710365	38.90932741011884	
186.79767892662497	63.30931604917855	35.752036094177626	39.281895448360956	
190.25360869809626	62.46405050475224	35.92803528035353	39.79111674902717	
193.66395835540865	61.69462951163983	36.25957331227137	40.137919177494865	
197.01293368084043	60.89587033093078	36.77795757387566	40.53271505350168	
201.5714829503654	60.33104493283081	37.39791409519026	40.44523396715604	
204.3680825755711	60.33401861061013	37.93292232379912	40.4392866115974	
207.90394980412728	60.3729843253487	38.26548919136384	40.36135518212025	
210.2665445385552	60.36606060120598	38.49273189101711	40.375202630405695	
214.3975968973045	60.33111641292939	38.92411102749013	40.445091006958876	
217.25414417440828	60.351849300212194	39.46027305331606	40.40362523239327	
220.7746197775201	60.98696471629083	39.96538535081031	40.39107165085565	
220.6187048003519	61.008567423574966	40.27721530514669	40.34786623628737	
222.41538585352194	60.83696717533145	40.49291180365378	40.69106673277441	
222.28177373153488	60.7439483371555	40.76013604762789	40.8771044091263	
223.48676933653718	60.778403173766414	40.921395845748776	40.80819473590448	
223.36541606395505	60.05668627334489	41.16410239091299	40.96454867875171	
223.30419741418842	59.371221096604884	41.28653969044629	41.042115402925475	
223.17103523974964	58.6414260460215	41.552864039323836	41.2051926791335	
222.94519185375879	58.69503848992754	42.00455081130551	41.097967791321416	
219.78301841287418	58.60177344225681	41.78548963558657	41.28449788666289	
218.70314135952486	57.81767164538372	41.32887807807234	41.54451864830263	
215.74502328986205	56.93562472745781	40.71965543094511	42.00352072686388	
213.35801927234598	56.87055990840097	40.282911628589524	42.133650364977555	
212.94418231538157	56.87699668685749	39.8127687420858	42.12077680806452	
209.87151110886757	58.1911658109833	39.507290817741946	42.072766694761654	
208.74436723580595	58.386160454633114	39.192445580721625	41.68277740746203	
206.26847092218512	59.7379397902912	39.05033981121634	41.52616793451931	
206.26801915865468	60.391312863116184	39.051243338277246	41.48819341116508	
204.80190470596355	60.42373350861128	39.44708738968423	41.423352120174876	
203.32361925226428	61.07682402540482	39.85674798421282	41.39062624302278	
202.65247358894177	63.51454189976169	39.9196101082718	41.632907304653045	
200.71178908362975	63.58121297940776	39.948316848329995	41.499565145360904	
200.07730354257131	63.66018973751247	39.93470228013553	41.34161162915148	
198.26404696020168	64.22997463674503	39.721533415735564	41.48193584039946	
198.26741669278366	62.976628210863964	39.71479395057164	41.43118936409741	
198.29494762345715	63.6282440742234	39.65973208922462	41.40577566966184	
198.88009306452395	63.644060657908675	39.7659893439343	41.37414250229129	
198.8247883682388	63.701139120813295	39.87659873650454	41.25998557648205	
200.177153384872	63.66552134981163	39.72725881029317	41.33122111848539	
201.4548752690621	63.695777891398535	39.72471307301666	41.27070803531158	
203.34017301035357	63.064261499589	39.78049864819279	41.25828046634426	
203.97915012897442	60.603451733434575	39.77869260835493	41.075307209037774	
205.33198320451757	60.01759201219732	39.619527264567765	40.973776247862716	
206.07175142884563	59.16814669985254	39.409131901708854	41.40352578675501	
208.71806975021613	59.10641668435946	39.20666879861724	41.52698581774117	
209.30832850799786	58.87547785277196	39.29741613868981	41.98886348091618	
212.3916174204971	58.100923192539156	39.53045558817179	42.25804934648571	
213.5349261594385	56.787314518242425	39.81949586487607	42.309608940492105	
218.10100890756885	56.77110393980762	39.73989207317533	42.34203009736172	
218.51640401651906	56.75604991956368	40.20156815435741	42.37213813784958	
219.92468903900487	56.71980505681364	39.98552012231501	42.44462786334967	
220.55087870210318	56.84637308200408	40.03110894210993	42.1914918129688	
221.06655648799983	56.9668503134704	40.29448573242433	41.95053735003614	
222.26855274991934	56.924226829802386	40.48075635129106	42.035784317372176	
222.3236167519606	56.8904939810262	40.37062834720854	42.10325001492456	
222.34773379697862	56.89698317637558	40.32239425717252	42.09027162422579	
222.3799466318247	56.80797587756514	40.25796858748032	42.268286221846665	
222.46557066185485	57.482141366873606	40.08672052742001	42.2194849004246	
222.46090930000648	57.438566499343224	40.09604325111677	42.30663463548535	
222.4934490220832	57.62582007890843	40.03096380696332	41.93212747635493	
222.00833315028365	57.69272568398528	39.71052501788171	41.79831626620124	
221.98551825313004	57.66237763110021	39.756154812188925	41.859012371971374	
221.9968838386075	57.66368982255024	39.73342364123404	41.85638798907132	
222.0747479153154	57.57892182451176	39.577695487818154	42.02592398514828	
221.48274555760094	57.55400196499462	39.47674842923379	42.07576370418256	
220.21057146013726	57.520305560842814	39.45283968239359	42.14315651248617	
220.25323672431153	57.48859736352671	39.367509154045024	42.20657290711839	
220.26935050116103	57.52479150409081	39.33528160034603	42.13418462599019	
220.36298842244395	57.56456984768265	39.14800575778019	42.05462793880651	
219.09887317869672	57.44560834999659	39.11908262467298	42.29255093417863	
218.46365373817574	57.41354849389893	39.107692070170835	42.35667064637395	
218.5049406532475	58.037413623140075	39.025118240027325	42.39158864067171	
218.50492094011273	58.03628373290803	39.0251576662969	42.3938484211358	
218.5095481290251	58.017529535114335	39.01590328847213	42.4313568167232	
218.5296419394693	58.04184760484714	38.97571566758377	42.38272067725758	
218.6307760261705	58.060500738838236	38.773447494181326	42.34541440927539	
218.71245506121252	58.100119863013376	38.61008942409727	42.26617616092511	
218.7659856843469	58.14816403065993	38.503028177828504	42.170087825632	
218.8573762079659	58.146274916413844	38.3202471305905	42.173866054124176	
218.2514082349116	58.26148514957295	38.264922468834115	41.94344558780597	
218.30079979560279	58.1335112376328	38.16613934745173	42.19939341168626	
218.2560788775491	58.095698527671814	38.25558118355912	42.275018831608236	
218.25043046520142	57.44900564722968	38.26687800825445	42.30060114566968	
218.26668775362324	57.43282931947443	38.23436343141085	42.33295380118018	
218.2842646710554	57.50919747208216	38.19920959654648	42.180217495964726	
218.4308945351537	57.3869029049756	37.90594986834993	42.424806630177834	
218.61299411150856	56.689120619096755	37.54175071564021	42.555820410909064	
218.0503600081471	56.93380913250914	37.40625787170961	42.0664433840843	
217.54040185073967	56.410880634011264	37.17517362843526	41.861299822990816	
217.04858401367045	56.652519320787846	36.91468748577428	41.37802244943765	
215.89610829764746	56.79128303382767	36.754728757976665	41.10049502335801	
215.40810860327764	56.90770535448014	36.50513923216469	40.867650382053064	
214.89613697917184	57.075100438969386	36.311097644764146	40.532860213074564	
214.96560882172201	57.14760846085426	36.17215395966376	40.387844169304834	
214.9974051966888	57.21073209776354	36.10856120973023	40.261596895486264	
215.0671050199379	57.223684173686735	35.969161563231964	40.235692743639866	
215.7445772895791	57.26605413445606	35.81382315496817	40.15095282210122	
216.33001200681824	57.28037308453697	35.83876185720534	40.122314921939406	
216.3541070284638	57.221214009195506	35.790571813914184	40.24063307262233	
216.93412248230024	57.28185226209944	35.827369890218634	40.11935656681446	
216.98224858868943	57.298916508346764	35.73111767744022	40.085228074319815	
217.60619698259987	57.27784294077893	35.676686754127964	40.12737520945548	
217.51561555022596	56.69064203402327	35.8578496188758	40.108526775241046	
217.3902556798667	56.65667079905266	36.10856935959432	40.176469245182254	
217.86985462104272	56.721986670873925	36.35028358255857	40.04583750153974	
217.86818395704822	56.66773046056298	36.3536249105476	40.15434992216163	
218.2731408050376	56.51314102327258	36.74818948033469	40.46352879674242	
218.15443309296128	56.44297511520314	36.985604904487325	40.6038606128813	
218.66306244266025	56.42052448883051	37.18989535835867	40.64876186562657	
218.53335271319958	56.29419974971789	37.449314817280055	40.9014113438518	
218.43196828237856	56.281199306463066	37.65208367892207	40.92741223036146	
218.32361610761376	56.18449165885979	37.86878802845166	41.120827525568004	
218.30300480239234	56.16711638488954	37.91001063889452	41.1555780735085	
218.29146137935197	56.171341151973294	37.93309748497523	41.147128539341	
218.3397311379135	56.17620100088656	37.836557967852194	41.13740884151447	
218.3190950956609	56.18616335211274	37.87783005235734	41.11748413906211	
218.32794158179829	56.186201716038894	37.8601370800826	41.117407411209804	
218.90623557457522	56.2172164079141	37.94702547655102	41.05537802745938	
218.93234819404378	56.22673738391954	37.8948002376139	41.036336075448496	
219.60917001909448	56.83625790290084	37.78392044961278	41.0600588995862	
219.6337275232909	56.792595244897264	37.73480544121991	41.14738421559336	
219.80631071747823	56.728502409020024	37.389639052845276	41.27556988734784	
219.85175063438572	56.087108836754396	37.2987592190303	41.3199127726287	
219.8159402515672	56.23647956980986	37.37037998466727	41.02117130651777	
219.69951303089513	56.22774287384407	37.60323442601147	41.038644698449346	
219.6688434381924	56.193382184281596	37.66457361141693	41.1073660775743	
219.72854313717465	56.188037073946546	37.54517421345241	41.1180562982444	
219.69464845646314	56.10897302295883	37.612963574875415	41.27618440021983	
219.5536035996756	56.01574772269096	37.89505328845051	41.46263500075556	
219.39457682908824	55.958089803992294	38.21310682962525	41.5779508381529	
219.85654896564236	55.91120173711289	38.54543528835033	41.67172697191171	
219.65186405349306	56.03159433487667	38.954805112648934	41.430941776384145	
219.56870606452972	55.9154559777033	39.12112109057561	41.66321849073089	
218.05232472722798	55.80357863979146	39.60981007329094	41.88697316655457	
217.88036239640599	56.0671419350285	39.95373473493492	42.643135227423016	
218.33212243558052	56.0198233194996	40.3507803760831	42.73777245848082	
217.46962519421322	56.03564170241553	40.76742870736686	42.706135692648964	
217.36947124546953	55.99911619296456	40.96773660485426	42.779186711550906	
217.28016698344783	55.874943235198415	41.14634512889771	43.02753262708319	
216.51210705304743	56.52237716756744	41.356974874738064	43.058154877305576	
216.33904845876958	55.98235003489012	41.703092063293724	42.80890450873608	
216.3594162129768	56.012892415556024	41.662356554879295	42.747819747404264	
216.25896823868717	56.64031585863938	41.86325250345858	42.822239498800265	
215.55656557638306	55.30385895176299	41.93444941021989	42.82793647685924	
215.57058053309748	55.70790900979961	41.90641949679102	43.354658543291585	
215.01899721269544	56.115567783576964	41.66694042069719	43.88198671263482	
214.97967293021452	55.42431347744995	41.74558898565905	43.91738102895182	
215.61934068362305	56.04128042518941	41.815168236714946	44.032361891345886	
214.97337297276738	55.83967660425985	41.755286778640375	44.43556953320502	
214.1980132257599	55.90005051366991	41.948834035398136	44.31482171438489	
213.48212802220232	55.89212454661158	42.02224942271094	44.330673648501545	
214.1569564057329	56.58809029156646	42.0323597265239	44.29850922946591	
214.12801094423747	55.95527399407066	42.09025064951478	44.20471768350983	
214.13586208325364	56.64826088843438	42.07454837148242	44.177617781375545	
213.46083655021056	56.550357497434234	42.06639855450905	44.373424563375835	
213.46950496987475	56.527002719408365	42.04906171518063	44.42013411942757	
213.3889060749561	56.58212168750343	42.210259505017916	44.30989618323744	
213.47325867110666	57.15263784302577	42.041554312716826	44.53128570385379	
212.70263287573405	55.21809465205152	42.21959504768974	44.31073951848534	
212.70304520172792	55.31259760547444	42.218770395702016	44.12173361163952	
211.99523129541714	55.34385951874711	42.27478779677224	44.05920978509416	
212.011304098897	54.80329617560321	42.24264218981248	43.78081856238489	
212.70376404645663	54.29208861767799	42.21236832126698	43.448587651661576	
212.70970910024917	53.8043589192816	42.2004782136819	43.075090735452164	
212.7208175691631	55.1794189699955	42.17826127585404	43.010780008978955	
212.72593866231227	54.564578694534426	42.1680190895557	42.89891687022687	
212.7883760584109	54.505981180357125	42.043144297358424	43.01611189858147	
213.53567303952588	54.43737190296112	41.88804427211417	43.153330453373485	
214.28852563724843	54.42870818857325	41.721536265667986	43.170657882149214	
213.64732463937798	54.51218872663932	41.66710200939397	43.00369680601708	
213.66785419677873	54.57685029676732	41.626042894592494	42.874373665761084	
213.64521630440976	54.616975196775435	41.67131867933043	42.79412386574485	
213.70139255931264	54.62295881121149	41.558966169524716	42.782156636872735	
214.47849799733854	54.70286807323021	41.33292703050982	42.622338112835294	
214.63571828781502	54.80284858514364	41.01848644955685	42.422377089008435	
214.73716407001612	55.006012862454725	40.81559488515465	42.016048534386265	
214.87019623628896	55.12449443925534	40.54953055260901	41.779085380785034	
214.99545970775355	55.763475154019005	40.29900360967982	41.79760143974994	
215.26511179543832	55.694780384077646	39.75969943431029	41.93499097963266	
215.51752951492256	55.6685588643726	39.254863995341786	41.98743401904275	
215.72055159346345	55.81484203150715	38.848819838260006	41.694867684773655	
215.32084678339632	55.861008899635806	38.38002291126926	41.602533948516346	
214.91710308352424	56.020279245277685	37.92819809413061	41.28399325723258	
215.00921508185917	56.05429405952386	37.743974097460764	41.21596362874023	
214.44115199732641	56.214483837070546	37.636937245556105	40.89558407364686	
213.99631859033735	56.348039398278075	37.2901376403504	40.6284729512318	
214.24724097069378	56.380822235115616	36.78829287963754	40.562907277556725	
214.4049448927753	55.843280753784896	36.47288503547455	40.420223746690084	
214.52448671900865	55.8624189271945	36.233801383007815	40.38194739987088	
214.6136179890319	55.914480804850434	36.05553884296133	40.27782364455901	
214.62756925191417	55.98570448973808	36.02763631719675	40.1353762747837	
215.1262716210766	55.930459105662464	36.229212908668664	40.245867042934954	
215.7094469453356	55.948457815110146	36.26677887224527	40.20986962403958	
215.69545657076782	55.97612609536328	36.29475962138079	40.15453306353332	
215.60927948983348	55.98989886301817	36.4671137832495	40.12698752822354	
215.59636485440325	55.885670488755544	36.492943054109986	40.33544427674879	
216.11781522804577	55.81041403064446	36.65955980568988	40.48595719297096	
216.6349208110907	55.84494172384704	36.83986501458635	40.4169018065658	
216.57623368766673	55.793616249979344	36.95723926143428	40.51955275430119	
216.56112405422152	55.737249795707456	36.9874585283247	40.632285662844964	
216.6251505201292	55.691666297934354	36.85940559650929	40.72345265839117	
216.64657790377944	55.60551406498786	36.81655082920882	40.89575712428416	
216.63612037671692	55.53831813368225	36.83746588333388	41.03014898689537	
216.68611905038475	55.50960924897453	36.737468535998225	41.087566756310814	
216.7250888157737	55.614574964643836	36.65952900522035	40.8776353249722	
216.7994521748015	56.29644764606077	36.51080228716471	40.73449587276113	
216.77978258995228	56.33578655641641	36.55014145686318	40.65581805204985	
216.74710503922336	56.94898081621098	36.615496558321034	40.64484154985623	
216.68551501977254	57.584310017701874	36.73867659722262	40.59046764963212	
216.60485400022273	58.26845620031449	36.899998636322266	40.43957934973846	
216.51753211153266	58.730115340067684	37.074642413702406	40.73388825052595	
216.4401278613795	58.73505828888899	37.22945091400871	40.72400235288333	
216.4703354901717	59.26436939264798	37.169035656424334	40.8926851656012	
217.0221821315772	59.837822892149404	37.29431111022358	40.97474690320865	
216.8775670866611	60.3965794587008	37.58354120005582	41.08947663531751	
216.89716416411858	60.91268734945618	37.544347045140846	41.29589842656301	
217.50602468581513	60.8402019402236	37.56785321408479	41.44086924502817	
218.15550469181585	60.901941362080365	37.51275126407231	41.31739040131463	
218.72001292251377	61.55675009396178	37.62479283493382	41.24883096980917	
219.20718660897356	61.55407615174684	37.89222194493196	41.25417885423906	
219.12301863646456	61.64098701197392	38.06055788994997	41.08035713378491	
219.59954340854412	62.308808865816566	38.353595122334994	40.99080020264371	
219.52038124982005	62.500902705866345	38.511919439783156	40.606612522544154	
219.5109195108978	62.66033364859619	38.530842917627616	40.28775063708446	
219.9758622560571	63.45646275293842	38.84211802736508	39.93665302845608	
220.0043501959223	63.64851611228122	38.78514214763467	39.55254630977048	
219.9635712057314	63.72204289479309	38.86670012801646	39.405492744746745	
219.91771831985972	63.853738030329254	38.95840589975987	39.14210247367441	
219.96731691156026	64.48501033380006	38.859208716358765	39.10948628193586	
220.0856268128262	64.46205831917769	38.622588913826846	39.1553903111806	
219.60634713857186	63.72474848823497	38.356305380549244	39.40516709127975	
219.5806491876331	63.833219482576375	38.407701282426785	39.188225102596945	
219.64010333554248	63.93453081099173	38.288792986608016	38.98560244576623	
219.06588793838168	63.808726237368106	38.22031653671781	39.237211593013484	
218.97955970207357	63.9655902672872	38.39297300933404	38.92348353317529	
218.87974472014136	64.5808977551077	38.59260297319846	38.91044338471207	
218.92445631741538	63.94535086112851	38.50317977865038	38.96101932346441	
218.76626182266926	64.08242677948226	38.81956876814265	38.68686748675691	
218.74250475860825	64.2021019942049	38.867082896264655	38.44751705731165	
218.57403943781992	64.21356258499135	39.20401353784135	38.42459587573874	
218.59439377138	64.17948957548496	39.16330487072118	38.492741894751504	
218.65610837703355	64.26540919656502	39.039875659414065	38.32090265259139	
218.7121610130352	64.19464174541952	38.927770387410774	38.462437554882385	
218.67292510268538	64.15054522966628	39.006242208110415	38.55063058638888	
218.67101884936693	64.11655559204742	39.0100547147473	38.618609861626595	
218.5895508784792	64.17614084438421	39.172990656522735	38.499439356953005	
218.72238300532572	64.1699235269584	38.9073264028297	38.51187399180463	
218.87261739122147	64.01681393446503	38.60685763103822	38.818093176791365	
219.04556623226327	63.97582159566337	38.26095994895463	38.900077854394695	
219.128103440123	63.35594262519328	38.095885533235176	38.9247117625628	
219.34081503207355	60.53334709332874	37.67046234933406	39.718281887542354	
219.4759553200432	60.22378700749002	37.400181773394785	40.33740205921982	
219.57481064199044	60.126972231281606	37.20247112950027	40.531031611636635	
219.81400502563588	60.83451423331228	36.7240823622094	40.33981665506073	
220.01491341314008	60.34508013585562	36.32226558720102	40.10541413459903	
220.0588624108682	60.22160813450612	36.234367591744814	40.352358137298026	
220.1493160948476	60.18533415340884	36.05346022378599	40.42490609949259	
220.22491349860272	60.0560559360007	35.902265416275746	40.683462534308866	
219.75906735495272	59.34525374000289	35.628470963735495	40.89958018646423	
219.85744052296616	59.30684111865992	35.431724627708604	40.97640542915016	
219.8411806638344	59.16025044282645	35.46424434597213	41.269586780817086	
219.86257467191137	59.169068932987315	35.42145632981814	41.251949800495375	
219.86486676682196	59.20289747686504	35.416872139997004	41.18429271273992	
219.87475586770597	59.24821701155235	35.397093938229006	41.0936536433653	
219.89290520056517	58.56272343246161	35.360795272510614	41.26089751648596	
219.92297411333442	58.499851144673414	35.30065744697209	41.38664209206234	
219.956802112881	58.553993143628986	35.23300144787892	41.278358094151194	
219.93364349035662	58.605684434907126	35.279318692927674	41.17497551159492	
219.9293828667365	58.63069161306909	35.28783994016797	41.124961155270995	
219.92098651432994	58.625747041440604	35.30463264498105	41.13485029852797	
220.4717658071155	58.605676786839645	35.40596976304741	41.174990807729884	
221.02761845393326	58.557454517671474	35.49940804540088	41.27143534606622	
221.5202188172423	58.57349165048866	35.72234240336651	41.23936108043185	
221.52490879113546	58.51796588413474	35.71296245558016	41.350412613139696	
222.09169263408168	58.58883095418743	35.79217914707647	41.20868247303432	
222.71233918385397	59.29211817851399	35.76274777928337	41.013969756132695	
223.25839344624688	59.241417209294404	35.879014200409486	41.11537169457186	
224.354955707089	58.54314380355315	36.10950724394518	41.3001097234444	
226.6152948071419	59.10559301633319	36.462284072917086	41.39357505515375	
227.11309915909163	59.26124172530825	36.69213689062761	41.08227763720362	
227.68812166508718	59.49699895192252	36.76639789459368	40.610763183975074	
230.07867050055813	59.587671686258226	36.85794792265215	40.42941771530367	
229.8655000221114	59.50671692961734	37.28428887954563	40.59132722858545	
231.08402743604182	59.496463744953914	37.29945640409923	40.6118335979123	
231.68525222563622	60.150027492433914	37.32367902824283	40.53137830628471	
232.27381273309388	60.14140192900087	37.37236172301198	40.54862943315079	
232.8582217162303	59.52643721410877	37.43039108478197	40.551711534892185	
233.02176317616534	59.34898737215593	37.10330816491187	40.90661121879785	
233.10088614355053	59.26920714415865	36.945062230141495	41.066171674792415	
232.55324560275665	59.13749421671257	36.812248573781176	41.32959752968457	
232.5047551104101	59.072626655964555	36.90922955847431	41.4593326511806	
232.5449037134755	59.10182039806641	36.82893235234347	41.400945166976896	
232.5577311166344	59.0760754770201	36.80327754602572	41.45243500906952	
232.01200473533945	59.11963948721164	36.662900714332125	41.36530698868643	
231.40585643319884	58.993337380717165	36.64696463246749	41.617911201675376	
230.71182576333428	58.35697453147935	36.80312990852752	41.65874083648191	
230.0158901480659	58.31797991016146	36.959972783476395	41.73673007911769	
228.73756560480194	58.31716885550459	37.03912732282048	41.73835218843143	
228.26803889985126	58.207364201529344	36.738142433280565	41.95796149638193	
228.42400577319447	57.61864862129769	36.426208686594165	41.89676566513704	
227.42269550611832	57.58042887528458	35.963468665697754	41.97320515716324	
226.96303004277553	57.6176938992088	35.65636296953814	41.898675109314816	
227.0400731055433	57.73616541349333	35.50227684400256	41.66173208074575	
225.89795027628327	57.72281456004228	35.35809647951264	41.688433787647845	
225.37232220308658	57.81999106997398	35.19704572428878	41.494080767784446	
225.24795063287246	57.82390996640612	35.445788864717045	41.486242974920174	
225.18675038541159	58.384196452005675	35.568189359638794	41.5762640882311	
225.2381803189382	58.9507121679664	35.46532949258554	41.65718449916205	
225.22820447670688	59.012231485251704	35.485281177048165	41.534145864591444	
225.2878596762865	58.99987888554804	35.36597077788893	41.558851063998766	
225.161777143115	58.92601567537332	35.618135844231986	41.7065774843482	
225.11670404540465	58.892176689305444	35.70828203965268	41.77425545648396	
225.073213340746	58.80851093537662	35.79526344896991	41.94158696434161	
225.10018536517535	59.49799878874989	35.741319400111266	41.7858566306616	
225.05789104234117	59.602993600027254	35.825908045779585	41.57586700810687	
224.98749079212786	60.24084325509223	35.96670854620624	41.518252156267636	
224.9349927900473	60.88816916872581	36.07170455036739	41.44305270698163	
225.54566752745188	61.14807383217157	36.07032700721108	40.92324338009011	
225.61167114928122	61.29109809063917	35.9383197635524	40.63719486315491	
225.54934327553178	61.99807180632898	36.062975511051235	40.42859332505096	
224.87219888486027	61.931948346718585	36.2131632289893	40.560840244271766	
224.68996169520014	61.86606323595629	36.577637608309544	40.692610465796356	
224.6188219102523	61.63882089115058	36.71991717820522	41.14709515540777	
224.48723924824708	61.54024740475388	36.983082502215694	41.344242128201174	
224.49400402058689	62.11419368429915	36.96955295753605	41.42937265277143	
224.48671601412195	62.87528390355328	36.98412897046591	41.141321448907014	
224.3641504084458	64.3560215015122	37.22926018181822	40.63961929502858	
224.23784572513583	64.59621320665039	37.48186954843817	40.15923588475219	
224.1279083426095	65.38740092436082	37.701744313490835	39.799373265534285	
223.8800931621259	65.6858895430409	38.197374674458025	39.202396028174114	
223.7058836016464	65.788205897586	38.54579379541699	38.99776331908394	
223.58467825181103	65.83700785496663	38.78820449508775	38.90015940432268	
223.29060892740162	65.80811926336982	39.37634314390656	38.957936587516286	
223.25039183058078	65.82691544816691	39.45677733754825	38.9203442179221	
223.25784117229387	65.94832880739133	39.4418786541221	38.677517499473254	
223.28237503622688	65.9624028423176	39.39281092625603	38.64936942962071	
223.32554584068268	66.01883751711229	39.30646931734445	38.536500080031345	
223.36074442820797	65.89301104483957	39.23607214229388	38.78815302457678	
223.4565287850663	66.03209348555384	39.04450342857721	38.50998814314825	
223.46078247117697	66.077805338908	39.035996056355856	38.418564436439944	
223.46210539432377	66.08340572042853	39.03335021006231	38.40736367339887	
222.8750530339248	66.6719060910873	38.98792609044865	38.44989177249294	
222.803356531486	66.50512596907319	39.131319095326205	38.78345201652117	
222.77944162805719	66.54163346586878	39.179148902183854	38.71043702292995	
222.84972875544193	66.53453734139367	39.038574647414336	38.72462927188019	
222.9247840575483	66.61357843262397	38.888464043201644	38.566547089419615	
222.96194495930195	66.65518965036689	38.81414223969431	38.48332465393376	
222.9614685781706	66.0380325021342	38.815095001957005	38.500358794267655	
223.05124629347847	66.03823829244213	38.63553957134129	38.499947213651815	
223.0948868753319	66.08582982549886	38.54825840763444	38.40476414753834	
223.14082142581424	66.0171463346766	38.456389306669756	38.54213112918287	
223.152075528177	65.9591758651745	38.43388110194422	38.65807206818705	
223.06532774242925	65.81985550944867	38.607376673439724	38.936712779638725	
222.9082297173637	65.09381277434538	38.92157272357084	39.16763424018862	
222.90467485093438	64.23240952460586	38.928682456429456	39.66069097517533	
222.8607035765378	64.18014591127104	39.016625005222636	39.765218201844974	
222.7564559082839	64.21998228492686	39.225120341730445	39.68554545453331	
222.40445504917045	64.085970548301	39.929122059957336	39.95356892778502	
222.38190041395256	64.02199513098195	39.97423133039305	40.08151976242314	
222.47801542996731	63.91158959133654	39.78200129836358	40.30233084171395	
222.47540342067862	63.89270690437381	39.78722531694096	40.34009621563942	
222.50386649352026	63.28384537571643	39.73029917125769	40.29597919914973	
222.58675272170086	63.3850861409655	39.56452671489649	40.09349766865159	
222.6780884927372	63.21339940067594	39.381855172823784	40.43687114923072	
222.6388674151353	63.019705955291016	39.460297328027615	40.82425804000056	
222.5987256281719	62.97318218958347	39.540580901954385	40.91730557141566	
222.62559447156005	62.85844501899369	39.48684321517809	41.1467799125952	
222.63784184215635	62.18251300414637	39.46234847398552	41.22889037458517	
222.6495515851605	62.108674890046274	39.43892898797717	41.376566602785374	
222.66125784350052	62.188479436928375	39.41551647129718	41.21695750902118	
223.36349302948065	62.20259745699502	39.2807696109541	41.18872146888787	
223.27038079507258	62.172307072520105	39.46699407977024	41.24930223783771	
223.2167998614207	62.292192967241256	39.57415594707403	41.00953044839541	
223.93943680766833	62.26743452647686	39.39786615585366	41.0590473299242	
224.61940021155172	62.382628486838115	39.304909837904304	40.82865940920169	
225.2393003645635	61.74925595015	39.326998466995924	40.83351554746275	
225.33443189560631	61.73183389595228	39.13673540491027	40.8683596558582	
225.38794207908717	61.75764049883311	39.02971503794857	40.816746450096524	
225.36041910245476	61.69154344544002	39.084760991213365	40.94894055688271	
225.39829879703836	61.74267991350371	39.009001602046155	40.84666762075534	
225.38292171283712	61.799740848879495	39.03975577044866	40.732545750003766	
225.35316526171323	61.788212582911676	39.09926867269641	40.7556022819394	
225.31861584351515	61.82504778052192	39.16836750909262	40.681931886718914	
225.3793074439818	61.816429881164424	39.046984308159324	40.699167685433906	
225.45667308244083	61.73896421967437	38.89225303124121	40.85409900841401	
225.51206607403708	61.63048698658374	38.78146704804872	41.071053474595274	
225.47493315681098	61.6559156306956	38.855732882500924	41.02019618637156	
225.50084224342402	61.608794119835636	38.803914709274835	41.114439208091476	
225.4728980317308	61.782675235558244	38.85980313266126	40.76667697664627	
225.51830263422573	61.814905154966844	38.7689939276714	40.70221713782907	
225.61324019047362	61.828192639157976	38.57911881517565	40.6756421694468	
225.4820418222876	61.95858771354219	38.84151555154767	40.41485202067838	
224.95271365741854	62.02310003797841	38.652101591634874	40.28582737180593	
224.3811678386861	62.120768630961436	38.55214279865271	40.09049018583989	
224.2489672617058	62.40880978771099	38.816543952613365	39.51440787234077	
223.2019355225242	62.4297095052557	38.4435153160981	39.47260843725135	
223.30035260381177	62.54171639512919	38.24668115352297	39.24859465750437	
222.87048767472987	62.4903515270747	37.88603846658936	39.35132439361335	
222.92086247584908	63.09937484498231	37.785288864350946	39.34955945861512	
223.0665382337276	63.022820802443164	37.49393734859385	39.502667543693406	
223.0236274025604	62.92096096794167	37.5797590109283	39.70638721269639	
223.047243839315	62.67809467421576	37.53252613741907	40.19211980014821	
223.09722200482483	62.685277115608145	37.43256980639942	40.17775491736344	
223.29825317601274	62.61699350898302	37.030507464023636	40.31432213061369	
223.06088540753856	62.43066059132079	36.28748866877949	40.68698796593815	
222.72139932050618	62.33088768747635	35.754759451081696	40.88653377362703	
223.08761493002734	62.06347164166638	35.022328232039385	41.421365865246976	
222.6896062222257	62.015052558051416	34.61556285256906	41.5182040324769	
223.077932914542	61.912412943001485	33.83890946793644	41.72348326257677	
223.44160861389844	61.84081643940169	33.11155806922357	41.86667626977635	
223.7757510366171	61.801969346277104	32.443273223786264	41.944370456025524	
222.44368659541837	61.872922260119815	31.600199014350128	41.802464628340104	
222.72265572803903	61.87790525472536	31.042260749108852	41.792498639129015	
221.3544499837348	61.849835487612125	30.34704310885192	41.848638173355475	
221.46452509990803	61.84135189298061	30.12689287650548	41.86560536261851	
221.61973023155713	61.8534632246398	29.81648261320732	41.84138269930013	
221.3152513365301	61.16780292959889	29.300949338310033	42.08821222443061	
221.44404189446988	61.10164854437522	29.043368222430498	42.220520994877944	
221.48875108371342	61.151923066317394	28.953949843943406	42.11997195099361	
221.55153993252148	61.12958285438157	28.828372146327304	42.164652374865256	
221.5968111437325	61.137414380371375	28.73782972390526	42.14898932288564	
221.53067989472532	61.159606981236195	28.870092221919634	42.104604121156	
221.57026074700158	61.15654811000535	28.790930517367094	42.110721863617684	
221.55987753601116	61.13606446041259	28.81169693934794	42.15168916280321	
221.570116634943	61.17438438113044	28.791218741484258	42.075049321367516	
221.5585787458702	61.206404510737585	28.814294519629897	42.011009062153214	
221.42453917240195	61.41697982419565	29.08237366656633	41.58985843523708	
221.43231442021974	61.435884827082646	29.066823170930782	41.5520484294631	
221.97882499720652	61.39077219040072	29.081556524071146	41.642273702826955	
221.7945103636215	61.325140196827604	29.450185791241125	41.773537689973175	
222.23725775338642	61.270059384825714	29.682119276176472	41.883699313976955	
222.61888511094776	61.88415065165315	30.041782775481494	41.77843499474973	
222.88188135326294	61.771120188309894	30.64303548858474	42.00449592143624	
222.93434003956847	61.667785682482	31.678670655980667	42.211164933092036	
222.8601263007618	61.723807272879746	32.98775844414567	42.09912175229654	
222.92694268343206	61.983926996893516	34.03441782529677	41.57888230426901	
223.2099627526432	62.204290579585134	34.65765557745628	41.138155138885764	
223.39582179823864	61.844429583790735	35.47848109502366	40.66533352171636	
223.63657683309248	61.401408979559186	36.19539049459411	40.35295526090137	
223.89321414643217	60.87310768373484	36.88715703894236	40.204516681522435	
224.34300183356262	61.01151589020381	37.201342733065005	39.92770026858449	
224.2337059981508	61.02739075836516	37.419934403888675	39.89595053226179	
224.65684918762184	61.05800936353634	37.79106491627104	39.83471332191943	
225.15364725783243	60.98781426688147	38.01981606046938	39.975103515229165	
225.00595245384986	61.000929569066	38.31520566843453	39.9488729108601	
225.44573316565467	60.97316917226145	38.668082289890435	40.00439370446921	
226.09238946038565	60.942166262982916	38.61366164784398	40.06639952302628	
226.030763537812	61.00796860437181	38.736913492991306	39.934794840248486	
225.8820698861647	61.84510165917355	39.03430079628587	39.499417366600944	
225.74208679246678	62.10885467229249	39.31426698368171	38.971911340363064	
226.28237413212184	61.66529698103818	39.466542559144784	38.626176468098464	
226.90421026940984	62.25905869961002	39.45265908154064	38.66844182792664	
226.87968579506176	62.129213786612965	39.501708030236784	37.69789359314222	
227.50042503311636	63.00099081868221	39.47588834222918	37.169998317105325	
228.7979651610247	63.16131673529023	39.29457862457328	36.849346483889285	
229.62892334611684	62.952379439510864	38.831624599567746	37.26722107544801	
229.3624051282746	63.7399051669848	38.16631732601159	38.088857038981466	
231.65325404230975	63.41771564441579	37.18722569618239	38.73323608411949	
232.21662359689248	64.14038932653165	36.060486587016946	39.67896041737258	
232.51537829501584	64.38661974289946	35.46297719077021	40.378906430582774	
232.73793584042667	64.18194915127141	35.01786209994856	40.78824761383887	
232.8457832941653	64.28513487569336	34.8021671924713	40.58187616499498	
233.59110498004728	63.58491993950468	34.497801483201975	40.796028374877764	
233.04861757613477	62.951241353950316	34.39808422386652	40.878693478826065	
233.09974030692723	62.93791615481413	34.29583876228162	40.905343877098424	
233.21359559327215	62.84084184174212	34.0681281895918	41.09949250324245	
233.2337301395849	62.806223141563436	34.02785909696625	41.168729903599825	
233.26532707866872	62.22869874821707	33.96466521879864	41.14091606621528	
233.28322915313473	61.68379462850197	33.92886106986665	41.04930978562541	
233.30224790783635	61.79015696034651	33.89082356046341	40.83658512193633	
233.32297556839987	61.834280075144775	33.849368239336336	40.7483388923398	
232.73569901874106	61.84429502389658	33.850410939720874	40.7283089948362	
232.74160528512022	61.87101849379103	33.838598406962525	40.67486205504729	
232.15274324848082	61.90566281693351	33.844117444842766	40.60557340876234	
232.7835418332229	61.983370497853194	33.75374692971637	40.450158046922965	
232.28276366998531	62.01505823173363	33.58792800984047	40.38678257916208	
232.32428676542042	62.105720199121855	33.50488181897023	40.205458644385644	
232.36129802719074	62.22948685070007	33.4308592954296	39.95792534122921	
233.64583139221057	62.334530748063315	33.17096376361159	39.747837546502716	
233.60086016157544	62.381524673627155	33.260906224881865	39.653849695375044	
233.10393726488735	62.515352973127776	33.10759204973037	39.386193096373795	
233.19828444497477	62.545783886502974	32.918897689555564	39.32533126962341	
232.66962309564528	62.54973395070353	32.839634864534595	39.317431141222286	
233.36254869335107	62.442377446216426	32.58897008651079	39.5321441501965	
232.90532244331288	62.41257892812542	32.36897357138166	39.59174118637851	
233.0230800409598	62.29520063191307	32.13345837608782	39.826497778803216	
233.20369780452071	62.26745435458534	31.772222848966017	39.881990333458674	
233.40582673352245	62.212685075980076	31.367964990962548	39.99152889066921	
233.44393159436282	62.32469140213905	31.291755269281772	39.76751623835124	
233.48977543803844	62.391217183801814	31.200067581930547	39.63446467502573	
233.49428591734377	62.47957401075628	31.191046623319885	39.45775102111679	
233.55259970140364	62.471435059798935	31.074419055200146	39.47402892303149	
233.6059179932625	62.49038131728385	30.96778247148246	39.43613640806165	
233.65934309907124	62.49859724049573	30.86093225986498	39.41970456163789	
233.75611437002706	62.534082907774135	30.667389717953306	39.34873322708108	
233.71396479332535	62.55745742810679	30.751688871356723	39.30198418641578	
233.70849699640326	62.59472246726469	30.7626244652009	39.22745410809998	
233.60384214571175	62.647017293118935	30.97193416658395	39.12286445639149	
233.61526437894355	62.718222352831646	30.949089700120343	38.98045433696606	
233.75962448106569	62.745605336235755	30.660369495876047	38.92568837015785	
233.92496146523376	63.14385347955384	30.32969552753989	39.22310124609038	
233.87398947676868	63.733969277419696	30.43163950447007	39.13594848835531	
233.15060692539888	64.34555691987744	30.784998009653386	39.00617980099611	
232.43821429626604	64.9239067595734	31.112617614915315	38.94664577460793	
231.1331567817585	65.34084096448213	31.5195931939798	39.21434708976579	
228.7029239449701	58.78416629149045	33.04324489585835	37.86816922505678	
227.35081871641628	62.35283601447419	34.63138660795337	37.427242249165175	
226.178349359761	62.229130986723426	35.8417573248212	36.540084308223996	
225.66608114234543	62.417074319868696	36.86629375965234	36.164197641933455	
225.3017108245455	62.428975690694514	37.59503439525224	36.14039490028182	
224.4126781352323	62.54264259891167	38.21196840223336	35.913061083847516	
224.09698233776365	62.64972356236137	38.84335999717068	35.6988991569481	
223.9205465712607	62.59877923984473	39.19623153017658	35.80078780198138	
223.77827913966948	62.56714532897167	39.48076639335901	35.86405562372751	
223.69298339652954	63.10396794249148	39.65135787963894	35.97660122614297	
223.72360526167077	62.43063871193904	39.59011414935645	36.13261974561323	
223.68547505511273	62.93760371697499	39.666374562472534	36.310862927758215	
223.2154373790996	62.85999264967812	39.41024974383273	36.46608506235197	
223.32542167291928	62.69657707772035	39.19028115619335	36.7929162062675	
222.71813428685186	62.69581763333176	39.208419049727524	36.79443509504468	
222.78682326722642	62.909156724431554	39.071041088978404	36.3677569128451	
222.85694708319227	62.95006903760433	38.93079345704672	36.285932286499545	
222.89526763940435	62.80474093071698	38.854152344622534	36.57658850027424	
222.45356827036667	62.36525653800232	38.54980077987445	37.45555728570356	
221.27316566729206	62.137982550012474	38.516798464062084	37.910105261683256	
220.69299488538894	61.74156665662648	38.47357622132145	38.70293704845524	
221.0192046675399	60.94097813525186	37.82115665701951	40.30411409120448	
221.09223169890413	59.750706173388835	37.67510259429106	41.45449414035701	
221.00771552323982	60.01622646972538	37.84413494561963	42.16923354109986	
220.92379529774297	56.74150898202666	38.01197539661334	42.42070480313109	
220.81136219163602	56.85414369131979	38.23684160882729	42.19543538454482	
220.74480899641526	56.94483720836516	38.36994799926876	42.0140483504541	
220.74386036681034	57.3721217836396	38.37184525847863	42.42504366680512	
220.85812427470864	56.99596486326341	38.143317442682005	43.177357507557495	
220.86989884275553	57.268532943899245	38.119768306588256	43.91224831455594	
220.87885291790263	56.01675191984809	38.101860156294066	43.83373562116978	
221.54918382804257	57.04322625692113	38.05073311001899	44.35985649503334	
220.23464482888875	58.07683238872372	38.08610429335044	44.88635104640436	
220.14116835888606	55.43380562030033	38.27305723335583	44.95018352248422	
220.66674622825207	55.66868281245187	38.53144872773161	44.48042913818115	
220.72836655748213	56.91059870773789	38.40820806927151	44.60946568237214	
220.82292775468827	56.753659195269165	38.21908567485924	44.923344707309575	
220.84643681819455	56.74503116423455	38.17206754784666	44.94060076937881	
220.99401428749567	57.24532993041306	37.876912609244414	45.24777863416897	
221.02566304082325	57.10517336233046	37.81361510258925	45.52809177033416	
221.0721719224797	56.950675863847515	37.72059733927634	45.83708676730005	
221.2990870613177	56.96145625952591	37.266767061600376	45.81552597594326	
221.37078894358666	56.76025911558234	37.12336329706241	46.2179202638304	
221.4600490185996	57.29181436503078	36.94484314703659	46.46531585123658	
221.34864471537622	56.84009262739754	37.1676517534833	46.0573543762626	
221.25015171796485	56.82052214424997	37.36463774830607	46.09649534255773	
221.1135570303748	57.41918423662979	37.63782712348615	46.21172016541723	
220.97234516243483	55.90286261564626	37.92025085936611	45.28814827484967	
220.45309478938393	56.67979906494238	37.649668014904535	45.043358966820804	
220.49680086464178	56.38276604524173	37.56225586438882	44.33647460129275	
220.4685177264259	56.08985079641673	37.618822140820626	43.633664789311005	
220.55030190495754	56.34493534734429	37.45525378375733	43.12349568745588	
220.46144637748975	57.20134092213411	37.63296483869291	42.67885608284257	
220.3915929484973	54.562077638692756	37.77267169667775	41.63673833788189	
220.4846127026359	55.47147288459034	37.5866321884006	41.06811955224604	
220.67715590756853	55.079816869372536	37.20154577853533	40.613077459992844	
220.9451024155138	57.00015345101658	36.66565276264483	40.44780233003634	
221.11192597838425	57.08699325912576	36.33200563690388	40.27412271381797	
221.18028072201577	55.620997420858004	36.195296149640846	39.588125412164636	
221.16136677915506	53.514590128445825	36.23312403536225	39.028377349353164	
221.25314800241281	55.98973712127251	36.04956158884675	38.81814781164621	
221.77446267381188	54.9426538942608	36.1857497360779	38.554679285610995	
222.51108474420636	63.94324001716665	35.88937241267733	39.38337611801292	
222.54890974509783	55.815535825709716	35.8137224108944	39.04768814527503	
222.62219364558945	56.58694438100668	35.66715460991115	38.683515843480635	
222.62212971204815	55.60867530286852	35.667282476993734	38.29878242847428	
222.65605004104492	56.36506897003392	35.59944181900025	37.950630705626025	
222.82238590570512	56.223937134389935	35.266770089679795	38.23289437691399	
222.8729018274348	56.544355688505405	35.1657382462205	38.74929664618633	
222.96990006741797	57.76698840499734	34.971741766254105	39.795053939938995	
223.0129816111819	57.847328764889085	34.88557867872625	40.81119039723091	
222.93397569085622	57.56160532063375	35.043590519377645	41.38263728574158	
222.86280309819205	57.98311547448819	35.18593570470598	41.74214417182838	
222.72574620187783	57.9736266117606	35.46004949733438	41.76112189728356	
223.34012139774174	58.57478093256323	35.44636801073947	41.773882160811205	
223.2205242133776	59.66759705558364	35.68556237946782	42.018341646988915	
223.22378252954002	60.3471571672584	35.67904574714295	41.881888556543736	
223.18526524010386	60.37831941272793	35.756080326015265	41.81956406560467	
222.9881950659713	60.64664293984714	36.15022067428035	41.28291701136627	
222.75894425305614	60.865558367299414	36.60872230011066	40.84508615646172	
222.62706954412454	60.87379788287578	36.87247171797392	40.828607125309	
222.59946981328483	61.016773695832796	36.92767117965332	40.542655499394954	
222.6222736412752	61.12435651932876	36.88206352367259	40.32748985240304	
222.63106268199792	60.97653515837398	36.86448544222712	40.62313257431259	
222.78154074903154	60.946110521590654	36.5635293081599	40.68398184787923	
222.76022929794598	61.213310616869336	36.60615221033099	40.149581657321875	
222.755495874487	60.845355494624236	36.615619057249006	39.677062242993415	
222.43642205196034	60.91911750724492	37.25376670230233	39.52953821775204	
222.12692855021737	61.28721292590852	37.87275370578822	38.79334738042485	
221.7758955810381	61.183113133035974	37.36750123025752	39.00154696616995	
221.95638152770942	60.967218603116976	37.00652933691486	39.433336026007936	
222.165668489392	60.71752249001831	36.58795541354972	39.93272825220527	
222.4951113885139	60.42530172156475	35.92906961530591	40.51716978911239	
222.72186092544365	60.07554385342563	35.47557054144642	41.21668552539063	
222.83766025067578	59.909849289257565	35.24397189098215	41.548074653726765	
223.03715997810048	59.93804556417986	34.84497243613276	41.49168210388218	
223.13002653599276	60.66770660807077	34.65923932034822	41.23337227221404	
222.64118631344846	60.85537234693639	34.44288207501159	40.858040794482804	
222.126219349387	61.02496581808447	34.28805103428676	40.51885385218666	
221.50461884010573	61.338200225408066	34.354212605996665	39.892385037539455	
221.03030029496844	61.5477055819416	34.134425412298626	39.47337432447238	
221.1101226581103	61.54614649659938	33.9747806860149	39.47649249515684	
221.11865814349494	62.10726885043958	33.95770971524566	39.51014925754245	
221.0236167914585	62.06523466694118	34.14779241931855	39.594217624539255	
220.51807365623037	62.07021537933561	33.998379315880925	39.5842561997504	
220.60492122753598	62.553641023840925	33.8246841732697	39.775351546066155	
220.65033132583235	62.46135941123859	33.73386397667697	39.95991477127084	
220.66638818098917	62.41722655233665	33.7017502663633	40.04818048907471	
220.0937333104024	62.27573493713959	33.68671933563545	40.33116371946884	
220.11696360442423	62.07913308901959	33.64025874759184	40.724367415708834	
219.56547816267607	61.92935977288427	33.57346234541308	41.02391404797948	
219.55568596580454	61.9427892959384	33.59304673915614	40.99705500187122	
218.91675190161806	61.948098482564106	33.69771522267088	40.9864366286198	
218.97707096661867	61.910518914045724	33.57707709266966	41.06159576565656	
218.98466559057374	61.844786588432115	33.56188784475951	41.193060416883775	
219.01857897742005	61.879194186547416	33.49406107106687	41.12424522065318	
219.07049615449765	61.82544991900603	33.3902267169117	41.231733755735945	
219.08464615125402	61.75428932663978	33.36192672339895	41.37405494046845	
219.07667811221097	61.78387071283451	33.37786280148504	41.314892168078984	
219.089358209985	61.89204388782804	33.35250260593701	41.098545818091935	
218.48890059660135	61.83939952557019	33.38254789799268	41.20383454260764	
218.46179894120206	61.736971398875994	33.43675120879121	41.40869079599602	
218.36097946643173	61.6676871268296	33.63839015833192	41.547259340088814	
218.9897266025162	61.5869944480738	33.563283044328585	41.708644697600405	
219.07432053528902	61.502657750453494	33.39409517878303	41.877318092841016	
218.94840794576004	61.39505967926371	33.64592035784097	42.0925142352206	
219.34038698618434	61.37033909501463	34.052837773124324	42.141955403718754	
220.420954738537	61.35055400119478	34.28815490363046	42.18152559135845	
220.17550791824837	61.93428506045993	34.77904854420774	42.21670545975795	
220.1779266972475	61.78704383114229	34.7742109862095	42.51118791839322	
220.2589252237591	61.62907642010816	34.612213933186304	42.827122740461476	
220.39498868387014	61.5888646553249	34.340087012964204	42.907546270028014	
220.29535400204236	62.22266198236397	34.53935637661975	42.85457784845538	
220.19614125173047	62.168103415746145	34.73778187724358	42.96369498169103	
220.4929888604496	62.521003098127046	35.366016507894365	43.479825465018266	
223.22257694412698	63.649267788114216	36.10695070101276	43.7033402292332	
223.987564571147	63.02800735242518	35.83240633054601	44.945861100611275	
224.35169678080348	64.89903151556489	35.10414191123305	46.28410517206084	
224.6370897592279	62.94073271097505	34.5333559543842	47.643346811131394	
224.7662820179898	63.31031487668611	34.2749714368604	48.19418010422239	
225.43221818675173	62.49524263279169	34.23719303545078	48.53023065589705	
224.51643256107522	53.51007273080961	34.77020814690882	47.02222836143704	
224.27766417364393	54.266710034542825	35.2477449217714	46.79340578414852	
223.31550808511741	54.46870899755922	35.88327291140419	46.38940785811574	
223.0688095833381	55.28479490730818	36.37666991496281	46.050225120496016	
222.63459292157887	56.933321945050096	37.24510323848127	45.34482025970893	
222.33934398107195	57.87518699145178	37.835601119495095	44.76015425858323	
222.16973179953973	58.02889206891587	38.17482548255955	44.452744103655036	
221.84443425174774	58.13518984684427	38.82542057814353	44.24014854779824	
221.58446272548008	58.87241252041494	39.34536363067886	44.073127400916604	
222.10143846528993	60.29322593677128	39.624561614148355	43.85779949438241	
224.07604808169737	60.47384017262417	39.61812305814955	43.49657102267663	
224.03914499524814	63.12241910960986	39.69192923104799	43.43355917126836	
224.090408663538	61.29202861235613	39.58940189446829	43.168146455376146	
224.09465641543082	61.87153095225	39.58090639068264	43.312105575717794	
224.70329675733487	61.46933843775061	39.66869681882	42.81141949277105	
224.77482151218243	62.148239906693675	39.52564730912489	42.75228028149581	
223.44553002952466	61.17296973719747	39.59329770724423	42.11188805329205	
223.3958791681479	61.1747898289411	39.692599429997735	42.10824786980478	
222.71404366860742	61.13621641593866	39.76820854254049	42.18539469580967	
222.6710682624803	63.03937056748012	39.85415935479474	42.25048911812744	
222.72459892563356	61.67285402103623	39.74709802848819	42.39782439962453	
222.70286662153643	61.572582099501815	39.79056263668247	42.59836824269336	
221.43706607190245	60.83852327641096	39.7276135375845	42.76921078969211	
221.4165588237427	60.27581354124038	39.76862803390399	42.595688441854115	
221.24915491358	60.36145857191392	40.10343585422934	42.42439838050704	
220.44420143293837	61.19209872810759	40.41382037985323	42.06264050377912	
221.0533193278414	61.31161251762056	40.494361605832594	41.82361292475317	
221.06633709157066	61.87656160280892	40.468326078374034	41.990018556456704	
221.18944177983693	61.80397532409202	40.2221167018415	42.13519111389051	
221.25981648838058	61.894020500339366	40.08136728475418	41.95510076139581	
221.97579770991834	61.570127470938004	39.94123347638702	41.311058185490204	
222.5907383685211	61.35050450146071	39.99087034646378	40.47078593716249	
223.08574786343678	61.162298703323934	40.267958419218914	39.58009047084958	
223.0208480224581	61.39065143598432	40.39775810117632	39.12338500552882	
223.180034430438	61.20216529437944	40.07938528521645	39.50035728873857	
223.35389883574152	60.796762970169404	39.73165647460946	40.311161937158644	
223.3950379373073	60.420673088355414	39.649378271477886	41.06334170078663	
223.41664460347093	60.236950606028145	39.60616493915062	41.43078666544116	
223.46136327433527	60.09023963114299	39.51672759742192	41.72420861521147	
223.47958853941188	59.92103977913591	39.480277067268744	42.06260831922563	
223.66931813210084	59.78383459933839	39.10081788189082	42.33701867882068	
223.70468910354626	59.7186121147145	39.03007593899997	42.46746364806845	
223.77659256688554	59.8464158738527	38.88626901232139	42.211856129792054	
223.84137576845728	59.94057878835132	38.756702609177935	42.023530300794825	
223.31934679076647	60.61531706711234	38.52889100506164	41.94592330277067	
223.45474724192042	60.53614370469843	38.25809010275373	42.10427002759848	
222.92408188417735	60.51292129343457	38.05423425382656	42.15071485012621	
222.3059280383345	60.82338489552917	38.0278838149882	41.52978764593701	
221.57888668489755	61.63302562483129	38.22939327558605	41.16307943360889	
220.87036345036887	62.411945910461704	38.39637799709424	40.85530060989721	
220.73752766314993	62.466515937421384	38.662049571532094	40.74616055597785	
