220	74	30	33	
219.4001910861064	70.83538628858915	30.1996178277872	33.370003775132645	
219.28242952912035	70.60440725255089	30.435140941759297	33.83196184720916	
218.70606131750944	70.33006800251823	30.57615048924722	34.38064034727448	
218.67980032651676	70.16302883040343	30.62867247123254	34.71471869150407	
218.69010168121775	70.14283189955678	30.60806976183055	34.75511255319736	
218.63680793280642	70.1427616382314	30.714657258653233	34.75525307584813	
218.6469031498045	70.1851443213751	30.694466824657095	34.6704877095607	
218.59818286509685	70.22856550954721	30.791907394072364	34.58364533321651	
219.0702636305822	70.76181606461014	30.876849125543664	34.54624748553262	
218.96687949640875	71.3145610858981	31.083617393890542	34.47063721879552	
219.02224948097734	71.30575287010242	30.97287742475342	34.48825365038685	
218.95149370280495	71.28771616349896	31.114388981098138	34.5243270635938	
219.56888981382744	71.27644858586218	30.912928553996654	34.546862218867346	
219.59683914952103	71.32867968033337	30.85702988260946	34.44240002992498	
219.6076892546399	71.385555700488	30.835329672371778	34.32864798961571	
219.5963128063302	71.4559896867766	30.85808256899119	34.187780017038506	
219.6347862367866	71.51676280828254	30.78113570807836	34.06623377402664	
219.61530251952178	71.5401806299259	30.820103142608016	34.01939813073991	
219.5814584863719	71.6345291086233	30.88779120890773	33.83070117334512	
219.53769739994576	72.25045613658662	30.975313381760024	33.61777251183246	
220.2567446336028	72.34156842403682	30.554220045620653	33.43554793693207	
220.3055723358127	72.26571219685101	30.456564641200828	33.58726039130367	
220.2422636727863	72.22521282515015	30.583181967253687	33.668259134705416	
220.2791975696175	72.17861426689002	30.50931417359125	33.76145625122567	
220.32432022089296	72.1095453808558	30.419068871040345	33.89959402329411	
220.32247164159185	72.16679147218048	30.422766029642585	33.78510184064477	
220.33781464253656	72.16586604333867	30.392080027753128	33.78695269832837	
220.34980215776235	72.20821217718176	30.368104997301543	33.702260430642184	
220.32926180816233	72.23588079533582	30.409185696501602	33.646923194334065	
220.31463938581123	72.23918489941804	30.438430541203786	33.640314986169656	
220.3089417295556	72.24291916219424	30.44982585371505	33.63284646061722	
220.25865992701014	71.66688308832254	30.550389458805945	33.77605393947832	
219.70718489464943	71.11961347978394	30.640643125769177	33.85789675879732	
219.21302869513218	71.0361914955699	30.613546441759492	34.0247407272254	
218.74805462371387	70.52659696703745	30.525923236079677	34.02635843577386	
216.33069384450874	69.94993039823139	30.279656579709815	34.16349393042996	
216.35844192264562	69.2225497230102	30.224160423436057	34.60386338881804	
214.7356976309456	69.07818208133085	30.40865558988617	34.892598672176746	
214.1803987205015	68.39512520355055	30.49149346760221	35.2309524845652	
212.69122879625428	67.67661832690939	30.36685489870137	35.63364009871578	
212.27806666827914	67.42852955723734	30.15462894313754	36.129817638059876	
210.41577667289872	67.23558371907374	29.70805407187357	36.51570931438707	
209.3926675663572	67.18930729969779	29.67124144835268	36.608262153138966	
208.40107775224126	67.0249618191167	29.569738081706703	36.936953114301176	
206.85145753563683	66.32780045779515	29.53175327952303	37.2855340918134	
206.36627882966394	66.06475512828635	29.45164266679985	37.81162475083099	
203.80999966731267	65.45708344936676	29.278117397707923	37.96975138991128	
203.8576103445355	65.32892376474561	29.182896043262314	38.22607075915356	
201.7796413010309	65.30409958512445	29.102163345139264	38.2757191183959	
201.12293838548695	65.37845112193278	29.356961652758624	38.127016044779225	
199.00612729690226	65.30557622717836	29.348608389503646	38.27276583428808	
198.47254558789172	65.2839508170954	29.353189196947937	38.31601665445399	
196.36593690107432	64.84807570084115	29.313137197552642	38.124449543704955	
196.34637629908585	64.87425433144878	29.352258401529586	38.07209228248972	
195.74514672569723	64.29012980324167	29.49513898850437	38.18076277910149	
194.13836235174966	64.27052757125362	29.518010854971983	38.21996724307757	
194.07033375591863	64.33581417484132	29.654068046634073	38.08939403590218	
193.48851540973934	64.31853468328748	29.752948201133712	38.123953019009846	
193.49917652790867	64.37297628661332	29.73162596479508	38.015069812358185	
193.45411619140904	64.39000989617398	29.82174663779434	37.98100259323688	
193.49067794903573	64.40753644380652	29.74862312254095	37.945949497971775	
194.09513470038146	64.4149321585302	29.60381007702529	37.93115806852442	
196.2363739419776	64.18915973150003	29.567410099908322	38.38270292258477	
196.67921807633135	64.40097710081794	29.749548749621347	37.959068183948936	
200.35750933127775	64.51168708142824	29.843179689471718	37.73764822272836	
200.36336171258748	64.443526536439	29.831474926852245	37.87396931270684	
201.4912365729108	64.46116391329758	29.704415639154877	37.838694558989665	
205.15416015932004	64.32123690474317	29.810754712254457	38.118548576098476	
205.10545688586063	64.24641279978448	29.90816125917325	38.268196786015864	
208.82804064854096	64.18624063599276	29.964358548848175	38.38854111359929	
210.48761037623956	64.20884376208598	29.868352761384198	38.34333486141287	
214.13440067504862	64.27912010026417	30.079647251161035	38.20278218505649	
216.43768268820773	64.23570430061436	29.76672275623256	38.28961378435611	
217.45780073965275	64.25551189027959	29.8657870386239	38.24999860502564	
220.6015997902997	64.20697897374609	30.002125707901556	38.347064438092644	
220.52098398960317	64.27061038834636	30.163357309294593	38.21980160889211	
221.12016805168764	64.23602070717018	30.040019284315942	38.288980971244456	
223.7539220220248	64.2514047168906	30.142936975922495	38.25821295180362	
223.6289965826884	64.85165711730731	30.392787854595333	38.13299463747498	
224.61318461695282	64.90141144714028	30.579259347101598	38.03348597780905	
226.78042182444256	65.61038297468123	30.560466208736095	37.69446324188064	
226.69051265982097	66.22878415734613	30.740284537979303	37.5310728475888	
227.1473865009887	66.44586464122008	30.900345866365157	37.0969118798409	
227.06443353584103	66.52379799852909	31.066251796660488	36.94104516522286	
227.06115192159572	67.02504740315386	31.072815025151087	37.008527943027445	
226.9396917023502	67.11852564990477	31.315735463642184	36.82157144952565	
226.96891433459572	66.66259380012602	31.257290199151115	36.66128283717721	
226.40830522609403	66.55483615246044	31.309771327046327	36.8767981325084	
225.70637104189336	66.6250602096516	31.640730538714234	36.73635001812608	
225.1852768354542	66.67941344807318	31.606862307672003	36.6276435412829	
225.0793157487647	66.77939772008578	31.818784481051004	36.4276749972577	
225.01651619211626	66.34927866419773	31.944383594347936	36.213778591923685	
224.49186477943374	66.47269045814893	31.92085610673188	35.96695500402129	
223.97367986207541	66.61724324441934	31.888601357385063	35.67784943148045	
224.07528296817736	66.94891601017986	31.685395145181214	35.014503899959436	
224.13674646909178	67.33788524986284	31.562468143352376	34.236565420593465	
223.71624479631558	67.59331661281698	31.367480187763704	33.72570269468521	
223.78197042339417	67.78651276821753	31.236028933606494	33.33931038388409	
223.36856962027827	67.93352971594139	31.04603092550812	33.045276488436365	
223.47322885176783	67.9611844315016	30.836712462529047	32.98996705731596	
223.4915362988343	67.96769184731424	30.8000975683961	32.97695222569067	
223.5893222955642	68.05598666515012	30.60452557493628	32.80036259001891	
223.14470855856152	68.11828238252696	30.49540058156383	32.675771155265245	
223.22305644557886	68.28487401925096	30.33870480752918	32.342587881817224	
223.25702094601166	68.59318863077019	30.270775806663522	31.72595865877878	
223.33423958491954	68.82285750604815	30.11633852884777	31.266620908222848	
223.35612888177943	69.51416781970883	30.072559935128048	30.85061862612598	
223.4852654018313	69.7179049300786	29.814286895024264	30.443144405386448	
223.65412051345785	69.7698123695629	29.47657667177119	30.33932952641785	
223.69481560477684	69.90489127002125	29.39518648913322	30.069171725501143	
223.8306946367115	69.44909992222175	29.12342842526386	30.044322872825656	
223.89610793869468	69.44861413199067	28.992601821297484	30.045294453287827	
223.92560223504972	69.39303286548794	28.933613228587447	30.156456986293268	
223.88522996111445	69.57068402015764	29.014357776457977	29.801154676953864	
224.04033402028915	68.4368072845541	28.704149658108587	30.216492501562797	
223.5970866983023	68.34290371434015	28.662836590095587	30.404299641990683	
223.55785484454134	67.71930903140935	28.74130029761751	30.721398960795657	
223.5507984489825	67.59255734821966	28.755413088735164	30.974902327175037	
223.17185571300297	66.77790811866379	28.572826034500547	31.66372826009315	
223.18023643902913	66.71266230162072	28.556064582448222	31.794219894179264	
223.1523236322573	66.61379306259845	28.611890195991908	31.991958372223813	
223.12356310981357	67.03085255646027	28.66941124087934	32.11185953173599	
222.6342878036135	66.86412946616662	28.6911603605687	32.445305712323275	
222.54838348048605	67.40105057785195	28.862969006823555	32.333788581885294	
222.58421147935184	66.78549207274558	28.791313009091965	32.601564704287796	
222.467103742582	67.31521167547834	29.025528482631685	32.50847685219731	
222.46655175650324	67.28742677255995	29.026632454789222	32.56404665803407	
222.46780169382944	67.29037863783424	29.02413258013678	32.55814292748552	
222.44695811058435	67.3290721998313	29.065819746626957	32.48075580349138	
223.00726795265797	67.319995686152	28.914064410614223	32.49890883084997	
222.94549919236715	67.26629286153349	29.03760193119588	32.60631448008701	
222.4339727942345	67.12609575399982	29.090291170846267	32.88670869515434	
222.4772706215515	67.06793267760456	29.0036955162123	33.00303484794487	
222.5534495157313	66.36665675765882	28.85133772785268	33.4296106552847	
222.54173584113826	66.34843312214942	28.87476507703878	33.4660579263035	
222.4964422618573	66.4001342114379	28.965352235600683	33.36265574772653	
222.4846150870031	66.48693880806358	28.9890065853091	33.18904655447517	
222.44310287590045	66.6338088016906	29.072031007514397	32.89530656722111	
222.43558221137312	66.20417252265085	29.08707233656908	32.7791800011224	
222.42804711754536	66.29183460615401	29.102142524224583	32.60385583411607	
222.52793694841017	66.21910573005216	28.902362862494925	32.74931358631977	
222.64827749856718	66.17855419534615	28.66168176218092	32.830416655731796	
222.81829959677108	66.14525935679738	28.321637565773152	32.89700633282933	
223.00378688641513	66.08698763589747	27.95066298648503	33.01354977462916	
223.00632305550465	67.23726051579315	27.945590648305974	32.63148064403469	
223.11338836690783	67.90684572611477	27.731460025499622	32.24556605307033	
223.08079964066977	68.08872435882068	27.796637477975782	31.8818087876585	
222.93573644371327	68.29780642271542	28.086763871888785	31.463644659869004	
223.33033132613372	67.88524490812016	28.234998791069565	31.351343005037823	
223.22453049242822	67.88033919059119	28.446600458480567	31.361154440095767	
223.13173556294103	67.8507944174463	28.632190317454963	31.420243986385543	
223.0849858806072	67.88300765513216	28.725689682122614	31.355817511013807	
223.01833990148916	68.51761035542734	28.858981640358714	31.032550904293522	
222.51685104960768	68.64152961727919	28.918940896870517	30.784712380589816	
222.5884082279212	68.57100120558191	28.775826540243507	30.925769203984373	
222.5986716060944	68.62763894735657	28.755299783897115	30.812493720435036	
222.58557886481546	68.10237961957225	28.78148526645497	30.925076752286984	
222.66523980417932	68.15400594072135	28.622163387727234	30.821824109988775	
222.7011017841238	67.6715634715272	28.550439427838263	30.85074350322131	
222.78671765667892	67.61151494495618	28.37920768272805	30.97084055636332	
222.37906721632413	67.14076714314197	28.260084933835078	30.977912530389148	
221.11667983337742	66.68088429062182	27.986950625440585	30.96504187733347	
221.08900274556734	66.1877898368497	28.042304801060776	31.023149148846993	
221.07230123174753	66.10569738902782	28.07570782870038	31.187334044490743	
221.1509706421672	66.06453636657557	27.91836900786102	31.26965608939527	
221.23726907639914	65.58975941395038	27.74577213939716	31.28748871628431	
221.28185833907233	65.5838420870663	27.656593614050806	31.299323370052452	
221.26918447587698	65.67513701129847	27.68194134044146	31.116733521588124	
221.24282628950425	65.6936859826031	27.73465771318696	31.07963557897887	
221.28949251714312	65.74806961081346	27.641325257909237	30.970868322558154	
221.29572521800193	65.6634323273993	27.62885985619156	31.140142889386446	
221.29679972051142	65.54352219493612	27.626710851172593	31.379963154312843	
221.319306476897	65.52832232666002	27.581697338401483	31.41036289086503	
221.2329181395483	65.38841447027633	27.75447401309887	31.69017860363242	
221.6412908959789	65.33226243511129	27.873351679051794	31.80248267396249	
221.9760699321236	65.24128478577452	28.143061137929255	31.984437972636016	
222.27846090809376	65.0557538903964	28.484685712532173	32.35549976339226	
222.11753718248045	64.8299182662451	28.806533163758793	32.80717101169485	
222.00804774986366	64.64656760723699	29.02551202899235	33.1738723297111	
221.90145981936067	64.51692435981272	29.238687889998324	33.43315882455961	
221.7864130284218	64.36948886676768	29.468781471876063	33.72802981064969	
221.70828985351199	64.1376524020659	29.62502782169569	34.19170274005326	
221.63808397724702	63.51309040002382	29.765439574225645	34.436482350074485	
221.63518478996906	63.305439392649355	29.771237948781554	34.851784364823416	
221.66078698705354	63.092146631629205	29.720033554612613	35.27836988686372	
221.7023954396928	62.855472390333176	29.636816649334072	35.75171836945577	
221.61043229656553	62.17651965383436	29.820742935588584	36.08100942605706	
221.68386376584235	61.40125954216531	29.673879997035012	36.59487808286799	
221.66317706478395	61.22974667315559	29.71525339915176	36.93790382088744	
221.68036988738788	61.18359196021342	29.680867753943918	37.03021324677178	
221.7151773338446	61.093736916650585	29.6112528610305	37.20992333389746	
221.70730396034847	60.4450687888618	29.626999608022736	37.456659952030655	
221.64867919007645	59.78681442290613	29.744249148566794	37.71853352773174	
221.57363141287894	59.31955058680295	29.894344702961796	37.59251227323164	
221.4851107629348	59.29265411062722	30.071386002850076	37.646305225583106	
221.50910509729735	58.61586982585348	30.023397334124954	37.93512274468265	
221.54603908143955	58.625892686205454	29.949529365840593	37.9150770239787	
221.4427154952142	58.74044132868498	30.15617653829125	37.68597973901964	
221.34973135341326	58.74676208422912	30.34214482189318	37.67333822793137	
221.32342317992175	58.60606981631412	30.394761168876208	37.95472276376136	
221.26245982600162	57.533852632364514	30.516687876716432	37.94971208010315	
221.1155484446708	56.93812758557523	30.810510639378087	38.06454083239378	
221.2151340156521	57.45517669049427	30.611339497415482	38.11358410944453	
221.2319528469459	56.90725715431664	30.577701834827913	38.12875426912038	
221.27044911300615	57.01273773920296	30.500709302707353	37.91779309934774	
221.11746922685154	56.583497332987385	30.8066690750166	37.700401156472466	
220.95369599794066	56.72509100811837	31.134215532838347	37.417213806210505	
220.9765908981324	56.202774418785026	31.088425732454887	37.383431096192936	
220.5490883550087	55.570849977305265	30.86627370628384	37.570122866734025	
220.5868650649803	56.238704553687796	30.790720286340672	37.310858766858274	
220.64743134506165	55.57064116561805	30.669587726177937	37.575749268602564	
220.57583088044694	56.363925824395174	30.812788655407335	37.06253304455667	
221.11149446581277	56.955376171951414	30.809230799056728	36.94740166382517	
221.2213494392978	56.20873024666528	30.58952085208665	37.37475511192548	
221.33557685728755	56.099733952420834	30.36106601610717	37.59274770041438	
221.48504599980419	55.33382586422742	30.06212773107388	38.055941111589846	
221.51269555866423	55.23741623378834	30.006828613353775	38.24876037246802	
221.49933250511947	54.583884592798185	30.033554720443334	38.48289337561936	
221.62237938729731	53.14520365935505	29.787460956087592	39.206362984140206	
221.6926695437069	54.18538311528303	29.646880643268446	39.29396958462209	
221.75513887490771	53.489851455913396	29.521941980866817	39.60201085391051	
221.7872895724958	52.91339161571536	29.4576405856906	39.66926177882344	
221.8021276405096	53.480653997362694	29.42796444966303	39.62037612256825	
221.84070155482118	53.45444541959765	29.350816621039876	39.67279327809834	
221.9251757643932	52.90954387928159	29.181868201895853	39.67865317075193	
221.9443833157539	53.5026262001887	29.143453099174458	39.57375183253735	
221.98459844430357	52.98664004340114	29.063022842075085	39.52668441867442	
221.95819272807043	51.783736612971474	29.115834274541392	39.77847926444569	
221.9763581632157	51.48247209923643	29.079503404250815	40.381008291915784	
221.89669630637454	51.382099363891406	29.238827117933184	40.58175376260583	
221.74099497328848	52.468298968406	29.550229784105284	40.601161032754106	
221.71960323723377	51.81707939007136	29.593013256214697	40.802286079892085	
221.46064494664412	53.770399050178604	30.110929837394004	40.21085149282267	
220.66981212370436	53.61463250150027	30.588025048772025	39.41781415567783	
220.4883976074789	54.70847393640648	30.950854081222932	38.330390948802	
220.50671124533085	56.28079803972492	30.91422680551902	38.45422718647153	
219.91679240386722	56.41325261765681	31.00326239015648	38.18931803060775	
219.8769169042716	56.569866426874825	31.08301338934766	37.87609041217173	
218.68105334499953	57.513350651143824	31.305436388404708	37.07377402337729	
218.74258980858679	57.699330969064626	31.18236346123016	36.701813387535694	
218.1927493508144	58.00207108879205	31.213885990908814	36.09633314808085	
218.43575115580532	58.489981562434764	30.727882380926964	36.17981826572531	
218.50148346271524	58.48991765255015	30.59641776710712	36.17994608549455	
219.09034769602997	58.537119785695296	30.469366146973712	36.085541819204245	
219.6783927430778	58.59942451268363	30.340451518877593	35.96093236522758	
219.82820331001088	58.5576465545097	30.040830385011493	36.04448828157543	
220.0037345246462	58.602440857643	29.689767955740844	35.95489967530884	
218.63066429752453	58.67769468133932	29.33811871134707	35.80439202791621	
215.11510181058722	58.342933296796716	30.221631575891365	35.44931277877969	
213.09936856733253	58.025023545805645	31.15299228688577	35.051763688923515	
211.0261667710514	58.36539004914469	32.17296831482346	34.37103068224541	
210.16749931499876	56.57914313925811	32.84250916933747	33.75234827165347	
206.21616131866926	55.416216956039506	34.45290450586664	32.93206031002575	
208.2345182865786	55.42215982317278	34.66064248153255	32.920174575759205	
211.01930021865235	55.76480509242765	34.4119615977729	33.29906063332703	
210.2937623913973	54.05653887328785	34.79675794941504	33.51675516300278	
208.98407555722363	54.11402534726995	35.26461933143643	33.40178221503858	
209.63764844308065	54.32485149005005	35.038734728049775	34.06139109780571	
209.58353604810932	53.21027514959684	35.146959517992386	34.114216286560094	
208.63440220080048	53.401352135689386	35.954530348162066	33.732062314375	
208.1386341661443	51.79607793802373	36.9460664174744	33.65074934886298	
208.28075992653982	51.7327767940037	37.77327294081624	33.777351636903035	
212.8896099012444	52.25303903208002	37.56630985772098	33.86316926903963	
217.39947460410565	52.42783165619572	36.418050380797006	34.63807972492231	
218.8338354685203	52.3234085336306	34.66823505052339	35.96583236860823	
219.15592224657038	52.24662853594462	34.02406149442323	36.11939236398018	
219.36432856391525	52.521607443255434	33.60724885973349	35.56943454935856	
219.5044913563444	53.190935123952926	33.32692327487518	35.32006621037856	
219.82224916863396	53.28331802965391	32.69140765029607	35.1353003989766	
220.1074894074298	53.33327603654291	32.12092717270442	35.0353843851986	
220.3984681599264	53.33691695946648	31.538969667711186	35.028102539351465	
220.61303612240766	53.254650195318916	31.109833742748645	35.19263606764659	
220.79648746008627	53.22491752939106	30.742931067391446	35.25210139950231	
220.892305302127	53.66588963012722	30.55129538331002	35.408842388273214	
220.38375316222587	53.51556296111342	30.530361763078165	35.70949572630082	
220.37561889187947	53.62505611979113	30.546630303770996	35.490509408945385	
219.68005730251565	53.85720073679189	30.898527372655092	35.02622017494387	
219.14158838142671	53.341320665783584	30.937789086601818	35.02030418872935	
219.2345485786751	53.30456942726943	30.751868692105077	35.09380666575766	
218.85136484065023	52.562684253746866	30.481860158839474	35.54120100348749	
217.9099149109812	51.44997225866797	30.286820450845997	35.68868542631372	
218.10650745299415	50.85530533436858	29.893635366820064	35.839905940280545	
217.68781205329836	50.70221815300719	29.696911689578833	36.14608030300333	
217.15847550469746	50.385658430638394	29.71993148837407	36.77919974774092	
215.89252976096105	49.817211983572044	30.160314554209776	36.87033843105506	
215.57301599650447	49.05664051752759	30.799342083122927	37.33720359995006	
215.74459631284142	48.63928927515872	31.527962318378393	38.17190608468781	
218.4005735230561	47.76276745936619	31.69794955071084	38.82856138572049	
218.14002222464177	47.74234272815003	32.219052147539486	38.86941084815281	
218.0755466995863	47.18346549869703	32.34800319765045	38.8688873166069	
217.15128372794993	47.19478110704399	33.07617926995984	37.725906228949654	
216.36352865714215	47.36154659604931	33.5372971990678	36.277983038431415	
215.73687436542818	47.69738986095871	33.69136436025752	35.60629650861261	
215.08000164538296	47.98327362035894	33.9139122249948	35.034528989812145	
214.2887899167647	48.68356038124252	34.41056931201473	34.719721838261606	
213.74890517662394	49.29047818322092	34.40167551146543	34.594549515135625	
216.41364377648554	49.29951524615936	33.41841296565629	34.576475389258746	
217.33196302517229	49.79054827775806	32.65252128484602	34.66515614262457	
217.97373006740284	50.51528079781335	32.428989647569196	34.27569354969833	
220.22311680497808	52.21507371611908	33.18205020345776	34.027208131710275	
220.3000781441473	52.7510187885147	33.02812752511931	34.013710582778145	
219.7663680514132	52.79373024622237	33.03979925468933	33.9282876673628	
219.73119590849444	53.3180935836334	33.11014354052688	33.93415332988016	
219.41170106936704	53.26535224651906	32.69333745627679	34.039636004108836	
219.63798755721973	53.22932989711317	32.240764480571364	34.11168070292062	
218.32486207964075	53.29785522071832	31.732565798195104	35.019446601555074	
217.80417253196717	53.673173631015146	31.723050743783823	35.31970393071987	
216.59719433949996	53.613740143355805	32.026184087544365	35.43857090603855	
215.9519924838352	54.277681249555144	32.25449052952473	35.17278596298908	
215.7658301695182	54.35151116317387	32.62681515815871	35.02512613575164	
215.66125472101416	54.11979426585941	32.835966055166786	35.48855993038055	
215.80663821468588	53.221549140915144	32.545199067823376	36.20927613433742	
216.16512135623083	50.68402006813759	31.82823278473346	36.95488152220746	
216.57437983699685	50.31142849607187	31.009715823201397	37.70006466633891	
216.8770994489401	50.02078788953986	30.404276599314912	38.28134587940292	
217.61090734305304	49.85104590005409	30.016544414530365	38.620829858374464	
218.73222652388588	50.16465323354558	29.931462397310213	39.07239336361426	
219.25382873464827	50.59385478034358	29.97254659245484	39.298278886687626	
219.790499395484	50.980383990356046	29.987610156306452	39.61362535218583	
219.6956762763388	50.44804944272329	30.177256394596892	39.584835809476424	
220.14766994826704	50.103053185813806	30.36938452046315	39.17871285357265	
219.9437434433513	50.74235335814471	30.7772375302946	37.90011250891084	
219.27411109932973	51.21564852955984	31.036424356862995	36.953522166080575	
219.15187282682697	52.14874020434188	31.280900901868485	36.157032456302574	
218.40893414191123	53.00419716867589	31.705457837456812	35.50743896187773	
218.1310214113916	53.132751163165075	32.26128329849609	35.25033097289936	
213.60636061202962	53.8049329915999	32.807289005031066	34.96888180255334	
212.65351384390732	53.75366895825695	33.64577698583696	35.07140986923923	
212.40227997515805	53.64748261805546	34.14824472333548	35.28378254964221	
214.04210297516883	53.61265714654988	34.14874230517241	35.35343349265339	
214.17032078880902	52.906945357862575	33.89230667789204	35.670375721789284	
215.005259044313	52.57894036972256	33.317816010778444	36.32638569806932	
218.50517253085113	52.75472320687052	32.89700830009262	35.97482002377338	
219.26993953122573	52.86179911747917	32.45179923074793	35.76066820255609	
219.4852218785581	51.84198695447469	32.02123453608321	35.652500369762265	
219.73158252884198	51.62560948344505	31.52851323551547	36.08525531182155	
219.7814689180367	51.173495769754254	31.428740457126043	35.92530367337101	
219.8853709417904	50.312014991515824	31.220936409618602	36.58816271344227	
219.9701158750803	49.65807905309081	31.051446543038814	36.829011362395434	
219.3714942439869	49.360918761682434	31.180674667823723	36.35531680781027	
218.73654862695346	49.36981979361917	31.387787747365483	36.337514743936794	
217.99401116199604	49.29316989850732	31.807034829674343	36.49081453416049	
217.37500460360903	49.176684991386665	31.97012374806229	36.723784348401814	
217.4439111715754	49.61781140949995	31.832310612129533	36.922677594904826	
217.51881398734577	50.256924994353085	31.68250498058881	36.72646401647376	
212.5160975373927	50.427408892848604	31.998769573722644	36.38549621948272	
205.20221874589004	50.43459884008282	33.71016526595098	35.29475283411621	
206.16383856011578	50.94701803632991	35.04678561436369	34.269914441622035	
205.86328550016748	51.04447252534911	35.64789173426027	34.07500546358363	
206.08202027315963	51.22158447630818	36.30835071887638	33.72078156166549	
205.171806101272	51.3351875092188	37.02614630738971	33.493575495844254	
205.69019639352746	50.856823434719075	37.09956412499011	33.34010524273236	
206.21265854796403	50.981194224861355	37.16353090250408	33.0913636624478	
206.11058648015748	51.13958939991806	37.367675038117156	32.7745733123344	
207.6904950057227	50.817790376576745	37.51988832707701	32.31416124565361	
209.8876742595795	51.238230879165954	37.52146843886399	32.57226489535035	
214.01625726978133	51.475132243631336	36.986353831858494	33.2016123683336	
216.81481260967348	55.07896784232012	35.808925105730324	34.83330507826837	
218.4619218117607	54.70576266822776	34.739605785401565	35.579715426453085	
219.53919999683706	54.12378472046944	33.69242054272751	36.74367132196973	
219.90136953801598	53.28897518646452	32.96808146036964	37.304320821098614	
219.2021093105032	52.59755001350476	33.260476754153586	37.58104600577651	
219.3299544960223	52.591471888195315	33.00478638311536	37.593202256395394	
216.09962494598943	52.718747559205184	32.79829257635983	37.33865091437565	
212.6506197152976	53.14867522867786	33.072662707017386	36.478795575430304	
210.97113349810724	53.39518729407193	33.14672470895444	35.985771444642154	
210.50813017927032	53.25498084250202	32.984260152685906	36.26618434778197	
209.83868864148428	53.352975912409164	33.23289126590641	36.07019420796769	
209.9160247685224	53.23016799658558	33.07821901183021	36.31581003961486	
209.52637046639356	53.67683348229343	32.7650056447117	36.51500103957528	
209.0022980425817	53.668360251554915	32.72252640542251	36.53194750105232	
208.78852996498705	53.57401425887987	33.150062560611815	36.72063948640241	
207.5523118166871	53.71027809655071	33.42256531115516	36.44811181106073	
206.39603975963198	54.17220576079265	33.53497403500104	36.62432417770904	
204.28075159330768	54.8771394395422	33.34713828321489	36.319059841318605	
204.55778078901798	54.8686185370103	32.793079891794335	36.3361016463824	
202.97803168400435	54.96539272056355	32.68770506125466	36.1425532792759	
203.12649169006903	54.89030189465767	32.39078504912529	36.29273493108767	
203.02610645520795	54.46723240219215	32.59155551884745	36.0576801303606	
204.55806655699385	54.4195204737629	32.76987262682407	36.15310398721912	
206.66157868733515	54.099642014897974	32.90314533279504	35.707786663285574	
206.0789629369583	54.22555714509012	32.98811542144155	35.45595640290127	
206.5139764877535	53.70531537366607	33.19577254448282	35.41875572111772	
207.04103817182127	53.80193440520395	33.22205114657671	35.225517658041944	
207.686862481782	53.77562042330026	33.00820155352758	35.27814562184933	
208.24489171366707	53.88435144571823	32.967370089226606	35.06068357701339	
208.28567343364168	53.91624628747475	32.885806649277434	34.99689389350035	
209.04458819072764	53.349226795476014	32.43686679568299	35.06204321692034	
209.28448468707043	53.33017347302638	31.9570738029974	35.10014986181961	
210.32393581838784	53.54851529243435	31.989629997983325	34.66346622300365	
210.30327278451344	53.74686852942814	32.030956065732134	34.266759749016074	
210.79213675769128	53.81256259895838	32.097138201276415	34.1353716099556	
210.96031366747096	53.861610385846156	31.760784381717066	34.037276036180046	
210.09503459216984	54.9063707893358	32.45530766020708	34.01982497342523	
209.8430465357181	54.22974073272052	32.95928377311063	34.3263050900233	
209.8141698404214	53.749136168521126	33.01703716370395	35.28751421842209	
209.69502656223364	53.29143245063539	33.255323720079474	36.20292165419356	
209.70578571839803	52.7611177469612	33.23380540775073	37.263551061541946	
209.70546794737606	51.19769446886289	33.234440949794674	38.17091550057734	
208.91716321818907	50.176815647540096	33.687228605514406	37.965029537914425	
208.79795849198405	49.3289084744993	33.92563805792444	37.40508556158543	
207.94942731852632	48.96775523280172	34.49971607523486	37.00440771537555	
207.86837339868694	49.0615826106268	34.6618239149136	36.816752959725385	
209.14769708598325	49.49654146031848	34.35421451165616	37.0723542460096	
210.06308304491137	49.28809919959545	33.64806680999372	37.489238767455674	
209.99516601578398	49.747978521964875	33.78390086824853	37.68934428929343	
210.6052399054537	49.92092824511149	33.68889584492169	37.3434448430002	
212.41431578089086	50.295414837370984	33.4254921522061	36.59447165848121	
212.20103312980672	50.48807801661294	32.74966322263807	36.2091452999973	
213.39925302623095	49.70865830669612	31.438847224582478	36.68236092503801	
215.9219750069618	49.07625579159995	30.681323775810924	36.875185827057834	
216.10450108492265	49.00937723080346	30.316271619889214	37.00894294865081	
216.7091241673351	48.36351790394237	30.16595458778918	36.182803336923214	
217.16683582973337	48.718186268122224	30.294318947388916	35.47346660856352	
217.21573245719102	49.333692643746204	30.196525692473593	35.277363844563816	
216.75619102849424	49.57504359085127	30.085300105461556	35.82497039475926	
215.0751654415213	50.21165425192521	31.37340600922223	35.58872170770399	
213.96177212959236	50.811050583803	32.546193422991564	35.44392825403695	
212.51903135615504	50.5905226641016	33.290740095414705	35.88498409343976	
213.18531407757908	50.30126361276248	33.04736460339221	36.46350219611799	
213.41055785835937	51.819060358666945	32.59687704183162	37.80522383567274	
213.55936170583777	50.89024085018258	32.299269346874816	38.55492710130625	
214.23139642669784	50.775088643046594	32.06992627416022	38.78523151557822	
214.29338551010392	50.60135266746121	31.945948107348073	39.13270346674899	
214.33222033138986	50.259245551019845	31.868278464776157	39.81691769963172	
213.22125956202515	49.94039313530777	31.835871163330854	40.45462253105587	
213.99741441711726	49.79068753481373	31.41996986708815	40.75403373204395	
214.34260600383448	49.40050148504859	31.86380640949753	40.40018611573032	
215.21239130154638	48.89025786747581	32.39629359463055	40.2846444605975	
215.18983338557067	48.57300808022033	32.44140942658196	39.77624891869118	
215.31876207450594	49.05316361142787	32.183552048711405	39.95175639463035	
214.63798275527952	48.92130758033034	32.41076953074694	40.215468456825405	
214.22493482153652	48.7948843450289	33.23686539823294	40.468314927428295	
214.60015885555185	49.01027910569418	33.645731335574304	41.19683941146971	
214.3487199779118	49.053181267184144	34.14860909085442	41.111035088489785	
214.40860767740116	49.026008060457336	35.21275632974693	41.1653815019434	
213.483065898663	48.84488932304181	35.8619481526689	41.52761897677444	
212.56707257657368	48.30387909580317	36.47601823059341	41.391722864997625	
211.47179122397614	48.39336028214981	37.440928320792175	41.212760492304355	
211.01866643864656	48.199096330916305	38.34717789145132	41.601288394771366	
210.7599746911252	48.52702046662004	38.8645613864941	42.204210331655005	
210.39679902471767	47.10231807986884	39.59091271930912	42.500809666374714	
211.07633175494468	46.704787445681276	39.524427227678856	43.295870934749836	
210.99657412599998	46.46170434478021	39.68394248556826	43.78203713655198	
211.3372729965721	46.45387737250009	40.316573473508285	43.79769108111222	
210.66786886604862	46.65512369504655	41.65538173455526	43.3951984360193	
210.06707734222329	47.49588898082315	42.85696478220595	43.052977018585324	
206.95042120163453	46.814924059077825	43.678630707600675	43.061995273130286	
207.4217138867618	46.50578796241645	44.102030818048554	43.68026746645304	
203.06976717119977	46.28882325291826	44.51155779428481	44.11419688544941	
202.1474998652293	46.170709073879	44.960414737259015	44.35042524352794	
203.18059037587963	46.14702706087713	45.70715715544695	44.397789269531685	
202.94616185135862	46.19304266662293	46.17601420448899	44.305758058040084	
202.73178365823097	46.20467073072672	46.604770590744316	44.282501929832506	
202.86914347846727	46.848487179936456	46.3300509502717	44.42604785277782	
203.1364384348458	46.83293962482391	45.79546103751467	44.457142963002916	
203.17679009988254	47.62549687646734	45.71475770744114	44.29329024391499	
204.09064467839596	47.72576586241842	45.30445393327519	44.09275227201282	
204.00918997775054	47.69054896375315	45.46736333456602	44.163186069343354	
203.0361432925723	47.846282729621976	46.00198934580225	43.85171853760571	
203.02145528879456	47.97786433641865	46.03136535335774	43.58855532401237	
203.75932856124865	48.21602439304215	45.966825063503784	43.11223521076537	
206.24301337908219	47.535101081911975	45.20737471530302	43.07144207053693	
211.49616084436582	46.845989401204235	44.431890749342365	43.05954957986575	
201.26481257669923	46.52013427364633	45.60572911240998	42.333484251248294	
205.05218969396566	46.73858685749014	46.33875363942624	41.89657908356067	
204.7845531421025	46.0487021167201	46.87402674315251	41.887256071512994	
205.2398288180589	46.00377509803966	47.36073925218283	41.97711010887387	
205.22701426486194	46.055976159865175	47.38636835857678	41.872707985222846	
206.20942210472865	45.798951780081886	46.826536818267826	42.38675674478942	
206.96531626513064	45.04986729411716	46.719247246736536	42.480426967446185	
207.92546962221488	44.38419809986352	46.20326323744307	42.40744265107848	
209.4351507690784	42.94596875179824	45.97414908043683	42.49365321048826	
209.9075916075298	43.09464766328932	46.422191568068676	42.196295387506105	
209.30176136676693	42.41671934417283	46.238682070773585	42.15698204691822	
206.7276135054028	43.10223015435139	45.82023122716995	42.17764706814407	
210.4702656573693	43.189947496529356	45.26240949295766	42.00221238378814	
205.14070877589666	44.08978959841803	44.929473432829035	41.57653440789504	
205.80269379561045	45.53481145630721	44.96754688142526	41.41057766816439	
213.4253372539827	45.476143678142776	44.68222766306386	41.52791322449326	
212.86489007009956	45.582614639629426	44.44570922517939	41.31497130151996	
211.27714613299054	45.941318469996155	44.920523298262154	40.597563640786504	
203.93315406784734	46.10380635669256	44.79908326798052	40.272587867393696	
203.8406267517667	47.01546481499643	44.98413790014175	39.78850811728644	
201.14819109986976	47.74374482266508	45.03150795631757	39.66632341385366	
201.7482952521492	47.89991472433035	45.16445458885649	39.353983610523116	
202.00892922285334	48.154832485342574	44.64318664744821	40.17436054804385	
202.1563175530737	47.16607662581252	44.348409987007464	40.81662642981877	
203.06424489701075	46.26545503946973	43.87344863173225	41.276976269905504	
203.86255321342043	45.84831384294619	43.61762770949513	40.77046295237032	
205.31891967988167	45.46058559855169	43.362409178690186	40.21716224010055	
207.42876670195284	45.058649339174764	43.09065725860199	39.705054050836374	
210.04697958275855	45.30119651068598	43.06861917533342	39.219959707813935	
208.06502989521368	46.41475959282158	43.145932308765936	38.2883622907618	
207.76951560902216	46.806822950268646	42.45510155551229	37.50423557586767	
207.36908551803256	47.72239050004724	41.99736315613628	36.931699057665725	
205.77212124282178	47.88778273498485	41.464280093285765	36.6009145877905	
206.77604075474312	48.57837807230253	40.68521764864728	36.4485004923593	
207.05271756456833	49.32007825067981	40.131864028996844	36.17934618172644	
206.59587853634406	50.03549202497837	39.844193802394464	35.94986691618024	
208.0876088472456	50.17460510374356	39.24715979778348	35.67164075864985	
208.32023007919622	50.94159644411179	38.78191733388223	35.317145750326986	
208.3857287492453	50.96544634657948	38.65091999378407	35.269445945391595	
208.70312476076026	50.903711735461634	38.016127970754134	35.392915167627294	
208.77421685318197	51.06353553614386	37.87394378591075	35.07326756626285	
209.06414276656645	51.23790152798806	38.44265525444158	34.724535582574454	
209.38080780760876	50.171312303856936	38.96119240344306	34.553979568664545	
209.03264495330137	49.69878955127929	39.657518112057886	34.341826047648055	
207.60870508992275	49.73761597340581	40.17621366181036	34.26417320339502	
206.82538599593252	49.223145465510925	40.57148693518438	34.121749304578366	
206.15386575599354	49.280753438644396	40.73935281406819	34.00653335831143	
206.89479150947446	49.19439639337405	40.43340743952062	34.179247448852124	
207.12586888114132	49.82661832324756	39.97125269618692	34.088773617333864	
207.03597391090483	49.91715139192172	40.15104263665992	33.90770747998553	
207.91360622731835	49.92908339474723	39.561020992807336	33.88384347433451	
210.7654182917932	50.40057181063396	38.48038831625482	34.09661450566031	
211.1538529652778	50.4310484939094	37.703518969285625	34.03566113910943	
210.54002803802837	51.230890936288	36.672405512137175	33.56535791017588	
210.8378444343014	51.90334451288528	36.07677271959115	33.32628667581807	
210.62694643159142	52.01031936946198	35.40582175453249	33.11233696266467	
210.93921242027145	52.574498105193484	34.78128977717245	33.0628544820133	
210.0147229026369	52.594282604335675	34.49361674235222	33.02328548372892	
211.57458587316137	52.36175107023092	33.500281341123205	33.48834855193842	
214.08041058771903	52.50725853727552	32.708388109007004	34.252272667099014	
213.7452633677408	52.735557933859354	32.324254028665266	34.850102394229566	
