136	11	29	33	
133.92970071972388	9.832947678638867	29.21298910200178	33.358234823205436	
133.40568771560874	9.700695528980507	29.27618223624294	33.622739122522155	
131.34004339713417	9.643637045064576	29.447699869991727	33.73685609035402	
131.30760026833366	9.451685615481043	29.512586127592698	34.12075894952108	
128.3372768093321	9.402129953321175	29.44457629233157	34.21987027384082	
128.37752171280994	9.824402748999752	29.364086485375914	34.37720906221713	
126.37865284288743	9.680960804213811	29.349730209486303	34.664092951789016	
126.35960750479008	9.555365793747072	29.387820885681016	34.915282972722494	
125.73991304919274	9.520404516619127	29.615498235044267	34.98520552697838	
124.15859483881012	9.528615609857535	29.728769897497465	34.96878334050157	
122.05190229594521	9.605134465019624	29.870061674347042	34.81574563017739	
122.10786445429557	9.566260250907408	29.758137357646312	34.89349405840182	
121.0914954102861	9.432771671729292	29.756210159041906	35.160471216758054	
120.03044417189109	9.31983761950939	29.835464779085076	35.38633932119786	
118.49837937678768	9.329042592576112	29.821040450908058	35.36792937506441	
117.95762439605485	9.396709550614329	29.87688198027557	35.23259545898798	
116.87543270731666	9.402277332703733	29.992308318899816	35.22145989480917	
115.86387135114977	9.36030392730931	29.963105524474063	35.30540670559802	
115.37733875317289	9.26985627197454	29.909181269196438	35.48630201626756	
115.39569147440487	9.235785794189656	29.872475826732476	35.554442971837325	
114.84224630937754	9.236762660741977	29.949992790538886	35.55248923873268	
113.17849831446154	9.222532150390819	30.185714472289924	35.580950259435	
112.6448398537505	8.785892164858097	30.218207520033758	35.419406356822186	
111.57342429191004	8.836096950861062	30.295335493098293	35.31899678481626	
110.28627494696428	8.537815926930442	30.804555882846383	34.88301968260579	
108.67629226863666	8.120170454194092	30.92266700824299	34.68435921765895	
105.62733889318547	6.5927573902075665	30.824032629023897	34.64091478057125	
104.45181102680088	6.818799527278202	31.11407658356265	34.18883050642998	
101.32029483251087	6.295938707415807	31.208465703147734	34.20644493465561	
100.65137935362546	6.40182161448238	31.51641109194902	33.99467912052246	
98.23127128779089	6.386180868105235	31.199196504543494	34.02596061327675	
97.78467202106864	6.847296180931597	31.06546839490902	34.13065663070299	
96.33305762299786	7.091188484186986	30.889416457848334	34.66929893525963	
94.8032278530113	7.096001479042545	30.853101136050867	34.659672945548515	
92.65475439646656	7.503781706359632	31.025001057857573	34.875374238735034	
91.04979229454098	7.586805899487224	31.122850530006918	34.70932585247985	
91.03122177036559	7.733731679853474	31.15999157835771	34.41547429174735	
90.6323766197881	7.694082393304164	30.92531557207362	34.49477286484597	
90.15939978642245	7.581079642966287	30.84141507706261	34.720778365521724	
89.11921068839436	7.981072835125797	30.857746216012433	34.95281550975589	
87.63589874662385	8.376092002184787	30.716714887053335	35.19866224647127	
87.11915134432937	8.662004369196872	30.712772335702827	35.664274868386585	
83.92431228521525	9.115696229444936	30.834967574512305	35.801471627793575	
82.87861710673045	9.110951897207656	30.82903027501289	35.810960292268135	
81.73820739563749	9.072520265109446	31.012419181764834	35.887823556464554	
80.57646731083274	9.13341871749293	31.23020437021237	35.76602665169759	
79.60009902716057	9.488624417955727	31.074032776259852	36.11006933142042	
79.12883945733006	9.507112382827415	30.95927792147624	36.07309340167704	
78.5890477954232	9.87008767890227	30.984001595665788	36.402002459151475	
78.51179492054285	9.878269141884253	31.138507345426476	36.38563953318751	
78.50995464543068	9.925152887853162	31.142187895650835	36.29187204124969	
78.54056980263613	9.90956635436121	31.08095758123995	36.32304510823359	
78.63892207700617	9.9002485415748	30.884253032499853	36.34168073380641	
79.29375669930083	10.413511236570471	30.632387432346682	36.37295898825123	
79.36377640633478	10.845890998072363	30.492348018278797	36.56243318891824	
79.3329201577055	10.894786695185964	30.55406051553735	36.46464179469104	
78.70553015025732	10.840123531825018	30.754454520865956	36.57396812141293	
77.05080447240802	10.905630949826378	30.886007423826012	36.44295328541021	
76.53911047200545	11.41666782847103	30.85000004699819	36.48027490575387	
75.46765037429748	11.410071681004034	30.874136068047164	36.49346720068787	
74.93304100069356	11.491041315173224	30.883370765833483	36.33152793234949	
74.53117668241768	11.344227549166561	30.62946671856358	36.62515546436281	
74.06828793788723	11.3095140100564	30.497169007887187	36.694582542583134	
74.09621422420227	11.324732582704474	30.441316435257093	36.66414539728699	
74.14803431802984	11.257689962120097	30.33767624760197	36.79823063845574	
74.25143602976496	11.133625259877707	30.130872824131735	37.04636004294052	
74.27975993388878	11.248460827117988	30.07422501588409	36.81668890845996	
74.28411120226494	11.317915765625706	30.06552247913177	36.67777903144452	
74.31776030409432	11.431829984672806	29.998224275473014	36.44995059335032	
74.3377329873695	11.458922708033871	29.958278908922637	36.39576514662819	
74.32978436400911	11.517605366256547	29.97417615564342	36.27839983018284	
74.39538149433056	11.483014368706812	29.842981895000513	36.34758182528231	
74.34848831596044	11.52428504288902	29.936768251740766	36.265040476917896	
74.30229409921122	11.581023751237847	30.029156685239215	36.15156306022024	
73.72757637557237	11.521267292385936	30.137491604399468	36.27107597792406	
73.11164569006732	11.566533132101814	30.324664526165158	36.18054429849231	
73.13064142363976	11.598206156177277	30.28667305902026	36.11719825034138	
73.14996127188834	11.614491466891135	30.24803336252309	36.084627628913665	
73.16357097195758	11.627660685782065	30.220813962384632	36.058289191131806	
73.24838571338964	11.97777807958272	30.051184479520522	36.400807248210896	
73.32731485822262	12.254992459614915	29.893326189854562	36.89167153511213	
72.78364961636774	12.678734743741103	29.930369022147985	37.09447461827606	
72.68219903742474	12.743058661198145	30.13327018003401	36.965826783361976	
72.13604798510738	12.772130226235568	30.17026405689527	36.90768365328713	
72.05184340541336	12.850653294835489	30.338673216283297	36.75063751608729	
72.07704522712899	12.95880434663199	30.28826957285205	36.534335412494286	
71.51112213741136	12.458991340162058	30.368941173003	36.48278684614986	
71.51066319287408	12.560330523730109	30.369859062077573	36.280108479013755	
71.57074958682708	12.496415185985168	30.249686274171573	36.40793915450364	
71.55679455165573	12.857289163977164	30.277596344514272	36.73479702778573	
70.92130172741777	12.778960241663086	30.49449423596004	36.89145487241389	
70.87222137881548	12.797408324521136	30.59265493316464	36.85455870669779	
70.84127694453295	12.767318343036443	30.654543801729677	36.91473866966717	
70.26902080299186	12.79810846794096	30.73611523755021	36.85315841985814	
70.19856814768819	12.829310559887212	30.87702054815756	36.790754235965636	
70.20059328737892	12.92702899146676	30.872970268776086	36.59531737280654	
70.14785279967171	12.925232979759883	30.97845124419053	36.59890939622029	
70.14521651537082	13.007701055797828	30.983723812792306	36.433973244144404	
69.59750060170173	12.905747493536268	31.01832732956081	36.637880368667524	
69.48132735205222	13.003363141277902	31.25067382885982	36.442649073184256	
69.42878620254046	13.158633289273979	31.35575612788334	36.1321087771921	
69.4566994668664	13.073841301922812	31.299929599231465	36.301692751894436	
69.56983906845619	12.843258687857176	31.07365039605188	36.76285798002571	
69.68345813627194	12.764923567462553	30.846412260420387	36.919528220814954	
69.34588043565145	12.69374834463025	30.455459425881116	37.06187866647956	
69.38352298871219	12.794104233610703	30.380174319759647	36.86116688851865	
69.51698962470809	12.948434657554792	30.113241047767836	36.552506040630476	
69.71773698040971	12.282988781579856	29.711746336364598	36.83476857402684	
69.78005448850747	12.208216443495058	29.587111320169072	36.984313250196436	
69.8393804855793	11.685254951643724	29.468459326025425	36.98348661169403	
69.7988016669401	11.816477791260002	29.54961696330384	36.72104093246148	
69.74668535054651	12.10547342275278	29.653849596090982	36.14304966947592	
70.20361375250681	11.888308953435992	29.77490383372222	35.54246756655768	
70.19579951416742	11.928671314690028	29.79053231040102	35.46174284404961	
70.6181476092329	12.031976508269423	29.972460277059575	35.25513245689082	
70.6164982250046	12.231734644680724	29.97575904551619	34.85561618406822	
70.68783918061737	12.217736499420905	29.83307713429065	34.883612474587856	
70.77844627225444	12.053966485669743	29.651862951016508	35.21115250209018	
70.16116967328719	12.090076360428121	29.865889715486826	35.138932752573425	
69.63919992740644	11.976647271826401	29.886973564614866	35.365790929776864	
69.64186314634239	12.009912861840455	29.88164712674295	35.29925974974876	
70.33026099594532	11.366492678446633	29.530435614753706	35.56051592931977	
70.98766761876752	11.164237382371681	29.239576464952094	35.965026521469674	
71.00530060122189	11.014873272665866	29.20431050004333	36.2637547408813	
71.12781803662955	10.747189427661553	28.959275629228006	36.79912243088993	
71.14399258493535	10.663959455193588	28.926926532616413	36.96558237582586	
71.11577466977255	10.184025905388385	28.98336236294201	36.88970445691298	
71.10809495642965	10.48655990453571	28.998721789627805	37.32013789295639	
71.15877549810877	10.31506578396252	28.89736070626959	37.66312613410277	
71.22536217104923	10.139927793458707	28.764187360388657	38.013402115110395	
71.62633483924385	10.278300593914036	29.011332748364122	37.73665651419974	
71.6663628248931	9.741683568098129	28.931276777065605	37.76098876353599	
71.68843061636865	10.103600087685408	28.887141194114527	38.0851238985871	
71.70983262996114	9.619880751083755	28.84433716692954	38.00037088791261	
71.67750243086219	9.810997401002666	28.90899756512743	37.61813758807479	
71.57359575412346	9.511371097486503	29.11681091860491	37.17196552116404	
71.58971167959007	9.43860908108093	29.084579067671683	37.317489553975186	
71.66777763980262	9.45290704372205	28.92844714724658	37.288893628692946	
71.57700922918804	9.038485059867703	29.109983968475753	37.07702479714638	
71.5791352691684	8.62967813748449	29.105731888514995	36.854213063029746	
71.60588554309051	8.490620431939917	29.052231340670794	37.13232847411889	
71.6285157493696	8.445354785567819	29.006970928112636	37.22285976686309	
71.70067640169995	8.403719492948493	28.86264962345191	37.30613035210174	
71.80207962733364	8.29200013232937	28.659843172184544	37.529569073339985	
71.72930808338322	8.275020949652031	28.80538626008539	37.56352743869466	
71.60896569810106	8.453974678909788	29.046071030649692	37.20561998017915	
71.52140761490959	8.60153086605603	29.221187197032634	36.910507605886664	
71.30119677511958	8.415646241379356	29.661608876612668	36.24259429121214	
71.33472460224344	8.314888261672529	29.59455322236493	36.4441102506258	
71.32557241561511	8.230952581846434	29.61285759562159	36.61198161027799	
71.17460825463884	8.107227969440576	29.914785917574143	35.817977138151896	
71.215859576091	8.266630184191627	29.8322832746698	35.499172708649795	
71.33720627202914	8.285343337337626	29.589589882793533	35.4617464023578	
71.48401861402309	8.241909181136908	29.295965198805632	35.54861471475923	
71.49437598922505	8.313114148401496	29.275250448401714	35.406204780230055	
71.57511315751947	8.285733345931028	29.113776111812875	35.46096638517099	
71.61873848145538	8.39810730592604	29.026525463941045	35.23621846518097	
71.09199708172599	8.581771670051378	29.06917842135926	34.86888973693029	
70.4946103176422	7.006850477566832	29.25808936548782	33.99528178574333	
70.01199171774799	7.360885022318996	29.227909113761037	33.287212696239	
69.58977345619977	7.573214305553908	29.088374531289542	32.86255412976918	
68.55841882043394	6.923578967555084	29.20077890106782	32.21151990401347	
69.07430791774686	7.080982137574603	29.1358329240295	31.896713563974433	
68.56996104853346	7.241052713793042	29.18363007944275	31.576572411537555	
68.76743434048427	7.055569373238505	28.788683495541115	31.94753909264663	
69.41279237829863	6.742877020507525	28.454119905501724	32.57292379810859	
69.33884228374097	6.352268743658538	28.60202009461704	32.393631914047816	
69.17956752324335	6.966882557074108	28.920569615612287	32.12450165914559	
68.74073426714664	7.7837974054430035	28.837227498207177	32.41268922160492	
68.73977428614177	7.015775591385587	28.839147460216903	32.02042351178368	
68.85824094293298	6.585491852430785	28.602214146634488	31.922899953429273	
68.4531715033049	6.617255804104506	28.459560328186406	31.85937205008183	
67.5968148352421	5.762017385908928	28.273219356308687	31.670794578469657	
68.18930057443862	6.595766310671335	28.03186894317607	31.89053885946571	
67.61898256110511	6.938741429938542	28.229334259013736	32.14775933176065	
60.495084939844496	9.839639367035172	29.172654487113036	32.99820096477836	
62.60735101465488	15.882168656213786	30.81975294361351	32.656403598663616	
55.73917833515962	19.552666811663713	31.56233965904324	32.31204655737342	
58.96450719395317	18.96181702293672	32.152831609434806	32.48786761083045	
59.423047785019804	11.91807473926292	32.25371077622029	33.34186764223422	
62.56548737152354	18.56147049705926	32.16662580485068	33.48363023019024	
64.41819727881345	18.14666469471419	32.5964471500939	33.279431544924634	
64.84844963080161	17.297429256055764	32.773343919550015	32.903099475376635	
65.91740011769934	16.71566847158931	32.70399133474685	33.03234684981338	
68.95708623692394	16.36313610772759	32.83590726943477	32.702196882013965	
69.11641798782749	15.10901734239454	32.51724376762768	33.1462432299379	
69.82708935938737	15.00011687088979	32.1299598250486	33.3640441729474	
69.92340231126845	15.637633813204083	31.937333921286474	33.120366150479796	
70.03551926729384	16.979804258821943	31.71310000923568	32.485001981500034	
68.46546273580122	16.39995358745223	31.820286686284916	32.6337278622608	
64.99208802823472	9.26936679588012	31.662010605697887	33.69985409621068	
64.82441600413338	18.150608304736263	31.997354653900587	33.433696725000125	
63.76849117245935	19.264801302069905	32.0485079412311	33.266007106350386	
62.32194680364179	19.21359586553826	31.85600558622251	33.36841797941368	
61.788693618126665	19.882409589973847	31.89542471749776	33.057877770297495	
60.80287290248603	20.512002410549385	31.821374749749275	32.82153782866129	
60.49240192825302	21.55757396919622	31.424348537290477	32.766331033217284	
60.10446615725172	21.700988743901164	31.189398465006484	32.4795014838074	
59.9681142139092	22.038999740430906	31.462102351691534	31.80347949074791	
59.460704504642436	22.18522358430161	31.480617020842395	31.511031803006503	
58.904721316505054	22.39624889565119	31.600588956358575	31.08898118030734	
58.811007011978106	21.971700373423573	31.788017565412474	30.950849118739697	
58.74577846381479	22.11357361325358	31.91847466173911	30.667102639079687	
56.411619889148106	23.99246552272926	31.65903987082136	29.865969984278998	
56.24510903553415	25.158396820389292	31.023266658216855	29.471697228623754	
53.950923485481745	25.319901452770615	29.896048211734538	29.148687963861104	
54.37738949990246	25.505561524331853	29.043116182893108	28.77736782073863	
54.34191698791027	25.62563006286046	28.203504808013182	28.537230743681423	
52.43713742260756	25.680716238109987	27.5453088050649	28.427058393182364	
52.23599418921533	25.399277629553932	27.06616801416584	28.10850835261096	
51.85072433551057	24.779488981963027	26.96785394407054	27.61037809278309	
51.059103603267644	24.859772256958713	26.83212575465381	27.449811542791718	
50.5880285369559	24.947994374821526	26.919456065340626	27.273367307066092	
47.70147733683098	24.6764895688478	26.718578288304773	26.9629511794013	
45.36592158760033	24.7973977886573	26.317432425091038	26.7211347397823	
45.04090268914712	24.80501281722418	26.13222324456967	26.705904682648537	
43.05015314866472	24.885964613440777	25.953301117677018	26.54400109021535	
43.110869722164125	25.2603246824375	25.83186797067821	26.621997036967503	
42.68059389486412	25.330928001044047	25.86639793644016	26.480790399754405	
39.734845416727	25.421824067291737	25.987438063866364	26.298998267259023	
39.33312935024516	26.214263186342002	25.967465405205928	26.360929612406725	
36.36600067342732	27.295489276867407	26.133279035725835	25.84660420938899	
33.40604607905627	27.47662360568358	26.323144141001492	25.484335551756637	
30.79949615449034	29.852251606438855	26.641209467236727	24.812274985993266	
27.79638827190324	30.73350787481061	26.976283456748444	23.85992556005869	
24.056982426624803	32.33017053825451	27.253348501007075	23.06718244860364	
19.594114858311716	34.18583256293155	27.469685319676337	22.52291233305208	
14.149577597682185	37.948712828536834	26.5639469199346	22.86036041584204	
13.663748331572535	38.59489772872108	26.75781640734799	22.34577966027946	
8.357578598707752	40.19895384269942	26.55509690385023	22.227684280673444	
6.614227823737156	41.56119255253935	25.43693799759499	22.573113831791197	
7.130133021707341	42.15562617219043	25.16085505844766	22.139974049282078	
6.9601193641831625	43.05551002175117	24.756367306127974	21.829236484896683	
7.459707591314816	43.5836637333023	24.49046026802093	21.50619847795067	
8.087937089634789	44.24325620144656	24.68195245323112	20.910989132587222	
6.441504899881124	44.87402101403973	23.670507715806416	21.0842292130449	
6.840403816406692	45.72540002114523	23.577214624562444	20.79048068244823	
7.098962126843283	46.096920065384964	23.060098003689262	20.74579981558429	
7.337945865051914	46.14021021851592	22.582130527272	20.659219509322387	
7.358907648622857	47.12107995385229	21.859409166265024	20.739873420244926	
7.19020916641351	47.23376689897177	21.526009206818664	20.51449953000595	
6.671896444744949	47.32807862445787	21.23861995830788	20.325876079033748	
6.58386925257372	47.85912674818724	21.414674342650336	19.918299367229512	
6.671812043755942	47.93620443047558	21.238788760285892	19.76414400265284	
6.076664258602303	48.406029151993934	21.137862192239737	19.47010562879285	
6.202760017272604	48.61189523599424	21.52503138573491	19.058373460792247	
6.178242140328903	48.79864290684884	21.57406713962231	18.68487811908304	
6.794803653734462	49.055676432966635	20.974534963633495	18.804401917669743	
7.354619284110862	47.46597499601135	20.48111055678905	18.85277052203853	
10.06158756558241	47.20441850880326	20.02156189230984	18.75658500914672	
11.699434065923326	45.50809744091987	19.798860110334747	18.485637682465413	
14.205074105804183	43.86049977791765	19.6101144132423	18.163932221467892	
14.897546939327288	44.876162803208466	18.819926621809422	18.511637673339578	
17.52829320440457	44.26171201699574	18.26158320125829	18.564751968364178	
17.852755706154582	43.880949690095676	17.612658197758268	18.74633924904861	
18.249031649896462	43.709689643448165	17.392619359520474	18.51634629309767	
20.333967159793858	43.62360061666134	17.18073239859997	18.12309805254641	
18.396679438629057	42.44829965983183	17.163893637460113	17.694118392298677	
18.213356084887717	42.848161982421736	16.981611150297553	17.44332294176411	
16.17845324704631	43.00218768448793	16.714514776736955	17.135271537631724	
15.842335685081213	43.08564277860115	16.32063548960724	16.968361349405285	
15.735432824489289	42.951401008684854	16.01022985018737	16.71263352863415	
14.840999025965452	43.015696786642934	15.73793343666639	16.58404197271799	
13.51256898370823	43.857642076265854	15.341010214257292	16.42704304693392	
13.557169924537444	43.78633024805312	14.751597120175028	16.569666703359392	
13.775536590358527	44.33269233755826	14.314863788532863	16.46302345722243	
14.221101395332209	44.551664193930456	13.908130084681545	16.50947565057409	
14.349831279214122	44.40729518685369	13.65067031691772	16.319634384626003	
14.227991032733822	44.53477150897533	13.422845615429452	16.064681740382714	
14.348749237405011	44.377000823058616	13.181329206087074	15.916318754850915	
15.564467793844976	44.53353180143443	13.038513848754247	15.603256798099293	
13.99634532190321	45.61880983659843	13.020564460702097	15.2350974888774	
12.231019525965982	45.95012229762549	12.994181954359252	15.01710182910044	
12.239449470477702	46.298454490787556	12.977322065335812	14.761272346944521	
11.905576515693864	46.71321078528422	12.771863271934276	14.804964460920399	
11.575457904534158	47.143366801188364	12.56412931096316	14.812623612402636	
11.42898316661746	46.48520672917482	12.426312500947695	14.836644898883144	
10.376307025082959	47.43313797106329	12.387073679313353	14.656455298868877	
10.4358228730767	47.89388016329297	12.268041983325869	14.58598552375582	
9.642752911969842	48.08556679611826	12.164165762135113	14.62511629395636	
9.46223845996435	48.310913494503836	12.10376146502202	14.59585609830928	
8.438175512412869	48.96871508407314	12.051845961997952	14.540277758046901	
8.876334858593694	49.774310782168335	12.01215719192847	14.602346206440838	
8.097672502437451	49.805287538381776	11.894963839610314	14.540392694013963	
7.948419840204127	50.59075706035756	11.777685790011335	14.632587146324893	
6.299798871953758	50.59020901023334	11.752512793414734	14.633683246573346	
5.979451530002802	51.58825825970196	11.563385698602271	14.712139194422038	
5.179994909048363	51.369503084526734	11.510121571419642	14.736605202499605	
3.117057088537881	51.748980980243175	11.510469446656584	14.802754964223517	
4.074072546067799	51.967464150476786	11.66428758509961	14.77935843445686	
3.8859881839044297	52.30123893170076	11.624743921844162	14.943233647173281	
2.7237449131117986	51.98246455959682	11.443770807075074	15.163205781988768	
4.211486512702258	51.715252613895586	11.394166760198896	15.27964693734769	
1.8094487192934574	52.22204403639258	11.170909130667278	15.522897396441005	
3.3634187711458408	51.4746484205834	10.995800215841351	15.760760975682732	
2.7606358572043836	51.59276185407184	10.942297759351986	15.944223536829934	
3.1386868429107695	51.773566937662466	11.029343812985863	16.004187382172013	
2.626046509106075	52.43800010196195	11.20678665231138	15.94707779599885	
2.255635104057199	52.072936950811076	11.09563381835884	16.251216276275446	
1.4302702110851948	52.21433680155516	11.031397678795823	16.39715805616403	
2.53107222855044	52.36447330846849	10.979166051317582	16.52675952382782	
-0.003951297079785476	53.37869925169002	10.446784621796912	17.084043859283735	
0.6551877705220344	53.566756315019376	9.989296374145557	17.56871962017732	
-0.0028021126254618167	53.15482184370374	9.585830705478248	17.96272720406801	
0.5572278573604414	53.18604414143205	9.323354799584784	18.32907462565056	
0.8556184971628875	53.52195614468608	9.156232551576611	18.516568682335944	
1.2916548971612478	52.48856740226434	9.143188500360816	18.435774295227116	
1.6224124269399853	52.38113586354375	9.337886339668575	18.222530923235677	
1.7777753850457119	53.70607925911192	9.455507566914571	18.142726992844025	
0.3763769033953075	53.18918637691149	9.253896060866431	18.318110337430902	
0.6973737129458772	54.18044314918234	9.040201287461953	18.477091021372516	
0.7607588313428284	52.63439481144756	8.91343105066805	18.580713130454768	
1.1238255060190774	53.18736528661266	9.039767537105108	18.327242015914106	
1.508942954164235	52.432576590436284	9.118986140506388	18.137912408883686	
0.5129395534438999	52.46859097906291	8.994356653613185	18.065883631630435	
1.104120920882779	51.98274988100695	9.072343332982209	17.77721641349555	
3.77901530232971	49.36139254171281	9.563847612141862	17.17863805003033	
3.357107851322617	52.54531500203002	9.99081111470096	16.64671272176711	
2.918096778038387	52.99088565030745	10.452631403385874	16.1717732830958	
-0.03809565812091442	48.14757557078735	9.69531060364575	17.104404747558917	
0.05674127066328438	52.03903831056108	9.087645578993943	17.681302609679637	
3.770953688684634	51.26945035871184	9.56496940636339	17.140018338795972	
3.199564540962559	52.066623158979056	9.87514820198804	16.794571987990793	
4.254831264785515	52.91954000053256	10.263294783862753	16.338078319644097	
3.730455104466082	52.45267602764419	10.479688149804028	16.023267833374444	
3.6027580075075623	53.46070217285458	10.735082343721068	15.667537733853742	
3.334260969758245	53.37588307092555	10.858105010076473	15.423204528568558	
3.1075931984290106	52.78554002933281	10.899125569951602	15.366945663404032	
3.0514710444345328	52.033594346846535	11.011369877940558	15.222276233423987	
-1.2494558657004546	47.167601756744034	10.141925058380103	16.30655395987076	
-0.14519566458704247	42.277396130366895	9.588098075455711	16.98615140646167	
0.5924592719683774	35.923876589752	9.770460362569008	16.84623124595441	
0.8862926212356239	37.49690787258826	9.598234865170594	17.02369828937053	
-0.42603972471423557	39.372229566044936	8.901731609968717	17.83966082972186	
-0.06214150370971172	43.42017851991043	8.17393516795967	18.878206640205317	
0.6577008123674619	44.69946666121711	7.569444543454728	19.66040638818959	
1.068121584945219	46.38211122386931	7.584832037018545	19.640033417762513	
2.1110086022974235	51.62286762972716	8.007646157209237	19.19287322562721	
2.0345487713540242	54.41153048630724	8.579768516776953	18.645979884638052	
-0.4912254645398586	54.761220023301526	8.153612417040396	19.21068648100125	
1.2350519403965805	54.01491683147054	8.499483154295971	19.015103732606125	
0.7659637849700571	56.83414408384847	8.58702787257313	18.905754579593555	
4.461872096118236	70.55091392309768	9.275248206045282	18.263916386011786	
5.5437893068676	70.1613492476784	9.67865378845455	17.759425734896315	
5.569391816022806	68.56745204714784	10.05483406541929	17.100752478481084	
8.582145466520323	67.88453626167426	10.389821852580086	16.346419020042983	
12.041759151125309	68.19989739978982	10.58377957158524	15.715696743811867	
18.00792405496542	68.31586997885907	10.604930384198415	15.483751585673353	
21.263209808581706	66.91860614747756	10.639085450657554	15.00591596159051	
24.571721601323702	67.96735131196235	10.460331944618943	14.920385032447628	
27.806611928178913	66.6111695015518	10.360959789544518	14.845694935115462	
31.476817133925266	64.74468781182142	10.137413991816103	15.020226007694085	
33.09201140349362	64.61462596363027	10.061532221902322	14.886036357923501	
34.76755188111826	64.42791430696936	9.838724767543493	14.868425483634034	
37.31415308783123	64.00065421611028	9.777408465319496	14.948809340551882	
38.879641905237435	64.71019830991277	9.744465304054891	15.078738389720804	
38.880597743902946	63.72733322433798	9.742553626723865	15.101200678373345	
38.96605083184118	63.692104163564466	9.571647450847395	15.17165879992038	
38.95734001003063	63.65128965836594	9.589069094468503	15.253287810317431	
39.31830204190213	63.650123516542045	9.644480278121591	15.255620093965224	
39.33178176991032	63.66383136847824	9.617520822105199	15.22820439009282	
39.56364608688179	63.89783354418585	9.542561337843761	15.148969188359091	
39.590377357784305	65.42523349544373	9.489098796038732	15.184801354947158	
38.27724503481134	65.89729018266193	9.413583890247919	15.398593502683639	
37.05304869906865	68.4650777026032	9.53463241479933	15.693488138980358	
36.82997280198188	70.82693034958932	9.586461804995569	15.701651692735718	
35.066806722602166	72.14029773049472	9.554947203790707	15.842131077563801	
33.86580328494565	71.34749936175196	9.575684090696607	15.840214489444584	
33.99055680995481	72.05374374362354	9.723376242267243	15.61932333046827	
34.169595806518394	71.80447113310609	9.761686517009323	15.721480283633934	
34.738857133028965	71.58815581773166	9.818833406070253	15.755554400355441	
36.09375409288777	71.8152688733381	9.909209061919256	15.70135251422351	
36.89145502025727	71.25808449444955	9.916723060754087	15.613534381820257	
35.694117363936044	72.66191721230427	9.914151585788128	15.602656864987278	
35.77925305045868	72.94968709974899	10.143215558743545	15.426452436098552	
