198	70	70	73	
190.9845613997706	68.84400007551315	69.51980954842267	74.3119998489737	
189.91551043676304	68.59340126246984	69.39315793539384	74.81319747506032	
184.31767401180466	68.51196732811292	69.23600488504621	74.97606534377417	
184.29480267024007	68.51492195091166	69.2817475681754	74.9701560981767	
184.2466926517847	68.55509458051326	69.37796760508613	74.88981083897349	
184.25425267088576	68.78565139210049	69.36284756688399	74.42869721579902	
185.30411436920986	69.94906221931078	69.52720659531637	74.36595798645905	
189.87780537614682	71.03187814928953	69.44267962536662	74.4660398874826	
191.28304159961442	72.17606184616518	68.89814102578214	74.44360634108202	
197.80911932585377	73.36182000130124	69.38755354170628	74.32901802554372	
199.20215247881873	74.49978163536315	68.86440584921765	74.31601337086123	
204.8926380062021	75.74556242291901	68.75544035051618	74.07885290696257	
213.34720976930814	76.64645153814159	67.58907533286423	74.52604303488312	
219.8828242223405	76.17954119730433	65.7046799608656	75.45986371655763	
228.5073771994205	76.0708016889541	64.00772776452513	75.67734273325809	
235.17165183834697	75.98578259163587	63.866248151618166	75.84738092789456	
239.0247259782746	75.50025970201848	64.95286458626616	76.81842670712933	
248.43746979541493	74.82012639197445	66.20334398391901	75.94803032366923	
258.2754631731183	74.94597291348657	66.66295775949527	75.69633728064498	
267.0152521439544	76.82684743768239	67.10937989299157	76.4160882510455	
273.86242438677874	77.40993361866126	66.96936736778324	77.50897121582781	
276.83793853711023	80.91653150478487	65.56580991479849	79.59071713893717	
281.25566486153895	81.31646600627269	63.58013885803028	81.07410866665793	
281.43229130479864	82.39412021002296	63.2268859715109	81.19265140932939	
279.1331522272933	82.37051353154118	63.285324775743405	81.23986476629295	
271.9931538704011	81.26611936297633	63.93576818653127	81.17706088625657	
268.4987443576982	81.64302185205156	64.08097107764229	80.42325590810607	
260.3527321087264	81.14598166931475	64.46888323074006	79.14532022431601	
252.21671259705693	81.4941935853907	64.9301158027764	78.4488963921641	
246.36385745374804	80.76227437258581	65.35869279282075	77.6573081584592	
241.83395177023732	78.4093404950679	65.41795374384478	77.86290070549637	
238.24013489930022	75.9823109539557	65.84279972273676	78.2084346123992	
238.19034117833334	72.60306258396216	65.9423871646705	78.16763275698922	
233.54843556562454	68.28481577657251	66.15657168465809	77.73449966633851	
233.68355339792274	67.26352159629195	65.88633602006173	77.51292149727071	
232.81790692010964	61.45271010051084	65.3612293549813	77.85254638530009	
231.9737809568538	60.00663117788372	64.79629195811691	78.49151490717821	
231.00961437791204	56.31421157357248	64.47070240169793	79.11458597289337	
228.81487711726143	52.63039344973756	64.34368934859201	79.70749085895251	
227.8405780516822	47.67317973233341	64.0269929003916	80.56073997632538	
225.73938682804686	44.80969565863487	63.68288060212901	81.7412133781891	
224.64935324609516	38.781064678579675	63.577223048873805	82.36985175250656	
222.47322680789256	37.170172065016985	63.3422543324706	83.29802618322773	
220.33418581460427	34.75904050525443	63.012448992067846	83.51240197577351	
219.34992759058406	32.15031906802694	62.67914026425359	84.12619449851921	
218.25606958574178	29.665455612973474	62.56113728013975	84.48448342102935	
217.0875892330833	29.612098313422614	62.58886213234844	84.59119802013107	
215.85658423979126	28.431880855210245	62.739559743225016	84.64032056084834	
214.6161899634108	28.778746581337337	62.90582060132799	83.94658910859415	
214.54522382139595	28.991590581217537	63.0477528853577	83.52090110883375	
214.55701676151605	29.01145552608621	63.02416700511749	83.48117121909641	
215.73848973925595	30.05358305029607	62.96276187670208	83.69845699774109	
216.7713002301717	32.398135249178026	63.200988066099775	83.61704694243565	
217.98381049191448	33.41043667279143	63.082467241615625	83.89894379421024	
221.55842082238286	35.576614638498995	62.85981793746436	84.1843021006521	
225.1092220236805	37.87798002051014	62.6868949846112	84.20069096979122	
232.68236603378267	38.61449122449263	63.689461552895295	82.72766856182623	
238.3980160172417	39.57810635962649	66.06358207951196	80.80043829155852	
245.0484991466508	41.10005274781787	66.62205459445083	80.0664519774686	
252.8360006600841	41.15513261432454	67.20044985048264	79.95629224445526	
263.55931144967633	40.54754478144443	66.59109093766564	81.17146791021548	
275.333812537413	37.533811437606154	66.28344476091011	82.55066339814847	
284.16799806229807	34.55016569754041	67.33780704976972	83.83727154362253	
293.3522865292772	31.702720419827273	67.98652950025073	84.77783725293898	
299.4079834587222	30.224441262591498	67.88564645176301	85.33229340533009	
301.90947155216287	29.00075192817635	67.70060447165318	85.37070497077464	
301.92413334058915	28.98716757730704	67.67128089480057	85.39787367251326	
302.1123452557238	29.001771748971528	67.29485706453126	85.36866532918428	
301.11625410031337	31.396184894280736	66.8871052289971	85.379707331276	
296.4836229084077	31.367341108521224	66.57845797274669	85.43739490279502	
296.4111434729388	32.7798229274439	66.7234168436845	85.00177171182659	
296.28655759562525	34.01786591037333	66.9725885983116	84.91072021736039	
296.1786132012011	33.87862941307925	67.18847738715999	85.18919321194855	
297.4568302158879	33.53875292249975	67.02750210174341	85.86894619310756	
298.8708407765685	33.29858363625351	66.60272418024581	86.34928476560003	
298.7206157974561	33.35114821503636	66.9031741384706	86.24415560803433	
300.01227034613424	33.28176883687026	66.72682099600786	86.38291436436653	
300.08410794927136	33.57482324161241	66.58314578973366	85.79680555488224	
296.3798217773736	33.45653857865982	66.80698660268352	86.03337488078742	
287.3554775780793	34.42927130983859	68.040490893518	86.49007857668046	
278.9243648887665	36.9360391240891	67.89822985033271	86.33496764012541	
270.85816826895365	37.4753868220599	67.0589340871733	85.2562722441838	
261.0207478891526	39.185768620253356	67.57872535068778	84.22988983480784	
251.19406109775142	39.4262016190146	68.13538776624803	83.74902383728535	
242.72670159099277	39.987575002764196	68.34907507661515	82.62627706978616	
232.14219708266066	41.176578607168715	68.1439359487469	82.62317521036961	
222.70258942925852	42.227186118595654	68.05078051027888	82.89350653067478	
212.9604318903411	44.82976129802969	68.54149100269237	82.43675731816204	
204.39387256911073	51.056086942414694	69.04896945474414	81.85956330825559	
203.35086065775386	52.07916795123768	68.76062264118433	82.18777192688322	
201.14549121998488	55.46065396514852	68.4217859473453	82.54916325312698	
201.6144034692096	56.24836179417691	67.48396144889584	83.34863908056708	
201.76145007318965	59.4311694714248	67.18986824093578	84.09911225595634	
201.61935335139867	60.88276607131394	67.47406168451772	83.57469948190979	
201.44647440754534	62.205342319061046	67.81981957222438	83.30488687728035	
206.0760600473381	62.150890868223556	68.06781304867475	83.41378977895533	
208.56936333417576	62.18923376937032	67.84615602817485	83.33710397666181	
217.16435082145316	61.81609369378422	67.30016595928453	84.08338412783401	
218.35465675873004	61.979535527976616	67.29988142464379	83.75650045944921	
226.53395315379964	61.5309404252247	67.56845037531957	82.27838184483662	
230.02930619404285	59.465035380960025	67.6485893651963	81.69629521979057	
233.6440900420077	57.3638131429737	67.46687789352099	81.20016887959369	
236.08409945571634	55.04502419379577	67.26428846832846	81.16031737572479	
237.63301341658504	51.60636280141116	66.50129349655509	81.03314131060172	
238.98097756243237	46.09612494593323	66.12592278640821	80.45082911381874	
240.20910144736177	45.4530612466615	65.97521283008861	79.43141869882298	
240.1786211826202	42.728642079509655	66.03617335957179	78.0180102488373	
240.24240260513966	42.0538387307226	65.90861051453281	77.10100978604765	
240.43630013456848	40.01762900678734	65.52081545567516	76.67263918216172	
240.5195384944874	38.63440806421728	65.35433873583735	77.20153639179279	
240.4228654858523	37.557058744711846	65.54768475310752	77.11319958458846	
240.4562816181317	36.19272166979944	65.48085248854876	77.59709209425606	
240.49882386156096	33.63460310024047	65.39576800169021	78.21097860580923	
240.37348515173386	32.357872699873646	65.6464454213444	78.50516815358252	
240.44841436783818	31.31308126664075	65.49658698913578	78.32690593354107	
240.49076969736467	30.18687908092747	65.41187633008282	78.31662763496479	
240.57530309169	29.085476249632194	65.24280954143215	78.25827426922561	
240.53365417644056	29.223472017406436	65.32610737193102	77.98228273367712	
240.35505813774637	29.11208258862134	65.6832994493194	78.20506159124731	
240.26363684910066	29.102565563079686	65.86614202661083	78.22409564233062	
239.11148382153996	29.04380169795664	65.9033978276279	78.34162337257672	
235.4843650059952	29.16354696271246	66.34924692842631	78.10213284306508	
233.4022394961064	28.904919313363983	65.96761447874692	78.61938814176203	
228.16840153330122	29.93957629360672	65.06138858821393	78.82485454450523	
227.11318329242414	32.281438748167375	64.90849309289727	78.66779358952564	
225.17817454545457	33.196427311926364	64.261617102311	79.09626320427036	
223.04546603901264	34.93596544707724	64.01787298384198	80.12634806532151	
221.95447791697785	37.97266107556459	63.93340789137741	80.85228081794912	
222.05880595550462	40.1545928691534	63.724751814323895	81.04080609482172	
221.12437719666522	44.56971321830632	63.31791768382283	81.31333198923537	
220.0618624265562	45.99780112662488	63.16970157783551	80.73040181880364	
218.90268643457276	50.857547544590396	63.226132642653035	80.05859265946974	
216.66628467753014	54.11585303837451	63.19382320223677	80.29965110365373	
215.49183138001953	57.545547384515444	63.28700775437839	80.20742854001071	
214.23073551967434	59.803661290355066	63.5533755583598	80.2028485617495	
213.0405973486311	64.31742519403087	63.67357340661006	80.21563472974258	
211.49163963632046	65.72273684659743	64.509263728758	79.6672365270828	
210.14445502855784	67.27869803316196	64.93627611633856	78.82267098189848	
208.81038931574102	69.9833215462126	65.34312912190747	77.93598079592672	
207.43766806519216	71.4087342584709	65.83438746102925	77.339339533386	
206.05111829794177	72.89171253597787	66.35460324776153	76.62626672614059	
203.4424293064152	74.20563718290752	67.07155284017617	76.24863162760056	
203.22170547186857	74.30166209422211	67.51300050926939	76.05658180497137	
201.9569043223848	74.2072616498404	67.7826655405836	76.2453826937348	
196.2472086734236	74.17967175440825	67.86616086340398	76.30056248459913	
195.00878882110626	74.28372322561802	68.07363003505718	76.09245954217957	
189.28590802661992	74.37940409511249	68.17212188278897	75.90109780319062	
188.11529884473123	74.36664894282782	68.24528699272147	75.92660810775995	
184.69545031097329	74.45715511154157	68.27613069938744	75.74559577033247	
183.61358415460785	73.06361322259451	68.17256703907523	76.26538357518349	
182.4869814382352	70.46919845199514	68.15205184633918	76.90677186541954	
180.00249345372984	69.23001793888656	68.5543266474326	77.10178230767806	
178.39917675943704	67.79265670913266	69.46815063031279	77.6836953614804	
176.9104688114523	65.43052931183155	70.12911770445467	77.7750525124274	
174.43454504807443	64.23415945797699	70.42412256345386	77.83937088625825	
170.11842231273425	63.0000178355	69.71985603829447	77.97352613225229	
168.19555301929154	63.124471095024745	68.91565084288867	77.7246196132028	
161.34895479418208	62.4816631873362	68.75932518042404	76.70198174313263	
158.53248744284807	62.203661611917866	69.81250917492959	74.96810953988805	
151.841474239336	60.27439159124464	69.51664567363059	74.26735294512682	
148.4945082999514	59.37160354085766	69.41855976442807	73.80892311657684	
144.1829511573666	58.024361011731415	69.02053013629762	74.24812219650431	
141.51479604954778	56.80503027437183	69.84519287867194	74.43095993459181	
139.07650387239698	56.37801222863554	70.17822031840795	75.28499602606439	
137.9021988952082	56.25367026143151	70.23642390778832	75.53367996047245	
136.76197865581452	56.089129449666146	70.22165117034936	75.86276158400318	
133.64619129434337	56.06289076531366	69.55288663402443	75.91523895270815	
133.0356851602842	55.99932162177864	68.48361012133898	76.04237723977819	
129.70384455709245	56.01360747334088	68.32162692971752	76.0138055366537	
128.79765970278598	57.04879339916616	67.8618048238114	76.21562549952228	
126.5270145575458	58.40077162455455	67.86713064973046	75.77965128102613	
126.87170573338624	59.70564360291684	67.17774829804958	75.43120324165426	
128.43342168236552	60.99624682515102	66.29918617525132	75.09486657234618	
130.0319745398453	62.315485016271886	65.32768112545685	74.68199085526955	
131.6314571083351	63.557447254768846	64.33236209545564	74.40171248525411	
137.6165147161852	64.82546872571105	63.27899412527309	74.04901899247324	
138.83060819292066	65.2382493828593	63.011789720788784	73.22345767817674	
145.81645563316735	65.42970643348843	61.90367298635282	72.84054357691845	
148.77936732276794	65.80916793176218	60.218265538876324	72.08162058037097	
155.63857500465633	66.14670157959185	58.98805605609815	71.40655328471162	
157.8407021114631	65.811830441956	56.63493076571288	72.07629555998334	
165.2023364864669	66.7009143530546	56.07475175282822	72.32142627166084	
167.06416957476014	66.11086885205432	56.386957945409605	71.48358108907745	
168.534000209549	66.06803974482025	55.45749435831117	71.56923930354557	
175.40581801665073	66.57198273819509	55.68861792898615	70.56135331679589	
177.1626733323339	68.26866815601775	56.14438045449029	69.15271905958582	
182.6318219398492	66.95350925903654	57.029217412980735	67.84199212904124	
186.77064389303047	68.89469629290274	56.610100622270664	67.88888161913505	
189.80683831069402	71.04147986758153	56.41351621971493	67.51251742495843	
194.84011819754804	69.96822831593772	56.09512305172668	67.70938720710207	
203.42059577125306	60.81444448215316	56.46195017662743	66.54164123877028	
205.35256396252416	81.11979012153787	56.46888934850438	66.57514328140128	
209.0426922027579	68.2306129562768	56.83289925331362	67.18463185977416	
212.0413030902125	75.73770682750151	56.68966850652357	67.78108685897581	
214.30328185072688	66.1753417994736	56.08215669757567	69.28181121066763	
217.58317517350582	61.82258667406272	57.40836201003504	68.12983151396779	
219.40510188268433	59.80103802072509	57.7148608496805	68.22257656264054	
226.02980140985304	66.7351024890146	58.33624283934307	68.22522867006145	
240.09216686237573	48.999394501011594	58.0935259113236	67.84834096131985	
230.34008529157626	60.39059872477513	57.77920296595348	68.8481158181556	
234.47597404653206	65.20971318098869	57.476327168318406	69.17101404607419	
243.38644690697961	46.584870906226705	57.58625612575355	68.56662983023416	
236.89149287454066	59.01955788246055	58.667500009795205	67.51458423943886	
243.23487233597484	40.86040191107901	57.89612906429156	68.08673225010773	
235.7696179058097	51.41875927497544	58.95012664115062	68.7759638249126	
239.11471181389896	56.19982534202628	58.289776732566544	71.27350750599986	
239.8369324364148	54.264844898157634	58.8831393007851	73.105664580487	
240.5617926475598	53.85550191919408	59.50896368422788	73.9243505384141	
241.34437052067094	53.64787848684425	60.04205206899512	74.33959740311377	
242.15357839119955	51.58873054771677	60.536886189447785	74.23139355834901	
241.90650425982682	51.5215706993706	61.03103445219325	74.36571325504136	
241.78707129725277	51.64086545833661	61.26990037734133	74.12712373710933	
241.85013456540864	50.7260476420487	61.14377384102962	73.8269275005191	
241.85390980347046	48.84705389825427	61.13622336490597	73.33856412060516	
242.84839338840783	48.09022014755554	61.26278863626204	72.73669918077184	
242.73170529043423	47.552510872982666	61.4961648322092	71.7038244605881	
242.43011775409283	44.6562273055827	62.09933990489202	71.20810002653974	
242.33700841918483	43.86664257383182	62.28555857470804	70.68916526656035	
243.24778067531602	43.23358397869768	62.55705850175826	69.86223801751603	
243.1834953393679	40.326338034450714	62.685629173654476	69.4230805532589	
242.10373686639878	40.18914175479935	62.76537049625696	69.69747311256162	
241.5878612121478	40.15898379628412	63.79712180475897	69.75778902959209	
241.37755904776384	39.353159448204956	64.21772613352685	69.26673452891903	
238.78181347125368	40.284376125767004	65.20573425095593	67.40430117379493	
235.63724309235175	40.31756490668705	65.23004922737857	67.33792361195484	
237.27992067327733	40.68554741038118	66.11993133438105	66.60195860456658	
229.6391992335063	34.8292597118988	62.590428702716494	69.95411377432845	
228.7629384667155	32.39867603653417	60.16992991451917	72.72877096416823	
222.0188973405704	29.169302330007028	59.02412438939905	75.00640758367672	
216.5450177681749	27.462263455006294	57.33011061144754	78.42048533367819	
212.40755924431772	26.975470240079545	57.07964825940752	79.39407176353168	
209.41484559675146	26.297750862920417	56.63908100884794	80.74951051784994	
207.02080345659198	27.694806310258542	57.11665584539293	80.11065434506068	
202.45322144281354	28.097402828996046	57.63797113032875	79.30546130758567	
198.81648597424368	29.760884901690254	58.46195111776204	78.12832747876608	
192.61038359022461	30.985745340924666	60.146921928518466	77.82405339175361	
190.91471505602647	32.14474361357383	61.36995064471766	77.67436519865238	
189.78817494763385	32.90180521714743	61.437123349500254	78.34614950350783	
189.4112652073727	36.00710851775627	62.190942830022564	78.72738674777032	
187.43185774046785	39.524766441626916	63.93439467381914	78.33816017006843	
190.17328891943515	42.85644485456866	65.16445312408884	78.38772415238923	
187.67187318829167	44.47139962120778	67.90901940245	77.41607980303675	
188.90289086881177	49.84368612229768	70.02170326323682	75.820945244511	
192.1952509344531	53.2130164865289	70.32582505717563	75.97112644127003	
202.03911026200265	57.477532315846176	69.06578752063363	78.95939548173368	
209.17325068077278	57.41711603084506	68.77632578096188	81.410031234714	
215.95642317949904	57.409499817367596	67.02521342074932	83.7883101891169	
218.8204805200918	58.093942399595214	66.03978972550632	84.79077051763291	
221.60304980579474	61.7642220612245	65.21603358750974	86.93297606119299	
222.92895162646244	62.34010384874613	64.95416766063381	88.17115020060915	
222.94096459748252	63.69554501815979	64.93014171859363	90.26923358277003	
221.72415275080692	62.72082260590795	64.9278381993551	92.21867840727371	
216.208058252613	65.86043978088607	66.09842323373634	93.33564702882242	
217.0825328737229	65.73120195623312	66.85107029113102	93.5941226781283	
215.5722910221962	66.22901564297581	67.35364801623717	92.59849530464294	
218.04063601446296	68.06403704700132	67.43910997262651	91.43952846705335	
216.62308777053826	68.81923769043489	67.7793277463906	89.92912718018621	
213.7159682574393	70.93255847434551	68.63863407602322	88.17995196064764	
212.0578365724419	71.99153564028948	69.49011150569132	86.06199762875968	
211.99094574345847	73.90504502428062	69.62389316365817	84.68114051012631	
210.90540671369064	74.13502923658314	69.36786474306771	84.22117208552127	
211.15182567961656	75.95607405159994	68.87502681121589	82.99497816128732	
211.57346109996232	77.10923088683165	68.0317559705244	83.07773248764572	
219.51810647906015	76.6586146849553	66.40282170676863	83.97896489139843	
222.9684796483973	77.65497232682635	68.95875483611758	81.9862496076563	
224.0863519926045	77.33762418973906	71.47275486273604	80.24607352431445	
225.95892083376438	75.71935782591449	70.11589118359409	81.09433224878578	
233.80598092563923	73.87973224615914	68.69993376955509	82.39388961334471	
235.33506109775612	72.26388747885173	68.01875932449241	83.24859324878837	
241.50562109020055	70.1294435910136	67.57335276839655	82.75919565294741	
244.0973512214675	68.76614220848424	67.11873270208577	83.12137831989457	
245.06676661038287	66.47833144750302	67.54253022188033	82.97174324660645	
251.0100121762626	65.28600911601993	67.49197904588297	82.98919991842025	
251.13148558475632	61.570934983792526	67.24903222889556	83.31943243666828	
257.3372419740124	58.135781340257154	66.67640996457754	83.08640541522249	
262.4811488556149	55.43662191951376	65.80830545743997	83.7748696286756	
262.6788804753178	51.79439540189725	65.4128422180342	84.00515649137705	
266.36213597133735	49.02311074321642	65.09177380059185	84.85076409234074	
270.1199287339108	45.182367629143975	64.64469431246364	85.463744283467	
272.62321942747343	39.911395391021536	64.35455609110838	86.57280242817187	
273.42243296522116	34.74770237389741	65.12649051976618	87.41874244580708	
274.3117746619941	30.620920555728496	65.74367290929901	88.484708732909	
275.1723358522754	25.86393425926768	66.44473420890857	88.30994660514165	
274.64939397366794	21.06531870447732	67.4906179661235	88.18320718442308	
278.60669435772513	18.711245158896617	66.91442492502675	87.99908245757275	
280.1385964485033	14.730219935767884	66.28454787021346	88.6593515236011	
283.865542818555	5.845676049817634	66.13173340245325	89.39258999336744	
283.4870329251048	3.206198386381722	66.88875318935366	89.78685744491906	
283.08709704934444	-1.431717266509537	67.6886249408744	89.21974502732611	
282.84275195527937	-2.034210323753072	68.17731512900454	87.95955603720725	
279.3771346859161	-2.5009022135553707	67.74682086146004	86.43903021472147	
272.3399450229457	-2.8191035770089172	67.27924780170173	84.65177421067874	
270.02720091508405	-2.4194198339631328	67.12733408183742	83.85240672458717	
259.43723366618525	-4.373063087246706	69.31539848501684	83.01172570749979	
257.4392483087836	9.938850217330199	68.51851534022326	85.54144918572587	
255.6500249473774	7.234641200511561	67.25209072054244	88.52743154811654	
255.52200145869008	13.650781922726132	67.50813769791709	87.93262192491062	
236.14397138111656	-5.0693782990213805	69.6252375895706	83.84878740311288	
229.91988044912938	-2.9656254850034003	70.00183193249958	82.05559927928599	
219.10923193351098	-0.2160388804138691	70.08861710704554	81.34187314937157	
217.03374279115326	4.656518474337439	69.47342464432796	81.12909993473498	
216.55587817099547	5.543953360155577	68.05923698756288	81.72414706017935	
215.77384450184582	5.69138222235906	67.26696622002694	81.42928933577238	
214.97638634630317	6.881271307000517	66.5228659713827	81.38852772621901	
214.1695974457814	6.956221679770493	65.81007339996715	81.23862698067906	
214.28979784953916	8.23185713183873	65.56967259245165	80.99989486098416	
215.75793099269646	10.56141590140657	64.93838855910063	80.95074182777576	
216.06721456903483	10.53657887002094	64.3198214064239	81.00041589054702	
218.29264239002816	10.931115636314402	64.43843677141528	80.21134235796009	
221.8746606323927	11.122128745862959	64.0980836136079	79.82931613886298	
224.9942544339911	10.172043448483144	64.64845403463207	79.46630072554896	
231.79165176784798	8.905758863939106	64.65279474952996	79.73234733086844	
233.53109976523686	5.203884214231877	65.7152576380302	80.3240583053659	
241.8304669018966	11.85433505135564	67.49214927498133	78.50792282503754	
244.116838049969	10.916638271500496	67.5145610560656	78.08573934613332	
247.50403065394497	9.748394692760918	67.61439615915384	78.13081973326574	
247.65684554740443	8.287065229919634	67.30876637223493	78.75977264576167	
247.98439263274338	6.716926594467182	66.65367220155701	79.60152576643715	
248.18169178243795	6.555755830269128	66.25907390216788	79.92386729483326	
249.83682431345017	7.770909224818958	65.24838656179327	79.7931382273834	
251.40451088470485	12.71146526037166	64.39425895866933	79.0370083138194	
244.4968902934252	20.106762641445926	64.67460683320535	77.78130685969415	
245.91775315231817	21.4569271417403	64.0739062825938	77.32200302627977	
252.71006690265438	21.347917954313253	63.834853328182	77.54002140113387	
254.1688301821646	20.28130284237892	63.141085843297844	79.67325162500254	
259.92713461506645	16.937540335051047	62.85084836791971	81.87022808348804	
262.0450310683754	16.298028418211537	63.163348228467584	83.14925191716706	
265.42107170593476	16.881354380478783	63.30753224795092	84.28135509083324	
266.2945353899225	16.731053591860054	63.87896460822272	84.5819566680707	
271.85809603188534	16.600709949632076	64.41322919253585	84.84264395252666	
271.6608446521489	16.44875076667593	64.80773195200867	85.14656231843895	
271.44948989366173	16.08209334046495	65.23044146898306	85.87987717086091	
270.039981424343	16.25884279696281	65.67532952191154	85.52637825786519	
267.47158213206075	17.820471708584463	66.06014135974738	84.77911380798625	
263.64457105224	20.420680491438503	66.601631242951	84.32038442657007	
258.85433429194245	20.62474102646558	66.69160012682352	83.91226335651592	
257.9003920661361	22.104881726287026	66.23164950966296	83.31981702564626	
254.8179975098724	24.79900355449788	65.34255518867091	82.6341623249041	
249.45810882378007	28.662571759075703	64.43052717907294	81.88610914481802	
241.37636513586403	32.37061800050056	64.49334234699481	81.37030475107265	
235.54001131165688	32.752171844435615	64.69995931301277	80.60719706320255	
230.60828452021005	34.394336769678446	65.42392841834597	79.607738332107	
222.18143056683488	36.56496191866296	68.5902502392162	77.54771904845134	
212.11676959026903	36.25985273872654	68.01683355572308	78.15793740832417	
202.21196675378675	34.38918757240615	69.42180299298779	79.59868821150248	
195.08621480759362	32.88389072501335	69.600841586903	80.26387102320957	
188.92886308582422	32.01321610421131	70.12264370076562	79.64663999887841	
185.48835996122017	26.980032256886922	69.93151328734908	80.28349214336104	
183.51592071590616	27.168465253796157	71.512205890136	79.90662614954257	
182.8275152680546	27.67895366573694	72.88901678583909	78.885649325661	
190.15600012093705	27.34791233872172	74.95984756719506	77.15804619581705	
196.18228539056508	25.459383494212545	74.88475128330899	78.5396090337614	
205.17185781231328	23.147460254914513	73.81732828407247	80.74749524889177	
216.64862694166854	18.816282343338656	72.76510973886133	84.54289113571028	
230.98404186948844	16.76141848360171	73.80093859595166	86.17706396245666	
240.85925421264335	16.88398763786548	76.7075927423302	85.93192565392911	
251.239655199895	13.283495516325623	76.4285682593375	88.01246552413119	
261.0461715103815	11.754190813239198	77.51966162331233	88.48305918218556	
268.56737857423434	11.890997233679002	78.1539897162101	88.20944634130595	
283.2980590783254	13.226629975981574	74.87962812909304	88.15688079880731	
285.4939429126845	15.741961748385243	73.05323518338773	88.25696670002566	
288.8018149026491	22.005983381010182	71.51248271446505	88.41640221229213	
290.32455143097053	24.504024721033574	70.98205521968922	88.45041065597954	
290.5752463834908	31.83105595351273	70.48066531464862	88.8382106330742	
290.9230155847723	34.68663197022293	69.7851269120856	88.13664126916106	
291.294297573954	40.10728454098174	69.04256293372228	87.22635801575231	
290.4481710100266	44.49912990386525	68.27805687340286	85.81294485450766	
287.1089191241872	48.699973388942155	67.68846417648993	84.67935435294564	
285.1047601479651	50.488269593571374	66.90526094905466	83.4985225336269	
282.0985698868567	51.1580664758009	65.82277006087986	82.15892876916784	
281.404004796388	52.83388773548158	64.88503249431558	81.13415399730812	
278.47792344650264	55.54332705866547	63.849337657542804	80.30718037530269	
277.77536849888236	56.90188727545858	62.98796787342894	79.856539621071	
271.1304551087021	58.57522820557767	62.8042241396234	78.75545284652713	
270.094231761798	59.977642067223385	62.6509256154288	78.17637034123854	
263.3249039982351	59.316292968285644	62.903296069300566	77.28468769357166	
262.3927016336036	58.551579364603896	62.56292213301986	76.60933623539145	
254.58346775957042	54.80165576236842	62.85911353967066	75.35359695905355	
254.65466891070866	54.32720320726688	62.71671123739421	74.12814852541791	
252.58502229205533	47.09355259242524	62.5496782186208	73.52330785882091	
251.7921609663417	45.00108670330901	61.99426197568931	73.42596184833597	
251.80610313471985	41.93270046163435	61.96637763893301	73.17062998267177	
251.823212925264	36.289623524481925	61.9321580578447	73.82522171728431	
251.86096351664574	33.81577532989601	61.85665687508123	74.50119904050698	
251.83423232343435	32.6111313548394	61.91011926150402	74.76542856377071	
251.66886102559963	30.494805962669005	62.240861857173456	74.69810068727776	
251.73352296736806	28.345181787704057	62.111537973636615	74.68877467664991	
251.75432378787733	26.216122813128294	62.06993633261805	74.6427762657669	
251.9392811908862	25.147711233099322	61.70002152660034	74.62892064113346	
251.9886255364786	22.83076517847004	61.60133283541555	74.97381778367377	
252.96154568022592	19.146083460090892	61.803703333624526	75.89854886332091	
253.1396080704739	16.335196859884483	61.44757855312852	77.18892694648662	
251.67979245151625	14.865750887090591	62.18747895390546	77.94808805493601	
250.39676847078658	11.352874595144186	62.550159619827554	78.36373875221724	
249.12098000375892	9.98851585665107	62.886116153775546	78.87683582909611	
245.593813685497	8.807580769300891	63.25364696770969	79.00977206293322	
240.45673954475708	8.634340326487951	62.34314001772674	79.3562529485591	
237.27176572623168	8.71485233171456	62.03070208250944	79.19522893810588	
236.06446060613249	9.397777150033477	62.22539234077844	77.82937930146805	
229.34798953945514	10.242750428234636	62.445362095073676	76.13943274506573	
226.75914758376774	11.23613838526557	63.26350123988651	74.15265683100387	
219.1995950697072	11.201707923093977	63.24626312470668	74.22151775534705	
215.020818988334	13.500068772207193	62.95132987678075	73.95103876245676	
209.71919568143267	14.409539147276327	62.78356470439238	74.2863003695567	
204.6805243531365	14.181926703568003	62.07750972499419	74.74152525697335	
198.71585086288718	17.58376164354177	63.24524778800502	74.39482072751848	
194.95497861941982	17.619512565029893	64.26964776854238	74.32331888454223	
190.23076057924104	18.675382856922184	64.99356266823429	74.39270859592406	
189.3896136765385	19.463429082788707	64.48204508929575	75.01042752853466	
188.36248501430723	20.38133726201147	64.34113537841432	75.36977820543311	
185.93005631156478	20.56903745493498	64.80907790566553	74.99437781958609	
184.67285920110453	21.685991014422157	65.12330410426031	74.96063872293752	
181.30910269321726	23.014360886637007	65.23675900800279	74.50858501585182	
178.37610000713886	23.4708236137421	66.70375880689994	73.59565956164164	
174.60935858605677	23.727740359037753	67.61092228063049	73.08182607105033	
171.92521832828623	25.672206827745654	68.54877276454191	73.62332316526413	
169.01851042602735	27.675999903881277	69.88504043117354	74.09288515087903	
167.45539875897384	28.633090067336255	70.74413695188866	74.44583163736095	
165.83798200656366	31.84648549944815	71.69270004681785	74.87785200281067	
165.91565152661303	32.19153990512459	71.5373610067191	76.49580460331556	
164.69489842241944	35.93264082260973	71.64796322351461	78.33721873471194	
164.5003350455381	35.9456566547623	72.03708997727732	78.31118707040679	
162.93180978634226	35.90271564851459	72.80696654457124	78.39706908290222	
160.07564774027867	35.92780500160977	73.7577725344627	78.34689037671185	
157.27569299139432	38.0708189003858	74.5675291263233	78.85101548506788	
154.53029638186274	39.224110902477165	75.22671307376763	78.96023611669455	
152.2124146488881	40.07295438253205	75.00655061172948	79.6905121205785	
150.76436692286978	39.73767981598597	75.46675104129125	80.36106125367067	
150.95612770374183	39.11607434208504	75.08322947954714	81.60427220147253	
150.80136533165359	40.11912370394383	75.39275422372361	82.06515889188708	
149.85312890182	39.40452398441605	74.81013156229986	83.49435833094263	
148.6236562145582	38.73009139547072	74.77703080996831	84.84322350883329	
148.69011331733762	39.30675772115804	74.64411660440949	86.20234571681097	
147.30220214440035	44.159389111943675	74.88855928451613	86.62260159831125	
146.79007555873505	46.89414455842518	75.91281245584676	86.23669900786231	
145.141516012941	46.90591572118994	76.65769018082457	86.2131566823328	
144.93117678597736	49.346712186873916	77.07836863475188	86.45914660440909	
143.2563768133509	50.67636060988022	77.85363410260005	86.37418423580124	
142.1681193602307	51.85796744100238	77.4447545111049	86.59636507129248	
139.8393730383503	53.22920267952639	76.93760816849723	86.43621408742872	
135.59082000320296	54.87976503637405	77.71952796304728	85.70681813231494	
134.78350302034437	54.930603582406505	76.76128724354771	85.60514104025003	
129.8911031262292	56.4875591821374	76.32207423198304	85.04723304073698	
126.84076044367477	56.8641558669673	77.34211941237285	84.29403967107719	
126.19092147457474	58.97922441657071	78.64179735057292	82.60876524547588	
125.71415592596608	60.995450898451764	79.59532844779022	81.11549910188367	
125.46309075631092	62.976364342893675	80.09745878710056	79.68452308102573	
127.38777451343688	64.50192529243616	78.76434085506524	79.1496507641574	
127.77631990252877	65.96588858474087	77.98725007688148	78.70855684253581	
128.36922403965605	67.19628527973632	76.8014418026269	78.7154074191007	
126.96925296362534	67.71044779809253	77.15234608434804	77.68708238238827	
118.73923246043705	67.9579403287407	76.54349916319451	77.19209732109192	
114.62076612186465	66.94021176772287	75.09632132468882	76.80652681421499	
109.68928526676484	65.70461625200852	72.99861836433432	76.88558491153287	
106.19456111472067	60.680791012557535	70.54733579629391	77.4925045183061	
105.61828119147661	58.161895630169745	69.36920105470855	77.86890610693472	
103.52203492472181	50.96961684239873	68.92620505539603	78.3469980840104	
102.43612345768719	49.65397710717674	68.77995153218298	78.66020109717206	
101.07709888501844	47.96418769112917	69.17741221199329	79.71919146374	
99.3668277050174	43.78213469596249	70.25459582284427	81.05322120662002	
98.97687421752212	42.027642947719066	71.0345027978348	82.18092201002936	
98.40011131929137	39.13910653689331	72.18802859429634	83.1355057440133	
95.2829691722284	34.34072468562303	73.53327179606471	82.95418726183871	
91.01242927324297	32.8882526578227	74.68459342954984	83.39587859594415	
89.38786955479918	24.210974596559055	75.44520177328941	83.33085706643558	
87.81864721034874	22.047716312173648	76.08400715677882	82.65809502438344	
87.62351391920701	19.998368744878377	76.47427373906228	81.7581109016217	
87.38072515821595	17.674892295082984	76.9598512610444	81.42206135154504	
87.29336386694584	15.56774023480989	77.13457384358465	80.64845374950423	
87.16165050289986	13.166369126962486	77.39800057167659	80.48195989016799	
88.32588353277765	6.692580565880078	77.5557145149165	80.9986369973553	
89.28837396473986	5.081028553795733	78.1275054003711	81.72496927214502	
90.21310153283417	2.2587379642692866	78.79525269381718	82.33514559192844	
91.60711519526185	0.9190321181429653	78.54455886426011	82.47722378888281	
92.12226771472457	0.8713284426891761	77.51425382533469	82.57263113979039	
93.68150235814102	0.9897766631523979	76.91652319334183	82.33573469886394	
97.61165034487453	0.1222210483554278	76.57886681957206	81.56329939522547	
99.32216420125069	0.5242413270347797	75.64795764465393	80.75925883786677	
100.0809010360279	-0.13197883854639514	74.13048397509951	79.60892222765493	
100.99707219724073	-0.5020494139198632	72.29814165267385	77.92835469274735	
101.46254875527217	-0.5176875941188541	71.36718853661097	75.59427486771867	
101.65197504404367	0.6581207978542665	70.98833595906797	73.24265808377243	
101.91587414777025	1.3044850515676956	70.4605377516148	71.94992957634557	
103.31946400921743	1.412413206736474	69.89601189052547	71.73407326600801	
108.83747927057877	1.3990774919678444	70.01172178926565	71.76074469554527	
111.00241884936011	1.2321791389556438	70.14703221545842	72.09454140156967	
116.91238659944688	0.9261208922217108	69.52695817377834	72.70665789503754	
122.99932942093875	0.8575244462090836	68.55187019457155	72.84385078706279	
126.53961517901034	1.9742402602175844	68.15064206369468	72.83686695413455	
133.19060310039433	4.233636385343026	68.16848076322977	72.75801288465135	
134.47158978072005	6.161427847403523	67.82552801806092	73.34047119149565	
138.15266076601773	7.675303233243916	67.13137337267797	74.75804530328979	
138.10357058553632	10.41544099332475	67.22955373364078	75.97878554409307	
139.1944761412375	14.52586397843627	67.30193959101715	76.774727448985	
140.21785088616986	13.91131155933357	67.52288763814111	78.0038322871904	
141.21820589763982	17.196929504052065	67.81245058558858	78.30341530891548	
141.04991720299734	18.592887534343618	68.14902797487352	77.81105327221596	
142.15905173826638	19.74985256075656	68.22808347886624	77.79444779392081	
143.15601926432262	19.988851612878186	68.53248181531973	77.31644968967755	
145.23858621879492	22.338197762343754	68.95893178268008	77.20934126705141	
146.45990966506713	23.445969359410796	68.8172305605681	77.29474374334973	
149.7668942166651	29.79568283657899	69.10328401635766	78.39536190698439	
154.09127044705747	30.34820730920925	69.74117440931403	79.61197367515915	
157.18246733150232	29.755654485460504	70.61098128261139	80.79707932265664	
160.17101646436026	30.639203278549566	71.78297167642077	81.41301128965362	
161.0361547436505	31.526514885775363	72.46403834825995	82.0497313056217	
163.91583640418986	30.97949925303064	71.56890864489945	83.14376257111115	
165.74179750743534	31.72308694990526	70.35170118638395	84.09130192533733	
167.48185883156378	32.13042811348423	69.30134450971403	85.70638556976635	
167.78928907504206	33.81371597000297	68.68648402275745	87.215102838487	
168.04492017871127	34.69963355760577	68.17522181541905	87.8940721021204	
169.46270716129897	37.02655335107585	67.79252274730865	88.1459823093102	
170.64928735315095	38.63124768772073	67.86985178192512	87.3870830543409	
172.85309851272189	42.75641956912753	68.3425426687821	86.45720910052552	
174.79849817088888	45.119293592104334	69.31897334699416	86.59869104911796	
178.01294130778686	50.19024518743103	70.24495795302084	86.26328236489476	
178.92678291823466	50.352864331357594	70.87874205964938	85.93804407704164	
179.8434685569789	50.98811097632398	71.51207804980166	87.13425805474961	
180.8629718656242	51.99045084760868	71.96840885816034	87.62491573782948	
181.00599200499107	53.08058161654278	71.68236857942658	87.95490957208527	
186.1871522118508	54.60230636543416	71.36287032160493	87.42216561327695	
188.8702222169583	57.221457270289484	70.9914351665855	87.17856865876188	
190.42009301598188	56.76024266587383	70.37929662361412	88.10099786759318	
193.266451789236	59.32762241462344	69.67027638234092	87.94993567532892	
194.83654320286482	59.383658371368	69.00812498800285	87.8378637618398	
196.44081731294563	60.53812331723522	68.26513841064833	87.99449551291244	
197.99914960720318	61.75761647286791	67.6043469596865	88.01138233920034	
202.94682439149642	64.58805393539518	67.49046847128253	87.24124295423705	
205.36379391968808	66.17494602833172	67.52003345220236	86.49921078701556	
208.99570962135954	68.05484280287587	67.51887725632068	85.16030897374766	
210.22660981995455	68.41979255067488	67.45745755514525	84.43040947814961	
215.03754009262937	68.71247317252693	67.38839058541309	83.84504823444553	
217.57444233405585	70.17105299958573	67.07078858815548	83.30598982312561	
224.9599528319087	71.34274616292343	66.48787947711901	83.32728881056173	
226.45865924946858	71.17114981586829	65.84603175817138	83.67048150467203	
232.58918605471467	72.39583106371295	65.33699874558978	83.57152312856479	
232.41978561315312	72.85849668775435	65.67579962871288	82.646191880482	
236.28445412186466	73.25109503262884	64.94232476674054	81.86099519073301	
236.22026216990866	74.7990984953007	65.07070867065251	81.07301013372376	
237.44553444026042	76.18677691643444	64.91818820702031	80.59567736852757	
238.86642439330078	76.27152204814253	64.36463787491306	80.42618710511138	
238.8689482084157	77.7425903674733	64.3595902446832	79.76071095967679	
239.05044260740618	77.83787372693723	63.99660144670224	79.57014424074893	
239.0205360170394	78.05550924627664	64.05641462743581	79.1348732020701	
239.13882412651787	79.25405182800421	63.81983840847883	78.98964117877031	
239.29922013162627	79.35096015130996	63.49904639826204	78.7958245321588	
240.522644002634	80.5049659490498	63.28982339209933	78.7254376725318	
240.6927887585989	80.45834363278517	62.949533880169525	78.81868230506106	
240.75354614449307	80.75872716984443	62.82801910838119	78.21791523094255	
240.6351895205419	80.87059438760494	63.06473235628353	77.99418079542151	
240.3881273328421	82.40207968676035	63.558856731683136	77.14949777310764	
239.113070317014	85.17972424047608	63.89567669574121	76.0207968008724	
238.8010588458138	89.15472641345816	64.51969963814162	74.67481136240366	
237.4765269288671	89.78811267158156	64.97818283749191	73.40803884615688	
237.34399511176133	91.31682775590386	65.24324647170337	72.52890817757155	
238.3937719472949	91.66042196990401	65.31257447337805	71.84171974957125	
238.2835445397234	90.91477957012857	65.53302928852106	71.17370633292305	
238.30591223379287	90.00877395328185	65.4882939003821	70.83331378830326	
239.43202227776789	88.22729370723098	65.38245820029508	70.10350550467909	
240.82236259939606	87.2978395692581	64.73509092496239	69.8291004127012	
243.25921625404027	86.4997810362099	64.09886659438439	69.30647598944239	
244.69062498132615	85.5531277707019	63.33652047273984	69.09931118753119	
245.94029255452438	84.41363425482866	62.92229529186463	69.29318825375643	
247.16554803345542	83.47316829925605	62.55331354265367	69.09259095625055	
247.4291156201542	83.39188352196354	62.026178369256094	69.25516051083557	
247.5602203620582	83.6920129630877	61.763968885448065	68.65490162858724	
247.78993323272087	82.53612949344806	61.304543144122775	68.91354493631195	
247.74715809963226	82.81229281653954	61.39009341029999	68.36121829012899	
247.88685471334708	83.16260126581366	61.11070018287033	67.66060139158074	
247.98616529747875	84.29911498256868	60.91207901460703	67.41481254188524	
248.08253222815296	83.33565148608896	60.719345153258615	67.321492359112	
247.81208260423543	84.83379204276214	61.26024440109366	66.34093214764616	
247.8848649548522	84.7626091449717	61.11467969986011	66.48329794322703	
247.9727007647382	84.67146804616087	60.93900808008813	66.66558014084869	
248.0670851811748	84.59594479417626	60.75023924721488	66.8166266448179	
249.02678567131017	83.41921264246474	60.83919732582004	67.16173188936516	
248.866160172797	83.07871688092894	61.16044832284631	67.84272341243675	
250.89060332965778	81.80656856851132	61.17329105868169	68.35615551249357	
250.9803982674234	80.43083761558995	60.99370118315046	69.06856784977309	
252.0725031599359	79.17762182331703	60.85672900914318	69.52776182330126	
252.3509273292306	76.67300561269735	60.29988067055382	70.43266702949714	
252.70057844910176	75.01225079852202	59.60057843081148	71.69694296302397	
251.58341212211366	72.1021564566997	59.769428509439734	73.38616649597279	
250.04048446349927	69.32826920063621	60.76108820487271	74.74554976450797	
249.4510882004405	65.77594710844522	61.93988073099026	75.4568341429562	
248.88252582924162	64.46529185951155	63.07700547338797	75.91703611902963	
249.61115655297604	62.99445634914487	63.80629040281797	76.67216076286414	
250.37594535436293	61.529772811428714	64.48665109990696	77.39158953843366	
250.11241883983547	61.234315571575586	65.01370412896185	77.98250401813992	
249.83767027635002	59.689879708919456	65.5632012559328	78.82178346693202	
250.7679720612998	58.30596719406628	65.97397903753195	79.31822714513972	
251.90214863505207	57.979336622076275	65.99127827327536	79.97148828911972	
251.6910594497708	57.632009560925844	66.41345664383795	80.66614241142058	
252.77020392318357	55.279331576219036	66.56866145774649	80.74451085936599	
252.66051288826804	55.30372042353807	66.78804352757754	80.69573316472793	
252.49675829267218	55.25625252937599	67.11555271876925	80.79066895305208	
253.5562363430753	55.24737916789427	67.3233381986061	80.80841567601551	
253.41225780752114	55.4755370506958	67.61129526971447	80.35209991041246	
253.38603587431712	55.41438988797525	67.66373913612252	80.47439423585357	
253.65318454002903	55.04899288153799	67.12944180469867	81.20518824872808	
