226	55	36	48	
226.34734385483236	53.65757723343797	34.50887642755566	49.40007283901319	
227.21844753256218	52.828282886931206	33.505020059530395	49.98954064808507	
227.1888183195445	53.212005776643814	32.810526134758554	50.097183917999146	
226.29190578799367	53.610468476835926	32.606382524154206	49.93510472809466	
224.71720544222114	53.53171031424197	32.37232746237282	49.929477373782944	
223.6148632614374	54.241473815463884	32.20123100309374	49.82790813024262	
222.12331099248968	54.071875202505666	31.957314800480155	49.4539882335089	
220.27553149822137	54.39839543214953	31.64119032496648	49.408596921731714	
217.95957420285947	54.006841238661316	31.317868957590925	49.50960036352534	
215.61633940803895	53.90899797828162	31.34857682848195	49.64262727049661	
214.04505646490367	54.82417070912942	31.545108044876436	49.87910529131443	
212.70103440270486	54.48837561198363	31.89415289788124	50.554033767369724	
209.00346043472595	54.06680604624949	31.97288170923578	50.5784673996658	
207.8148742707929	53.584521249744604	32.10699988556684	50.73958706391504	
206.25800329473168	53.04747874311937	31.99936947173773	51.01779867361631	
204.8761566292988	52.88493448120434	31.9058042443302	50.94105646462395	
204.1639195027463	53.366057357095585	31.691045385099958	50.6853110046658	
203.25110813096603	53.99464499014364	31.563025164297443	50.169006929594474	
203.1900289804056	54.09888147608791	31.587966099318916	50.174412008152444	
202.889488150596	53.984269512513684	31.7360385707629	49.913878218645166	
202.83510954318842	54.27095282507497	31.611850879820153	49.71615746945338	
203.10501268895996	54.385167589855115	31.53321192378734	49.505754237805085	
203.4381747675336	54.854914379771685	31.301897812406903	49.46603312320098	
203.3136498722748	54.617293815612896	31.444519873794697	49.17415830093415	
203.3898595429558	55.26610749763123	31.3240970768832	48.75546287649938	
203.15871287353679	55.27113854130345	31.334434233002952	48.53323772825139	
203.12627021887735	55.29119352604043	31.46672174123256	48.55089822334677	
203.6194566036938	55.70963067406343	31.481550601238325	48.6436111126836	
203.5755023958038	55.01089190492242	31.377163555125257	48.557812999033864	
203.52430510920465	55.062101869819905	31.3244926067257	48.47611231245243	
203.9420087552623	55.74896121935843	31.251348433831133	48.254413233317095	
203.61259046312566	55.29272361762095	31.16509942106612	48.22945012759939	
203.93130209352483	55.31177716778964	31.113845283917396	48.12415481647662	
204.37609456368332	55.1795439588596	31.158045305300867	48.10463570896706	
204.77049130248452	55.240796020616656	31.00512085388256	48.30410541591445	
204.3693140327727	54.91716755182278	31.11442441273821	48.274527412591866	
204.60930082468684	54.36082883779504	31.253487205386243	48.49333991097128	
204.66450808186093	54.363187386454634	31.20197780452653	48.81731310410315	
204.3015053965818	54.63402448928896	31.41580475406424	48.826239188732956	
203.90958182972741	54.09559340985149	31.6170218495116	48.88251020781451	
204.0865775906882	54.20827193010304	31.615963734419907	48.89843576449558	
204.06572441253343	54.3085844968175	31.682832472780763	49.01597867515692	
204.25553144652702	54.613910065109366	31.53957069947706	49.10631630810446	
204.24101679879925	54.90254785019249	31.53499085054294	48.84386508066587	
200.09127598237868	56.257436598999604	35.61739618180938	44.74193360470386	
199.2238706545023	57.681717740596355	38.07172239961964	41.99916269655137	
198.90223411114383	58.77155375355183	39.55868629892434	40.251840590913254	
198.7582930121433	59.64912190149665	40.16932735036092	39.09043891702525	
198.05081285238583	59.933962848906745	40.4780477549817	38.38706890017099	
197.71582592082663	59.84826428563305	40.95905868169876	37.977063903743975	
197.4368364152335	61.02763404696013	41.279280904154405	37.40321777460636	
197.20433689137707	61.28765301756199	41.14891287785453	37.23435427736282	
197.11815586295614	61.32259881526659	41.61218178121965	37.04999184245321	
197.26600689504735	61.46783238958688	41.731433723709124	36.708254931594624	
196.4267606053748	61.111166853579405	41.65516258063449	36.65909555227366	
196.70108669166603	61.973604349806436	41.399365611203756	36.46682501576749	
195.25290579992975	61.68742858244532	41.776063583946325	36.48413017092353	
195.48413029828674	61.340161206920726	41.400052110597386	36.53132182285543	
194.49594265426205	60.915773700054515	41.14910768123949	36.78864489366716	
194.12164921453265	60.422359899147864	41.07454601209524	36.75515708677381	
195.12360983674316	60.19984333553576	41.00820702208406	36.749539015372456	
195.92255089515203	59.97785299007542	40.81035086904958	36.657413298650766	
196.6429987259256	59.964114142652015	41.06814466825682	36.69596624802729	
197.0044815051168	59.54789064731223	41.614270358386705	36.83433801192311	
198.73599569022406	59.41513403296442	41.754317730893725	36.99342854808142	
200.72373473523194	60.09489230869875	41.89364200141264	37.271057039032186	
201.72079843460224	59.363999597162156	41.573435591708595	37.985360817951786	
202.9719128530847	59.232435235792614	41.5041191044446	38.68389324533412	
203.46757395862355	58.81541898052774	41.86534680391225	39.268389375692095	
204.71053456207505	59.424384630683264	41.85004169922783	39.49121678052021	
204.8905840438018	59.12576022791612	41.65159272287593	40.07235689622478	
206.33326361781508	58.72974863314305	41.68455780695079	40.329704606835676	
206.6574233140039	58.93436256984454	41.813938063907116	40.23329707859605	
206.7108987586709	59.294289371369196	41.774484487595686	40.22673631268968	
207.43215081725057	59.43565899131829	41.63799836531706	40.32158033809606	
209.24013878878654	58.460103438116505	41.52650779097376	40.86993821059002	
209.54881900718874	58.5731301346254	41.67376998285816	40.901962021799676	
209.81970861665155	58.500429647263104	41.77818724849829	40.75990547079414	
210.375018913234	59.17842154346613	42.041117428000334	40.77249105247255	
210.25568648854966	59.192574882451936	41.80587543251463	41.14180913536711	
210.74573830837585	58.952866913116864	41.685402198765146	41.109350636705095	
210.60181708207682	58.98929493946176	41.584037765071656	41.088517909130765	
210.24499642895017	58.7880953803581	41.742721562284146	41.00879305635266	
210.47184498292708	58.31653172928052	41.477432635401605	41.21079942402143	
210.56443717305723	59.28874954974826	41.54020058227355	41.205478830540784	
211.7858342288894	59.21267486165584	41.791328275037294	41.08954350184967	
213.14424272788222	58.75342293804436	41.977575766416265	41.217745608903115	
214.33229137990043	58.920133268164435	42.08149183289379	41.298720221394746	
216.0100580518828	57.90800128812262	42.44048299645165	41.695715509488934	
217.63874871547196	58.297432331929514	42.61700488658897	41.7023272454225	
218.84444263986626	59.16272980405312	43.118378726032795	41.292455834805665	
220.3100322883467	59.383908093101375	43.48414166311126	41.166925719454824	
221.49102882376488	59.8337852942939	43.659279901784146	41.64543109509255	
223.64116475462535	58.988924378184855	43.60295077764255	41.852292123706505	
224.8774054954851	59.71235096323275	44.064047787134	42.04992991087085	
225.0817351561468	58.817286003371564	44.20381771652771	42.17102427666103	
226.90354704391453	59.39314412875678	44.300804778928715	42.49325090175272	
227.7012931487078	59.53456227639046	44.22464187880561	42.839156824502936	
229.2008884095435	59.54398422117777	44.23273456788867	43.16644718032397	
230.4594309331424	59.850206795845295	44.401653444107026	43.33839146723389	
230.967797136291	59.87690921377705	44.506786429541044	43.75140886137565	
231.86724333261003	60.110711016772974	44.578859279288864	44.11218363472874	
232.70557071141357	60.73011398109952	44.506337293173786	44.30771353390309	
234.18779562288498	61.089943092578864	44.61814040754784	44.290478764275406	
234.73778871164248	61.133338134279256	44.65141293040362	44.383908822881494	
235.01069013583685	61.4047429843707	44.43590257511984	44.405634382899116	
234.82064854689716	61.67322767372279	44.4179956752652	44.432104850233735	
235.27386220645903	61.948325223795294	44.58103506623212	44.38233717499642	
235.23517966660552	62.296266372922	44.47657495515659	44.655111535869295	
234.81932365780665	61.644151851474604	44.70213217329298	44.91509485885442	
234.23102642744183	61.209238859791846	44.59457615279856	44.91545137839471	
233.82047804548455	61.60133365606596	44.54043992215671	45.1347924073751	
232.22535908880184	60.736604712168244	44.67245816427269	45.401738517292735	
231.26999932216378	60.82990711278913	44.53006185282225	45.46040030259309	
229.65506036912598	59.74876920383537	44.73966535818681	45.37441967556957	
228.653813996321	60.47439813883963	44.848130632254396	45.49399989931867	
227.70946668775233	60.551202144271095	44.63215830107327	45.559640645222075	
226.02345702031386	59.52690515898593	44.47843891982475	45.492964001168374	
224.9462770106456	59.17448802357577	44.481329946927985	44.67945291600115	
223.5338615411543	59.07143845993764	44.26824660978752	44.19547527487912	
222.46800571488316	59.431332804308646	44.06108177650522	43.66413826369792	
221.38512070156094	59.051311507662675	43.730134588565335	43.60405354862119	
220.42682434443594	59.22631657270449	43.69450793578804	43.15537304021018	
218.95291555907994	60.25295867601636	43.413057670882935	42.542073035971384	
217.9370577869176	59.259085616744684	42.73302127734146	42.23634781815	
217.29497996953856	60.008511240554625	42.29012541559377	41.741169051113296	
216.59581874323857	59.865343826507726	41.61669317420879	41.151848466533146	
214.44871402525206	59.60313547402028	41.481963267683	40.785203150252556	
213.33329851410764	60.145842607998965	41.23538611927176	40.0245538492599	
211.71891710667632	60.6190537207207	40.833964998968995	39.550492204976024	
210.2952779869018	61.51994342416861	40.78866344458801	38.97789253803229	
209.8122596320019	60.50299517967454	40.14284142883996	39.0159830482454	
208.29336476784454	61.45747022922026	40.054227110142364	38.60820274991233	
207.09091052917256	62.290561580807974	40.31107908037573	38.05156754257888	
206.67475373259308	62.65055561181612	40.47949426512179	37.75581157604256	
205.39279251816194	62.018556541196695	40.72588177043059	37.875870460613314	
204.9506388860484	62.36605805788375	40.559416963772975	37.75798546637038	
204.09060993351727	62.50249743374407	40.61362542158488	37.216381587668	
202.62621502709112	61.73150679230877	40.57524904905813	37.26982448610103	
201.91924539715814	62.605896180287345	40.458300347536465	37.02772357612593	
200.63281595147367	62.57218320111089	40.414532737822036	36.62987543894357	
199.76711146736946	62.66077802160915	40.0124876216341	36.55274729652942	
198.57405539821784	63.665035919217814	40.13295115649801	36.42534801074965	
197.4721873708329	63.744255309805865	40.4375292103218	36.2832875000357	
196.53159387568365	64.07332394856651	40.43124273660816	36.39154281112982	
195.96137014591733	63.92305856749728	40.675892287834714	36.4491740361818	
195.1077726727139	64.0970807213787	40.78571517918784	36.64089007959998	
193.65367675053807	64.44381005005225	40.96163368331428	36.72919205524469	
193.1351814148766	64.4356595904595	41.143797606266105	36.74885815954197	
193.19338575539464	64.4383590365808	40.919916907822575	36.77200199825659	
192.88226057929987	64.30507145513344	40.66726268704842	36.957408278602514	
191.67535359089695	64.72868196043919	40.84387258899464	36.98842320415589	
191.74074017243387	65.15356839064084	40.87987420547897	36.900449977255526	
191.31064162977887	64.98280255163787	40.86711447840727	37.115631014010866	
191.72253316337125	64.5068146326224	40.77188715014842	37.066073462950335	
191.77240741141594	63.94948475315311	40.50288184768546	37.35441901099718	
191.44559855407832	64.65842277920567	40.46557688484378	37.17385813680956	
192.52778853158267	64.25849194438953	40.321913835428894	37.150732428798214	
192.32190296923864	64.5479324161354	40.50947539817301	36.91968896322893	
191.65990437481466	64.21082112399122	40.66494939461523	36.751016218518714	
192.40990766142139	63.25106330410914	40.90646465672895	36.689424742537334	
192.93701393609223	62.64943445223659	40.65603945804182	36.793461097519916	
192.81271925202003	62.37385823589401	40.89339085563289	36.68172106938202	
192.5584750784323	62.19830915100837	40.977615665878275	36.613547442211555	
192.60218998754922	61.620418209928815	41.15034277713737	36.44553472102288	
193.03263206196738	61.24238031897566	41.0367323714537	36.476482090682474	
194.15741883303963	60.380044669666724	40.92044101391004	36.70496880182172	
194.3324001549104	60.20660841079838	40.80623196599748	36.88554994857051	
194.484576943673	59.976708544419296	41.11137712771485	36.58898015017406	
194.06145871527048	59.17967131545602	41.031502482415675	36.64629928469057	
194.26433522146002	59.22656376201159	41.695820571225305	36.38299207631569	
194.47727736692468	59.128867848450966	41.734557675168645	36.259979616337084	
194.62680872319277	58.50509398818109	41.765642556845926	36.278152928154924	
193.924466408155	57.634808809237185	41.465183377602926	36.332787192712345	
194.63439080460793	57.855202681148285	41.43378830669718	36.1887322024054	
194.98576678644395	57.51856940861572	40.729443549639655	36.49443418848768	
195.37362091929202	56.80451578673072	40.640006057354306	36.25443320738889	
195.45765231705352	56.404802968400695	40.11166224142842	36.33601870895144	
195.2263480915933	56.08245403599077	39.99783464956319	36.075957822378925	
195.85273190313342	56.16330203405863	39.554508831368814	35.968495351191564	
195.90397796215117	55.663320198829204	39.21560150594728	35.80588949879275	
195.14039251115884	55.55150588560383	38.90711898366898	35.807620597668006	
195.92875211869577	56.003538319782436	38.84614111686169	35.87016282312183	
195.74522401751852	56.18151518564153	38.76027032584611	35.740451365449594	
195.8276677506373	55.65261251324261	38.42845565607255	35.72692139454308	
196.24529474110363	55.71293553480881	38.41783658476969	35.602724901791625	
196.74124999360464	55.60506378273729	38.15908931733941	35.65245115670808	
196.445979420039	55.832240007006085	38.083898378765866	35.55985410906656	
196.1275640639397	56.00176288547458	37.75916389445036	35.475281442301394	
196.19861323323863	55.901029684261	37.76103670100552	35.25615353992852	
196.04298834428826	55.515589080857524	37.718541465430874	35.04997717055597	
196.45384192657994	55.479156220379494	37.48337571510835	35.035992151496515	
195.361444387952	56.04240553963846	37.430355173849264	34.94035453306678	
195.96519996342911	55.86202303020953	37.382928508902694	34.85682760265249	
195.64679635404948	56.36143996616636	37.05433264767536	34.719415435031124	
195.74545918112008	56.61463183007495	36.981185298802494	34.4974734465347	
195.83923929030453	56.508483479951245	37.10194545373034	34.19422507661075	
196.01448420240158	56.57963999558824	37.09728794760377	34.00309870601396	
195.31440835970633	56.68126490097782	37.26264489708577	33.78920170729401	
195.7269854218034	56.84942304656515	37.03693951337395	33.874815937845966	
195.51812702610775	57.50353653169539	36.82494473640968	33.78296551063054	
195.89636230675396	57.41415326749628	36.64393979468131	33.80211389976178	
196.2268772932513	57.98546460825112	36.41331975978361	33.657762743158266	
196.2688963389026	57.86619753487882	36.57831002336421	33.47036972773245	
195.2179616822135	57.922503329662405	36.56530306644821	33.21723690985184	
195.67757843112656	58.27269257316837	36.32413838528394	33.14816483267571	
195.40780714699002	58.44902987285748	36.13386791425422	33.123608885402824	
196.34540935347025	58.82545210600983	35.9165376086546	32.98957584764504	
195.64281203898798	58.799241641286486	36.166960790437436	32.8854048848493	
195.66424613887366	58.95482634735414	36.152424784979466	32.91137391689924	
195.6376572601951	59.17499608829312	36.31091874169885	32.82734170316398	
195.43698268155484	58.72559728117851	36.76611919796729	33.00762845122804	
195.71644486559035	58.805952873950716	36.77906402440388	33.166841799050786	
195.31802199266914	58.61297093536675	37.01177839111875	33.06138585424112	
195.3143952901882	58.92785339248674	37.213178205711394	32.95118121746313	
195.33917906733836	58.70652406758329	37.203734367407826	33.27375070140365	
195.54671439421492	58.40269061595562	37.248759715279796	33.5446660840253	
195.56267697241472	57.736421619706604	37.58112789574848	33.489382282967114	
196.63107497942747	57.824145282675275	37.76675462456661	33.78086790943379	
196.31707071048865	57.7257842180405	38.1240319219333	33.965195895434874	
196.26592103282957	57.95086331649112	38.93123493945623	34.10465203025589	
195.76972524100944	58.31534127770698	39.546797256548295	34.46004919715676	
195.2750675380346	58.15619065304104	40.03262859219697	35.015887905027654	
196.1968596915333	58.52777652937811	40.236719656369594	35.45477627484344	
195.80051129536432	58.641206243609425	40.59857226097104	35.87544001112995	
196.29122924184463	58.519021036342735	40.8545131771306	36.178638779545174	
196.10967891390726	58.67321048757751	40.896689252908104	36.572650905479854	
195.70533143185983	59.411681099985984	41.50537157783806	36.48167681609228	
196.81222574104268	59.22736836703399	41.60987557727021	36.69315590264466	
196.1133901875999	58.69115093500938	41.637698432813	37.054122785355375	
197.11420467717826	58.4116737479571	41.99667803138453	37.35219204002176	
197.146619769525	59.23753693025773	42.46356699485009	37.279439207143525	
197.212112464267	58.97034607670422	42.52277975862347	37.57776402018661	
198.640353013712	58.32778885856554	42.58502581923355	37.66498245274082	
199.21629537918372	58.775155683675536	43.095242118639895	37.671839030601575	
200.28298139783988	57.94189092330339	42.8324192832929	38.08598889550785	
201.18407216855985	58.31007540816887	43.05050260582086	38.174411476413184	
201.93349403579626	58.193980505071764	42.728736164744014	38.560800614606215	
203.28765781365783	57.54754256939144	42.641816594708146	39.14943550820274	
204.42234778727283	57.15802293319943	42.89883530623061	39.558896657494095	
205.94773335255277	57.71060510933654	42.37703656298454	40.29395263736557	
206.83511833474532	58.35063967341585	41.58022939051915	40.55312386946697	
208.34361543056158	57.821404544486384	40.92825905028129	40.72788898816575	
209.80210157911742	58.81963476412974	41.084498661510054	40.7124647350973	
210.79218365341023	58.75017512252527	40.511693755363716	40.83091535115669	
211.8544029099154	59.35623871538576	40.94699626255601	40.83937041221611	
212.59328047496805	59.63846844613039	40.76505230875076	40.83758052594123	
214.057147655233	59.451171557834584	41.190467123864785	40.692437952950165	
214.95167995320082	60.08691904613309	41.28221338474826	40.49177642094849	
215.8140569171414	59.27652993020538	41.053154809421464	40.26519940626004	
216.85739125639893	59.18306012567379	41.155091916276255	40.44285633416354	
217.4027322785875	58.72097738927181	40.96685173114439	40.46726483894611	
218.47196799856647	59.559164381774735	41.08711070271601	40.462912123738526	
218.01028225054537	59.433346858050754	41.180463320775104	40.5679634948483	
218.63076760973533	59.17224092751057	41.72721030239977	40.577776397722495	
219.81570577894732	59.4788536771984	42.56385738240233	40.570993290219235	
218.87881632569298	58.93189447755712	42.84585729530441	40.823887171488785	
218.81545936921324	58.5305200520645	43.116723566438225	40.94896524563	
219.5727813712181	58.12301581744134	43.654191426518494	41.130827667284166	
219.16266547193484	56.82707808524707	43.63055145279572	41.420802268025255	
218.76763807760133	55.39093768672455	44.35666526192237	41.402480953253885	
218.8921151977422	54.37970456314554	44.96321773979933	41.47899573861991	
218.53437270278073	53.724338382990666	45.18307774045116	41.69765191656423	
219.00165917539508	52.30094167174285	45.295451559214754	41.92316013894086	
219.03052161874962	51.357135368067304	45.71544350585876	42.11508986302932	
219.99735498520263	49.0612368494329	46.009871827579154	42.225234640471456	
219.9452310914982	48.11530421010142	46.60274627390451	42.81583765965108	
219.50074265870563	47.07594206386146	47.42031292309854	42.93448109008571	
220.5707030384891	45.71145006964923	47.88472031904914	43.0755181867255	
220.38896967199457	45.156392159532274	48.305320585098784	43.436349799138526	
221.67311257871353	43.85566068910727	48.347946617821776	43.766154081007215	
221.75372431971388	42.078167088596544	48.32818027626678	44.02637628645372	
221.58659001161047	41.475013941060155	48.97671092498247	43.828316207510674	
221.4300670773795	40.549904220033255	49.42765194541714	43.657818743970616	
222.6381779464012	39.37038745437816	49.84388417351448	43.583895818142736	
221.583644255936	38.8441402601288	50.44610071578372	44.05524497968604	
222.6030286775554	37.59998399858133	50.73817675169535	44.26375017360313	
223.15330549304633	36.295222364233354	50.45868681805155	44.69520432761402	
224.10938604523926	35.19437304545335	50.38879382298728	44.81426088677437	
224.86189325921688	34.06649211899938	50.52787910740384	45.158396519932865	
225.03577763556945	33.35110626813338	50.78717996624811	45.19987335891767	
226.4967590481627	32.28904662617778	50.939837149530234	45.25577536530202	
226.34088100828404	31.34381870401871	51.0322716356453	45.731711899622596	
227.39324068345016	30.744503791625526	51.433217587589695	45.447263602269985	
227.0121815680951	29.913200345545334	52.028967125186526	45.33423513275892	
227.61004911091229	29.29151138689141	52.6900801602415	45.21721273096734	
227.83402092459175	28.946509889773626	53.13067358217606	45.342285226602904	
227.1071984746945	28.56515761421778	53.42537149100376	45.638388137728555	
227.2548235136101	28.04424546572766	53.87320185035602	46.031481799065794	
227.51232899500485	27.231282865973604	54.182385736103896	46.288393927513724	
227.76335864312063	26.393063403862186	54.246715344920716	46.71978766664745	
227.4467665837281	25.81706800201401	54.3999286211059	46.84732936031267	
226.47417118805754	26.041758781991504	54.53129666617018	47.024673891265735	
227.69866335880397	25.125998182087173	54.50490973297201	47.24052166826098	
227.009037202505	24.88628894836822	54.56448540792043	47.53665403507289	
226.67347485196757	24.20438073623536	54.53422598185525	47.715785586711355	
225.615950099815	24.283501568754303	54.92921144216163	47.69874628206509	
224.86151563907373	23.904452131524614	54.92455118216376	47.55757682738094	
224.99141627682042	24.411110398760293	55.177124367367554	47.60872068967625	
225.0512734846562	23.804802749592255	55.21117996633969	47.706265287366875	
224.49502449758674	23.85087503211634	55.075991196742315	47.90472945621115	
224.84563049016847	23.727995473914852	54.830384122429415	48.10696364794843	
224.5462080937076	23.90593706284963	54.83446927227325	48.099207388156344	
224.04031906708175	24.38310880034716	54.49085379658669	48.380314061743746	
223.38773149985767	25.37133764218514	54.44078584421999	48.287703853119666	
223.66309025570231	25.889046299408403	54.6571250360982	48.02832917888234	
223.46149068087078	26.834543596548276	54.848903828533935	47.78570401609826	
222.77504098737708	27.262693665271968	54.7240762982545	47.920272447071284	
222.0627973008804	26.981046098814716	54.632652449743645	48.104503914118936	
222.0580412524386	27.42051730212731	54.23495234884662	48.15501911237885	
221.8197263784213	29.356615976425815	53.768639417952855	48.33674489381724	
221.279210074053	29.08950160252446	53.32938856607241	48.328830892787245	
221.60971067758578	30.27972573549338	52.789477264507255	48.28246666081547	
220.74142320632876	31.677677028510075	52.19792696860267	47.88301459434385	
220.6626399913095	31.064548643753863	51.576735945676454	48.10384436094947	
219.68933516680872	32.50684548220772	51.32285082844267	47.68904400374391	
219.71821311674404	34.6266068807159	51.053477920720425	47.081852816453505	
219.52584277661944	35.12024804358678	50.52817637465505	47.223662945622024	
219.50632982509535	36.146293493075	50.14725325278753	47.05724580801338	
218.62486663829577	36.63779771322555	49.86054397765926	46.97577973326326	
218.8618300650673	37.80637593946523	49.57746803764089	46.592475934287336	
217.7110005262374	39.268497606886065	49.221961587956926	46.463774124332744	
217.83691513421272	40.5670356912151	48.49067734800228	46.41607730442956	
218.17643097064885	40.89002136051255	47.78150862609577	46.63041789124588	
217.4581783653589	42.65308858531896	47.48962898426636	46.100850452512574	
217.4630611266443	44.17571860974693	47.04746606632311	45.69980789480654	
218.2361859336396	45.12333416393163	46.906456630440765	45.16406944600592	
217.83579938826745	46.39910507732449	46.304407465096816	45.052624951220935	
217.77909834773357	48.694823158369	45.666439593009045	44.80159282279281	
218.0094228254667	49.95386026231665	45.05289558928213	44.68442684663273	
218.05588177726446	51.27610715777563	44.88819131183291	44.12705525763434	
218.38864425369653	53.2325753088796	44.44098991753769	43.601946828656374	
217.44222839648964	54.8461139781934	44.0935116782619	43.24957766568796	
217.95763515554813	56.61844585018836	43.59347227666102	42.89222509418339	
218.0987402098277	57.2974553149926	43.36246608208859	42.373160136437704	
218.1282849603584	58.79692578909199	42.88748940403665	42.18037653877907	
217.34494437782212	60.42209965539612	42.74753437869478	41.875423322162035	
218.24153847452652	61.0198795488883	42.18967998560183	41.64899643541571	
218.32917597992122	62.26936859916911	41.77635715150258	41.411421180236765	
218.63253803110794	62.80714497584325	41.4267465356575	41.25787288817695	
218.51829567320638	63.07906199156269	41.30017314766079	40.936883263700466	
218.4125100059835	63.4875569219561	41.63670834679064	40.64617589221342	
218.87790582799875	63.289135005332355	41.52749031783436	40.368964566368966	
218.52689512947603	62.95886151527481	41.41250631899052	40.09637108980756	
218.20110885597944	61.69764222656809	41.43234085891505	40.15723082124321	
219.1149583513794	61.15597951976336	41.4466818108565	40.15317606403053	
219.3326193220567	59.60119786849144	41.12537758704221	40.142185157818886	
219.1185865761297	59.12983022293179	41.23153728713667	40.07191423861105	
218.98667274224204	58.84302490782223	40.913014522039276	39.98453117357106	
219.3585234079759	58.376011532121595	40.84796535789175	40.12284622882442	
219.42600891946296	58.20004660070316	40.66472458622993	40.052012744035544	
219.51432835644746	57.862119588689595	41.09242847091643	39.674178003490546	
218.74997923515969	57.91575440529243	40.64471012566242	39.5711904489906	
218.92807234056792	57.70775131513794	40.55343684795713	39.614887212767066	
218.93196466680834	56.825746590432374	40.44622739370944	39.76579661029831	
218.22098171944597	57.29779467636604	40.57554008542358	39.52524875061817	
217.17584344691343	57.25925297189197	40.2284191504777	39.441143273996744	
216.8749794707611	58.167805334812044	40.40549756617273	39.25361690013107	
215.78313764312557	57.80795015076012	40.42301277013458	39.10140131818457	
215.6493516486275	58.1675808604288	41.02292470158602	39.09146008641588	
213.414739213459	58.64891825222041	41.40578148796915	38.74800287742906	
212.64733831830554	58.83406784741606	41.526794363595585	38.886767586554825	
211.94462952381798	58.632079590987644	41.83203812158469	38.933359328303034	
210.8397547466528	57.627958408028945	41.69452338605909	39.07641273795974	
209.83771398414973	58.103538403029546	41.391380637383605	38.91245367569291	
208.61435641104683	57.40192870485225	41.237489103673006	39.22960277289894	
208.83861714906197	57.23671362522945	40.95004316007906	39.1661485713543	
209.0409193198564	57.882646779853275	41.08980225757327	39.00742306449006	
208.82111477719783	58.55551058088474	40.96860858515045	39.038078647813784	
209.5693155033928	58.24381666902345	41.18621367592001	39.10894238172314	
210.32253461102326	58.108384821839834	41.51981519073111	38.94776729206327	
210.41015632984266	58.328461927773546	41.82340739543007	39.173874574355544	
212.2361300775145	58.833696759012156	42.858087764924065	39.04420849693083	
213.88778174111297	58.01247414154505	42.91813387544071	39.706689475578415	
215.44047240978213	58.112731122252285	42.784609847443846	39.63672235220906	
217.4167716367438	57.31056266273798	43.188584975216074	39.84452840461475	
219.80326526812948	57.57540328914933	43.457703864025504	39.94916443065405	
221.94910884394565	56.49887965441552	43.34232057591856	40.55997108046225	
225.74282117900665	56.54977633535282	43.11522791797307	40.39805027029707	
227.73331624385395	56.639458179713074	43.15336849506561	40.49241685959169	
231.26320958623356	56.34113129715999	42.35452713043576	40.65651044904058	
234.83765235813564	55.83281293307195	42.166132767051536	40.46518108796801	
237.56380789917876	55.76822874767477	42.128476416715785	40.18797259027596	
238.79282133312086	56.583979519912376	42.786576324573176	40.11196213562161	
241.21341941263302	56.8105076739411	43.12529750105912	40.169154727024	
243.04473213589688	57.162501987183695	43.370180189373315	40.26308453945025	
245.58352299112408	56.59617906570574	43.015411131506795	40.38435817381089	
246.80297623207792	56.80092040215939	42.723821582277296	40.66775166104839	
247.62557833970303	56.76425786304651	42.72597065853864	41.06320646568407	
249.06558985238593	56.2215821859903	42.59687460460838	41.337720968199655	
249.5619494960755	56.41853261105514	42.21671511260891	41.31069463408025	
249.48406671235676	55.929232120687345	42.06180473118809	41.507157207585465	
248.7033930771113	56.69777176880737	42.296651466667754	41.460133472411094	
248.94317673675394	56.39474886539429	42.29181845371791	41.52298516407535	
247.27851459908	55.570481438467276	42.230497225067936	41.70672180587799	
246.839561188222	56.7749687266716	42.41782904315998	41.858823155296356	
246.1695590114027	56.502576271170135	42.32678154647971	41.70936028406892	
244.32302552064237	56.858641537493405	42.21435159692431	41.60917585737941	
242.25569198716857	56.38933694588984	42.09251555870833	41.47228824779327	
240.25789219744198	55.996239316117396	42.0343579474572	41.337463237944235	
238.06760791774144	56.27035960681564	42.18214318929235	40.86144018805	
236.0703543934327	55.754291003932074	41.690257739893454	40.443175491618334	
233.67678843927644	56.121097221246366	41.1422346379826	40.216269235178075	
230.92496072469845	57.36989300073255	41.18853170684803	39.90253917027003	
226.8736596970062	57.952079348099	41.719733596674686	39.42365702414783	
224.34696165544796	57.00823742831015	41.56992552482291	39.891744310876696	
220.8127899552297	57.96885899496375	41.257802464077784	39.992249481936575	
218.7209503466749	58.20286001232169	40.82294950040123	39.703489596216095	
214.15908149500734	59.25264725197211	41.04886386999614	39.354254148134736	
210.7605296684584	59.020176199981115	41.03493999623857	39.28913476873355	
208.12309425566548	58.889187154851186	41.088787739091245	39.63583726291119	
204.73902310492548	61.000409167600694	41.246536516401314	39.06056497317572	
201.09580789875858	61.12512852070738	41.623602705254896	38.46053395176538	
197.4290335425292	61.35619779393786	41.39977121828129	38.2686063568711	
194.56356002121152	60.803165878917	41.704126387747706	38.20152322379332	
192.16163223971398	61.78740200679497	41.72332161138728	38.06741180597378	
189.65956796473452	61.73771697031427	41.930260925658956	38.0835939262975	
187.96771069051755	61.442995009673396	41.8129745928978	38.26245321899725	
186.3479838858876	61.49980117125169	41.77577896547864	38.23448702598526	
185.36532873756244	61.659469515456706	41.57102528965585	38.001282543597966	
183.69976045621152	62.15800482743565	41.56054402971059	38.04750146183826	
183.96299048140753	61.56596168913825	41.12227831233541	37.79115054074782	
184.32027089513326	62.36404455105593	41.21395768588034	37.43063750207786	
186.39141819811388	61.804575269573824	40.98995941704682	37.39308311650997	
187.0996682780461	61.751910692329744	41.92415248304296	37.11030494139113	
190.56895516988664	61.4224876077687	42.024909658681935	37.31112893329382	
193.10417038249923	60.980671043205405	42.32791520757784	37.4550480359693	
198.30811773210837	60.57748981920564	42.73899500329367	38.18112842167673	
202.76434902490593	60.74113721960718	42.83613019601886	39.189927404252245	
205.8653865447745	60.54771617889005	42.704020995667705	40.44020707866976	
209.61461126299113	59.520220550938376	42.437945750518615	41.149134720681495	
213.0972089645874	59.43104470754079	42.6437265092829	41.450400937813534	
216.21187501844122	59.49302973809291	42.99824144747366	41.94389076993592	
217.16096962442953	60.18035169288238	43.433156130684466	41.93417653641288	
219.33398443948676	59.4874500383842	43.84391284700554	42.18983346117004	
221.04979673438987	58.82722347235498	44.28051693113426	42.442789935856965	
220.83224216419828	58.671465433089594	44.53278545600649	42.43643909296287	
222.2278613781607	58.82210012685931	44.607655922429814	42.35864137676629	
221.27041339437602	59.20050455231242	44.83416223107119	42.550364391933684	
221.88797599845213	58.21971701131657	44.42095026525909	42.903237648783474	
221.70305571511443	56.97533187419089	43.8879458068719	43.39264163961808	
220.39794161992208	56.369649063719386	43.713809773776404	43.19394745087634	
218.97508593387585	56.91869716855281	43.73909396653235	42.8923109160447	
217.8889189476141	55.41957168119419	43.270562374709534	42.688558411758024	
214.42680977360092	55.8166667939805	42.85462082969998	42.18244446773296	
212.62436301347157	56.29329170086248	42.640528410932774	41.575625700693315	
211.17983016420916	56.25291204784308	42.12310259143696	41.37771710974611	
208.89744948354476	57.25679157488042	42.23731339658291	41.230828893836716	
206.72226606616232	57.73245607360458	42.3556813109071	41.470958002429334	
205.51204216096352	58.17574054447307	42.648338431836336	41.26809206600623	
204.40887759457505	58.84850582815693	43.175969144088704	41.13749465560568	
203.06330406635055	59.401929783372914	43.69913290700433	41.22965628287055	
203.8657801724229	63.67926149668112	44.10232936505622	41.10307627605394	
203.3050391537372	63.04218642709658	44.214526667701634	40.937783303803336	
202.96096238717368	63.19727574773488	44.20903746534741	40.79200915907731	
202.17050024275645	63.75698320319099	44.40929812083533	40.57726794372935	
197.60730936547282	63.18545753009054	45.24572759726537	40.61043168998519	
197.41302395087567	62.90205619819753	45.788210955808985	40.726846518268594	
197.11828292210384	62.76896856335552	46.09493731061866	40.95050127978247	
197.21691052125902	62.52851099573539	46.542203408332625	41.197021879600406	
197.68997856818535	62.285844368241385	46.941483383510736	41.3651960779249	
198.8877465270508	61.995129660223654	46.99043837535622	41.61278688211917	
199.58914620713404	61.691583949547805	46.983990710250495	41.794183927240624	
200.10064856157956	60.801357265657614	47.10637043224477	41.888928176177934	
200.9656711698968	59.59554486475792	46.48962172439936	42.48694898074679	
202.96694289181346	59.03493709667374	45.687219710467154	42.80052873276598	
204.79424277237771	57.88022094993565	45.18529247855925	43.00072764687815	
206.45602583601712	57.834711059814886	44.57819683124562	43.356451594962536	
207.40618877325588	57.37629382322618	44.52079269062432	43.11836942404357	
210.20616615168754	57.06278171032247	44.44309144709717	42.71905852964988	
212.66726126415148	56.81237861576003	44.02076627725353	42.206387512544595	
214.1082643522866	56.42617865875523	43.68701149144044	42.02492821653986	
218.20158623316684	55.891290778309106	42.97012862445537	41.85140818866715	
219.10722773080764	56.506486580237706	42.783484782654305	41.83678372996681	
219.60727739103191	57.017357413367414	42.900824016969516	41.335438534730955	
220.30690872237292	56.63614802440708	43.23252136576974	41.14805753657436	
220.57798283061976	57.59118908342005	43.275661912322335	40.79259902236921	
221.43286551867453	57.64723951134855	42.86108806262576	40.7463474036562	
221.80402189834166	56.958704668980886	42.785753424095354	40.809446880223504	
221.00180518582135	57.28601224340643	42.65227276374776	40.64709472065502	
221.89126954088923	57.30805227274845	42.57586609302546	40.545667178038016	
221.45082615480644	57.39910480296281	42.547189025755465	40.67560751298359	
220.9039124436731	57.108002484193996	42.27786966610073	40.555892833275735	
220.16828809589214	57.65578312245239	42.054146442602914	40.432817695102756	
219.7434658782916	57.816197995742776	42.22814832781239	40.31697040806712	
219.34485528630347	58.557913445470916	42.65904887193992	40.062201522618416	
219.46906325898854	57.91622171451591	42.34905059968075	40.28895139287649	
219.32591872982525	57.25550918683402	41.98007361148329	40.321150512304314	
218.63078803073248	58.009225677967265	41.9334116250024	40.17921988752074	
217.46509093742557	58.18876355943286	41.89483858940248	40.078797348104096	
217.64059201926136	58.35630398073257	41.97603238720627	40.160159704423975	
217.01097115603386	58.61007899116682	41.714774884230096	40.263337530177935	
216.4769074398883	58.378497500966574	41.520822362373885	40.487832500939646	
216.6444099246896	58.22498202772087	41.49116581887489	40.53640733647677	
216.98586721339095	59.14822813578809	41.5561075008182	40.53206449721153	
216.47408031680817	58.91568364589331	41.595054821987446	40.37788941078176	
216.76490170667412	58.80269533917937	41.726712508793014	40.31990338702359	
216.0460375912209	58.433195806640995	41.768805134841045	40.28692168961865	
216.61458288066427	58.06851664399551	41.59677824709351	40.49640818396938	
217.3835968632387	58.34011932322854	41.32850779117628	40.42245442839142	
216.37424411731038	58.637211692745936	41.260575309247486	40.21299040225679	
216.41959755914846	58.71277123453624	41.07911785050573	40.23187506065578	
216.49903906883299	58.39894797420088	41.3807461281242	40.22986943880178	
216.29072133290555	58.8296872268858	41.21357025726283	40.16938509122308	
216.34110478021663	58.76665892550146	41.456142030987095	40.185567631751645	
216.0966168932447	59.13870856212913	41.582600686476994	39.97360748098241	
216.86992342644433	58.5609789423943	41.65543532820762	39.78640498205638	
216.60575219670045	58.73268893391287	41.20791665555044	39.94618153651391	
216.8144420056299	58.23257921486518	40.77997539638583	39.91784796557607	
216.01984727325495	57.187617649349505	40.31221953719163	39.50314482249855	
215.93026265053865	57.778055673754366	40.353177353505146	39.245264579429175	
215.13962541568893	57.11371083741713	40.4175488996206	39.1811017073191	
215.48053429187405	57.86773691953672	40.680436812361904	38.66436878221948	
214.04104906099212	57.50395381548806	40.767118493913344	38.35505282822268	
214.8186168906464	57.22680951788661	40.864431965616774	38.135169594201955	
214.04895961197397	57.38446656733205	41.152945078907955	37.88481578133231	
214.26173818697131	58.28496970858459	41.529144549320385	37.760521654169324	
214.77445719201313	58.00260179877607	41.92275425251648	37.50924097855856	
213.58609387521133	57.02177218720437	41.86865350689339	37.49311282625182	
213.59273829992878	56.72170129522133	41.8256834759234	37.50878457657227	
214.80034264645718	58.2469039186762	42.100414281767925	37.62858873746892	
215.75630055685508	57.42473171838023	42.39641376706342	37.64701069657832	
214.8322551959238	57.272348744208166	42.2878426685143	37.67131715152378	
216.07653371149397	57.10840808890434	42.58242939614778	37.80864904380124	
215.8542083454462	56.87291640978292	42.418907771160924	38.031867844444065	
216.90794329339698	57.09436751310935	42.64640024327089	38.4011229706884	
216.0239637483315	56.855373875762815	42.57947266328921	38.50669136491881	
217.25642837795655	57.115366698437384	43.08266421740889	38.57653731022214	
216.37640971349168	56.49287180041004	42.647460810330934	38.76347361277707	
217.24353926741512	57.211865877874835	43.06177891577141	38.848875750968816	
218.0272436880811	57.674195703349085	43.41887495057627	39.07776994351855	
218.242079857046	57.08381570625471	43.70090239644847	39.41060129448068	
216.69059635379017	56.26161175526573	43.336768305853155	39.49052316969472	
217.39299975753732	56.89302902703178	43.86116834650338	39.66375275026998	
216.55182697857478	56.33743372365433	43.51024068436625	39.69565737775394	
217.65832745748298	56.929477329091085	43.73524088240309	39.79098148279841	
216.6112006714627	56.5838070405845	43.47739861208217	39.777537249268505	
217.76852176668433	57.38390729110153	43.64365074880265	39.793631728283586	
216.3070152635956	56.76124817024785	43.270974410573984	39.777974251492715	
217.7355995403871	56.78224482846096	43.24758590726866	39.89083003219917	
218.73954277226198	57.127285311545215	43.49017675751429	39.9848992492315	
218.4484132434789	56.72793351740678	43.8200497517431	40.0655906238014	
218.53320255944428	56.75082824827365	43.72656223051873	40.490931533161415	
218.74679953692362	56.69665810725771	43.56021128431669	40.78139549113571	
217.69200970439212	56.711853999819766	43.19792744115519	40.825344951007196	
218.62148010533562	56.39284352207762	42.60338080335358	41.05972596408388	
218.861846368365	56.84362256722214	42.13770371114181	40.81251320737104	
217.91847741992038	56.941641002008296	41.95706261022831	40.6533076422297	
218.58487656413092	56.32831190181387	41.58346124697053	40.408726871862015	
218.61911207763913	56.02133032647853	41.1079827939306	40.2429088597939	
218.49480355391137	56.544112230026016	40.870332423716825	39.8813309416569	
219.15629156948526	56.48106570962565	40.64889338178106	39.91015420897434	
218.9647083466203	56.588458162399675	40.73692796534742	39.84270586093382	
218.54383303101454	56.52922444103377	40.91650943810025	40.12211737805795	
218.35973706549876	56.57085682362916	41.30253079662743	40.0834536509655	
217.69235684556674	56.985362305413275	42.08065669116526	39.946777816181445	
216.94642025746018	57.23264471332732	42.683000698772545	40.03524310499051	
216.59121091560164	57.149795361837946	43.15118145696015	40.23589225430673	
217.04854815337418	57.239021686842534	43.47791532949857	40.45503500987616	
215.90395577580833	57.98600332932592	44.337856877652406	40.47829067231997	
214.798018669072	58.09286644690384	44.809009150130834	40.847217482818415	
214.31264803724775	58.261536391631296	45.092139608744674	41.23116794332384	
214.1545414355647	58.36384447408555	45.14108987647235	41.509325887063625	
215.76578717848696	57.602474732949325	44.81508133511639	41.73922667667098	
214.10469656842818	58.37985086103422	45.09701225387283	41.56917936797281	
215.73936783607542	57.98397569377486	44.646997073009544	41.6244736063192	
214.32498671915542	58.58630506058462	44.61502460569288	41.94328932757944	
213.5322708209866	59.377420815985175	44.83104743691975	41.81308561447731	
215.5224571776887	58.89851354300094	44.6234053124285	41.741638571395484	
213.5970986886105	58.605052264651306	44.70244670388452	41.61607796044643	
212.98006846973897	59.44500367530042	44.66969684366154	41.84425535937068	
212.44843281101979	59.385193506658446	44.62805385350562	41.82527040004284	
214.69086279886864	58.94138833152395	44.26949564324981	41.82417311252496	
213.47878067372403	58.65115066101744	43.91733562138326	41.85968890840249	
212.76722546209714	58.945358632845284	43.923474361134794	42.008638270170536	
212.35654201207805	59.118958211845296	44.096881313586934	42.05163883303003	
212.46389494203913	59.36818629752679	44.28762546992491	42.0661505462076	
211.45193699818083	59.55546468610852	44.65833846629173	42.052871647328594	
211.60830750767528	59.84749124958213	45.090236188319224	41.90938038118118	
211.7001492782327	59.47491472003729	45.00049686148884	42.017768198647936	
211.5743176112837	59.68020397981506	45.20392366511264	42.05919241303823	
211.31829898574046	59.26621534877721	45.09308409325068	42.237465159179955	
211.14961668546448	59.0815198842201	44.92165003495481	42.527015480353015	
211.01665502887298	58.58532508286842	45.00771467849921	42.41355092942325	
210.83880078006337	58.3264403314839	45.25015190989641	42.518854830032794	
210.41341094552706	57.8009014838058	45.471471303795866	42.59955090784292	
210.5655829167675	57.64943700984724	45.49922930242367	42.61412435625404	
212.1812139999121	57.15782931259447	45.63918963216718	42.520156265728446	
211.09429656274477	56.911341250066286	45.79059241764989	42.46164697151144	
211.12560797580878	57.04916206710618	45.70801308473318	42.45236401100419	
211.24224273994247	56.906192770828945	45.710652407493285	42.37647481282151	
211.57457444214108	56.73767583592453	45.57399204007192	42.23432107486515	
211.1511798597756	56.41148381765055	45.68061108360996	42.13037319078932	
213.03976947075807	55.88092496905229	45.394733636623634	42.31928366361681	
212.44082799260784	55.787776743317174	45.212702905218144	42.559100042052265	
211.9087471924121	55.42734669326733	45.096259213289315	42.600257860200045	
212.34508918029775	56.20776586210448	44.81107509446691	42.43863796258159	
212.4124902559353	56.39702924809091	44.348169788294115	42.5519844847238	
212.87673540913397	55.83451075900368	44.04757447949352	42.53806908843995	
213.2517465804376	55.95916260216201	43.44784347544919	42.48417331425841	
213.0228398297536	56.779947416746765	43.17227946054757	42.34642911119059	
212.91865844472514	56.89181651726058	42.80088901052314	42.38628792172912	
213.24302400129767	56.037778848878496	42.522881889964225	42.200748727929934	
213.45040862841668	55.99027808360985	41.809637310618584	41.9472577254987	
213.14708408459592	57.06014226710188	41.453092743246074	41.428959517129755	
213.24390569363794	56.9192036439928	41.188928416355935	40.65521955009871	
213.3904971377931	56.57658640522459	41.07446571916669	40.11305217502741	
212.33078048318845	56.385102107074346	41.2268359590324	39.84823093539803	
212.6167464889474	57.33474994544977	41.16739904801274	39.51149736668703	
212.63530951597468	56.70051689081869	41.00268619707841	39.4397830789155	
212.83463527649963	56.93695707043257	41.45257253832936	39.4885712730401	
213.40301848691763	56.105895440814265	41.526528444725756	39.65623490321787	
213.97699742081483	56.91928716030933	41.930545350338335	39.3947820411244	
214.13543989750812	56.8649013116118	42.32566780032546	39.41335619024923	
214.06645925460776	57.168162977407235	42.81111611853966	39.542105087376164	
214.91536633513547	57.0427024803693	42.97174509846782	39.45204513443438	
215.0150131349476	56.96550727758424	43.36161259684695	39.44207249848437	
214.7381084677287	57.203327093648596	43.68687328531158	39.727109488746414	
214.10279425057732	57.01037934067514	43.736975024362835	40.15320482582145	
215.06323440356326	56.746694651922866	43.70315464537765	40.37079768855738	
215.1890042013499	56.98240814080647	43.69207093056555	40.76420776122811	
215.16155436090358	56.745497688223644	43.79507959151778	40.984736701862815	
215.45247567937926	56.71700510797224	43.74164196526664	41.24741662721815	
216.03477106535152	57.03668970257083	43.4347404547586	41.642271471376674	
215.67441315728405	57.03148375741384	43.2820997497639	41.71253403208795	
215.74510156898793	56.75707052220184	43.18693149799877	41.63335756090351	
215.10271787613485	57.128505538447826	42.926329973869144	41.620708978740375	
215.6744259188249	57.31287770531492	42.23827149966837	41.732254461862574	
214.85903912807743	57.59091812769627	41.962249102617164	41.40490410194312	
214.7807531183732	57.69341062040901	41.53707853732027	40.99304327072773	
214.92452024102948	57.6550742168978	41.13918195596816	40.664352935259764	
214.8759714014961	59.2089532891939	40.71942594488755	40.248917283267055	
215.49127833312707	59.21144683612413	40.26726793508781	39.96024793246956	
214.77058117390385	59.12630416774991	40.118147236024804	40.058677895537414	
215.3881107271069	59.68558225964513	39.6815091548949	39.61289054300002	
216.0404414349033	60.38408160192073	39.587898488127195	39.40252270351871	
215.48293079510285	60.71210973506254	39.66124574982188	38.88428674067518	
216.0363672133057	60.9050736963847	39.80015505033325	38.28589077506116	
216.159033776893	61.95261230250698	40.107184067152026	37.786106846279125	
216.244084260224	62.627613187175285	40.27487308304734	37.70437294689186	
217.57672457269317	62.88324431189078	40.12035658011829	37.456823044014676	
217.60342224110698	62.65711053735157	40.315168469686284	37.20677013658826	
218.28266726140996	63.17575023354405	40.351936855746594	36.947453011602136	
218.4330930358401	63.021297761222826	40.46491791177142	36.940701890303735	
217.9059656382233	63.93680037863089	40.89002243558928	36.679450183128885	
217.90497767011422	63.710237578678374	41.538555106846225	36.274009439249596	
218.34687143105796	63.99734871590596	41.973261428037354	36.26518329487943	
218.26901503548322	64.23796305928057	42.31866880260282	35.943321275400855	
218.22145087258764	64.2576568096612	42.41945106527553	35.77669959883833	
218.0767802028597	64.43576894780524	42.7502781464659	35.37654333913892	
218.33506486699935	64.54911829893908	42.986607570876004	35.236627822472485	
217.40719567975822	64.73938161470363	43.662358276367186	35.22902590622391	
216.93473723258367	64.56682984108186	44.20879901710413	35.0795316012374	
216.91101272450246	64.7352043157642	44.170659168284445	35.1112021500779	
217.00319458124144	64.46193826659952	44.20131181985772	35.16868281698979	
217.06746385792877	64.21459191427834	44.06501483301814	35.2861864814481	
216.74615836729777	64.17228955338285	44.289834000668165	35.18769546494737	
216.50249020292432	64.06784871696638	44.22596582683252	35.388177473355924	
216.68939311079956	64.57945266458995	43.73867255136288	35.44965454610348	
216.5344946850861	64.9002895758143	43.609872498511976	35.679912812983574	
216.8410406079836	63.81214781691024	43.65662576647131	36.05929880023596	
216.98660108819624	64.33916701601399	43.66941515088509	35.81775897151697	
216.3284116656754	64.45794705862816	43.9313766241769	35.792523699296936	
216.09515666685283	63.852824377088695	43.5845065592419	35.96207220301613	
216.9102807160403	64.5845611405567	43.347549695837095	35.886706929559125	
216.17459578418584	64.24112127969619	43.15943076235815	35.99792874713205	
216.08225100183915	64.98837775375294	42.98955229264105	36.14980909812132	
216.50298117945627	65.05098509843563	42.536117817266756	36.436363590245875	
216.95798302275915	64.7595728148305	42.5239117747993	36.561437062161176	
217.03741096209916	65.19395328592267	42.52091851063173	36.75195281999669	
217.7008960010449	64.44669209753867	42.07614241534142	37.04533014385484	
217.19526056266642	64.72513838075037	41.85935853021182	37.51429645652081	
217.6911187268783	65.21225215615867	42.027846016294575	37.74335710322159	
218.85151092745966	62.09254660178445	41.460957732342244	39.03419080794782	
218.81796494370062	60.69766652133012	40.86909287412717	39.524489127273235	
219.71097291686803	60.80286815153917	40.4194049574249	39.69620871131274	
219.924416340423	59.81809034687418	39.89518281642593	39.566654194147375	
219.77211403144798	59.20116199485611	38.97954183462926	39.90555705125206	
219.54788594970822	58.22171156475031	38.71164356838693	40.008873051615645	
219.70157811389623	58.079405340270746	38.351362021396106	40.24092451176112	
219.7428332533097	57.87695564624916	37.93127243262883	40.46171713262672	
218.79944233199384	57.917872057102926	37.83276887391622	40.69908414121284	
219.14641647296858	57.941584119431866	37.89369333128177	40.80605693795121	
218.4936926231747	57.626433505946395	37.96002257402907	40.79403914131299	
218.74818198725671	57.40147902589945	38.023332776281094	40.931093125944926	
218.66890311044978	57.435446267363616	37.987903935218014	40.7709893358443	
218.85257608210406	57.62270888563045	37.984467564272336	40.597734649800046	
219.10735334049272	57.95754693084777	37.963304923715704	40.46406971878542	
218.99847119696616	57.8071542258168	37.88231049537769	40.39214162262559	
219.1966439101847	57.35528347914607	37.797913934592714	40.556597289284014	
219.813649626191	57.46847239030265	37.76712871126694	40.50854015796034	
219.93982856042717	57.428960956132734	37.51136674912113	40.50377703790973	
219.61728815282368	57.40494085473243	37.54805562373441	40.48835896938571	
220.33106653613737	57.397225996342414	37.82137759646401	40.49561155661396	
220.75700874273406	57.19938312337609	37.735632750168996	40.365050635638354	
220.43724793992834	57.45714491273844	37.89738250734021	40.34410562704113	
221.25558798246584	57.51812571382491	38.09045951664845	40.37501822640438	
221.08826311155465	57.430277917353486	38.03372185545955	40.38121916063865	
221.65418170892934	57.60044392544417	38.383315668095435	40.33326664293903	
223.0491249224805	57.157927044022806	38.5444308851276	40.61424208049108	
223.5002468283168	57.95741687613377	38.86007030271069	40.47928707924065	
225.19696036304128	57.65523832246291	38.898648877106304	40.80082187565785	
226.72007686132218	56.916248679727055	38.89848931728156	40.8053514540983	
227.16618784685085	57.43185253300689	38.903369523367374	40.63418322011858	
228.9794098936415	57.79599562519086	39.06332813211756	40.53089274421622	
229.3976762720172	58.114966107167845	39.36006921531675	40.38782816499736	
229.06249098318037	58.680507944786484	39.9200602833626	40.1090056158015	
230.5417730723434	58.1526721802648	40.03297280295826	40.22280651505741	
229.68844649170958	58.85520670943821	40.513965759338525	40.079031821639795	
231.25120072746148	58.80579148035113	40.44993804840908	40.306790628236	
230.4605080775598	59.10263355101239	40.46553555600663	40.43451467525653	
230.9499055348466	58.895555985163	40.34375881417395	40.36526514076994	
230.89632653875677	58.40847065294892	40.04011059750469	40.50644289385929	
231.49697704360923	58.236094460058524	39.89251957162543	40.40174362449062	
231.25775958325994	58.743624571984874	39.69690481685938	40.436072882182415	
231.34045769446448	58.45639416957458	39.40977964520155	40.30471515310561	
230.44834531646242	58.56419318455524	39.26663981342183	40.137860609548696	
230.55962681808924	58.27978784182517	39.10770155726567	40.11579835160751	
229.55936593826056	57.78822448168011	39.159528849378496	40.31525220269215	
228.494048163125	57.67245439857151	38.71857278397271	40.763644229194156	
228.32338527151052	57.19533669834182	38.6637456834336	41.2379028265892	
227.3825415249787	56.872475638566286	38.62133969161868	41.45211598780057	
226.0737317284568	56.56183460509316	38.65521261298585	41.48804783931179	
225.78343248735894	57.4089830354972	38.817428539935264	41.1730634937625	
224.99417849663166	57.40245184876572	38.64063313851627	41.19673387163156	
223.93725661570943	56.65718491117758	38.610056038162824	41.3103434704559	
223.71180941525373	56.938472199349796	38.611873577931135	41.232460961019356	
222.8056544730872	57.1173157989148	38.613537166716725	41.18555893625916	
222.88187310677776	57.69704171224619	38.62944526128357	40.923501528312805	
223.10851368840957	57.93876517634454	38.44046280526673	40.98959553706298	
223.5217359176655	58.384571164100244	38.26916154810609	40.89067795137167	
222.78779024552898	58.333807734881255	38.2792893397134	40.71709748568627	
223.0294488504012	57.985588474067214	38.26525466766773	40.746427769570964	
223.36337317730064	58.472045780774444	38.442866905592425	40.776787000875444	
222.40059467693848	58.602965568651605	38.658624616613395	40.5852511781395	
222.59357477295666	58.82573005806195	38.63041823784381	40.798692853329584	
222.84929507595803	59.290908116688314	38.58220457604921	40.904867588394666	
223.39574946321682	59.722738805036165	38.46390285195049	40.90169474567266	
223.39456065900004	60.27482673337569	38.54436054828419	40.83835879950081	
223.84311689442367	60.50733657963299	38.639452683969964	40.8579723441097	
224.10033527371436	61.279685872719654	38.42937720916773	40.698744148256196	
225.25539236730856	60.94919051447025	38.335557310614575	40.40599194340261	
224.1663297432584	60.288828288720495	38.667942955672345	39.92209267187203	
223.85182998092404	60.683166723166465	39.199559718803016	39.698094233537354	
222.8959043080872	61.12922084293956	39.92740961870642	39.26190531934287	
222.69910809501397	61.93355050291552	40.409021780964075	39.287975146348344	
222.80559692927238	63.344777203010125	40.85625323176711	39.41108577776009	
222.92575346023662	63.186819391375394	40.6249007558799	39.95233603044602	
222.24996891374937	62.80551976157835	40.166448925239884	40.57494840246591	
221.92734917435817	63.414758375749585	40.62236219221215	40.18201511419073	
221.82007683832003	64.63703881044684	41.30975560748874	39.44195944995064	
221.81584296078861	64.96525101724839	41.735716199265354	38.726184873603025	
222.23408712097563	65.0440513575486	42.38206293328895	38.202236373435866	
221.36257379611783	64.69249490871816	42.45744675120218	38.13087333897548	
221.20972036407946	65.38239599972485	42.14120334653349	38.15015250633495	
222.09853417334557	65.41026329992808	42.70723655945268	37.97999620300712	
221.25426118586213	64.75882618917831	43.49366671258116	37.85675503086805	
221.36516638686103	64.29904327056818	44.070620658613464	37.72123151357323	
220.99714925881707	64.50614607425425	44.504353537643325	37.531173076983194	
221.03503856114716	65.51999691688893	44.58219241934087	37.259763496434886	
220.65267010901962	64.50868548935532	45.00663982025996	37.38553898421543	
220.51620603821755	65.59895794518204	44.81401739018406	37.21468364203525	
220.00535177218205	65.36157555519034	44.39431251969765	37.32912090999281	
220.15509550271562	64.36408847609404	44.365744739225924	37.564877805917355	
220.09933790809743	64.76222591633058	44.41689507487159	37.51783825745643	
219.94896630541405	64.9343117260199	44.81544260307713	37.38007972830683	
220.51866903858433	64.10798109962396	44.32101685208386	37.46038571071299	
220.11823543815365	64.84803317673072	43.930555169774124	37.240506494892074	
219.96873493975372	65.26737806904623	43.809621089145196	37.056893512037945	
220.25907698855306	65.15299973271152	43.66376518354211	37.028598418788654	
219.551889800404	64.81396271292135	43.68044163427259	36.93801703901931	
219.92101180041865	64.09608674289146	43.589980734848304	37.15323310471234	
220.14780449141213	64.4143473782265	43.42055477478216	37.17586273249885	
220.6616219102053	64.05705853383584	43.802871981682834	37.032995419677974	
220.0320041802777	64.6733785209118	43.84882974397483	36.93021703877254	
221.15948215591993	64.01510905216348	43.70268183330929	36.961520452091605	
219.67311894141122	64.34870130368827	44.0010231915259	36.74957250318785	
220.79034510039736	64.25544176073082	44.185547180468944	36.83688362903357	
221.0829036818088	63.55291929317496	43.92454884045905	37.07596157653542	
220.87152763403952	63.27984660930856	43.91674225450956	37.15849993104267	
221.03961264003664	63.70623446606555	44.354864890353966	37.43321092330871	
220.594269035819	63.84377428049344	43.942823565044414	37.56769915720203	
220.87207887048726	63.704923086788256	43.13874962296089	37.649599317949765	
220.46263781138433	62.99976306451131	42.86895195066989	37.90826380773222	
220.57705960791947	63.31222046632962	42.72068041138973	38.01582678825241	
220.87881971911472	62.36772192091625	42.457082617130325	38.34066806204729	
219.7113432855445	61.75992419170628	42.17218961711376	38.49459881995911	
220.80303364855183	61.324958125118584	41.851286551278235	38.63156685468098	
220.9749780295499	62.21507753934789	41.7430307006066	38.52964223520675	
221.02068624341572	61.89765513465365	41.55424727676548	38.60972676732396	
221.04485498716588	62.01733701585249	41.82969729966018	38.46874323529346	
221.1820162081974	61.93578831529055	42.04082679431895	38.4716709604711	
221.47505381326113	60.76574666806366	41.97419032778282	38.59060552560054	
221.9638364547235	60.92116069241216	41.951320508038606	38.49594574641859	
222.5754936010598	61.126890661093306	42.06018886116374	38.58967701598836	
222.84221712329088	60.97313239067089	41.908504202069935	38.756684994506756	
223.50927353199566	60.634953736028365	41.54393925243532	38.975782112351226	
223.1280739768009	60.718822868634945	41.34243618739841	38.79847780642846	
223.45944438275973	61.8625543432379	41.460216947116905	38.29921893112847	
223.50784391478481	61.04642754681423	41.79593016639191	38.35872839288757	
224.27983165647186	61.56630234121822	41.60141421194092	38.32203497263581	
223.21507732880278	62.03418872883706	41.69259922645567	38.13781907071966	
223.38460629349285	61.116291016707365	41.68313528334837	38.22229758995737	
223.29289588422117	61.371979719887776	41.68159233913157	38.29521688693517	
223.66463413017607	61.28106477060099	41.96586788903849	38.21414065138018	
223.06209197284525	61.85059836362244	41.735795381495514	38.105466588963985	
223.6103173094788	62.19710811245272	42.060180799269986	38.08751994010028	
223.02184508648344	62.23438384360042	41.92381033055736	37.98712121789596	
224.09871451568762	61.247946217258104	42.00951119802485	38.37377215302993	
223.49295042167745	62.319003671886826	41.806644292127345	38.191457248731595	
223.91163220154198	61.98370872999369	41.792970312361916	38.449508902098714	
222.76135895007647	62.33255205279718	42.10502551852478	38.147758387969084	
223.02970554576385	62.57704268993358	42.115231705449716	38.15938484265442	
222.99839635599164	61.53670765970803	41.92810994634419	38.3927502013004	
222.65860046707093	61.7264414973703	41.818550890102074	38.29849507256285	
221.99924830087357	61.459660707247295	41.3332029888008	38.15680808951922	
221.99574022183583	61.91214538462974	41.17970796611781	37.826687267431026	
221.18505716925097	62.226867638315284	41.12828652417603	37.37812326192627	
221.46581347633253	62.32211568262559	40.93880413838927	37.23946750098577	
221.10281674752196	62.45838675248361	40.78871207621978	36.79426749896409	
220.80876095949745	63.24829527027882	41.2721566368951	36.37044070633175	
220.456050653724	63.45523715935489	41.512277433502476	35.98075359763895	
220.79570086489215	63.29021545205262	41.77763880725915	36.12008278707049	
219.9451251570609	63.50208091200648	42.56224876574549	36.10766435786445	
219.21051669475386	63.4431542917053	42.82301024697729	36.28704188905828	
218.8932060386852	63.245734437294715	42.714717240076176	36.55525324368767	
219.0833328849719	62.44832106581666	42.352212609310826	36.86436583716869	
219.6220708528341	62.396091561238066	41.86625883077865	37.20904558676339	
218.67040037744314	62.72744375323725	41.61448608450856	37.1624102216058	
219.06285391400883	62.13102962353237	41.016248971995196	37.31357721850335	
218.55137489846052	61.85891036951563	40.74801482913398	37.214491291779616	
218.81196237802655	62.42924833039393	39.85874572375023	37.259452724873775	
218.74504135041752	62.828739591307794	39.10271165172526	37.31916249144478	
219.0725998039924	63.03980783772011	38.468487522987	37.117237891940235	
218.58297142431374	62.75091693893557	37.96014979706145	36.71941587061589	
218.77283587609767	62.68998385586981	37.41908544010249	36.02815386339611	
219.17006388249115	62.606499974440645	36.5379056153911	35.819326768514046	
218.86949591891454	63.113715693134154	36.14627122832766	35.18603019879519	
218.31544482607472	63.7359720398231	35.560846192327645	34.510187599430495	
218.17600199906016	64.04631095450712	34.95532092859783	34.020634966877	
218.3160591583923	63.711355782287484	34.22370425698054	33.84813337598683	
218.57222976468387	63.401328693136996	33.75104071276033	33.3775795535325	
218.70585445123945	63.62594722019708	33.50799493628578	33.10498706308726	
218.29134610476126	63.644673017747465	33.36519443382667	32.897737645153434	
218.18609356070075	63.891494113364296	33.267326011110114	32.761792553367016	
218.32013623896282	64.39600445653424	32.88054004597488	32.60420210432036	
218.1199734767278	64.43866871304185	32.90097688688738	32.2119036804451	
217.8922236638748	64.29955735388079	32.756571915787816	32.13861471172688	
217.8805624130295	64.45434199129357	32.70787857319293	31.990503154319974	
217.79848028005506	64.92859671243833	32.59818855366327	31.783812974535028	
218.29605820365455	65.16297109770818	32.486030278886275	31.496167537826175	
218.77306515924235	65.32913554565341	32.39387080172407	31.15834416750236	
218.7127002636004	65.50283443196574	32.606542858637745	30.838572367282772	
218.78472687563578	65.48720010396525	32.70819881539889	30.585523410635737	
218.91573990324434	65.3857406770661	32.94681923215899	30.432619909878923	
219.5435530796098	65.38907747523655	33.2735008141891	30.22532651165909	
219.615957180692	64.96713407999933	34.08160255846641	30.22746166705892	
219.95420139304747	64.8462187585906	35.89568682471916	30.13998827039807	
220.50708902077344	65.03752057568127	37.64390832295988	30.182744719796737	
219.78258425359138	64.52155285734723	39.22724614814412	30.700527748818654	
220.6560771219081	64.6851601495343	40.09150413633362	31.4038489815908	
220.91557772491694	64.02706748436843	41.02153821721936	31.903682659777154	
221.15721569618944	63.999441035188084	41.76216676514524	32.18032182687278	
220.87898462114728	62.547497931320116	42.20931901840283	32.797554515931964	
222.36252028806618	63.06562997391346	42.30931578454064	33.500888347348365	
221.78679391878563	63.11863272976686	42.77637922990786	34.24286428858347	
221.89740407546958	61.948202251529125	43.18095928771007	34.94653383022586	
223.17799001677517	61.88955528512696	43.046971271599716	35.629335294196274	
222.83012851137832	61.39098364564753	42.79728093133445	36.190259566378316	
223.08513742355302	60.72393027557898	42.681136530323	36.82908962890693	
223.62706887415118	60.33025192040931	42.52890078347697	36.96109744226599	
224.97587049977471	61.01962225958759	42.18371571651028	36.71796472174938	
224.07634153961993	60.72498591105575	42.28985235595894	36.16660061709341	
225.70453267716533	60.991207786077624	42.674044774547966	35.61901800253244	
226.3383034596385	60.331508249468385	42.49917746497269	35.71175300943623	
225.46987922149862	60.178515933103824	41.93633760201908	35.13980902754895	
227.48013090869065	59.74590003370966	41.80539087398203	34.45992249442809	
227.81327117291207	58.69133125130042	41.11970352768575	33.95252296513037	
228.32520663103827	58.56766547904609	40.88349696528087	33.50483615856099	
225.65828707944604	60.97950338886595	43.20817101986607	31.20454872469397	
225.90680266047787	62.27600676172218	44.2629387975073	29.92199587073567	
229.64247442439896	64.20018274873206	42.98895578525965	31.26990911735801	
228.71671238610358	62.067038286973975	42.315569173450115	32.173820158870384	
226.88642150958526	59.42748022964088	43.22926062001396	31.57239780994405	
230.43593592981023	62.31029548337748	42.557586115348954	32.48059447379653	
229.66612899843003	60.56936322502232	42.13136059212302	33.28357710688563	
228.4293975231534	58.95583216901611	41.765796614728266	33.939611463160745	
231.95964315451346	61.770659233872024	40.87928701857312	34.93325645530562	
231.2804164436419	59.99521685400765	40.474765343613605	35.58699665898883	
230.40669590228688	58.458394335472846	40.31844253605727	36.009964253507775	
229.636587326693	56.70993014163531	40.17609757443683	36.43107457935424	
232.5263678780537	59.83007603253154	39.73834002243562	36.933794749008314	
231.09693691869248	58.332533020319254	39.65547406449486	37.30969008053127	
230.2180188631714	56.82625447564915	39.60994458734882	37.47763123359217	
232.73276204884715	59.30439041562847	39.19808154515993	37.737415223689695	
230.98412042995992	57.999010588732204	39.32296497595807	37.84266049416618	
229.61644119965504	56.21559404397277	39.32982807714707	37.9501446666776	
232.3083963324995	58.93262156612167	39.012597289149745	38.11011666476872	
230.38826903077722	57.56161418076309	39.129897857789054	38.27464825830082	
232.37503145848746	59.99588473648171	38.94889066441695	38.352911670331586	
230.82297660339736	58.87895308426189	39.16496960715634	38.3846065101106	
229.5206147742144	57.44637988457757	39.31861580427953	38.45666256600391	
229.54698697759767	60.39724711270121	39.28900239180312	38.75862579118361	
229.5279335860791	58.440372694633325	39.321188694834845	38.80707468721013	
232.39219896277996	61.03824373641149	39.06131066665283	38.8713242494668	
230.95409227538124	59.307534954873134	39.1025442688825	38.79878909953081	
230.42180351027253	58.104236318259964	38.166076810467736	38.83775565261859	
230.68449644960023	57.180145457211644	37.06383485509495	38.72193464625302	
231.29299452584496	58.70173807758961	35.99284306649999	38.6010497442422	
231.78717897142067	57.58836197777337	35.042388127371325	38.22422742948565	
232.63286416087192	59.50363996891342	34.60046902810907	37.44317739622594	
232.67563248521705	59.37136557447252	34.131500467950254	36.51404864051393	
233.41557164285095	60.96495159310746	33.600142515059645	35.934739552615376	
232.58877995806435	60.460956509747746	33.97723066635585	35.36618185823557	
231.9587942060514	60.15247530116311	34.2085102825262	34.756474129416375	
232.21358710828872	60.249532456738606	34.23141753291841	34.379853793427884	
232.36726785189632	60.33329972408466	34.40140967815329	33.6823529639703	
230.89376061194	60.071996452241486	34.569638452499525	32.51567232198771	
233.0235475613065	62.937012837801845	36.06215405419377	31.15729882973661	
232.25515756074162	61.38139417088849	35.4588958034467	32.034265114063814	
232.109111964924	62.8932536386637	34.93722659526352	32.63403150528036	
232.23772768949271	61.819538763763674	34.71618744778684	32.75159861279221	
232.2940132167949	62.904291535137254	34.45435289201522	33.25497228910022	
232.2723552603279	62.04446108724866	33.90506172401277	33.44805237433053	
232.5300080768861	61.43144393132672	33.46954575176736	33.335581656496075	
233.0837558889878	63.300371574019834	32.734653454599865	33.40545323115624	
233.24546971380497	62.51978855718058	32.53975860206375	33.140558254474016	
230.14008638878042	58.631508104527	32.75959755588478	33.08423055657074	
226.66643324570094	60.37907238061733	34.98754778201565	31.214549158435176	
225.53197868063185	62.18056901654515	38.36674958526479	28.441886675668744	
223.9908861466809	63.373318838000884	41.570689843360356	26.157639409790505	
221.9015828957537	60.96617159290781	42.27040902564995	25.676241932966146	
221.7279140124648	62.5923653438345	43.01653700271319	25.000715574224948	
221.3510167968898	63.97349165355672	43.99848125025702	24.477458030006353	
220.21771429176215	64.4649061359382	45.10820600099851	24.40317640706698	
220.329089742647	64.81672938410857	46.046832052353814	24.368136072797462	
219.34600319393124	64.34607404846773	46.535810721341434	24.620442501658953	
218.72221099147842	64.63773510625332	46.992206409358616	24.705732449018825	
218.73378653881292	65.18459281432172	47.171725680261616	24.87191927172784	
219.1237232528706	64.52773452336113	47.228525392672076	24.85623185718142	
218.45398158684333	64.53062646489934	47.31136757520572	25.005481413502835	
218.32163763300719	64.75490197766507	47.09612040306499	24.99394863342997	
218.2005096432466	64.5678836944787	47.27022680103463	24.7957621325191	
217.72983125523277	64.21552369278072	47.54964169111414	24.149988347195844	
217.69193172067742	64.19668610553272	47.886610611051104	23.71531146399646	
217.42779822787136	64.21521836685716	48.30357139127129	23.43255777277518	
216.67190799662683	65.0068297704077	48.6465206245505	23.178987751928958	
217.0139941381484	65.25343089324666	49.30270707563817	23.13605305958052	
215.5616757805944	65.83192183761064	50.32486638805909	23.3108383722762	
215.05590236635268	66.12637351982792	50.91135750408107	23.886636350424354	
215.46849229050827	61.58894693402673	50.697621950222604	24.312414013909045	
215.80127811189888	61.55135711689219	50.51852902357637	24.764061889392877	
215.84324306570207	61.07948937895476	49.70473624718413	24.866339163859344	
216.3633191499121	60.42719099244256	48.91524500486771	25.016182728723344	
216.63970800484185	59.74172960281102	48.3335761264734	25.11902992262113	
216.5393005854901	59.30885323974333	48.05578742332584	25.04104383058788	
216.13997490262307	59.07540212713174	47.7096316887639	25.03707576958478	
217.67029368124184	58.753785468126075	47.25374071165028	24.899341494403064	
217.34742867244722	58.39396451720438	46.72281197965913	24.91624481315852	
216.62126158157093	57.942082590676705	46.883655487392836	25.149952978786352	
217.51515174198556	57.475153233462045	46.44750668874222	25.1977487135175	
216.75603909361044	56.74852394756889	46.580128557605505	25.49279903430435	
217.25903729028943	61.01745339326093	46.567441840894745	25.25457793741491	
216.53532857564593	60.69028671614745	47.03587247046475	24.634691063446684	
216.73297960521796	60.64463712407681	47.15470833503822	24.260582339625167	
216.61148610269478	60.79549408690365	47.271886594461925	24.63027343134742	
217.22240703136194	61.11314246808536	47.6246710636886	24.816693275600986	
216.4753465842695	60.96694340371535	47.83425380803982	24.408656838796876	
216.95551212543822	60.953509303567465	48.12170376398667	24.49876880075131	
215.9609502639981	61.19753720270166	48.859166424626295	24.360061577359698	
216.76666304906715	61.22988720751872	48.93921910689907	24.415124018182194	
216.5731019239285	61.26971947503071	49.1672572457243	24.5747961377021	
215.74074119433413	61.80995167011867	49.42591824768338	24.776684314245234	
216.77754645125123	61.234369431930155	48.723013576821046	24.6714493975406	
216.38360692070725	60.71530847286414	48.538379558265724	24.507662488844637	
216.33128880931014	58.326751728167366	47.08258430065225	24.70131326308925	
217.53088060928764	57.89208684904539	45.83801455319818	24.3758313195586	
217.96068360409436	57.50758722879493	45.18226927861632	23.86394855913636	
217.3032714273507	57.54584789139824	44.95864911306069	23.134723352666022	
217.17098032239545	57.37144925538109	44.670362658706466	22.446824190679322	
216.73153738601178	56.77227365672051	44.64786292613863	21.92755513443755	
216.72916849975286	56.94091833152332	44.50024265844285	21.472460855217864	
217.48550594369925	56.91890943900245	44.474488365719125	21.08536837738882	
217.64553216240202	56.85728853249853	44.39987721606958	20.76188243771111	
216.92860411179106	56.722220122914266	44.71955728236409	21.262150167753042	
216.9752699152346	56.83805323297897	44.811243693365114	20.877652497518923	
217.32369336508066	56.90888177842217	44.77098272545092	20.721054048625042	
217.3519669525743	57.570323139660104	44.77041902307917	20.542598625648687	
217.46539315847681	57.48464523897874	44.67533239410723	20.530354165203967	
217.2250822410552	57.064101682244555	44.74360226304623	21.208953905916324	
217.3729458893328	56.736001599611605	44.881270888674955	21.63727463635824	
217.60726713672096	55.966715326389036	44.8397851700885	22.096879849963415	
217.51985143948065	58.12404535244164	44.939609669801825	22.079994112738582	
218.1841763475999	58.58594424788005	44.844831671152114	21.946408059017667	
218.2210566042883	58.799772231507816	44.82756850065986	21.95439615213545	
216.91084554727206	58.095392705968344	44.69482942275206	22.35105248009275	
219.37496855450087	60.26540015527695	44.76891371148654	22.442466967614457	
217.46817772347364	60.14566112521692	45.06649772530186	22.80382185610699	
216.4916938883086	60.06223344489742	45.37184304875393	23.01408035049594	
217.51743389089836	59.805720653809395	45.389116524485644	23.28056651874301	
217.17921875156824	59.44639123108685	45.01207070794631	23.57617355988399	
217.40751160653028	63.92527626948091	45.672768938337455	23.362858820620275	
218.35016668740693	64.78229431445907	46.55932581340362	23.022592490795812	
216.90483702943953	65.27812270566854	47.60143790910831	22.74503457913111	
216.07065169355883	65.31867816274904	48.3387371802273	22.555007866604022	
216.24908355438987	65.61969584749626	48.6431354343305	22.42758386886519	
216.2693427690791	65.77015879379894	49.13251463516674	22.524943603624948	
215.6348328961041	65.75772313776162	49.68671143313776	22.444963125927075	
215.41055003672176	65.63287707403867	49.82144936903305	22.415463312350077	
215.69240243779782	65.66699660434266	50.21487547584702	22.42546405028795	
214.97823062787882	66.08951540542523	50.82418398282721	22.48561864449198	
214.48008121063765	65.86598280922249	51.31323668064422	23.04235398419724	
214.79373011044734	65.51366421215288	51.18730299292516	23.282068422379815	
215.97504968625407	65.18345673887792	51.00476952749945	23.518121573742725	
216.54259992493468	64.78738480655414	50.77892878667612	23.60761971933892	
215.6734360256207	64.65407856292867	49.896890011970335	24.304896805531648	
216.45338507278086	64.67065100329661	50.069799196283135	24.453362553758303	
216.00172115433043	61.191810811968416	49.13002910799784	24.702223547071426	
214.85274412371757	62.61056338717124	49.18227613415889	24.926680047514175	
215.1417298779004	64.26718529715065	48.9541579029997	25.122026448960376	
214.92386420829672	64.87618288366072	48.79348349765442	25.373297213745417	
215.5019636475601	65.20213156680059	48.73632488897928	25.714312557178662	
215.60414098728495	65.182046840939	48.301558009436334	26.15213976093889	
215.21277771017418	65.12900165451165	47.939621945020804	26.564277483961817	
214.70196002022638	65.49948046506105	47.333591089946296	26.783960233708783	
215.1787692684532	65.29596008275698	47.0303374692861	27.0629893842327	
214.7874946768336	65.13076835566693	46.65049618202053	27.150777568136725	
214.99127490658418	65.018944294086	46.34613732789897	27.1861302226106	
214.61616578355498	65.33619377851254	45.94589831096454	27.206415873565692	
214.60296582741253	65.51416552383616	45.92356371106932	27.099048711076854	
214.4961617833438	65.72011380893478	45.9333038869143	26.92305075480933	
214.88530253358928	66.16815864711323	46.327622894159575	26.7866325281137	
214.48018497016056	65.31826586762473	46.43673382973284	26.896125514115546	
214.04711348510946	65.4787750774434	46.770490973724165	26.812971186470573	
213.4614371856527	65.79014480686335	47.10952991583076	26.87433771994787	
212.89818615418233	66.03156299259847	46.995903223202035	26.906257968407914	
212.8104507326278	66.2489061408015	47.215466453272064	26.82521842722036	
212.8746303927222	65.8496180254062	47.170422647111366	26.832317693060382	
212.73221115143838	66.1965121341964	47.42889811450415	26.690062220841334	
212.07025440130363	62.74689050661524	47.13600701501166	26.58422096138573	
211.11354052878247	63.6592257709087	47.01279101653897	26.459690074560584	
211.38528804084967	63.79229413830366	46.918354286700826	26.396646138361326	
211.5499730518559	64.11953132187816	46.76901727791298	26.258101946993584	
211.16918684763903	64.45574000215635	46.63931737990447	26.32598637429043	
211.9160190444117	64.54209202768754	46.714958644699536	26.41009310756793	
212.15784423055496	64.62199278408544	46.821439912847325	26.432585143952192	
211.5393573081511	64.62965392137639	47.044754161211856	26.588277848851988	
210.68932102622338	64.85577818137654	47.18117397123734	26.616613294630035	
211.1092860054988	65.40522682000476	46.993920416208965	26.65280922950129	
210.90454364686354	65.83686625381793	46.987597826713014	26.886275376065598	
211.41009226981035	66.11499516757583	47.17805428317381	26.987308305252252	
212.1558522242518	66.08448285880787	47.25510749154709	27.16547243359853	
212.3063549164919	66.10883408657283	47.22906480051974	27.327662178538592	
212.39987489349826	66.10715194856874	47.49267327351656	27.393339672216477	
212.54641269763246	65.85351171096029	47.819396504340446	27.34927003070365	
212.81364956657643	66.25952452600785	47.95716302371568	27.505601665604118	
213.0363528221609	66.12442567325212	47.93541628422756	27.73909424226703	
213.15135748261176	66.54598080743077	47.94249081561694	27.89329270498881	
213.45344410913467	67.17886565580429	47.97465508126318	27.940126005067967	
213.57881866593095	67.3211546435431	48.30043946405047	27.65360084992082	
213.40484261464263	67.02277691132315	48.953056536071344	27.111975310027233	
213.52616629110526	63.963183474058866	49.175837982536876	26.858901137192497	
214.41031209722956	65.44836789356867	49.47509226109641	26.852776187027878	
214.53553817220325	61.56367709074954	49.973341266334714	26.96701310119884	
214.9994649912465	62.83986563040017	50.15132735755732	27.645883685395514	
214.92698440925196	59.43242751194556	49.58674642588522	27.792783542910204	
215.58186583930453	61.36766561267646	49.78825313517708	27.42458137785587	
216.17570111900775	63.293616879546974	50.049809432002306	27.02092365421921	
216.85813955807043	60.083960577267916	50.05219479810147	27.120857405933094	
216.94374337758413	61.87046770310138	50.22124820119216	27.155618842437548	
215.49857400911577	58.93610037352998	49.61712134860555	27.365934369347684	
219.17465875567748	58.9943101112233	47.72790208512693	30.064066962671383	
219.25439853675078	59.391145159668255	46.70903858228357	31.552308954175636	
216.86623468850587	59.51768111035734	47.882845574504	30.24159220874229	
217.78919379093736	59.9567673758566	48.51955118517753	29.209884788522572	
216.54831294640903	58.01237753467001	47.84424247590349	29.011426635965332	
218.62139287526523	58.526791201001956	48.09545057244528	28.782800600107784	
217.88648388637827	59.061800657615656	48.293818984331715	28.56366236934879	
219.12178896336619	58.312119086460555	47.586308262347465	28.550520934022277	
222.11582250363796	58.97254955297048	45.856949181987005	30.166911807261588	
220.24398541182444	60.464680445537	46.417960401746896	29.592806748965703	
217.76766296920403	56.2977270477432	46.320867833527025	29.83840521020271	
221.8898595053704	57.710955486463995	45.234825705713305	30.955399498914076	
220.15533830244166	59.43325933723967	45.9524111356339	30.291068811141415	
219.77416995882515	61.36562253222703	46.310924476967315	29.686610155694282	
219.41735624570623	58.217774250297055	46.89975005139617	29.18315863682107	
218.782402563007	59.3366310673918	46.980754919503056	29.035460175589964	
218.40432071034388	60.424797355500345	47.023037489842395	28.89928205646515	
220.18272268200803	62.522608841988436	47.183891827840405	28.555010106209306	
219.72185674400404	59.15957318624551	45.877693634878675	29.843401650086513	
218.20402455257775	60.40727909047177	46.20236782722525	29.34403674238321	
218.24290427931163	59.7114286169723	46.149270371090694	29.236195929891185	
218.0441125656957	60.80760888975182	46.353150474719826	28.329810959779216	
218.11908122183848	62.0587956221401	46.315302289736465	27.347153996238617	
218.14167992585828	63.23978558189304	46.66266503589644	26.404124872860063	
217.4929004428432	63.86682349283839	46.76832112602637	25.501272907180073	
218.18066951926494	64.11033459187956	46.598460244072164	24.594099028389785	
218.15612620176262	64.48907297691476	46.358202449107	24.151092609061756	
217.12276190254792	65.22969198848786	46.397695301152744	23.85969597557162	
218.25127085873964	65.29232198448523	46.20362203941932	23.770755403318496	
218.99044958344322	65.39326449388024	46.320448320137594	23.88769810302481	
218.3689965523276	65.90424948326566	46.91100908264812	24.501102074258537	
219.5994762551531	65.87412909240857	47.295427837473795	25.345905264896835	
218.3612589943738	66.12352161852871	48.27608606337044	26.24306325827267	
218.3766996791518	65.68056704673111	49.16833729221453	27.40846323038198	
218.34428181213377	65.74579432964183	49.71593214433071	28.44094213337921	
218.026610312206	65.64963256110191	50.11266653057599	28.93461075059631	
217.8250982078094	65.52572023489088	50.32275835714323	29.420380453019504	
217.43004318052775	65.63460197397937	50.24888245599135	29.764333769810168	
216.8372229671218	65.07324845592767	50.13808359275659	30.00594360838094	
217.60690659548777	64.81278547446175	50.06870933128674	30.36530955742252	
217.018626262581	65.7500898832159	49.79584048507638	30.33056678205135	
217.0004872609038	66.01077753227196	49.663477278828395	30.667176145995214	
217.03098359249148	65.76990076603217	49.22113347253132	30.592050336872454	
215.8262707953273	65.79474675950281	48.98577080163142	30.408059831631114	
215.98035304567154	66.52837244190576	48.91028094434031	30.248124770078398	
216.35046844031643	66.50807518826538	48.391336556203115	30.059346075631282	
215.9815166663676	66.81558896954735	48.33621896161799	29.797637353332632	
215.1427608634006	67.39953267017825	48.33507005558147	29.742581425421342	
215.20421310135754	67.55526551322016	48.15573529200846	29.753063701383184	
