49	58	8	25	
47.66651800274849	57.718277472603006	10	24.94163491656844	
47.547977313399315	58.97755879137573	10	24.136011302994554	
47.74806526477212	59.23013336971009	10.140929665663355	23.9065712985475	
48.15661625431699	59.49220253760005	10.316485288406962	23.480138796381453	
49.61300173423754	59.26888018169626	10.014216333189266	23.63236240161212	
49.35172621905804	58.92540707504116	10	23.457434570980823	
49.296808283776045	59.04140121135676	10	23.80233170055223	
49.162072299694984	59.38740133594378	10.014650369632307	23.797854458771063	
50.22457603461133	57.93686332164481	10.062820618915822	23.46590803596825	
51.074437537926975	59.005008737613295	10.060271326922289	23.239643515905673	
50.83136685058477	58.978109752458955	10.055186117887446	22.70535482153768	
50.703889824233535	58.892459826686604	10.02143652035379	22.502319115860026	
46.50606621429324	59.202101100966345	10	21.899831204146118	
46.10223291441798	59.11177598219459	10	21.36958083696476	
45.4497560672462	60.14739579916498	10	21.316229510595377	
45.09299270436168	59.82577389709204	10	21.164858701685077	
44.66173757240176	59.64813107113941	10	20.915264318666786	
44.415188785642385	59.87013492261654	10	20.753865243985533	
45.6849149428308	59.809115108461626	10	20.64061075377176	
45.023596461862326	59.56598388460528	10	20.557479566688315	
44.577848341315985	59.78146042328589	10	20.510286196539546	
44.09852069243789	59.51576112659046	10	20.597038789068286	
43.754556473344564	59.522461368311546	10	20.233653272352413	
44.83457678183913	59.418303632142695	10	20.152108466322126	
44.426819410175085	59.37758197164121	10	20.078462423869315	
43.983687188476324	59.35202945990382	10	20.005977626184254	
43.59174459800124	60.40119731718039	10	19.98406436455775	
43.10343271121383	60.06433920971205	10	19.769584707187608	
44.24944644793868	59.91770278413945	10	19.68484117587699	
43.84128725156188	59.72602464279051	10	19.574658810684767	
43.32876890525222	59.472565656959745	10	19.371871131539876	
43.136816795915365	59.36524496095198	10	19.30835284557306	
42.92444760724902	59.21631345788182	10	19.174368517805323	
42.75032053515315	60.59193609594461	10	19.13449251772649	
42.535267140716314	60.16645230469795	10	19.036099968002407	
42.31648216769099	60.148613880665934	10	19.01659840476149	
42.282930724322796	60.25047330825091	10	18.79470451387643	
42.395242124795914	60.212023622640515	10	18.80148600916356	
42.54131445288658	59.948106695085656	10	18.739656418323737	
40.684340281708764	60.773383224015205	10.788347336801442	17.709082622816624	
41.202214328872	60.54144536328926	10.24012750699751	18.037775635766693	
41.521003261208534	60.831149261817075	10	18.16871984228544	
41.68809972703457	60.726396099867685	10	18.301488747413437	
41.89614546298981	60.57969757075058	10	18.442221546571524	
42.05235384404659	60.3561677350575	10	18.48539951911087	
42.10750315710902	60.07833337978009	10	18.471851978292385	
40.638911586254835	61.38076977293677	10	18.411844800194352	
40.85675270482898	60.960714366302646	10	18.428463742105645	
40.95772248134017	60.20094094658428	10	18.69439365248811	
40.94582688994706	59.532087117209414	10	18.70751623109106	
40.92502690479159	60.31872414708549	10	18.698289984754435	
40.70877837713766	60.26566679471812	10.51140807665968	18.012186540780828	
40.180177405388164	61.65636403626958	11.257725395439056	17.14742316023986	
38.76724665708273	61.92326516614326	11.612046679418699	16.69758297590478	
39.311599387479994	61.31155967633244	10.871871481332832	17.31354907313353	
39.73894799374801	61.15141837704916	10.374638522699222	17.732007949874017	
39.92372009973042	60.71725505624235	10	17.98931527815222	
40.04239773075096	60.68906740123981	10	18.069547287624008	
38.49222655254361	61.31287403558104	10.68011673614492	17.128710542531635	
38.714384456452656	60.98695024310232	10.04099755630135	17.470152038660032	
38.54063864122145	60.77208130206303	10	17.70734085598318	
38.48185788909905	60.585948053955285	10	17.80883394140154	
38.6103920720052	61.78569671262478	10	17.89737587920477	
38.57644942341416	60.45435764818459	10.4214102801113	17.142905656415834	
37.12645964631987	61.21206390926817	10.90845028580744	16.164967885721147	
37.41508110483336	61.629866127943224	11.181983445097302	15.5020153502122	
37.82146736974982	62.65064638589995	10.330873014029757	16.083708418206836	
37.83997464249842	61.85042150825228	10	16.632318106592372	
37.61731131444685	61.4832098710867	10	17.009228459828652	
37.07586540351622	61.16735844673184	10	17.000832915574968	
36.410424128873274	60.53635075034917	10	16.91519444252608	
36.452132359845564	61.624130347905385	10	17.130709666435266	
36.42286138306372	60.565990317489366	10	17.371372938403162	
36.38719491357915	60.332110102127544	10	17.61964026311923	
36.52519385213964	60.51241907947186	10	17.695796830496718	
35.08732430334203	61.580932755790734	10	18.00008393670602	
35.14274211297743	61.27022132782689	10	18.063449842064564	
35.36187955806963	61.04874090612293	10	18.315849599533074	
35.42195183853619	60.55096680149398	10	18.60624541640358	
35.66159907798283	60.411176971946354	10	18.658928044430027	
35.524138995213434	60.02207478947018	10	18.750039211082967	
33.195837782433074	61.95352541519077	10.806068224892378	17.590709756059034	
32.69897342268999	61.92764514225508	11.429149424551667	16.613650025670026	
32.479975367509546	61.95891242711524	11.781315554241141	15.742001953447264	
34.690253888701996	61.15240397647908	10.563231675460989	16.688749969583935	
34.80611303891055	60.74385327768239	10	17.119993397654845	
34.61373965884559	60.27332400927225	10	17.340839296096977	
34.30470745707862	61.04420384588161	10	17.518171515120677	
34.09637208725326	60.242594968173115	10	17.65618407797176	
33.94220731104724	59.872478627322295	10	17.820687508765495	
32.79831427772982	60.56959771211261	10.936596453292557	16.357248108182063	
33.04911240020514	59.947066902690246	10.269697752916654	16.80015023882565	
32.77966833557002	60.96069841199578	10	17.011152019332634	
32.703845736337826	60.68175430470814	10	17.189365173397267	
32.43437656457536	59.937977838321814	10	17.583672838301872	
32.38184856320731	59.149149175041785	10	17.98645848174121	
31.938723017228767	59.90533859473092	10	18.225095186300628	
31.736217339290306	59.15288173910151	10	18.361568627135554	
31.524538700236008	59.917037252003354	10	18.56373994119088	
31.205668453825638	59.14165775585634	10	18.747295101812227	
31.139520545257255	58.29501619171499	10	18.9926602918625	
30.849178065313026	58.971121611369526	10	19.17906038776462	
30.781064350856468	58.20806005768527	10	19.26928888663551	
30.572075103176758	59.34005006586862	10	19.29551744837856	
30.49122489686124	59.07681225932599	10	19.223560162942384	
30.426320959581062	58.59245991141532	10	19.120624844115305	
30.27348515833728	58.18200978827029	10	18.949340093800423	
30.209134173346683	59.69386213944003	10	18.6476955950132	
30.145869073225185	59.66681425579329	10	18.423038230678642	
30.124018179951236	58.477976305336796	10	18.929322358367763	
29.908279451308772	59.7965010865867	10	18.936815489959738	
29.676285090623423	59.0443956192204	10	19.02953479223079	
29.530197295127437	58.63789068738244	10	19.057760219680837	
29.431688445387408	57.6774287904055	10	19.225718801766426	
29.3678628008347	57.82331924315144	10	20.28416656353376	
29.245027567027137	58.216017071856626	10	20.412493480834225	
29.16011723387055	56.64831990948312	10	20.7445571457149	
29.23812651145272	55.75803497195424	10	20.88739761441586	
29.253931603161618	56.31334297102974	10	20.990070042664083	
27.399696907727048	57.55055918053728	10	20.70383976636447	
27.542738727061078	56.9548698895288	10	20.45577392565956	
27.63259299728088	55.90086816256426	10	20.46716039617495	
26.53294852318879	58.294822467538715	11.048947198992897	19.036740180009602	
26.86921856555242	57.33203217993393	10.578349304793555	19.44632918665379	
26.969763539932863	56.58946189103195	10.192464274417219	19.544853772865352	
27.012491981266066	57.760765832867634	10	19.50352638769862	
26.829717467306182	58.687432713484945	10	19.619428642737503	
26.790972771821544	57.66089442202779	10	19.70510539006527	
26.779036663239822	57.00878546839313	10	19.724599181009214	
26.836463391548023	58.12530765915916	10	19.973708930412812	
24.944881617790088	58.26709373284808	10	19.5565307962014	
25.033858209615573	57.99196561722885	10	19.402498187145984	
24.973123863106593	58.01677194583591	10	19.135203779276686	
26.73983211792074	57.23126876863085	10	19.177148935452255	
26.556192606454715	58.54331268120578	10	19.019254786297264	
24.47118827677332	58.81012669345552	10	18.245696176771034	
23.32810596778404	59.97421515812475	10.915533876859172	16.621772205730306	
22.648992973408486	60.659971920526175	11.255185746996084	15.54101964508266	
23.30841543704947	60.84460413726488	11.530920516369395	14.799713330520797	
22.531745595792543	61.339691726616294	11.560590359977905	14.25353669722622	
23.457461937850592	60.986002286467695	11.50993379986236	13.978418064229203	
22.697949799143217	61.49934089849266	11.524382824744155	13.444516429406946	
22.173614763478156	61.82971896619456	11.51002050738714	13.00234557656731	
21.895261963092462	62.401741251642335	11.373760660255847	12.725718221972725	
22.835640803176343	62.20759952608903	11.058145611618848	12.73690916261754	
22.316321938292752	62.03471636480397	10.786043108918374	12.857948271804926	
22.048312030472886	62.94736910414475	10.564004793816995	13.039042663042196	
22.806252351145705	62.727722918164446	10.455211240102576	12.96534926906881	
22.195146410879776	62.69259134790492	10.310362697737098	12.759854232545853	
21.758312172582322	62.585076173362346	10.206033454090463	12.71880919939834	
22.52828072830644	63.6790374534139	10.09824622972718	12.712626684842714	
22.02255982137285	61.96581948579484	10	12.883388973153949	
21.464271008735523	62.22802032348274	10	12.74693217492583	
22.020756482845172	62.11456378143025	10	12.705292210658545	
21.30330115533434	61.89824680656849	10	12.655168770836623	
22.177359640365466	62.791420349396304	10	12.719796483383506	
21.455057322746143	62.453024737948205	10	12.694448567104287	
22.058482885127887	62.241311360207504	10	12.694929137712105	
21.30783313489519	61.26532040607475	10	12.595170399615316	
21.085668101673946	61.41186902206931	10	12.668950008217623	
21.603943779831752	61.21580621313197	10	12.5260232073835	
20.801366939907894	62.64104227565064	10	12.357233907434658	
21.298660978442058	62.44125877753305	10	12.07196463524486	
20.700149580603465	62.23063979431407	10	12.103241508018638	
21.406982347136363	62.926208035847104	10	12.050267089504885	
20.804342850809917	62.46803084477271	10	12.061208678494188	
20.279086097842082	63.7081495414386	10	12.167147680578672	
19.88751085079275	63.67615233644426	10	12.162282669850587	
20.6579496411141	63.55061156955153	10	12.07230889982402	
20.105228915577754	63.32767089796984	10	12.1255183896835	
19.646683528786525	62.604868174695156	10	13.358564344836907	
20.626244908650552	62.29957793541087	10.194722073645972	13.048575641963215	
18.857257082825527	62.308252209762216	10	13.900694351713897	
19.935119107132778	62.7442103308631	10	14.22588149066905	
19.598268791800365	63.33382545219675	10	14.388383034729653	
20.7807760683354	61.5418690786432	10	14.566652557120563	
22.36921125448197	68.20373000572968	10.044039938452096	14.495241455816267	
20.20141927874647	63.49614587721648	10	14.881941580823616	
18.30725996172987	61.89018215617174	10	15.764406971521492	
19.627295538550243	60.52009960578243	10	16.067393698963333	
19.311210229760036	60.70735643002668	10	16.244430140787788	
20.626052540913612	60.20272281090038	10.094606225471171	16.124119503903046	
20.234540685778484	59.81098220903617	10	16.375624484639534	
20.07800054526888	59.262251209876496	10	16.4944456286002	
19.916603475576267	58.343922679892366	10	16.533906896370283	
19.704300448065624	59.11561195778506	10	16.584259267098552	
19.468736439710483	59.489702696088216	10	16.65316520237275	
20.87316670990549	58.4764131831394	10	16.866992815878717	
19.095573097234592	60.157109076811814	10	16.88443551454158	
17.26314142323099	59.76952417849375	10	16.91680203559254	
17.021368205314502	60.820503204551976	10	16.94530686837903	
16.715092092519626	60.43498909140564	10	16.987931109171374	
18.280924945836887	60.14129299796227	10	17.054387760627208	
16.404855996137485	59.948311762667906	10	17.105774131104923	
18.042670756345615	59.23989785251	10	17.14132725125594	
16.071065336233005	59.89804391169924	10	17.165128864757644	
15.742882162099704	59.999820535391805	10	17.221779723941815	
17.271159797674045	59.82878093850968	10	17.264002463572073	
15.090423494344577	60.38142184252547	10	17.395477457145724	
16.436935812002048	60.65193158715018	10	17.516201429982015	
15.912367611890659	60.35400169336423	10	17.573785498864954	
15.358480363851413	59.98653453257621	10	17.7306541866672	
14.993024289375171	59.28362435301119	10	17.757619436582452	
16.515450417762622	60.29678452268965	10	17.775845462963453	
16.235005408292636	59.23882117877918	10	17.786098122387767	
15.833492696052417	59.1492662378342	10	17.80716374055723	
15.471308171516284	58.95336948160864	10	17.85527564933823	
17.01847904897295	58.49525541932697	10	17.86841705200443	
18.690962970023975	59.73977214835197	10	17.88302782193601	
16.774626791244373	58.49464728057777	10	17.924982917896994	
16.34879344678484	59.13707274427495	10	17.979575078080455	
15.956990122562274	59.66820322245312	10	18.01461035966967	
15.556386112933978	59.73074999378868	10	18.056307347084125	
15.153697490459308	59.137603416490094	10	18.085962713862386	
14.863558262353763	58.393374517641746	10	18.113153397873482	
16.165296524530277	59.48767806668476	10	18.233647166105204	
15.759764432674274	58.99671629359274	10	18.26988073607387	
15.446906208759174	58.36329871873863	10	18.304251214647138	
15.049266129499301	59.40988418255316	10	18.329547379532123	
14.589369803434238	59.36751210452811	10	18.34454874422757	
15.844210535055026	58.90757877379001	10	18.37795927376865	
15.44811287499033	59.40065217026181	10	18.407501019376387	
15.033805161481723	58.99521739287805	10	18.439309435513994	
14.681581139331684	58.78468852538792	10	18.480963907163783	
16.044113516574726	59.98859226566141	10	18.512798617550025	
13.972992539172992	59.71562073276506	10	18.533954853394306	
15.255078315502033	59.00677743691314	10	18.581675414977294	
14.829325139289722	58.90718784082365	10	18.641551697782027	
14.407023966079578	58.79301902315151	10	18.700326382395996	
15.741798221832141	58.35072395439519	10	18.75048141458484	
15.30796816921793	58.00172249753196	10	18.79082646660172	
14.818310647970065	59.103439941554186	10	18.830211364629037	
16.18422046280466	58.392213243579654	10	18.88592536829752	
15.644521921640262	57.93367131288761	10	18.933201509497284	
15.023331373697147	58.74612953159622	10	18.995524957410268	
14.495001345640048	58.07766156306889	10	19.028865113138632	
15.803715377813205	58.28047302159892	10	19.064298894639283	
15.329528212314472	59.06271308573946	10	19.133990013840506	
14.854110985761508	58.10452870043042	10	19.17474962498897	
14.524269222980365	57.91919533995248	10	19.23168098007724	
15.765178084140643	58.02305062188282	10	19.27898626628371	
15.24481040216051	58.634491313828605	10	19.367502434882375	
14.746845304733142	58.02663027816835	10	19.405655116859624	
16.08780711865984	58.285684801682045	10	19.473940499039077	
13.854877412086353	58.31344835128276	10	19.497249267182987	
15.173790514236316	57.39573420873017	10	19.550479242389784	
16.468860804801807	58.084991377101694	10	19.607265136626655	
15.953356265788898	57.340750849195224	10	19.64747646759371	
15.31011664844118	58.269699026199284	10	19.769058949645157	
14.835797816282138	57.74613442875701	10	19.861898946607948	
14.405807673698291	56.80984484524433	10	19.888709065896187	
15.712889611488208	57.75641949768081	10	19.98044581124753	
15.10970276570879	56.84263668029869	10	20.028491292012443	
14.690199225908145	56.05358974667115	10	20.078208937610732	
16.05245229578577	57.147961915574804	10	20.127946121409867	
13.746689289575443	57.00017114655211	10	20.158946634808483	
15.192990988260135	56.518757129382486	10	20.19098656938196	
14.70868319249712	57.67751311663735	10	20.22087430648112	
15.965337455039844	58.62909401162915	10	20.263783068369776	
15.522379100089893	57.882544532940855	10	20.296454503087062	
15.132137536769733	56.65071699964797	10	20.345258857850332	
14.698829412227497	57.71472061897448	10	20.37818129906791	
14.325509279733524	58.61725761752204	10	20.408816993020444	
13.88984715915285	58.25507146850124	10	20.450707882942858	
15.18482470489107	57.358205922137465	10	20.481418579437804	
14.630133986240253	58.90446343053783	10	20.52972406587193	
14.309658020501956	57.04020267810697	10	20.576811893060306	
13.881849854951724	58.057679724967684	10	20.623347362327173	
15.212833732133731	57.507674891237826	10	20.67338783346731	
14.723281174665317	56.582399362983516	10	20.725108499999422	
14.259124129777774	56.06063478677327	10	20.788062686942922	
13.977476775413379	57.65097497287495	10	20.81062652402911	
13.664744645124301	57.238449350118245	10	20.838004246116462	
13.327093988424167	57.0559710004696	10	20.862300373361762	
14.706777721410617	58.06494007181484	10	20.906250687015884	
14.240521192317829	55.484445995805046	10	20.93781665123029	
15.584837436443195	56.808131704597336	10	20.96468796855477	
14.909113645320758	56.507095331707106	10	20.99071996955374	
14.426470339065418	55.87774885538782	10	21.01602461748191	
15.834725439315662	57.202028027828106	10	21.043755592593417	
13.540750324493274	56.10272559438012	10	21.064061032456912	
14.819309055572376	55.505469598780465	10	21.097349612096163	
14.395694851642475	56.287446536685415	10	21.11044868714534	
15.768919110065326	55.34649929463956	10	21.124572499392563	
15.239754855399951	56.72430750991511	10	21.150246123162766	
14.696309745078906	56.502135054202725	10	21.174014134343768	
14.339082777267322	56.14970178482836	10	21.24131404702057	
13.87965103960596	57.656286041357	10	21.260268384381376	
15.362355679040775	55.656156948496516	10	21.273897322436937	
14.890853076940402	54.96141564396226	10	21.303531670625933	
14.457060813670978	56.992768610082535	10	21.3436394590885	
14.075407743221149	57.0399892410811	10	21.380162342155735	
13.707262396579608	56.982447622345504	10	21.42554164305008	
15.221329808002338	56.506232138253466	10	21.447246202275718	
14.740937500959262	56.36809080755455	10	21.458410711770405	
14.386686324840412	56.4533504017557	10	21.475891040093636	
14.013093948131427	56.28611394406958	10	21.4948884915987	
13.614032417302951	56.037474746328606	10	21.51393724516628	
15.079776435857639	57.315589755985314	10	21.5218608971175	
14.599660038715228	56.26783425609716	10	21.528358797223397	
14.286623924737796	55.74924571787783	10	21.542690128575398	
13.921648770337924	54.748509693916695	10	21.557378075965136	
15.403425246244296	56.344282625942924	10	21.58469665283065	
14.80277320719324	56.65465170195796	10	21.627470611510724	
14.41588544822298	57.18727848799788	10	21.70419184621646	
