136	11	29	33	
134.66287033830076	9.007104299239955	28.381571192066062	34.06294973339112	
133.7945335211466	9.515506036174578	28.08163446146044	34.29264329454843	
132.92490460944686	9.316425881029598	28.06512863491946	34.62954679754092	
132.3297944480104	10.285902480800807	28.09355703713046	34.7807818628453	
130.590288340202	10.0443607420818	27.862419726151174	35.34849194042961	
129.23843791380773	9.972732945738429	27.68622393816215	35.91334581855298	
128.68799156364597	9.713480339226965	27.596771112744104	35.948026420865766	
128.28972887374715	9.5390165670369	27.518513095820794	35.958178747712786	
126.96997294459264	9.847383382256332	27.763196872998858	36.59606721905767	
125.54457276671032	10.569587522804873	27.87078595938484	36.89716105225655	
124.41664979460823	9.63969401167548	28.074031758249053	37.12970920484828	
123.30793096769904	10.207357110252595	27.882668094852463	36.97921028773861	
121.56261492632473	10.182069572540364	28.107381445911635	36.964694237495976	
120.75905218943696	10.453325058255704	28.090383346383955	37.18956237115639	
119.67605663937877	10.016162774448908	27.961125461209797	37.05127781458633	
118.83543013890545	10.211367186483518	27.992156279882593	37.112498003340214	
118.30813343781409	10.156529403944702	27.886411399480142	37.07194192390662	
117.01412465401441	10.232229308225655	27.927535608848935	37.030693711712075	
117.08720093144933	10.31200799271873	27.642680899819535	37.05474202855604	
116.59730699012917	9.865676385612929	27.55612666705765	36.82282283290894	
116.19067161836273	9.92860653400043	27.522434958655708	36.96369671896856	
114.78127505886303	9.817386819806174	27.769819567446962	37.00958321092233	
113.69645706020546	9.21067966537121	27.809410150791162	36.91052362662667	
112.40136777567156	8.90493305891082	27.923308984293797	36.91756238178759	
111.39722163436157	8.12003894994551	28.178994755797724	36.63331856007588	
109.35483267897102	7.466923525989625	28.00530642283494	36.479682526617104	
108.22990886796461	6.050525069300882	28.151681096773416	36.82097190978219	
105.69600282655932	6.457718918418067	27.94570711162135	36.78093562956616	
104.26443524262278	6.216489610567471	28.18827209669413	36.92253584539934	
101.55029561586743	6.396865748586283	28.440709065048587	36.776576893832235	
100.37966029053098	5.99689015705248	28.36111584891546	36.80379349447568	
98.71481077782892	6.871253612931433	28.243884942678967	36.87132000640857	
98.3776642922273	7.149348826169078	28.1171286813993	36.43602904859363	
95.82098141223364	8.004617719171097	28.07120222031729	36.04048464408984	
95.01239204232964	7.566342165520805	28.193868878979032	36.27973335270878	
92.82787561375389	7.1924160649856965	28.123610735764316	36.08176069225251	
92.12026649118573	7.567875876770369	27.838404905774	36.12197393601944	
91.54959989540878	7.521294922219969	27.850943546432198	36.24694085749535	
91.34529406838199	8.331438498471783	27.767610440401633	36.01843145882168	
89.95503073728116	8.41584784079389	27.558737431048705	35.793054504170094	
88.78387112253574	9.21072285549375	27.60626996887391	35.68474060815508	
87.09687258946393	10.220639586553169	27.45640538836531	35.90390269809923	
85.57245139023846	10.146288981779854	27.372081712063444	35.710795469344774	
84.29572586004409	9.60797595478789	27.584745600134674	36.00175511717407	
83.40177536946811	10.180200415894817	27.79345990335389	36.12808985775624	
82.24064835929941	10.697344380371128	27.784302800415524	36.09093393211096	
81.12283295231092	11.326842101058432	27.824095163007044	36.34486351953731	
80.7913048144106	11.975396509659923	27.472105319117734	36.410915312533305	
80.4737427556628	11.495673212163943	27.42846473572373	36.21460054640313	
80.60190187728591	11.15687492159887	27.49577068614588	35.97836017150911	
80.45564121027364	11.497133136302857	27.275690406172004	35.835098373620454	
80.34743465385903	11.760175744218401	27.20956129030251	36.00492671102728	
81.27713734819788	11.987746774387027	26.953647207929713	35.88243447769351	
81.88442687380352	12.797434215188296	27.10100043439789	35.87925467875546	
81.27231837665683	12.751479977783465	27.054888668544173	35.893776833927824	
81.2610655888476	12.70912685565548	27.134034120379273	35.850907516779564	
80.2100192707459	12.625433046453168	27.111421680365027	35.774194057866	
78.98843501351452	12.753552738888057	27.21963664830374	35.69970540267628	
78.10182348557801	12.900628348410216	27.270207745711197	35.38845861224813	
77.40799740897764	13.437633323799108	27.311364270554996	35.529305643701484	
75.97841659371872	13.173296892596849	27.414158217662177	35.73332833768712	
75.64693432141073	13.399809519797948	27.162393226698512	35.65808581553323	
75.3002480000365	13.116760497132478	27.00369744522208	35.83690449937773	
76.08944826788088	13.028483020638959	26.769050843439896	35.75534484622273	
76.66615648120148	13.203516485778032	26.625173901776407	35.80140993808699	
76.03375690802105	13.245482364639088	26.589859370158774	35.96285846276692	
76.71210324486057	13.377435369040313	26.547402264526298	36.04930137359452	
76.44738782727612	13.400588060041834	26.495617002817134	36.12386291611578	
76.46366324313114	13.506450032165297	26.48362997658292	36.17569679338108	
76.55295636657362	12.757453668600789	26.509401562368183	36.29946628824081	
77.26354369899981	13.317156543554727	26.497782928742918	36.2172124710493	
76.37621090276518	13.080321389799096	26.51246998842102	36.03996787110512	
75.19281648304788	13.025592064421346	26.644842104604294	35.82543212374355	
74.73667105540167	12.925980833520903	26.571573913628242	35.76375465435204	
75.09202526450575	13.10214859300887	26.47318216345369	35.63031187359918	
74.48917802027309	13.569506606882506	26.70350785413992	35.60261420932771	
74.33162219664946	14.089846707756216	26.5833025513044	35.517036034042846	
74.83343195879715	14.476771949921286	26.44734742377187	35.61213609550052	
74.29615165026927	14.1769120294002	26.463980193919078	35.465918767944515	
74.74841942375814	14.853143571774467	26.53533742915264	35.50370374342242	
74.30178653066083	14.854064404727119	26.597519559989884	35.47613208415886	
74.47563035785845	14.817074812661659	26.420602267614193	35.51720477698038	
74.01820409908457	14.548539872146787	26.392236255937554	35.63349766497385	
73.29727252917603	14.569772364225322	26.409946187022037	35.794116032071244	
72.93768348336852	15.2280735172595	26.46574979505169	35.75576990390511	
73.72729042445937	15.011370030192921	26.456809312223026	35.65689667135797	
74.04636852544334	15.089129355849721	26.46654296277888	35.7873721623383	
73.93953203988475	14.62038157909937	26.3645030349264	35.94349576473579	
73.54165170719531	14.236615032082813	26.653920037566465	36.1023549882054	
73.20309357562822	14.464250562810932	26.689803988975058	36.27775846774571	
72.92391333735783	14.26120547424956	26.839047422497483	36.32533233918341	
72.44291559045368	13.87801259684203	27.099024655349993	36.5160917803121	
72.37899243279088	14.305242199334131	27.149028422186014	36.43555072718337	
72.68916635901527	13.955092605458027	27.08522690018918	36.39181937971448	
72.91471278109647	14.395665938558906	26.99180850570902	36.460120941395104	
73.10161191697671	14.196254112383194	26.90062136561663	36.384002773840294	
72.04555974628273	14.698238950009657	27.242064591358222	36.44613643778262	
72.32774174851872	15.01885007138118	27.442376323313553	36.39971562097341	
71.87489442338938	14.357685269502852	27.455884451088416	36.7093153415361	
71.34421241968755	13.964775350309829	27.720543629752896	36.45644222871975	
71.57609406815463	14.404105431327768	27.483739993468046	36.459882648806676	
71.04194506748415	14.509935654781522	27.517607848591673	36.36847909523594	
71.65852464149565	14.731544364040126	27.339113550803667	36.23399189155295	
71.56510356578531	14.354508521253173	27.24756240383681	35.94872463078438	
71.29529936429617	14.56184824290407	26.904111543585728	35.81523826504683	
71.7353363462887	14.168828279098328	26.688637892310464	35.43978834833611	
71.12899913824486	14.18740716530191	26.57768078335846	35.54177565220382	
71.51300411263702	14.292296859188788	26.190891234907564	35.60171163317777	
72.17979902467772	13.70322657762653	26.107302006872608	35.582984968747965	
71.84642233406454	13.620948729294412	25.7388677860558	35.650132214272276	
72.01204220909557	13.855494612804584	25.38824177056689	35.63580412794842	
72.28978828997346	13.552120395337688	25.224520746525485	35.416479989220406	
72.17601188144316	13.447996134238245	24.99987917090497	35.57069189041495	
72.1639660070965	13.485312143817694	24.99507672240251	35.667728832900224	
72.22419575634208	13.471048771729418	25.121329029374174	35.92242341982256	
72.68683729679513	13.022702266679172	25.13264532228552	35.956144528029434	
72.12342068388176	12.677048597007403	24.90743885332621	36.1455600159478	
71.91420009587134	12.858888610752139	24.869333186295144	35.74402036234396	
71.45862136044015	12.502601668735018	24.84022911436042	35.15378155087497	
71.45751585897393	12.288164541203152	24.503672380142667	34.84013827502058	
71.131448513553	12.169998172322291	24.326651029839212	34.28406290407106	
72.56538018444446	12.56834975301049	24.205432184974004	33.96668369608478	
73.01065285719024	12.41040835391766	24.069801600072054	33.85548136286366	
72.7623777992253	12.256636487287196	23.97943735547868	33.566030636495526	
72.80239556322525	12.20445835808924	23.920138292709396	33.05714188451546	
73.79710527248592	12.361282696922252	23.71697411462841	32.681681063076596	
73.44683342245419	11.74586499076445	23.27476349836191	32.50342309541784	
73.14642849478928	12.204817225212427	23.11332179777211	32.05725458080655	
73.672788358839	11.782312659433085	23.11997854786786	31.615909885842406	
73.52833242242575	12.030371896004894	23.094980174798962	31.253331312882466	
73.84831240305247	11.741651579389679	23.039937639654834	31.23477431456306	
74.31237072327382	12.130043177524264	22.76513541085231	31.437721247535833	
73.93584800086947	11.828831100227529	22.888726600556925	31.40298098820032	
74.2472206893405	11.27077408260741	22.926000800164417	31.20383175210877	
74.15295542002582	11.70739066757613	23.094299065528055	30.992903221987614	
74.0488080881439	11.025390032137375	23.126799962316483	30.888732419500865	
73.91961284233685	11.027166875182425	23.051574733658512	30.815321836414267	
74.26378164309841	10.711659351509212	22.902000834051123	30.90147860691667	
74.49883968973397	10.529085464824831	22.858490799854412	31.21700890352409	
74.43949137731393	10.071751991447448	22.861097872053584	31.2730008472271	
74.73235737024105	10.499249531827335	22.803664919841175	31.107999624804727	
73.89874698081198	9.986125979089906	22.898965661429713	31.113346480798384	
73.91094656350968	10.288874942336133	22.966954425593055	30.880881392412086	
73.98481198051441	10.589757556368156	22.93333000828588	30.69407073726407	
74.16770177059385	10.405164258610558	22.953030086969065	30.545103546120025	
73.53821286631675	10.02352091189565	22.851395383888438	30.70370207197782	
73.41139410649981	10.610294463246007	22.939251465171655	30.469198073925696	
73.95239685876945	10.146358303704186	22.70148108283621	30.37610481683746	
73.95468620344766	10.326974171660476	22.614514037151757	30.130365253464117	
73.80125001620246	10.66385647656897	22.782336047147858	30.00037745381635	
73.23290858065232	10.685625848004962	22.77155321237653	30.00712703053207	
73.3820853504894	11.097318466110265	22.819681264165467	30.145608649942805	
73.74940886001808	10.565336279102425	22.58323376760339	30.549247198744098	
72.87343665916984	10.518343179138313	22.635594042827393	30.41465109097598	
73.46652762107703	10.648674700166683	22.698331129175354	30.36669285643915	
74.04408573230181	10.673844102943601	22.790314544711038	30.312045140310552	
73.64146902490977	10.289871836890024	22.98342047660404	30.39131218266017	
73.60082634141276	10.0591140217352	22.74222036686581	30.325689579785003	
73.51441996758152	9.093888830170862	22.914563862759614	30.395634143593	
72.17921367414107	9.134675785994975	23.103757157953517	29.99231805493519	
72.01529129043477	8.7200393346096	23.114552213423433	29.971373436515297	
71.67904066513132	8.54491103372589	23.1677014213553	29.568164147398317	
71.31357456969131	8.21530275265399	23.16736753090218	29.446269588364444	
71.23414731928584	7.928492357243368	23.430292449296104	29.077125083680166	
71.43991749910481	8.253467346277024	23.32170363418139	28.770237744849304	
71.52289979983765	8.267653117265812	23.167016424291006	28.86748384110205	
71.45463427980732	8.104286310642989	23.201264880638114	28.665003191385356	
71.38648622633396	7.920706150981019	23.090442007892396	28.567626396804343	
72.53338155067256	7.49141798929163	22.79637038291971	28.482760256308303	
71.20799373972245	7.048433765624274	22.77618557848936	28.16929919161909	
70.87302675880521	6.949987925980022	22.600248211016286	27.830027838852693	
70.74984729221963	7.0845564518797985	22.577849324058064	27.36639697175029	
70.27577497923828	7.126150041679878	22.209273464333513	27.19195485003101	
70.79286616613133	6.873744342166967	21.753689709054786	27.024819902297036	
70.85629303226521	6.915860902253694	21.302720223613186	26.691027036931054	
70.30122133068953	6.927411326783535	20.979222193048745	26.406034226773656	
70.16830525650099	6.704647975958665	20.62585673438541	26.40074069102525	
70.16385188477074	6.5029466772688735	20.283636598392274	26.49449435737837	
71.90159266583639	6.490805101691425	20.04450366525876	26.28717393080023	
63.89070026188652	21.18001104640082	21.226465703993462	24.802255693725186	
65.56076850631072	23.106977213222958	22.3314357214927	24.38808762132664	
67.11595487816795	22.240641126654722	23.213499863611975	24.14327473377128	
68.87068697061261	22.87310788248512	23.700423160412143	24.535541320148205	
70.45949249242862	21.225124141875206	24.12025116745454	24.917081520942006	
71.93968506515559	21.26712218516858	24.678893970380138	25.417731838144775	
73.2853052199438	20.831454292112277	25.064150500327035	26.050613580392177	
72.39720689854904	20.374780607845313	25.096055718365257	26.374631944638388	
71.6969716479459	20.235125215956785	25.165180780614335	26.410788455978345	
71.26170976344378	20.147888005809854	25.285775479145855	26.6248046758473	
71.13419885801918	20.803647757238796	25.06944915333161	26.796930373718787	
69.97675497625075	21.353233987087247	25.044544665281567	26.955692007497227	
66.94906263491583	22.54626572338742	25.18983699413058	26.653828201873807	
66.05880420983308	23.151929797623147	25.235527160297977	26.610215006824898	
64.34890490815283	23.260741547177535	25.12069379611394	26.778317065520234	
63.29728534039197	24.168969795256157	24.92963380596426	26.462400825863234	
62.022672258633904	24.633944168639275	24.952710696561695	26.610385748187273	
61.66389168000204	24.964566209077642	24.7664440673798	26.431383536283313	
61.646934520409694	24.714565972967627	24.492929490137346	26.504641037559892	
61.357245467599505	24.688143749442464	24.390969047097446	26.30699782920899	
60.93506183239885	24.84216151319867	24.3618239898277	26.25156708427791	
60.72420541140542	24.930812957012726	24.16972897477796	26.402443496481183	
60.42700375062771	23.63102057050529	24.35327378440864	26.09907392951498	
59.539215242893526	24.06515360183583	24.596198064166867	26.493911828798478	
58.759234838943286	25.233069264349922	24.72661859553994	26.419506714173732	
58.19657692159447	25.763842577021606	24.623762247200773	26.367128952126873	
68.73963681947541	8.029753834425236	23.689894648704524	27.92827823907743	
69.72004388832322	7.077391605016889	23.20377571669738	28.116338622042683	
70.65897912951066	6.3721850107298685	22.716858894333793	28.147213870591393	
70.0055281217148	6.054162903459071	22.549943084608127	27.96136320102349	
70.24497880226204	6.003133819897794	22.42855315449242	27.68588542892943	
70.26498113903254	6.198152962186972	22.578798117720716	27.467905965075563	
70.01893539843479	6.735115012647	22.797234422753505	27.513003875912403	
70.27856398121098	7.262877535701076	22.989290683695707	27.561224051895927	
69.87475628880009	7.527003574141965	23.466191693736853	27.766690251038014	
69.83471361938055	7.972525570841942	23.75569832452328	27.937555814026915	
70.0244653174243	8.23467594784207	24.02233210637995	28.12489059002162	
70.25274305848112	8.47705741248317	24.03253353435202	28.33694327067137	
70.46526189212796	7.759901158210086	23.94196816568047	28.956754672478493	
69.76126582540378	7.71533117287885	24.25296399175576	29.238111099077397	
69.595726730998	8.395484316162122	24.346169848232805	29.58693617256487	
69.68495934598934	8.457759538966904	24.579270786319974	30.048370553043256	
70.31707107878378	8.787943236956473	24.59312444628041	30.603240297719637	
69.82747451451162	8.92557674655519	24.900120411719705	31.20949879503221	
69.62266420673032	9.274342614816337	25.352242584900686	31.743767853111358	
69.47267506559459	9.734834705134901	25.801119826332013	32.72579618658861	
70.07894557274777	10.078968990319531	25.805043927572818	33.29092412729723	
70.54025480323773	10.277456543340861	26.025781432207218	33.44364838734725	
69.67083385567959	10.105314676057365	26.498942895003875	33.78199426668919	
69.66773793037797	10.465242982284813	26.77112291670771	33.91036807577741	
69.01955955406548	10.347897399765852	27.131482660055354	34.17566139420598	
68.53271953719519	10.99140172307079	27.42988546067215	34.257281011069615	
68.83501650815191	11.161197614882358	27.545794074129034	34.24233587919132	
69.04247307897745	11.573100438752281	27.306244249609975	34.31371564242789	
68.44731523744967	11.943019086956731	27.376879885630313	34.55279147439499	
68.14047063064773	12.326000824236218	27.450052901552766	34.32957609344106	
68.85194438847398	12.505587653684216	27.307238156438594	34.261558339076544	
67.68091726155232	12.586075302286659	27.50948733177542	34.52109279748308	
68.36770512236917	13.830136144773402	27.23880245925519	34.3560945675572	
68.15328441575589	14.013974662261052	27.231855330449513	34.409587648052785	
68.00092080224567	14.322042860469928	26.96266713550721	34.36902749741979	
67.00108120811514	13.559642720707771	26.98261977080503	34.45253036502547	
66.62240529716007	13.99210258757098	27.051675274660962	34.229591696572335	
65.99247384036902	14.522564685340178	27.26969048240202	34.3288492618219	
65.22022253277021	14.378079761303514	27.15945705557693	34.72564343545675	
65.84563151449832	14.848534964110293	26.935738582286405	34.45419648552023	
65.90432158879663	14.818653073067495	26.758889758284994	34.43357601315026	
66.49132147571385	15.078719367533164	26.468758857569917	34.285151102060105	
66.28695381436229	14.812326607694708	26.487461203407257	34.51096790296985	
66.36912394472498	14.81507726213971	26.59346132573471	34.55707609904778	
66.29221151106421	15.500939616846392	26.597345612926624	34.5631523311017	
66.44131306433752	15.712845002433099	26.620989676971377	34.91239848427139	
66.54666316527792	15.876233255537201	26.741686621077115	35.01037242533644	
67.4036912865675	15.579920576489151	26.650057722820186	34.823323372612535	
66.94733395769899	16.038609501079762	26.544823633875964	34.83346496408225	
67.6733094930485	16.99780827586074	26.326536956601924	34.760558346984894	
68.41377834741083	16.593667570062838	26.4083488721296	34.583192914670484	
67.82743454024367	17.169626763131525	26.458359279470816	34.490710372954496	
67.4521426157365	16.858369985847908	26.569232523340638	34.49449677994254	
68.11843323155799	16.803482081052294	26.57059322819059	34.33807323917671	
67.71731001937044	17.314359629891868	26.646221899059974	34.40744136480231	
67.42886701088331	17.0295757162933	26.477458161033177	34.28195764113427	
67.88815170392259	16.927123482413013	26.397821169936012	34.29132847566273	
67.00337462230618	16.56402859589873	26.32408941493304	34.462990369930004	
66.71763438077234	16.79991252879629	26.236953176370633	34.418703529592264	
67.41368521365888	16.76965231086856	26.296152608467416	34.300466402214354	
65.69241357065928	17.015562715137406	26.44083312629341	34.375132548365684	
66.2710482307918	16.755515079163104	26.286519481153487	34.49460956517589	
64.47134559002424	16.607891827968647	26.182896799050283	34.60079938795837	
63.68968895806531	17.27431383983324	26.260568345057397	34.59572023296545	
62.40384593719554	17.824506210702406	26.434550262346256	34.52157369427582	
60.69643345491919	17.31326721366974	26.666525819702905	34.40897135081674	
58.175960266468564	17.558094566928432	26.409880033518228	34.66531109296116	
56.94963759213154	18.048876695361717	26.51805988803639	34.36958815803978	
55.26730640455044	18.17116184618991	26.952208165984835	34.11811918313212	
53.89567690034388	18.328462604034428	27.155424774037854	34.10586613217049	
52.704988859982336	18.898545792834724	27.0868158274477	33.949352405879864	
51.02268422954563	18.8434844472858	26.916708243762407	34.15336236647463	
50.301303310464185	18.93963686546801	26.889687967896364	34.06131132817778	
49.813508480702104	19.778964945125715	27.15825263590823	33.44892540106299	
48.33652029545445	19.25803254135222	27.296545403116802	33.412839015754145	
47.61106491972936	19.682505865981	27.234042129260267	33.27301168641236	
46.313209981896904	19.28321328667669	27.123346126858163	33.513148470749584	
45.846155202236915	18.452718307087295	26.97154226645464	33.65935874300058	
44.75003629012711	18.40486798176557	26.892395374640294	33.64706486701935	
44.847840010418224	18.541678649033244	26.78644214873828	33.58535097886843	
45.03012792020488	19.20805899686709	26.730432512016748	33.40547595863104	
46.25360076023064	19.274353462185314	26.677080858530786	33.28200854285141	
46.636739097443794	19.946388881927355	26.59880170407442	33.164380755659195	
48.28940668362178	20.191900781704206	26.687926732981886	32.90591256902721	
48.77459700304214	19.68746782863726	26.90712593861595	33.04948789298108	
49.89267226575567	19.122494793080786	26.804507698879192	33.20556660731683	
51.13052236045987	19.02817790632905	26.77979198746762	33.10475310303596	
52.71433819853124	19.146304180872292	26.8626028162077	32.79386560706675	
53.58509024575577	18.922573361260163	26.787416899935504	32.74123640881237	
54.57012625063954	18.64346990049345	26.60587607436445	32.580943848667786	
55.32814894249617	18.318649320131808	26.677485162048587	32.32510235958791	
56.37910992834928	18.28145488990709	26.567313311459003	32.30196868560732	
57.47015041110809	18.225356040332663	26.512243168237536	32.24710779768189	
58.703708389697994	18.18259993819995	26.511613903486307	32.05914444438163	
58.67311525838183	18.72797054823505	26.632439023960124	31.888630990348418	
58.78929772995562	17.37436702198719	26.49457795290909	31.357437106717423	
59.44593607373222	17.750376793167625	26.567026048299606	31.255841448748345	
60.85630324085204	17.352614839189954	26.656085806238316	31.463227253218573	
61.60764240867736	17.348136790822252	26.609964625243137	31.37374000571856	
62.97708655441082	17.14903282729083	26.699115741506315	31.227435303272433	
62.91042787469934	17.224425729185608	26.757549058785465	31.169543509728676	
63.387407619516814	17.34553089940938	26.745053099214132	30.91087491683627	
64.44681875498709	17.568370394077117	26.79884349535731	30.48342571939535	
63.045553828302396	16.518711676276933	27.231000814928493	29.91573761605529	
63.424610579618815	18.00470919895251	27.22714189183972	29.968732414072665	
64.79055760833171	17.62283947510872	27.050403350084693	30.044285454671012	
65.34542723601552	17.31259333931723	26.93326167467312	30.035304993710042	
65.53390192620364	17.311965629724167	27.00975787787884	29.794859391105668	
64.99231325649774	17.33960170206192	27.020890963941326	29.806277430606126	
65.11656681897514	17.725665871141004	27.02267995486175	29.830283087504117	
65.28517887472321	18.252467486077812	27.202642485058718	29.658619626421697	
66.25982929705171	18.143563280475902	27.103602374959856	29.67748962317106	
66.35438704635729	18.888082089711496	27.137599504212584	29.63887691429154	
67.57239862021169	19.126060114620966	27.115632657620715	29.480940522799706	
66.92635219460743	19.10244623966129	26.969638164659617	29.65116047535864	
67.94886000437073	19.220740750144838	27.008343229184543	29.511445304021898	
68.45691738580231	18.5183714942975	26.948716777612102	28.947316990612812	
70.37963362230315	18.976285254716	26.8561062269127	29.088878133067745	
71.83876536035713	17.989399009432308	26.449684047954367	29.28830296070941	
72.45757909693594	17.629980743324513	26.272139964078963	29.18574397652943	
72.82055886816795	17.545812690486596	26.20885633876354	29.08921876671645	
73.93103189652253	16.99084898241963	26.224756729045367	29.056480915859716	
74.11368812027492	15.361956524839165	26.14012264319487	29.05248843005019	
75.48011435075951	16.08326636258718	26.099045027348975	29.019651283431415	
76.54790869266412	15.289764850406943	25.964081000216996	29.09537889713973	
75.84044246107189	14.111169153607666	25.847758337402006	28.76919874685401	
77.55105631571702	14.46934371707033	25.402634649184144	28.792881219927153	
78.99085117465714	14.659119348993931	25.24006448925678	28.528799039269916	
78.81845231346352	14.137004541397879	25.23343623608288	27.685780972844285	
79.10300796346908	14.871742868576039	25.27101540247572	27.697844998419605	
79.47881332483865	15.17308024816655	24.977233290872043	27.825161854057157	
80.0367544129119	15.049240329436927	24.78490803859181	27.90026320769644	
79.77992336993724	16.451981874012745	25.015696136389597	27.46565476187061	
79.32188629271553	16.865185436271336	25.23924955318499	27.29601613815833	
79.10175839100474	17.74059984010649	25.442976244744415	27.2652404072321	
79.04865900791842	18.743292851013877	25.83643110275017	27.183610508006442	
78.89058867024194	19.808056261593542	25.91186415712476	27.176833969134705	
78.64174984687091	20.92982069268786	26.11917393234394	26.834196887799344	
77.28270397045695	20.772950532007762	25.912613823981058	27.181475584209366	
77.38913674835983	22.00287923085304	26.063251575279395	27.149999152705334	
77.12395794062147	21.15730980391738	25.907822883898078	26.990647078880425	
77.12262560473143	22.56192689632437	25.72255324643398	27.08130164795744	
77.86737474295396	22.953992531832686	25.480916236125108	27.286510920687753	
76.86570231321811	23.476100686542026	25.240804493500235	27.54998094015701	
77.45041825198665	24.172891841849705	25.17923163142794	27.48585460125949	
77.4169075356411	25.068472497269852	25.348072385632218	27.310230457014654	
76.76249303271625	23.929037832994464	26.819853054618395	25.468538185833985	
77.00281927196937	25.332494357329953	26.25286523746001	25.55233668310722	
77.77722828795564	26.07355791476629	25.73155820612072	25.739611571522815	
77.75275783181402	24.1422083791327	26.64144654853776	24.274511322569047	
77.58021328095728	25.946076905781137	26.10117290591988	24.328679796387043	
77.35217048196503	26.42103787587397	25.27289130019193	24.295259616684167	
77.6373098362929	27.05468276152375	24.82576192692057	24.095665105432516	
76.58627918999318	27.325890511743467	24.527597341758174	24.22040761261485	
78.99018811714025	28.321142651694274	25.480211730811195	23.11793332529365	
77.77441152794759	30.766738104389376	25.496341277528426	23.45433965653675	
76.7702019570152	30.10991834639968	25.361913119817387	23.73983695869472	
76.64671423602836	30.00291820445114	24.668733592098853	23.732760813701578	
76.25283856909792	30.206597258765452	24.27734364292445	23.567770568728044	
76.36050661106427	30.822686457495458	23.805142564227413	23.387314459399747	
76.83442325039834	30.920111030082474	23.260085050024603	23.42884814138846	
76.85916952495992	31.2383597211774	22.878078840708937	23.30455761163467	
76.97333782190013	31.311330637577573	22.467737973890763	23.30494135215948	
76.66692341107645	31.622917029510624	22.371355863283313	23.12649169756584	
77.66252242314533	31.974365961290474	22.656162630405333	22.92945255335505	
77.07495323556448	31.81781014226633	22.403391512120685	22.896652479948937	
75.97125791445792	31.84423540178704	22.341093071234447	22.45363281723077	
75.05555040027423	32.06678017205765	22.55603561692054	22.13463036110212	
74.61668488920866	32.571695638889395	22.6089198349097	21.895408567834743	
74.42978656598699	32.4185134266786	22.398601929808855	21.858308677318746	
