1.5	72.5	18	29	
3.12746221894181	71.56265164430822	18.36153350126433	29.043318966708874	
4.947942588357062	71.46144312976978	18.67515306944066	28.84392341257768	
7.052434347919494	71.91889264700973	19.755372717277467	28.742047408855683	
8.775225636493047	71.78050598736148	20.909718519189198	28.294267143099695	
14.480606152814588	71.40451523083591	20.588372083103735	27.95050345027162	
16.257641944991576	71.14022517084098	20.390022926117926	27.65408775450754	
19.121638282343	71.38087809722367	20.844180615337194	26.851415442610925	
21.54979934006351	71.56078496569553	21.32421275557244	26.2449691743819	
23.24808279179804	70.81002816777175	21.35341303540722	26.364489238048677	
28.175587631341294	71.02155252534779	21.0331523873876	26.629983186947662	
30.56742682028862	70.53901758863768	20.694039305666045	26.911607845142683	
32.756171315601094	70.57772588785976	20.921214640755203	26.876272472361933	
37.069986400611164	70.09509632791364	20.79151976584005	27.044028061275025	
39.95596843794992	70.24413006065336	20.738365295807306	27.346443000027584	
42.213611665637686	69.70380556645947	20.720984094795792	27.851680787891993	
44.15271275029666	68.6493275869608	20.99534025219905	28.25984479189516	
46.292086208019306	68.69287276715383	21.02184922664632	28.073945032798342	
48.58268233623877	69.17385397410445	21.224898169700808	27.897050713627486	
49.837698643205805	69.53403572980375	21.87104236126295	27.5102617058891	
50.92129637126328	69.70139060800264	22.17995450249907	27.48346635555248	
55.16998877850379	69.50190804843056	21.82203311270066	27.67540880776548	
57.18867705469383	69.73501757614886	21.895100629229297	27.858066717374797	
60.255334429860156	69.18180105729704	21.99052418684952	28.019054277115956	
61.934388961647244	68.85673622328807	22.11051494627339	28.191139137223004	
65.85239076888818	69.07843049691525	21.851324075932133	28.32530350458807	
70.12537586210956	68.83677904932341	21.310092697167597	28.499102933880877	
71.61208869009835	67.73246508913829	21.02911851824081	28.512285316683986	
73.3790023045457	67.3272852000179	21.224132117288	28.210914757781815	
75.46532321627002	67.41887408658805	21.26611088404932	27.85816212788339	
77.74668462036946	67.15242549123813	21.042097907088223	28.102905282776554	
80.30998338494945	66.76761631622375	20.99873945644998	28.141191688339674	
82.31308910471911	66.35955271357376	21.269547040805914	27.814854732720484	
84.73282437156075	66.19205823280595	21.554557231457363	27.565822304771686	
86.57054932394438	65.9204385459185	21.975351185027513	27.273058494228042	
88.43884793909828	65.29339644131456	22.147522608589334	27.17611151923948	
90.24038613708711	65.40859687889971	22.225988609157056	27.040574997606722	
92.9396033533123	64.90931742570581	21.960231254953797	27.045885024085017	
95.26973419699695	64.85066621908216	21.79922331743189	27.095081195808103	
97.7771612411506	65.31181302655492	21.457264660643137	26.84979722298675	
100.3494746015682	65.48986311423745	21.181272163745923	26.513592224956216	
103.27551851423596	66.26032286944178	21.080161377747572	26.050629987077166	
105.9481611709068	65.82369114190999	20.883588222609	25.905736436830708	
107.32125947719993	66.4277207912281	20.743925852652755	25.841883900508336	
109.7804623616092	66.60227626781578	20.317696616579575	25.894810776493646	
112.53389760314256	66.35357314441647	19.971347163938873	25.8441368173749	
114.02252466163019	65.65892731585309	19.755293236554078	25.819670435027167	
115.73789782781473	65.25087754516613	19.729416937449137	25.86766506555056	
117.56827527792845	65.69832219231527	19.61518036302738	25.60463757716812	
119.55415956366998	65.76586460391059	19.693191206674914	25.359534172825523	
121.76405100544603	65.39438188452698	19.652189641787363	24.98286474487826	
123.63527652008833	65.15862306394266	19.60964901480078	24.58779790623812	
125.92272834178252	65.18719899593688	19.71956840760624	24.156728999040595	
128.19810870801558	65.17969395306223	19.48005740811129	23.974852262208593	
129.48465187832363	65.2886102560368	19.28937014967903	23.816500181812668	
130.84015893930356	64.72327068833322	19.15121960651557	23.787373900158997	
132.7293177577488	64.46449899770917	19.283972554875955	23.696076160210335	
134.47712248729167	64.6008622342483	19.213741895228697	23.518133432838155	
136.83012786373948	65.11299467641375	19.11397046118072	23.26644255601841	
138.48899193509007	64.93964417583916	19.093153558103573	23.234463298178248	
140.08067471438216	64.6802143008027	19.14515529764558	23.105164438384072	
142.79265767363555	64.5311328708864	18.996854662341928	22.907978248648494	
144.5436284305096	64.65840761625097	18.762299108219057	22.945083642734566	
145.6228906693544	64.26566148789587	18.66226490686615	23.195049921833228	
147.21147975598714	63.85438851069644	18.58660298039633	23.088882554546295	
148.4936478904383	63.817474103594236	18.703613843223145	22.83171199436105	
150.49144324211468	64.01329603700488	18.740234443581322	22.453102905255584	
152.99729424631627	63.98759982770217	18.692216040372195	22.203701407873986	
154.5400577176157	63.496904740634484	18.671351077448644	21.954369154641185	
156.29262823271898	64.2065187415592	18.490740410324996	21.854399365834993	
158.05825271462447	63.36294899830832	18.465487912196963	21.97010399687561	
159.65837752026795	63.335595780799125	18.381417767157593	21.900582662221122	
161.28193796769685	63.138772354824205	18.371384598892778	21.796416378785455	
162.98544531879105	62.817825929571256	18.26673782234829	21.790491379178434	
164.5868847538112	62.611323465830736	18.11127706983123	21.85049247694184	
165.40294296660778	62.53167534206486	18.059060432140875	21.8379422154938	
167.5379145789535	63.12279010923875	17.984810223501697	21.544362800450664	
169.20684239127291	63.56429431162739	17.853136125046916	21.609485778138747	
169.9358621413321	62.48940357961196	17.883570993977656	21.566003949856995	
172.01056809561345	62.50547516910095	17.92895803179558	21.437121456382492	
173.76710008871032	62.30155974301024	18.011409058342924	21.549710475830764	
175.91059785352078	62.14431250503993	17.77350057629886	21.620647439011222	
176.95303513969282	62.952534254421295	17.651012373660038	21.56552388749123	
178.51496107079515	62.93222893440081	17.63848601385097	21.852743365971172	
179.72061829786753	62.69706201209778	17.483992953672907	21.990330317409743	
181.0341182045912	62.568684075137085	17.459665001874075	22.209671636824602	
182.19939260396868	62.060849181648756	17.581579829980726	22.327826842120952	
183.8601212322726	61.8379588827171	17.534841334816953	22.32205120443243	
184.97286772769382	61.607658696418945	17.630206345683536	22.340162072214593	
185.96594127849718	61.32552418587912	17.587800327221935	22.398600805360907	
187.42081475726297	61.047941905150424	17.595237245727958	22.47061405017553	
188.89290154138965	61.57389753687392	17.45123433749353	22.50834054307619	
190.2071765236128	60.91623253558427	17.609149779465096	22.482983032304055	
191.62617268810808	61.32560735752584	17.600299067295815	22.143165500876272	
193.01832850421079	61.47870216389044	17.727426377045962	22.032980114950856	
193.9807241519564	61.51359487679567	17.670319684292195	22.31225081382759	
195.37072786281476	60.98381052974171	17.59344441513279	22.46777845607089	
196.7944065676711	60.62401455665393	17.49757187633075	22.815324885278663	
198.1967065758736	59.87600959917074	17.41879120921468	23.190914344312425	
199.53967557356057	60.02481974154905	17.277543822819066	23.501714252751153	
200.61920602623582	59.87426218822387	17.16689881674526	23.672623772848908	
201.6840404308461	59.918141444694136	17.208396904344795	23.65940891482704	
202.9854155119614	59.67553431821978	17.22199977708732	23.631482966207148	
203.7910585060132	60.377760749419764	17.323635527608303	23.23467177689526	
205.40523788671405	60.81822040792231	17.31375592270076	23.115600134736813	
206.544689455835	60.8213874983166	17.4361522610824	23.149021730472782	
207.80588604012038	60.40371680363499	17.494463781537505	23.298872153992782	
208.59743017956723	60.80817662173337	17.58038709550879	23.07188309555102	
210.18836171858558	61.249090252028225	17.713797779221373	22.989952194404957	
210.90383796345617	60.76004633936576	17.90550080038256	23.304076105812356	
211.90739221900648	60.22992661748134	18.099440901876584	23.621229688375145	
212.9032059667117	60.087143443950175	18.104862738131153	23.815331858663438	
213.92151400061476	59.85235504246847	18.03358072813298	24.20403978415636	
215.2944766889514	59.96497660954777	17.86750697880954	24.315714884822896	
215.82504606888548	59.72410927936025	17.714824484867755	24.46857629828975	
217.14180141730853	59.90650986208371	17.80294340762006	24.28567958290177	
217.53746791371427	59.44768409429339	17.669243779009154	24.62302941645984	
218.70467253563126	59.48440148602768	17.610757548862317	24.522976092704248	
219.8205639895567	59.54430082783772	17.55522748296089	24.476900501759374	
220.30840674013982	59.254314041584365	17.649936378576545	24.390430309102662	
221.95024019563743	59.63867490977907	17.939236043203874	24.11176037868631	
222.75537842531097	58.9531873808991	18.30128323993898	24.13443140316683	
223.58562030473232	58.56598277466215	18.598293978395464	23.822837908159347	
224.42858150208443	58.57976939267785	18.777604051342607	23.536705534545167	
224.84677094806187	58.6725723388701	19.003610360841908	23.243296185675398	
225.14575613592174	58.703661569746174	19.26817355445811	23.131882938783694	
225.44063232755164	58.59486078824392	19.593988390455664	23.066954045006813	
226.58717765975499	59.08592346996622	19.627674707402726	23.0148142047861	
227.92878502820273	58.2149254846632	19.50121932795963	23.34547029635619	
229.20961592974228	58.41974463211167	19.054821940621498	23.619730331194038	
