8.5	186.5	169	87	
14.286315614276788	187.78883952119375	169.41118587197133	86.82017194790791	
25.93784807496182	186.01950481596043	167.5726766909577	85.93055337543387	
32.480216939223965	187.1073086504602	165.231614194367	84.4939801207257	
44.88576606405387	185.94828069000613	161.14841168140154	82.78178120078302	
56.23385382264949	186.1059219373985	156.68799780666635	80.67095086301885	
63.37253367329831	186.08119704951702	152.89619661519538	78.92289680977944	
74.60973629738442	186.48095813432826	148.62722425886886	76.96005791347241	
80.4984246672935	186.61299562248553	144.11925955976113	75.15099943095517	
91.19263975866662	186.7251068980524	139.8521138618782	73.32483589032708	
96.60232063286762	187.28718766470652	135.77635105146447	71.88252034982241	
105.41311546967916	187.40349906419186	131.36861044552938	69.87459633281892	
110.46608867963367	187.69028278780533	127.77833289463891	68.34277818416449	
119.1272099737238	188.2079965378562	123.76048216742058	66.65319703902418	
127.1850692860747	188.35217977598415	119.59412629754056	64.7681581470349	
132.73725371021544	188.42456708780162	116.12628641807008	63.28805983203186	
140.0949157752605	188.9385513103922	112.74073046882715	61.55684145551528	
144.87023544089956	189.8459424048438	110.31645536865864	59.898725277230284	
152.30478198515686	189.6838976132527	107.5858758452075	58.34998589999377	
155.74371408808656	190.6702225867493	105.86077595972168	57.00681291747428	
162.73296714641336	190.17431708362315	103.2924451665544	55.50474412865212	
169.37877014925553	190.90056454748145	100.69522945780608	53.978066727812475	
173.26091421022278	191.66396251203298	98.02991174907962	52.766404936578255	
178.4265388344202	190.8270041379169	95.37053750068475	51.840020657512454	
182.3595070042915	190.97074969510265	93.3137604398118	50.83595880816326	
187.61582300213428	191.0156942976904	91.31208616202173	49.79429691316843	
191.97185774216587	190.8915071057046	89.4838105128301	48.82652494723311	
195.23613017864812	190.430685773766	87.51996528967638	48.071583009708014	
199.2657572832285	190.09501413586463	86.07046611973074	47.31396286273549	
202.08995241171442	190.32827748983135	84.59956323611092	46.58717315884368	
206.4111691000989	190.07302918827784	82.76527013720452	45.75568203287814	
208.86093576835736	190.45415485611846	81.5488272490671	44.938339453959664	
212.63963830111075	190.22001943629007	79.77452231173417	44.27784983657755	
215.74572125617271	190.19133270250364	78.70311110131728	43.652721511242675	
218.9172614745465	190.19941881294542	77.47818042195497	42.921339985072734	
222.71155959423606	190.5741385765172	76.03458940871111	42.345485589693595	
224.61427365654276	191.1166379079179	74.3730058885899	41.72212621197981	
227.55257153428303	190.9810398708466	72.9240663068154	41.10291102837854	
229.6122905279166	190.45138933536197	71.82560891609064	40.470353926931125	
231.61751413257474	190.91838317681888	70.27306842979684	39.665337060748755	
234.68467655437024	191.34511283304442	68.58596915688452	39.06130232505698	
236.95341006752844	191.7781558255133	67.02650491720446	38.38028102844419	
239.4088585752483	191.26321304162374	65.59469883079615	37.762869809914996	
241.0214694211306	191.51604812293527	64.17543791345322	37.12321748064402	
242.5927080334505	191.0627461943348	63.04280928347899	36.51939731993878	
244.01945578978246	191.43814929191498	62.224888922258486	36.08595656252447	
246.47223974381853	191.51127099993883	61.18226823975701	35.473743613748596	
249.13979937301667	191.25639772660134	59.9131132033151	34.903872779327706	
251.50819362146555	191.20274737207234	58.938249926906835	34.359132053144	
253.5168059129793	191.71963973845845	57.78343302820551	33.92729766779533	
254.81684094631768	191.9636077329372	57.31005287241743	33.39339216279896	
255.8159282817804	192.09063974335325	56.87940180016295	32.9382522304449	
256.46008727742515	192.09800363606988	56.82857291314441	32.56864795656447	
256.8681384686839	192.5876323205675	56.76800857698686	32.21691168522926	
257.3329809007589	192.9650005856851	57.024453640472125	31.746708923886406	
257.6684377724303	192.84341441836077	57.506274772808325	31.464591365384706	
257.88973899795377	192.95063332832768	58.09093429418878	31.218640070569215	
258.07524824097084	192.94825824233305	58.81923884244105	30.942938140135787	
257.86323030389366	193.1087303369056	59.785766271809344	30.716457917777493	
257.86575303314396	193.05957498122376	60.43371020082101	30.36714156157531	
258.00987158995144	192.94845240319884	61.08568176068315	30.104190574236373	
258.19936096394275	192.43383922308257	61.5392470414596	29.892915292241735	
258.4026209615077	192.35331470103338	62.12308432610723	29.591429670278707	
263.1795737632168	192.7100976459549	61.40564741928328	29.12157568412696	
267.43073714517095	192.92696483421634	59.033305511026775	28.768391397082638	
268.55107090516884	193.1932985094339	57.67551855953535	28.30494388920063	
273.5764633086024	193.50067187093842	55.2117980188731	27.826738532768733	
275.18708612283024	193.4124965200355	53.45539244492937	27.507791325791636	
276.5677855902898	193.26644566772555	52.064253867867016	27.24458415198974	
278.3480959172655	193.1045586905246	50.476257873453946	26.944398565070806	
279.6201205985571	193.1305621621507	49.55558356904492	26.589609861126025	
281.67157932881673	193.75124484668524	48.856335465825346	26.264968518260105	
283.095872499282	193.7697507576251	48.099617048631444	25.977679236758952	
284.97478328219916	193.74473266525774	46.946055927438216	25.629338300998832	
287.1279907844781	193.28751313407142	45.89867174181956	25.26370133645499	
288.5650784210572	193.60533048085796	44.55885663902575	24.98785193145423	
290.2517890274399	193.7401571380065	43.47850478890079	24.679113176819456	
292.48026511155405	193.48650764779325	42.4236605746977	24.31094426078449	
293.7737321609911	193.41622188989126	41.33633785353971	24.009105396940242	
294.9660921872097	193.57989214249963	40.517209851654776	23.760771623233676	
296.54670227509706	193.42451274093867	39.49062941587032	23.547144914480423	
298.66524462830535	193.5710524670321	38.51017107702275	23.36643002265922	
299.18347651201015	193.69741978407205	37.73583414281355	23.19627113445995	
300.4533363301407	193.93779550211843	37.06891449911376	22.922494770989516	
301.1088704221551	194.0910076120703	36.626176197706734	22.675498553771025	
301.93941171406874	193.80824494639666	36.10568297030191	22.384286986696107	
302.860655471249	193.48126821353864	35.6616944679348	22.151155253056082	
303.7007042016833	193.51992340779603	35.23522216156138	21.81274883406757	
304.3281866450219	194.13081676471742	35.02753901698023	21.794504114319636	
305.4509652019963	193.47342889600498	34.80943604083351	21.727848152945377	
306.003746840546	193.6128107068888	34.63679202757381	21.576574336399283	
306.37124679589294	193.88173948621792	34.417567499398686	21.54093740838681	
306.68579943113974	193.45578797893216	34.143593437801805	21.270633496612504	
307.0822370217124	193.50274600995476	33.9417605368536	21.278816674393518	
308.53616040235397	193.52830758363723	33.40113846886883	21.162712059006715	
308.90291172554697	193.26309749123396	33.01173027772491	20.954800270260552	
309.794687053177	193.41832148803906	32.708618808561184	20.983023990717815	
310.2857051493619	193.7489630473404	32.424674659591176	20.790556079596485	
311.4099806903751	193.51202846741958	32.15858765265318	20.765543482178764	
312.0232194846609	193.67148216960317	32.02551841025778	20.58072308902966	
312.53501350233483	193.85573333161264	31.58747424583583	20.362235746638206	
313.7831823022575	193.11362369503323	31.216165494638545	20.218386215056128	
315.16735902964695	193.062257111806	30.406577188976193	20.760011507593955	
316.1507109426563	193.030848909889	29.82996227878227	21.172047084620957	
316.38954811386225	192.77274149980124	29.59407766477354	21.428922631820488	
317.9513342302369	192.71178796918394	29.0671364821341	21.457937143123093	
318.34545701543703	192.48613621140544	28.67532378832071	21.432506080070674	
318.90264581751217	192.66082742085382	28.329978543293663	21.36982474435716	
319.48715205965647	192.3346203172396	28.202696224486647	21.290331524274656	
320.0397520857949	192.5519804216119	28.028213998099385	21.23600175098734	
320.81335571126834	192.46801702722036	27.838281994726348	21.285691230612567	
321.1174238724474	192.49934242561815	27.74763737063334	21.226091276604997	
321.84367430098945	191.9625303113366	27.850768508750292	21.205574856326287	
322.6226615670541	192.29461424902166	27.822334992246034	21.10633306881241	
323.1178665021143	192.77040296049205	27.976517168863317	20.96410047400048	
323.3641715598353	192.3974672101436	28.015702137897698	20.880102227535524	
323.71977217807694	192.7621802115739	27.85276695461423	20.698998425450053	
323.9211039812176	192.70281902418319	27.7662671862426	20.576215162466564	
324.264565372904	192.6675341910311	27.797556172927585	20.365963207352735	
324.5175006402254	192.9069058163158	27.713213679647396	20.212393424181034	
325.4639647995001	192.03704003698363	27.4392046144474	20.12348249531945	
326.16720273874427	192.24292855396624	27.159558836972252	20.046994760842296	
326.76484852865576	191.97463758201107	27.09940338462119	20.039260830176048	
327.1991436056097	192.3977627225008	26.910454060276393	19.979127983698238	
327.61306211376575	191.91808667276734	26.596019029132833	20.04795223873612	
328.1245532926753	191.74129236366312	26.337972224387606	20.04797415076398	
328.6015330344861	191.54346203415253	26.13857195964945	20.01814383440523	
329.503265148129	191.70348276388216	25.82412867600538	19.94004506376868	
330.24570959141914	191.37183292660936	25.55363459724056	19.957697570154853	
330.5123165695933	192.2623842236604	25.155056670493444	19.638507965669138	
331.3011559093661	192.2587697361674	24.741707281337714	19.456766672882438	
331.9814556085089	192.42048163683637	24.383472041682584	19.32733058380861	
332.4295038995904	192.5460881689844	24.228654286710032	19.110753033533474	
332.75610315313725	192.2658977089169	24.145694489066038	18.994761604406236	
333.274677402772	192.63164580173972	23.98808297614756	18.913597690813315	
333.75400457400235	192.8545385527112	23.838512453076177	18.711869635588595	
333.624105227493	193.25112552270866	23.755071868493737	18.508957631781406	
334.23891685305233	192.94075331626482	23.700596389210354	18.422119570914226	
334.3073997663461	192.8697109352771	23.67183835466646	18.175794599117353	
335.0579980049576	192.9254046406294	23.597224690706444	18.01502185684165	
335.64725957351584	192.94464253421455	23.449905658013396	17.82759485213922	
335.83965967730194	193.4875826728101	23.37104497580713	17.560298480644974	
336.1306257889062	193.679768633871	23.134304261130204	17.32845801845079	
337.0997918891654	193.21941900085585	22.852808808734988	17.217026327831288	
337.17700377821933	193.22820399311	22.83895556688288	17.099895054370148	
337.4038034373784	193.20192347121596	22.90850895757207	17.072615847844908	
337.5903195714677	193.53950615987586	23.29618669038522	16.378286966282264	
337.89780718104066	194.04024979254535	23.55527549950242	15.914216755119606	
338.22349873460064	194.45493556876198	23.67020499156455	15.591028588535327	
338.514051730514	194.37314818075157	23.79277480626022	15.355757006495315	
338.92708817670507	194.29097041066237	23.831990231081534	15.07556659220786	
339.36265556088574	194.53595424080143	23.836602547337876	14.879073755166175	
339.4902230467779	194.78599768562222	23.664727344337628	14.690164149050094	
339.6205714808158	194.67910423410683	23.678838316847525	14.522467109810576	
340.08290054137075	194.38130397796323	23.771098378110683	14.35332310191038	
340.295486315965	194.21869186116572	23.58312400454416	14.221794707417418	
340.49541880420384	194.29349874913305	23.476848918069713	14.198799123082637	
340.4957371273051	194.6656725432122	23.434616779355146	14.140617344555675	
340.2342732968353	195.28568293326825	23.439304524923802	13.99429029765891	
340.5335207972338	195.25241259985597	23.421529948778932	13.937425284423046	
340.8466170781357	193.05776480811443	23.598022290119978	14.007021103654449	
341.1447446620528	192.70021834204726	23.585824274556995	13.921202370826018	
341.59303734641765	193.5867383119886	23.70164716235812	13.8533118430985	
342.131589999553	194.28271240573113	23.907812811173123	13.80885885386321	
342.66207230839154	196.26103555851333	23.68371171125733	13.75959742073535	
343.36920486429347	196.24390754551408	23.407428133457664	13.802310144421375	
343.9504931027426	195.6936788823392	23.301223822239322	13.694060734206456	
344.17142878513994	195.05017482208976	23.05290465347043	13.553617840186616	
343.73819679479027	194.61837594580035	23.0006457065995	13.473088629150027	
343.7008870654795	194.73129675056083	23.006686787854974	13.440568307261081	
343.47581684868965	194.83697811178683	23.03097003511724	13.379404208347069	
343.3684886753935	194.11520520128553	23.19492922268741	13.313900613761284	
343.3741247725988	193.82608687607478	23.418293603260423	13.235945259502168	
345.3231277106832	194.19125709461795	23.26356670734669	13.18269832827519	
345.4070554840626	194.44711623315686	23.1379024797556	13.118390634693498	
347.62797179128256	196.4483538542815	22.783962397664258	12.97341761450534	
347.7431804855933	196.66233023620376	22.458402272011764	12.905481822487392	
348.05276086142356	196.4325833201103	22.376553074306372	12.821290278030174	
348.51452141218175	195.93413976760922	21.904187337303394	12.672401945677281	
349.8803460815795	194.99941563275627	20.784060077021984	13.140533811040559	
350.50324950270686	194.0982796987115	19.784361617707546	13.402158053206929	
350.28173778078786	194.4548755406498	19.578534799380517	13.035643016993436	
350.17017356645994	194.7533824595255	19.571575307012974	12.665857761147377	
350.99544211298695	194.4609576612727	19.50914973377246	12.346429913767233	
351.517009360592	194.63674671397393	19.347274262705607	12.154828797395561	
351.9193873824695	196.11585610630848	19.474969765142802	11.873382607178357	
352.30579472249923	196.206573053209	19.332950206276234	11.723150396362149	
352.65205081108246	196.12430474877294	19.27853144103216	11.577328898144298	
353.44379324390815	195.86718602343845	18.93171027453097	11.475153589986041	
353.36951396116183	195.86257061614214	18.791418651768208	11.350353675046442	
353.8927565453929	195.50085805287662	18.532538828555246	11.237801485674751	
354.1529544647595	195.46988391447331	18.294342223592437	11.149140015906022	
354.2481446580654	195.2190945123533	18.034436095939874	11.064400208047317	
355.0678048956056	195.17908193649347	17.227459318407423	11.428633299868627	
355.28116971170203	195.41084143277106	17.24915894289223	11.180617448597443	
355.899194532282	195.582857987662	17.153458689854773	10.932185793192701	
356.04899747959774	195.80906519718943	16.973685914436984	10.754352776678125	
356.15532890909003	196.2407834097575	16.90154720439342	10.651462380155975	
356.71120867459837	196.3260262200975	16.70344551744341	10.561249806565552	
357.178600682043	196.00363118113842	16.179556432916755	10.848515787517927	
357.3907278221097	196.1560713907906	16.12127008214666	10.629843748972355	
357.8574222402049	196.02386716149098	16.09341032777761	10.492615785891111	
358.62170069934837	195.36732030125873	15.654580095968406	10.740633632027015	
358.7819432959126	195.18041028450676	15.334922357452566	10.971795133865157	
358.8040790796241	195.67092281004997	15.695839588933978	10.747734170265032	
359.2648082216262	195.29014351671097	15.429647768686298	11.01915035190991	
359.94453941402895	195.26120938275238	15.353128513420284	11.314433873943113	
360.0883268816016	194.98314661368576	15.242123069899865	11.500244664981263	
360.3609431672416	194.68881118948576	15.190752352696247	11.643438415154737	
360.7511265155604	194.26419240528065	15.225204336345097	11.683238887445988	
361.13399564919825	194.1371839821502	15.335799246159006	11.756017976500946	
361.5481775835961	193.87293832864432	15.47468971801193	11.780912977665514	
360.56785767527725	195.47508165289273	15.960052826046775	11.352819232687406	
360.8374134426043	195.28265568478938	16.28185200506526	10.97656688317709	
361.7563202450451	195.31904748903727	16.481859693060827	10.837115665764559	
362.06972093577065	195.30795121038628	16.542810200838687	10.752219202754695	
362.36753926208905	194.92180056081898	16.257271749238228	11.145765439070795	
362.54410436615484	194.613425765044	16.060153837783286	11.3966056330186	
362.90131306530844	194.17797983723912	15.890600378761455	11.668067762027762	
363.1118886162387	194.04694743189896	15.892056013322485	11.721006144938446	
363.3490690965401	193.91012507896696	15.920737214184294	11.819895337134376	
363.6667410256264	193.75831867263858	15.901998816655592	11.933936039018992	
363.4417162284963	193.73689893774352	15.985050453686071	12.019778687942033	
363.5620988035416	193.7305499002321	15.99962421083737	12.100679310693943	
363.6397006387955	193.75518442778562	15.964828822013484	12.187511888897188	
363.9674298233169	193.85443944982026	16.005999798387744	12.244516704981077	
364.2791172823952	193.99561613926048	16.003406719125003	12.30743845994888	
364.236199740437	193.95738558998286	16.530904800048763	11.85659860463903	
364.43973958511555	194.22838874640965	17.013955094116742	11.562282060457449	
364.63417733273593	194.33676425182674	17.500796761961972	11.321903403355858	
364.93840236002313	194.34249164935812	17.895307389302893	11.136523595943032	
363.9424793071691	194.61027295056735	18.009136665520266	11.048720025773978	
364.6673209015506	194.38937205993952	18.161170591205707	10.948911327674798	
365.01824476027144	194.6209935140329	18.41633296411523	10.936259596236312	
363.9565269808851	194.4542905774478	18.48811799874853	10.853772302149174	
364.2594798005538	194.7319112758422	18.602253276807684	10.85158947002335	
364.61502701289237	194.60855750368393	18.824996623546255	10.741587355240341	
364.32987678913196	194.7829899230236	19.094649573889864	10.78703311016602	
364.6125573645592	194.77700715006827	19.11633099314956	10.738221062672594	
364.8196922230195	194.8368183213171	19.060846249850364	10.729884317260863	
365.14666922087304	194.90543171379858	19.041462793140894	10.685549568139905	
365.055904427194	194.90630507998128	18.970398594974643	10.700733093676014	
365.02792341436	194.8895338032178	18.977201082641812	10.713769607941169	
365.0611843643155	194.84661630513958	18.9178112761529	10.710287744256279	
365.1549308933821	194.79218346950057	18.944117411521244	10.724110851559404	
365.2256544133581	194.66455477478797	18.892508988119154	10.69397252932426	
365.21003581754724	194.558611755749	18.77287339786815	10.635194709942146	
365.5112967631783	194.65016294884217	18.620055498019127	10.615529392218226	
366.0218938837813	194.59025639181436	18.508790591930474	10.630908552511771	
366.0828634188781	194.6419402434483	18.49229081214115	10.629609154259443	
366.1375855372158	194.62082360391648	18.442680265989914	10.659908163172142	
366.20991574834625	194.56267989579868	18.408045629592404	10.660607555149095	
366.6389946424871	194.3194033727528	18.32145995434785	10.61552406511953	
366.5755514306479	194.14359890978417	18.33230409186854	10.523261343937257	
366.71607536023305	194.3805130792036	18.407430940110977	10.556336474660883	
366.7926082212697	194.25560999544894	18.252674536828817	10.504517748028068	
366.9677179961819	194.18628318207152	18.166376009419633	10.456741844400772	
367.0844836657295	194.46085682686012	18.132974238901188	10.47285019676084	
366.88027342300137	194.58211075036087	18.2212243814353	10.459440327039939	
366.9801818586114	194.53030374242167	18.172216693932018	10.437919770531584	
365.68468480261964	194.58497942836422	18.056029590629223	10.412229083172438	
366.0464786499823	194.6884981295172	18.083574384154634	10.439686963039659	
365.11305379597826	194.87349665939377	18.043525593627553	10.41434777143342	
365.33676763809086	194.87236371340356	18.085215740394148	10.401419675776104	
365.43872221435123	193.3933021872472	18.09760205370032	10.390915513657042	
365.68812343234663	193.6418279175675	18.115064056338692	10.38273681951118	
348.1116733890829	196.62793097097742	18.037464875288038	11.189098980513638	
347.17263681467153	195.79538016479017	18.123567651910815	11.87759118403265	
346.7855904706473	195.5072080651278	18.46224677074727	12.485043954573882	
346.7178873037287	195.18384667191313	18.660897700708183	12.939403449024402	
347.17779745183435	194.72889031704878	18.86374412107253	13.264810004692745	
347.4868598092496	194.56326296874317	19.050759543914467	13.563861894980146	
347.45017102151735	194.77936207094044	19.331570819940417	13.787833581943055	
347.6248690092568	194.44474015832856	19.46141529174423	14.01809027127967	
348.1660602473783	194.35305629214997	19.5750021586867	14.264447655793681	
348.7994683034426	194.173736845259	19.670166127162673	14.37050158553869	
348.8814769076013	194.22271018166708	19.700589194275988	14.386043974316536	
348.6270721390329	194.52446129682735	19.74397905153264	14.374372414829551	
349.5952622626503	194.0581721862002	19.732426022353593	14.478121109182606	
350.02952247649347	194.17674220721048	19.88137655051596	14.471014896970328	
349.8339759060355	194.8697572861673	20.602950565016606	13.942743439904296	
350.23032445473785	195.0591359801697	21.07708605771503	13.63563911996511	
348.94587065635835	195.51929546715155	21.316845123513993	13.443455195344532	
350.3937232358715	195.03403720618758	20.90473962726847	13.83678626528811	
349.38929066273477	194.8889831007667	20.62907174970769	14.142000951110546	
350.2318530379182	194.99234574725477	20.29633061292727	14.30044303751367	
350.6789179919529	193.23915335070973	19.996974712655017	14.458471106818388	
362.2523484333758	195.7860497021516	19.99665923996558	15.020924589237396	
362.3106282733094	195.7301648948327	20.19383534319841	15.509559382221777	
360.5841755214675	195.96966423338242	20.437531881580764	15.669030818399776	
358.50146810279654	195.81422056675396	20.62828632234677	15.827120899716933	
358.2843401467549	195.97351452371927	20.918087710509024	15.924131467679869	
357.6166816664426	196.06739040823675	21.16994064468247	15.98200121594553	
356.8718735238233	196.2141871001206	21.72517163023851	15.539375969561256	
356.24244736112615	196.47716935834478	21.86037173586039	15.09956057195358	
356.041185699948	196.77801454479584	21.700726698460297	14.735303260055147	
354.5870634407221	196.8478546687014	20.81873164438704	14.890817042052108	
354.71617404383164	196.6577707471093	20.028066974365636	14.86226504757071	
354.55570419932724	196.54002849411714	19.51231456857153	14.872414596313021	
353.9249923643925	196.64247832073164	19.246796104537548	14.875829153260497	
353.1304589204781	196.86489349995364	19.07008111294137	14.836735300801763	
351.32385112202326	197.15059048769461	19.16534641344901	14.759657009161508	
351.05888292147944	197.38205059007726	19.32546570662074	14.641159174591625	
349.77103689448205	197.85931311620178	20.056514644618197	14.220005153626897	
348.48549160023424	197.94496866901724	20.602867875020607	13.817727122374952	
347.42589782316594	198.18171221983482	20.934773796733765	13.471587698685871	
344.86146879701624	198.17748512394417	21.255557374698483	13.338618054116763	
344.3617989591391	198.12867645415486	21.40966337163507	13.296851973347195	
343.70385548895865	198.19203325519572	21.48836614508762	13.24042928693346	
343.4704568120358	198.4236622363401	21.253403445298684	13.129097621594088	
343.5203550361366	198.58385886851104	20.997125537360215	12.89767326007853	
342.6891284330118	198.52407271245437	20.491955700549592	12.69011012850442	
342.88889987018234	198.8147481866626	20.08163645265074	12.723456398029251	
342.67028828256633	198.37470744905565	19.473701718489455	13.050085321878298	
342.33985066845975	198.8118445433293	19.45199760815208	12.760320923274648	
339.74480871811295	198.92649509879124	19.30614543935717	12.498093129967994	
339.5863023363684	199.12196318774917	18.76480953522462	12.834654768137923	
339.2729083025732	198.86193230896745	18.627878938168827	12.956889377263847	
339.0624173141038	199.14757565051815	18.723347194595295	13.043738108286014	
338.447966581791	199.47491494246754	19.162789251891393	12.659181039184421	
337.65858579205815	199.41916865773732	19.650419859448427	12.478139644726156	
334.57578994787565	199.02160711140561	19.08830988384245	12.959469793435094	
333.13524792711326	198.91910224025773	18.734468655286697	13.32125451854091	
333.08212279463635	198.89207719466424	18.379452074775802	13.572602793765112	
331.45519892652345	198.7234383622781	17.99101255666808	13.783223494116129	
331.52229114597526	198.59582598008512	17.60144668260868	13.931176080567434	
331.50134084098227	198.3676814742649	17.139035492591617	13.915095302130599	
329.8303825088807	198.33828341624874	16.799515618098408	14.00713846806089	
329.4826204750595	198.24284773707464	16.52734939672029	14.084948599504672	
329.1733466927993	198.30908836239328	16.407314826993826	14.090562325411804	
328.80728136825843	198.30093961730557	16.22498767807143	14.13148954073051	
