153.5	161.5	38	101	
153.82616794395625	160.20424285187542	38.64967798614144	102.98628012032867	
155.63345620355545	164.0708857247924	39.411130004693305	104.2296226780226	
158.01862479050433	164.42049131604927	40.79606388410973	104.59080518657171	
160.95402280948997	161.9133813840327	42.64225545600175	103.99141192194276	
164.16915202150474	161.9852654094302	44.31117057780963	103.44643070204982	
167.94548359307126	163.10782363518626	46.2582814138636	102.26763574273288	
171.79381655762046	164.9944678660406	47.145886915734415	102.458248562381	
176.0138300166932	164.52788454453054	47.16915688784775	102.43599453250764	
188.71621027046953	163.96275893282944	45.107082079757944	103.1050436708916	
193.26143203292716	162.69582310873423	43.38689307144424	103.15250398599795	
203.8839411569774	160.9868204075428	42.09519246555571	102.69141073458748	
207.11601484144987	162.2875534895507	41.672688239310936	102.47166725924663	
210.37136820377617	162.54809123441515	42.21419566031875	101.42507382899645	
213.8116179269927	163.80905047251858	44.08601364247456	99.38582393141434	
217.97907165934254	165.13605945570364	46.40823641916891	96.82537354502888	
222.2574852966733	165.76183365605374	48.1355268431768	94.19893588975864	
227.43764334055015	166.96323789178675	48.08253325755939	93.77028749348035	
239.30649909564812	166.82878093886694	47.29160290581071	94.42983298563317	
252.27426407704712	164.67974512494422	46.719714681904314	95.19086032675074	
258.7511392823126	164.00935683884296	46.191847564525276	95.33688396735842	
262.20020268325095	163.70104124545026	44.875519792952474	96.432710897943	
265.8560643068828	161.2438764821586	44.11543419522485	98.09435845393001	
269.9743869722771	158.09476332700712	44.96818438750756	99.22454878019371	
273.3806267906268	157.7693299372126	46.843920006545396	99.50385579086755	
282.55914005449057	156.02110497736675	48.63049203533653	99.73039585185563	
287.2097165430043	156.2698787316889	48.64604762306739	99.75270014699097	
292.4651513402409	156.6776544013877	47.199443279753844	100.13598382289022	
299.44670324180095	156.19033727995975	44.48232355408731	102.35086889162811	
312.0112359378385	156.0425865830863	42.47896388100634	103.28136640153636	
316.84767722752076	157.37964794071536	41.94040537543333	103.19371858175552	
321.98313939377607	158.5531871415045	42.14354682356231	102.3995089040466	
327.4425456157326	157.43265275236325	42.9069424408675	101.32232797987547	
332.859682161852	158.1178201474077	45.158073744685936	98.87122388932572	
338.7473160709476	158.21472134752793	47.35350237577453	96.78162638219752	
345.30339008154425	157.9999481779128	48.55229605074813	95.35820855860118	
351.36234086402794	157.36762222980803	48.22161734802442	95.29335846830716	
357.5956493592857	156.15419613928674	46.59411359298261	97.25370121774914	
364.6980494423795	155.60866516515202	44.510626521887765	98.52687381834612	
370.52385493913164	153.58708491654724	42.63735109967257	100.28137831923307	
376.1548922373078	151.4796644565438	41.37266057467028	102.11927803516892	
381.7107769695472	149.80962650069552	40.92076316524519	102.37224128168907	
388.9299995749904	148.57754711252906	41.32446768885581	101.32544114803359	
395.00017277174373	145.86047273357542	41.68472497119152	101.11858772774869	
401.085086838064	146.0910971513271	41.49402567613636	100.77437407257564	
405.09738681596957	150.01711830319837	40.963862938037664	100.50484271701424	
408.3781335809687	152.05828063818447	40.34920063438821	100.03948572511212	
412.6094041846259	152.6946236214467	39.78096894779539	99.07899699679449	
424.37283266835504	152.77893551188046	38.005054210561596	99.72924238945376	
429.1047399140902	151.22072917698682	36.553884486852525	99.64038357677336	
434.4318384563471	149.77486787606006	36.303903215021805	99.10526635013568	
438.28492698389937	149.31780785008505	37.119284921514044	98.13781820865009	
441.7657236995378	149.7952922875829	38.00483037192057	96.82848610080333	
445.0247156378426	149.62921036962953	38.81222539011682	95.35976819327897	
448.0560335643756	148.73352499134168	39.324732874300594	94.49478356884269	
450.34438173276226	149.49130236717625	39.25489440953648	94.59931059951458	
453.67446823985944	150.72609827708214	38.93112190422278	94.46925282396855	
455.1261273532857	151.37524498488264	38.7677023590108	94.55798238047446	
457.03522509345373	147.77818015822152	38.25580704194381	94.98792803568881	
459.1416092932758	146.53726191361542	38.0008695482141	95.29105621000537	
461.3882111968963	146.25289932121382	37.7202178115907	96.00168849071771	
464.3685809153354	145.62894528167118	37.48031644462832	95.98048684385083	
466.8292341967962	145.2594066681576	37.45365175792728	95.84658168810365	
470.4241270760601	145.5620954864649	37.20292478006978	95.322286239082	
472.4947968127575	147.94358961772417	37.219588636905705	94.39264386660864	
474.4589573886856	148.15301473114448	37.4425636238129	93.30205394231164	
477.5677470786541	149.3238225117646	37.19490487909924	92.59026754939114	
479.2343921634476	148.6327616978034	36.743367200509645	91.35444732092927	
479.64647879848724	149.98617360304303	36.79490876893511	90.82325622567521	
480.73413337875104	149.47758640524955	36.76051500223689	90.76367330944117	
481.8499961324284	149.00183120225103	36.3726548894745	90.64504609546603	
482.7743968518317	148.74642128021182	35.67224767769572	90.03521648256657	
483.4493711097461	148.79688369404613	34.96102986665129	89.49298822291017	
484.1932631688044	149.22559340972418	34.44791919852788	88.7569231107093	
484.5089156999558	150.42007012373	34.303175225979054	88.40768711853445	
485.1012516746647	149.9928737356883	34.094446245883525	87.75665134199028	
486.14523277968357	150.27925233166079	33.83390212475877	86.99591853478233	
485.76547554278704	149.47685256663118	33.75081935238171	86.58957008891994	
485.6962634756968	148.9401148658069	33.29825473133607	86.20104881603085	
486.6176493076533	148.9226454305827	33.01094244757296	85.8958799475075	
487.9198916005662	147.86134253464792	32.4727499092478	85.96174927010829	
488.20162221575265	148.61836566505127	31.836146977355433	85.92919517105236	
488.9530762459966	148.15376903010613	31.405292826169195	85.12967659745203	
490.54281659318667	148.7117518267287	31.18263071241653	84.75640067333916	
490.3063574114825	150.414349429288	30.83434465192041	84.07331907753448	
490.21182324285894	151.62235405053093	30.604894535331113	82.92681962737652	
491.33982028780986	149.85768609459438	30.555038341013457	82.2395551211588	
491.66289576992625	149.95640433543113	30.091942181582514	82.56997510863967	
491.7518726381666	149.2009572932242	29.91409400346526	82.38315975186849	
491.54170826189744	149.1058361855057	29.621054757403584	81.67066595913826	
492.4888085239088	149.30094523511198	29.294312386151894	80.77555497424073	
492.593672031042	150.56552162463083	29.15836146799105	79.80205028365823	
492.72309901202584	150.07482434527145	28.66445042027089	79.13607641128567	
492.0487801214748	150.3904032766936	28.59967408069886	78.71151103375	
492.10497973671653	150.46615283823706	28.101205820645756	78.25066982434791	
491.80853586454947	150.22668825307886	27.73057560109359	78.11933797161977	
490.7690219024614	150.30025469995255	27.218583179581827	78.61541465447914	
491.6821820235001	148.52297417645738	26.912203790623405	78.50840944399268	
490.74604845726196	150.30965286341825	26.877570755634455	78.20721164648695	
491.988757591157	148.4532841572393	26.650253474325076	77.83987904007651	
491.3920709726967	148.57781276867937	26.592757913943498	77.13341800836425	
490.65938280649	149.80055827620876	27.144222009666375	76.29086445325113	
489.9952354613698	151.52371886494407	27.92928634512075	74.94508987421493	
490.119397398445	152.1559852963868	28.515565363369156	73.55620571848092	
488.26878242414733	152.24823325738532	28.907780514753846	72.55404874950204	
486.75658722540544	151.68256153536484	28.89156584403092	72.36962347482353	
486.4387914568192	151.04757188174267	28.696231201317453	72.5089062469574	
485.00364296078993	150.6720216511521	28.544485203645163	72.69939397000606	
484.0325936538302	149.53188785017096	28.34102546032595	72.35406099556756	
482.40802684246216	150.61911091242476	28.26802601879197	71.57714220813426	
481.3201828881298	151.60172882736367	28.07070615310365	70.83215591190967	
480.82307485568975	151.3028529144603	27.808865432400196	70.2201679334486	
479.81325730793134	152.4751798068688	27.459401149331235	69.86344671145963	
478.7771317525016	153.68597647781706	27.30048899686979	69.30049785503671	
478.6086711900294	152.84749537365158	27.099572974101523	69.31729213085731	
477.28130313046245	151.81656200139858	27.314176952122132	69.48210062684342	
476.0148891330324	151.97819892860042	27.77123075417218	69.6461734812143	
474.14119487643194	152.67601269138783	28.27356597605227	69.10708013866486	
472.32418996724124	153.2494233499021	28.799812027191283	68.63443384566895	
470.13899744507177	153.31012156564194	29.255430044629	67.94425883972254	
467.7497513418825	154.95921633972245	29.030774172089124	67.21733284327354	
465.7203779520197	155.11372310036072	28.676419278688435	66.18060830009684	
462.92650651780536	155.0661227785211	28.16472491033123	65.19838334467786	
460.43491093855823	155.45212412887233	27.793374767098175	64.19579025579657	
458.18309739413894	155.69631514390363	27.662355440226264	63.51918943842145	
455.8865301116626	156.55066140721402	27.51582068221149	63.18222223261672	
454.121558715486	156.52004124415637	27.314608317475432	62.63161706541534	
451.8936706153512	156.7385846261391	27.199630943373727	62.22389882309558	
449.4808011379789	156.55045518936433	26.886093393601627	61.88155998651253	
447.57609713345073	157.2669218409793	26.325965002816712	61.30276756100622	
445.3562353880558	157.0331737890828	25.961398675796534	61.470201246815236	
443.14294709448495	156.34896846709088	25.944118069945002	61.46981160832074	
440.5241733939377	157.38761500113273	26.140012791596188	61.023962159965166	
437.91942161508194	157.43367441864476	26.73946185635725	60.61570204738944	
435.6806512102349	156.94361048506155	27.318109548146666	60.5761210427144	
433.2852073053834	157.69352484618514	27.975818646912245	60.18789057371738	
430.6678621288928	157.81295456949456	28.44604128367638	59.8492976999316	
427.9247140373805	158.5930748419348	28.64551228664716	59.414712448515786	
421.8302637659463	158.62869857131537	27.852193133470728	59.306603026184504	
419.4701341865254	159.50056612909987	27.445807680953912	58.52820703481828	
416.66816725990054	160.13478411091455	26.949435976952593	57.87145032715126	
413.687757409026	160.40161849616067	26.664267786550838	57.07187444787529	
410.6542304865391	161.56841124865292	26.9028671370483	56.41127795370164	
407.40873461133583	161.0407524231823	27.166320778629153	56.220812871679286	
403.89535798513623	161.5870275978718	27.58031825557669	56.05371290691717	
400.8876585146487	161.67809929151738	27.510535960284617	55.6267708146442	
398.6207696522947	162.06098763545216	27.036185995631115	55.66501685617145	
393.6443302768775	161.56591064122233	26.03267150458312	55.7677578197288	
392.3864349116679	160.52149400978575	25.53938587811455	55.603268481283585	
386.9159335994751	159.01788901804076	24.951742987058235	55.99371678035581	
385.16645354156447	159.1853260859851	24.913652378849935	56.07515140511016	
382.71899994675806	158.9659783283792	25.511731298504312	55.73464100200987	
380.0893033118418	159.6815987792552	26.367884841316595	55.57921522953796	
377.2707962798598	159.94707487784825	27.26900994730331	55.35866167060035	
374.4992928761094	160.19545999489324	27.756212979016748	55.19467588060405	
369.2571246435704	160.7333532035299	27.289193509951556	55.38194156923436	
367.2173771374966	162.09551299331397	26.810844360111854	54.86079491180062	
361.76511130683014	162.77785023907103	25.914277197897533	54.35845461208568	
359.1711795213275	163.29162410978932	25.332351550000205	53.37115922091982	
356.60437516380324	163.85165281845278	25.388703108676612	52.557287943176526	
353.4700143834562	164.06031466931188	25.645430307493214	51.54603137440813	
350.01411137410105	164.66595959801688	25.91134704397699	51.31204382984907	
346.8220525042491	165.13851639656252	26.09128549672417	51.0259481532519	
343.78867475578045	165.63585835500444	26.4124536447234	50.68162994662651	
338.96228814998415	165.82793988779815	26.385474506462486	50.809797413113074	
334.7897627700464	165.65143361719197	25.800560247111832	50.96583651129415	
330.374970625704	164.79030455875784	24.86810153652919	51.27573455602646	
329.16536003225434	164.26427461705885	24.16291185573744	51.51147556983369	
324.1026122965041	163.7329526648352	23.89871788174225	51.70546146808972	
321.2636531043434	164.6416865761754	24.899228524517085	50.89535863373638	
317.78590378598597	165.2797647100793	26.00312460691066	50.439873864704055	
314.64131703724854	164.72449865542822	27.01672723493972	50.408924216842195	
311.85702683383414	164.46975378828625	27.74894051148895	50.425410254922895	
306.10274190798333	164.0595533784799	27.69488066348361	50.62822303132272	
301.4266661731113	164.38077372839223	26.70016838658456	51.34996647265713	
296.84296264519935	163.5847352776804	25.46465948781856	52.14352495481498	
295.03617623465453	163.94617637013522	25.238164922281037	52.010017133327764	
291.11457357820814	166.44401981421257	25.518053413121816	52.48637185207617	
286.09401774128935	169.1229543779247	26.151224222396447	55.08137118626076	
286.66364609163605	168.39685926206064	25.324164700305268	59.51334137671385	
291.37188874552845	172.14910556287055	24.730161501590295	63.31771432227421	
292.45219042296395	172.02206567941894	24.443808320287957	67.63818841824849	
297.97602983082334	172.29188222838	23.592090503104334	72.59737848621997	
299.9596714866741	178.87943346607386	23.438738894970317	75.63099717172088	
305.135219428471	180.61564488203922	23.90289436177948	76.96861862842542	
305.6682774036852	182.3247034401055	25.621126183949308	76.91365592360876	
311.2719459780159	182.29360790586105	26.85480046412094	78.0138072830065	
311.4555301880352	183.88971763727412	29.28110838723722	76.80325080884307	
318.04806661955917	181.1583813769352	29.574022813617958	77.834708043266	
319.81965255625533	177.74066914210619	29.391591840265292	79.6433881472319	
327.4798560893905	172.53658424865404	28.860915799690748	82.12231913790211	
334.09030222098727	168.5025508017344	28.108848876768196	85.11282560693664	
335.6724457976247	166.69379449717528	28.35134721162209	88.13306218408394	
338.1600956088805	166.47857368173894	29.16181037597567	90.51087529780573	
340.2272450412487	164.76152233822296	30.7386817077725	91.30006979506413	
343.06948022714903	163.54627237640412	32.30666609366217	91.68342840514894	
345.3505627124588	162.53802420132402	34.150105962367604	91.80372672102266	
348.2380633406539	163.50130651930675	36.416985313582316	90.84450100469677	
352.3665854547332	161.63989504645804	36.88199079855865	91.8316219125829	
356.6967533954634	161.47034170592676	36.933400179244174	92.43987718182603	
360.0691269423198	160.29630412527672	36.3262883165494	93.64250794996812	
363.22551903356583	158.17061498731726	36.1072550877317	95.68713297195029	
367.03699907553346	156.50472034637505	36.21809207716065	96.07626525996875	
371.8489123989175	156.90040875461028	36.09006830972609	96.5865876050278	
376.5746815612559	155.7095445186821	36.497320382693324	96.66519975532049	
379.91715800254775	154.55718836402406	36.3957090986204	96.76117135342443	
382.43242205414094	154.55469340099694	36.638616588085334	96.8055634328216	
385.7418986832539	153.87080676780715	36.65601682259631	96.74310834665451	
389.6416245738897	153.0724363483706	36.37326530911636	96.85661418396359	
393.26018385288	154.7444185996265	36.10585328647515	97.1437586807041	
398.08652694380237	153.043632061082	35.16813673964026	98.41406635595283	
402.16821796758677	152.18286132196891	35.13686147307725	99.3049284771272	
406.2511520175985	149.95626419812294	35.609371516364334	99.87880567960734	
409.3797882819839	149.41367127276163	36.614433811201934	99.93993306914066	
411.58025959290745	149.02481362743214	36.88578485237977	100.0036452737096	
413.3534554734709	146.90213744401308	36.70390720372544	100.36182065003865	
417.0117813827051	148.60938917093694	36.58368273053283	99.97789127951921	
419.5745216494485	149.7272895180663	36.41806824395157	99.84269607308394	
421.37613320513384	147.5190097192029	36.209582853070444	100.11931159427269	
424.4669762659228	147.20839413756218	35.853171198960744	100.30693067912586	
427.03997009542815	146.9751790318387	35.60085886725103	99.7024584237988	
430.30504548244846	146.68207599035517	35.18495684580441	99.6165801156488	
433.273262904573	148.0513096885767	35.05326004629412	99.41710488572488	
435.1083649763448	147.0427563540484	34.81228850010168	99.11868292357116	
436.34071656729714	147.00803755983264	34.98211395512926	98.66600760602353	
439.4031213763261	148.7647703239738	34.878528358982976	98.74990841074901	
442.2246693110815	148.4344513867904	34.99320302780225	98.73610137125165	
444.0733527405743	146.52526639979493	34.98328753142651	98.69917473345672	
446.26966680202315	145.84199922967542	34.96370580669172	98.63668854967077	
449.1209584428752	146.10405631854564	35.129436314355274	98.75552288019296	
451.5727552487865	146.55351599114755	35.302959668780154	98.68776831226808	
454.0613536990413	145.20903448116619	35.42017843294347	98.44349330275082	
455.70774667693945	144.78976781186662	35.41741651927672	97.80078505752577	
456.97879451171974	144.82930716473575	35.6713306286925	97.23641165211866	
459.14385243975624	145.5031102860977	35.681999799169866	97.07619835945277	
460.52159676069084	144.3202963288993	35.65159570052877	96.58009331410224	
461.5221242912996	144.25054190641248	35.66636686459206	97.0823900316287	
462.9312919867834	142.67365580240232	35.504458380210124	97.37300353679872	
464.3782351316966	141.48853108848192	35.22672342323888	97.81134900631888	
466.1470981295117	141.25334165942144	34.98784701028089	97.79269005268371	
466.86466432092965	142.76369316801822	34.84079734629411	98.56184537670721	
467.92978052409774	142.07949269950313	34.849150745850864	98.09569688670493	
469.3857543314869	141.56115614358498	34.614214382522114	98.15964711054832	
470.4310305255855	141.77624567034945	34.74718632637145	98.32100964532582	
472.101305554335	142.62223855781065	34.76429656245163	98.29693098920072	
473.08569174105844	141.51455535906592	34.421408006677495	98.47638344244584	
474.82940245752104	141.1033364322817	34.20155468517189	98.09546574524826	
476.11981764849605	139.95123404256336	33.95320735642924	97.95769969948965	
476.97031871044425	139.32797870342907	33.53894303217734	98.12922809225864	
477.2560905552746	139.55680404060945	33.08940320328823	98.14981111292808	
477.5622551656196	139.8430366503893	32.79872663343149	97.20553650020086	
478.057869137019	140.35226192145407	32.61998599484337	96.65629819209157	
478.7587011240394	140.36700105033665	32.913148385319715	96.03869887776972	
479.25334476542	142.27601706287422	32.822199241615635	95.41562482426747	
478.88295201415775	141.40568800096563	32.627751449176394	94.71415214402278	
479.92311232910953	140.48330304204498	32.28996831774696	94.45222736353031	
480.3522057202097	139.90550519496472	31.841461276213842	94.45224003366589	
481.6851093429718	140.48676286160187	31.298793650516977	94.63341426128177	
481.5150160820856	140.45797379300745	30.886273704184028	94.31288574478026	
481.9810110566335	139.7645974278987	30.57051775958572	94.08299981456688	
482.44006128003616	140.0498296370448	30.630001794019755	93.52726880764637	
482.6670357797059	142.30825587506328	30.543108180985243	93.17795974286429	
482.45028360697756	142.36400888306923	30.385910111929242	92.26628026541513	
482.42871375365957	142.4525543833214	30.37346896414934	91.54843709244076	
482.7076407125136	141.41866657576372	30.15903215450022	90.99200020412286	
482.92007371045753	140.77304542197732	29.85835590797243	91.08209066385629	
483.61454309757255	139.70435107497286	29.647554555350347	91.07259134021078	
483.3247378399559	139.7784285738507	29.6808826003573	91.18767036173463	
482.8101729204565	140.94863283201724	29.660357597933086	91.16763704948784	
482.1332195053559	139.94696047335862	29.544226729388615	90.2742401381582	
482.23538197471476	141.11109262512042	29.627004042915857	89.87197905233177	
482.7681272836794	142.44433041589178	29.683037401312454	88.70668793429003	
482.43791002413485	142.75964674827566	29.50643596640303	87.73491374759155	
482.28303738081723	143.28295244542025	29.14015419348328	87.11916767088546	
482.9532555513683	143.0327260745102	28.796529063490304	86.60314807307546	
482.140789799854	142.2913106707692	28.68031066417509	86.27693511548938	
482.026746452418	142.22832938016643	28.64869470635427	86.50231147160252	
480.7943243689916	140.63892056800694	28.59232796431732	86.53715622223373	
479.32138483111385	140.96806135350096	28.922651276828166	85.97128599797928	
478.10081648885426	141.37522931258263	28.93092520271091	85.66640021743116	
477.31930504132015	141.87044320996083	28.858284469200974	85.52499648006305	
476.77470080004485	141.2811628173881	28.83642064988697	85.33111740391092	
474.7955546210594	141.54576816043615	28.9825439328456	85.10349638561189	
473.4028557886817	140.9515095214593	29.01778924812905	84.54835023335173	
472.72708277241566	140.97792342676883	28.918121324781893	83.94841109031611	
471.514666023551	141.80682046169292	28.852574535340764	83.63923171315588	
470.7246413303199	142.5970152478527	28.84856146471825	82.47909807006798	
469.70054519375543	143.29657817751777	28.702942321221304	81.6430268915621	
468.8516706102209	144.0003293759268	28.738018730187903	80.48278350064825	
467.1573668408973	143.77087791250239	28.936030880422702	79.3060679792396	
466.27716254368914	144.16010580549644	28.57842728497381	78.34890711190786	
466.5431416086211	146.13298901325572	28.224646392620564	77.82432237516126	
466.4707035916962	146.89939616222063	27.733762894018763	77.07372814282519	
465.90673521149273	147.2674254442997	27.623967959250585	76.44266359257259	
464.9199735038796	146.9206708570313	27.31113254116388	76.34108626408049	
463.6988005516214	147.2582452751517	26.995611109407022	76.4090863507599	
462.401592224909	147.07971123259563	26.87142057556069	76.47567069291975	
460.9873078007733	145.56791365425744	26.765367851337572	76.47156089544879	
458.5747112798712	147.48155234912502	26.7949752608175	75.92257187012396	
456.6755417391182	147.8115231004196	26.762529067817944	75.61469789769001	
454.53083270204417	147.65680894236772	26.169325853666436	75.53337213993551	
452.9092815084376	147.0861954326689	25.723798136814718	75.28000651654905	
451.99399471023514	146.68024365137	25.6509934850048	74.58870966735029	
450.2398120346391	146.78031876342072	25.615771866821298	74.24481989194308	
448.92103222876005	146.76580789923221	25.5585506520108	74.35806147837042	
447.310993911619	147.3742265656552	25.29596055541217	74.50202071630235	
446.6447846099655	148.41433655379035	25.327833466275354	74.2613642289923	
445.3022813957878	147.47619802078222	25.0126153043292	74.04679642539493	
444.21582605631943	147.0082126071422	24.394078820637805	73.83693328355874	
443.28799907066536	146.64690361326223	24.06447440342663	73.36617568385532	
441.80211301114997	148.55086129337417	24.143781407863905	72.903660657036	
440.25226344632074	149.605168234363	24.397906873810875	71.9432496711765	
438.9144138472698	150.78384794375506	24.781937418424473	70.48009129266026	
437.2480386723119	151.24940318442728	25.201855508208514	70.13331411190636	
435.5519266019255	152.4085549673838	25.57377711487787	69.57534348800232	
433.30799502418586	152.42719724944098	25.812834747438526	68.8354583255527	
431.08732858911293	152.46473228011317	25.770212234283562	68.13372100308466	
429.25699652130567	152.18708610480135	25.494063492243058	67.84339862239646	
427.1634487347008	153.49026269544882	25.39290671178458	66.96798423333023	
425.3864475024016	154.33139455691676	24.749093281302407	66.74033908358312	
423.2167190931822	155.07553237210232	24.409612664591123	65.77970045806433	
421.5902384794698	155.87987948053316	24.171072799105055	65.02904490506677	
419.21977569527434	157.18181752569706	23.988265609927684	64.257181944927	
417.30295629625084	157.67751397667922	24.080224739548186	63.06090494598252	
415.67480604073035	157.64190966858277	24.31648950687575	62.45591490084807	
413.5125650707398	158.22239911878017	24.328217292651566	61.85863971625454	
411.28811756208063	157.89617448147789	23.956908052004803	61.998358928851204	
409.1054293788726	156.9323342746123	23.522502619104422	62.01068568676727	
407.3403497500107	155.638976723773	22.993810634762774	61.80079210199867	
405.4837481316035	156.90819557020416	22.947771336939862	62.02913240138491	
404.1092962322345	156.70763315489432	22.962796761578048	62.36270485919137	
401.9050293937168	156.78418738925205	23.39131921386667	62.010743195762274	
400.25365429655864	156.8239468382456	23.760066531901295	61.9615759235306	
398.4916497370899	156.36744348544937	24.18901244130505	62.06983266345537	
396.5909784878898	156.33666561201784	24.533826991325736	62.109021309155736	
394.2654425872214	157.04793428688757	25.00998824731348	61.88944838450327	
392.04441549902134	157.60905756300488	25.197155796516334	61.20211680862707	
386.58138660200103	156.3565002209747	24.5721758021658	61.1364767262232	
385.08909148296067	155.48535720819967	23.938657767694	61.255013614848494	
383.70556900701763	155.72042730443954	23.45152514923712	61.564118381723176	
382.3930804053817	155.6557331215363	23.509731322083027	61.485024735377024	
380.7048371033737	156.72560829316785	23.565764282300183	61.218376937852085	
378.316196023025	155.39716897835433	23.629216448795923	61.13514087860587	
376.18887950527	157.57811153390122	24.06013332067057	61.010414542841644	
374.146530898926	157.78915653860537	23.86289960989663	60.65862161073153	
371.81868496025425	157.44826251047144	23.597830855678943	60.51595488260609	
366.7106671832235	156.1498278658905	22.81739691205975	60.52706095574928	
366.1171798274803	156.24018282032162	22.442311148196723	60.28921652662454	
363.9903327960768	157.26180743346123	22.53364501965843	60.29059186737723	
362.4732778012753	157.5002398609097	22.72995402964731	60.193289539421606	
360.7680245941208	158.33676020832775	23.072922659379834	59.86710460420612	
358.8875192913939	159.02529073421616	23.513016135316946	59.64974048903666	
356.252022147186	160.19365048088386	24.27039910705194	58.83578234061093	
354.16890720408946	160.8435699322018	24.77284782716839	57.938358087699996	
349.2870254082472	160.15839928629785	24.232663970122445	57.91497851425828	
347.9967764162573	159.60689477506511	23.371615037140472	58.017953681285505	
343.21465034950063	157.60779659396482	23.054145674071858	58.6031837921128	
342.07426199936555	158.03921812126978	22.93383461341675	59.21716001431256	
340.7219170389466	159.01750062610293	23.23348450854361	58.60539774188229	
339.2790312062305	160.11151129607703	23.388332044489648	58.38120127013636	
337.64621254306707	160.44202018582513	23.683399521802198	57.74381331433969	
335.46793374586355	162.1306908825481	24.085127184950093	56.9919418439132	
333.54864420997177	162.58727655396655	24.367413246021975	56.3026647991529	
328.34895546115484	162.195493270941	24.05282818872421	56.105635776519954	
326.9408566746856	161.47454581025056	23.59407287317393	56.16423456581313	
324.98260430685343	161.09401635952293	23.299923350110298	56.32746686719362	
322.6520904983953	161.38488574820093	23.185086365891237	56.254436507253224	
320.44136922038655	160.5884900008441	23.17921702463089	56.038923334494015	
318.38545845830254	162.16095532978665	23.978973901124448	55.00910045134347	
316.9105302136604	163.90726108728228	25.049297695592045	54.03636184017603	
315.3669955001395	165.45759746447294	25.408881465895554	54.45862900622011	
314.1550407987597	172.4783875559316	25.927108543292004	56.467482935851635	
313.82564112102136	172.8287813122564	27.26717468343672	57.45216815002391	
318.89266788576515	174.91732557627444	28.405359885333365	58.36434973688651	
325.67013344312653	180.85227046599874	28.51100749833276	60.5688532298378	
333.2302383697284	181.687124933694	27.61087039140586	63.582490565962175	
339.46944112410597	180.43683026411532	26.57338952712103	67.00063195904795	
345.5651802400253	179.85363258079173	26.30382158123203	68.95266756541068	
351.364658616984	180.35108534207683	27.072690335432306	70.65433339293816	
353.2959201855451	182.1297763208617	29.063464431891642	69.54925484494481	
360.4342103289477	181.44237784239934	30.97842963153665	68.93870131225316	
366.91502553257897	178.90433074304667	32.62232805575609	69.30869409341697	
373.7777505740152	176.2519838974479	33.14857455949247	71.81033941234587	
377.98364887520444	174.2907940450799	31.776988204153835	74.9047682818539	
385.34552472294746	174.49851686647196	31.283296132386035	76.71722672041437	
393.4797010317415	172.78222653085908	31.449405108425793	77.8600093703236	
397.30112474424595	172.7720406899044	31.802507905432314	79.04757541868804	
401.1624749382879	172.5283148453409	32.75956940394512	79.56109683088474	
404.19400100319933	170.8499989906466	34.661866471509974	79.13339197334821	
407.7111074079347	168.60214532014032	36.95726830132138	77.66231102242968	
417.1852196392549	164.7027852664992	37.92343630999453	78.42637412821654	
420.5596133997862	162.07342505263455	38.07224657869631	79.4852664080577	
424.3099074555615	159.66973827877368	37.72920069584448	80.74646709849486	
429.4316266495453	159.24113592212763	36.43124456190511	82.30777301665908	
433.0286118628401	156.93080821068963	34.98857780810613	84.83121207181354	
436.6921889441961	154.77121278391425	34.29148670233987	86.60492219721488	
440.28005228804545	153.53974844735762	34.11519210158573	87.42334906502266	
445.11288243596596	152.17681977835736	34.172378790608086	87.55984664273873	
449.8331719866401	150.5297270159815	34.808017340626996	86.8199874249062	
453.5472606450698	150.64377583062003	34.830534107935	86.29325550493398	
456.5657125248636	153.37940834655558	34.94496654143207	86.06157110431903	
460.2274172060922	154.25229170846197	34.885617199421695	85.81222631368037	
464.07313574152823	152.77294633137262	34.476603624795956	85.71804131064167	
468.728278033446	152.85917293523727	33.93047442883894	85.83167960939349	
472.4574036496436	152.62810878899347	33.71297255557453	86.62509466006553	
476.2700887237031	150.97306667068352	33.49404504966742	86.91877998997768	
479.3400134948089	150.09223992891853	33.61746874659167	86.60183163634944	
481.53951070307994	150.23990443809663	33.68526500616646	85.73619870106208	
483.29509312972414	150.04729505626736	33.786358825592316	85.02956849526112	
484.3238216871761	150.19689430545455	33.643701400934916	84.60261018262436	
485.3843310926459	150.5130513533535	33.43696312378594	83.70614293412225	
485.7937800710277	151.22525591891144	33.287664998126665	82.99614518091313	
486.6648712474842	150.95539822218814	32.680336246669334	82.54835662853222	
487.7859134171977	150.4917432565268	32.00495844544264	82.24244788996354	
489.2960485505589	149.60917485444307	31.520712510766778	81.90594661544144	
489.9616097896467	149.70146742509425	31.179174657358544	81.1967006484097	
491.8724333930098	149.10482130918905	31.227907136987803	80.60890476643536	
492.46909519219446	151.99074674733578	31.977542012777768	79.51815092078154	
492.2008009178796	152.50597217420412	32.58448606615881	77.99393763351594	
493.13552978529543	152.815469293697	32.97165803675609	76.64623435245792	
492.8331815490443	152.8741982590675	32.908635443115415	75.98551340358563	
492.2590645406002	153.3298299348508	32.83616442765488	75.76436854366861	
492.01176924839336	153.442071037995	32.37365897181976	75.50383236319887	
491.64421528045403	151.67026414352216	31.709888810164177	74.96302451747047	
491.6504329442664	151.3732411585197	31.132145626933422	74.34700524184699	
490.6970850068612	152.28591204838528	30.72135640767335	73.63204160828741	
490.45302302885347	151.87541980664426	30.50772644933258	73.08499578209234	
490.6142766909503	151.91068961866557	30.15921660071833	72.43877029932324	
490.2856115799052	151.68623837036697	29.86196431042982	71.90193773713594	
489.18592017446997	152.4309646362429	29.865953797401964	71.67708738967977	
488.0567751899648	152.39746948552195	29.87721470032649	71.41936410336069	
487.5028522836805	151.73118792523002	30.19019931542349	71.47943660333144	
486.3371213434961	152.22465910190633	30.609045181311664	70.92146253053266	
484.89154574881246	153.3516610363572	31.05128994901758	70.18930149896458	
482.6053391588092	154.5901535406271	31.067069656581474	69.53589949728358	
480.5324499903673	155.1003142616171	30.779722497554673	68.97609638563927	
478.11544160962654	155.29961658268553	30.68260360458668	67.83157114499545	
475.63943239398174	154.7042824038782	30.393174587145865	67.09957736367117	
473.8968110098317	154.63991679862863	30.50112734499359	66.11184693953439	
471.6843310411535	154.9839093323231	30.241620920350535	65.44988539416488	
469.47562903253436	155.91015279423607	29.8164517716953	65.05234844535266	
467.6110176142134	156.57335659844023	29.769091890441707	64.53077860025383	
464.02653269595817	157.96667289007374	29.77257825222069	63.21538510695261	
460.19536251804226	157.81897900139728	29.210620130879636	62.47368842404705	
457.12404292828575	157.9171547903877	28.40126775231769	62.07916506655285	
454.2726921073239	157.7599873650539	27.869491397415267	62.057189888190635	
451.9151056987529	157.87059972215678	27.77598081917158	61.99912427618629	
449.80075135523106	157.128215482848	28.668600371998902	61.630416707288006	
446.5797210278706	157.40526986464678	29.88539361644141	61.00742521755757	
443.59714678187447	157.29854184800797	30.70804647626214	60.50813868377281	
441.2001891297057	157.76707226389675	31.051666332296477	60.05853307102562	
438.13129274932606	159.21931396222107	31.250198133430445	59.782404223784944	
432.0853540207905	159.05249282663488	30.67589497984493	59.70529047321931	
429.520065966669	160.63988662911177	29.934910514509994	59.163247657389036	
422.6082359450951	159.3631694974786	28.968699341837414	58.62428661502186	
419.9577841217734	159.99725661073853	28.57413980793883	58.212679652105166	
416.96949069606126	160.84725027877738	28.48136068112216	57.060182435961565	
414.2953296027386	161.9303899488719	28.865284006836028	56.10593624835279	
411.09532433014505	162.5337107896353	29.59701013582443	55.4401862737695	
407.8186747726089	163.22980318690168	29.95632712656814	54.85008163365566	
400.8886603926884	162.0331474301453	29.77741354937306	54.50205847042589	
398.9371933284302	162.02479078311436	28.86374497098023	55.026565727443256	
392.82042660115155	160.6963836091444	27.830689260803616	55.40183324425219	
387.77613233319704	159.11079302523228	27.15138305183958	55.747502956540536	
385.8716065359586	159.55669899140628	27.433039159484757	56.299564429649095	
383.1574671758666	160.26669882128812	28.333308464995994	55.61363524975525	
380.2850968257667	160.48018293235128	29.6443672003215	55.188003018127674	
376.52073323633164	160.72882456143887	30.900724517588884	54.400386190902665	
371.3222272308243	162.91706897438914	32.39180124112793	52.414426759151915	
364.87823033486677	164.08218821217844	32.8074067655259	51.19998282302491	
358.9835681216657	165.62278630378339	32.985354429537935	50.70980507815426	
354.0531641485078	165.9866649099996	32.682604369567144	50.06107799205506	
349.27986621827597	165.48842580015196	32.0753286937759	49.37921911458241	
346.92915819306114	166.0750681854316	31.309488198185022	49.12205111810529	
342.83674670435744	166.90366232230784	31.360935054071472	47.992006441955674	
338.14202706994087	167.48940880434742	31.67140818215746	47.272476515128936	
334.22745413159004	167.0400936038711	32.183164570638944	46.69569991172519	
329.75823501683163	167.86862771599633	32.79603936936957	46.1485383609061	
326.06355703179946	168.30855162371654	32.74930391639931	46.168268759157385	
320.24548636912505	168.2196165916702	32.50800478917248	46.54006137273628	
316.08866238783054	166.34803167461723	30.093393665152604	48.90963203520366	
311.7488200637925	163.79212011519064	28.03622757470326	50.58321319543872	
309.9852742964749	163.01249218168078	27.296513937371802	51.38170899356499	
307.08300122206504	163.16996923774343	27.432944947184055	51.7407732048612	
301.6320209355353	164.7937273755931	28.910187617106274	50.52956068778303	
295.6498703188554	164.89045255810072	30.159416218630227	49.61527117996842	
292.5998344324215	164.6469374739901	30.313778286145165	49.752518613080326	
287.4862490919053	164.28608721110936	30.056332687575555	50.56742202780742	
281.97830212022416	164.4305444689299	29.45581542183143	51.35756902034508	
271.2796763314087	166.25521822042896	28.81110342219173	53.18085392548906	
269.8828955344128	167.9734856573962	28.234014724740792	56.11640605335508	
271.87337048343227	168.17191770500176	28.076523259853097	59.62114661054878	
276.8724321326024	166.57441096347756	28.67337161831206	61.58636571054812	
282.02125644594923	171.1430622828037	29.633655654582284	62.56936241119031	
288.63457547399145	171.28453509214972	30.326887021410514	63.08871825896321	
294.7321291068792	170.17553842219047	29.92067059425803	65.59324888850121	
298.23356753950935	166.29233004380876	28.459135510613873	68.47363783230685	
305.65118803432415	163.82312073330968	27.604287930713298	70.89699531324456	
313.46941130818	161.35646556669582	27.14488815881954	72.58760554652727	
315.9114496155418	160.54545117541076	27.71146271291913	73.17018714071999	
319.27754231237395	161.71185660626094	29.36131638938422	72.94712154307298	
322.48553910001164	164.07099392470047	31.400668921591727	71.98503863669318	
326.1353960872937	165.46367912838576	33.747973379644826	70.31196326087012	
334.3146978345328	161.8215137919383	34.01586143179743	70.84374237813157	
338.33141565265106	161.66773628372704	34.71215830898868	70.71858364752947	
342.73302011024487	161.20816228393906	34.62131454425271	71.12079236468816	
347.6313055968559	161.65034708714896	33.558492960679104	71.92651711003685	
352.8005825107592	161.61629752024788	32.48223008746236	73.20342490434618	
357.89917543272395	161.53560455370354	31.88688903113049	74.09038837068	
362.77670882244405	162.2500730770644	31.712378167522807	73.94383202406965	
368.21357485777304	162.0574500993639	31.857445878664215	73.308940431024	
373.5515224950673	163.0326061410006	32.89001045820164	71.94965411746117	
378.6965028090533	161.89873250204306	34.34334168508802	70.29222310596279	
383.6299210365053	160.01217423087306	34.39235491585298	70.47954472261307	
387.86180005582975	159.1936815818044	33.65729179297561	71.21647109559851	
392.87014543723654	158.77831362746844	32.91674028950032	71.75084371014592	
397.4117132376396	158.4784153524774	32.25719153409213	72.20746568634883	
402.64349192615185	158.37319358014705	31.32617352474343	73.43809577447423	
408.48805023617973	157.3984941538127	31.05099733437517	74.00891465296846	
412.6010443305376	156.39638035924492	31.71045760147006	74.58484055009498	
416.17031480203934	155.75783940774514	33.031784135883484	73.8448037606965	
420.5539790709838	154.95480337496633	34.12643698990138	73.36841399230022	
424.2841266054501	155.182306689702	34.8056864079682	73.50109115971159	
426.6399200557494	155.16260090833003	35.25363157752954	73.7399683697953	
428.8140137984895	154.412062188322	35.30243963648293	74.19378266436453	
429.8868725025932	154.4692410983683	35.42182628368027	74.84583018828138	
431.3432395188097	152.68448529966804	34.808170000499544	75.67590349031755	
433.07144464220784	151.5989207940923	34.08462675619049	76.32524605012931	
435.3535372564899	151.2469652993048	33.521153445503494	77.20901182013986	
437.0588749469298	151.51390350969905	33.367697379198916	77.38001665020967	
439.4545102726866	149.5013162203495	33.39755128136578	77.03911809734744	
441.3651195235117	149.6799473134978	33.67917511064825	76.52999880317313	
442.8663194020478	149.66849860606084	33.818895476485494	76.75853486512652	
443.6186748014983	149.41943499786547	34.1686492085294	77.22924275655299	
444.33912060570725	147.98553396921596	34.41254427747192	77.39813910744634	
444.72662968830224	149.12627809875949	34.95914264270035	77.88447573658867	
444.08108396906823	148.37422016195484	35.04117925347825	78.04712840199944	
443.83959204948184	148.70807172668742	34.94078704265566	78.55698440987862	
443.633414913101	147.7748096420316	34.701177962260346	78.80105858510302	
443.3838692220649	146.24206856320325	34.438219967367914	78.08888657176976	
442.2831949675912	146.39367149961492	34.291714338894586	77.74906022731986	
441.95278120923234	145.68965633858787	34.22839823130669	76.96751320829429	
442.1792395959927	147.39455007287506	33.75385478787234	76.71590764546634	
442.72301752325586	148.72032243652376	33.293719537575	76.81191316726867	
442.4197715098266	147.420126834984	33.034547499549404	76.55918452018955	
441.95581922358525	146.60884828287612	32.89106323135673	76.76164975695838	
441.94477518947025	146.5831045591782	32.754357984295346	76.94383528918544	
440.7320597208886	146.96618769567297	32.614349935633996	76.41823562748588	
438.98596491247326	146.95734810388294	32.37758619095343	76.01829889076072	
439.527215570351	147.900505586243	32.09171531734047	75.4819386503524	
437.8280594414664	147.3653934532713	31.92041578731365	75.41095438682343	
436.79346101362614	148.00299400777135	31.633033577671362	75.27847636131946	
435.54995310907833	147.40533695444174	30.88885489061219	75.28021913886184	
434.58828977637336	146.79589115989114	30.06396278122653	74.75670924728828	
432.85468058211814	147.4239552961288	29.713342977750983	74.52183229565189	
430.99191690741117	147.5218516923383	29.266608135392445	74.54300456763934	
429.56402118689715	148.35976221404854	28.650312908405912	74.04638691529394	
427.78498138595063	148.56038642439194	28.215166220549758	73.24929287278289	
425.02203176826737	150.32277568764587	27.831685019972745	72.88613281742067	
422.79669382082045	150.23717766126137	27.75030744425502	72.32432108153155	
420.95678281432237	150.47320827928732	27.44815795494706	71.68531616125934	
419.84776060619987	149.61159920609452	26.937250678610923	71.44409181611353	
418.0959737234087	149.99803151870958	26.572573358911843	71.24339661398676	
416.5502445488854	149.60877160183236	26.476746046260995	71.11421918736141	
414.11696847678263	149.97187224290076	26.86636185013462	70.8441401545895	
411.1091012546123	149.3643317521797	27.461042408061665	70.58621703332464	
409.18441731476776	148.2205220422102	27.615068939102652	71.16433459073774	
406.889895391997	147.96621885545903	27.690904872199077	71.56014690025471	
403.9913324411166	148.07185321301625	27.679122788272714	71.72107661782422	
401.8073982370874	149.47912914173835	27.548827973064505	71.38300476755165	
399.56295452671	149.25485630169018	27.016742665090057	71.32463905066771	
392.78992676971626	147.78193423251554	26.557349837707847	71.35246222534819	
391.25999824958114	148.26590995343025	26.50799662521623	71.46551135000126	
389.14877650034447	148.86426824701334	26.644271834504995	71.14311211083849	
387.30460945817487	148.53502711938197	26.633005460699138	70.88472514298344	
384.6922756752772	147.85993968909716	26.86728415625521	70.43610108482896	
382.61609350436044	147.464736771031	26.599191611797192	70.61348614325895	
380.882304411368	149.47320257341002	26.459342677573314	70.12116982628167	
378.4390613275256	149.5569887378631	25.85981161808527	69.77009322884851	
375.79652465956116	149.92648483562252	25.383748899021512	69.34504817450018	
373.10688652349205	150.34356200097812	25.39182508647344	68.99241983117565	
370.6162407155148	151.0837794581134	25.715314120640855	68.28689757225861	
368.23335114397054	152.1532013967922	26.198099947078905	67.08768521660281	
364.9147816596106	154.36546886488182	27.10729740273738	65.27396914333866	
361.9765892895932	156.78738414859046	27.662561880626026	63.675578582177494	
356.5092251691659	157.31035044941748	27.801038824483584	62.54931069128357	
354.7274221928481	158.45189878936895	27.802078735172763	61.36838495559448	
349.42026351660877	158.23168054189608	26.781722015385895	60.7740008938996	
347.8927791911008	157.7695562367032	25.776061775410657	60.6961610767417	
345.58739704487533	158.3458745254341	25.648618250783922	60.29382776771249	
342.8156482994754	159.44082745173796	25.68260379395195	59.17379143338488	
339.7911463455743	160.50779070809946	26.133590962862467	58.25247802643578	
336.53880244763263	161.89876938632818	26.969817435961463	57.42286246494596	
334.55840997554304	162.55599846843498	27.54362566123805	56.5433732192943	
332.3698606941371	163.9284543927584	27.72193176646929	55.7614363958245	
326.79618508822665	164.02902679979996	27.095886486285842	55.90091952025031	
322.02210795641304	162.2652933695473	26.190078423863227	56.919100692355386	
320.2047688890747	161.49511317308833	25.63683741867783	57.19111203379782	
315.3023357359792	159.38014386589887	25.486817288406478	56.86788855024581	
313.80542308437856	159.46820843864165	25.525006805551232	57.48024934254257	
311.57879321464236	159.4434389918475	25.561795063700394	57.90528647135652	
309.2694142186622	159.8146536543486	25.97724018182038	58.31948229798853	
307.0325678434065	160.54554541625197	26.330759478047106	57.917981719814776	
304.6522820488091	161.10582247673221	26.503715100445	57.22986609162923	
301.97946900383016	161.7134594023367	26.51747683340833	57.22258837040991	
295.9904898943931	160.30697695231476	25.991649918920686	57.942639642829235	
294.83496317315155	160.0635522996867	25.47066734303211	58.05031525204422	
289.5056138261012	159.8598940066927	24.76090061354889	58.203661185213534	
287.62462109713596	159.9199067081215	24.655295644080653	58.72811267291998	
281.62629720782354	160.1217150693781	25.393330789954014	58.61711991733903	
279.9953317928386	164.43815917476894	26.060202463506048	58.32291102021702	
278.72341496242103	165.83975832092668	26.47466996490207	60.538607877132506	
282.5712568899614	166.35645328203378	27.799473895160794	62.290450737282185	
287.5662340338555	171.06471399769745	29.16287406141305	62.75620011894313	
294.6418680578811	170.1668928035379	28.889997279231036	64.51572380243658	
298.4357195631174	168.61682148014827	27.195367827565697	66.38260009560868	
305.7849550858244	168.46471059382978	26.449144401780742	67.29189216119535	
312.22309430164114	167.77986938567727	26.383509166253106	67.7101576678057	
315.1087519783218	168.1624974180532	26.465925445124483	67.57422448952082	
318.34567471494967	168.402645838622	27.897548912603664	66.46136620314698	
325.1987596863096	166.2197592524643	28.91407145950783	66.8900327661179	
327.4715129504449	165.53496525253368	31.277732220971085	66.01750812941297	
330.9710682133887	165.0501288064524	32.90836717848181	65.16675586879693	
338.95088888956536	165.27399722566508	33.148293620928385	65.74732015017594	
342.44959588295933	165.22245743067424	32.91800953221175	66.30158568185378	
351.3292073596823	165.61840982878698	31.61584453164665	67.53055562432158	
355.1880088016727	164.62763301819587	30.268111833517853	68.62821104689921	
363.7990651320421	161.4267915117091	29.15903246745688	70.0065142571689	
367.4696631501198	161.72397961140064	28.92189183596448	70.80458195312573	
371.44682534302825	160.0111727809266	28.922654635053636	70.81211313841162	
375.8068731353245	159.4445734823031	30.23303943528775	69.60795254567145	
384.0617755376592	155.8183608483582	30.40182349780595	71.04188969252851	
387.6941265629602	157.32118954554844	30.719104536650878	70.50403339220321	
391.8333916074132	158.93827489752363	30.218187610739328	70.27147320575466	
396.24282388798633	159.08313122499464	29.40614754300128	70.3804604900636	
405.45349007128874	158.83165994991123	28.224580343632695	71.20214856392157	
409.46123056421555	159.37434772524327	27.585715358908217	72.11251306929539	
417.3677063678897	158.18377065903934	27.399186633640063	72.25930841416667	
420.4544495889767	157.29610751429496	28.42267113110229	71.53544365789429	
424.2376322608343	156.39687527945966	29.209949204745485	70.99096469761798	
428.7520051669172	157.95944679418847	30.578977135255563	69.22489709521574	
433.74026907305824	157.55607331909096	31.171864415441593	68.30801945835175	
438.37714468972007	157.3490670528274	30.824919632008164	68.1517169874838	
441.8931621376044	158.0087872047227	30.03998747366625	69.04616151416803	
445.0400794999915	157.6169798842478	29.311349739858784	69.30115346825488	
447.8788114918286	156.1530610299498	28.554111853291516	70.62162199235686	
450.5733254740109	154.69615466868163	28.09372568503896	71.65928041134245	
453.58938143757143	153.72383911783265	28.014952857801916	71.91380571718011	
458.0374923164604	153.07876591418446	27.882178861559755	71.97017877376088	
461.8139914032622	151.8762888480299	28.19101902871537	71.68339763843088	
465.4656043992003	151.82136067479775	28.604724379917833	71.29696556612535	
468.49845727062467	153.1325830251038	29.122096544631304	70.90033187015187	
470.61524426024937	154.3731053928954	29.472130239026935	70.47307055131671	
473.43825532951433	153.88514063235556	29.59617865332295	70.1969145058757	
475.6190766176971	155.11397486868378	29.60803117888609	70.51228728154084	
478.1402084053001	154.77692823331373	29.485992747112725	70.50969307326174	
480.81287570207854	155.78076246235634	29.319207920096297	70.39054533279736	
483.2756860076442	156.14833915408778	29.50137348755387	70.4748401223806	
485.9469060121659	156.39659080672627	29.570318061029983	70.0299764149666	
487.8821451954456	155.8298466155712	29.678833110303103	69.66798342539715	
488.5425751284585	155.11060150060382	30.23491397151126	69.42141565762836	
488.59026574032197	154.89531511616337	30.542833420553848	69.20497714644945	
489.03577592042956	155.29213732787497	30.658646971280724	69.03308510435104	
489.48386836560866	153.92611915486202	30.592037261929974	69.27195691103974	
488.42207828113493	153.27907158557812	30.840076816749253	69.3326029481595	
488.5898525967448	153.85987262524583	30.89463268796904	69.69707587435538	
488.44696507635246	152.82071874212792	31.002041663728416	70.00001077777534	
487.99753393189167	152.76272337977977	30.946490717462382	70.23674082090209	
487.2574059819945	152.89521281523227	30.94747007936151	70.26393119309438	
486.8894226209592	152.64813741904743	31.067470540998965	69.77060557698243	
486.01970266237254	153.47612703038087	31.21864670809595	69.24541325006756	
484.46353298533023	154.6449857447695	30.9952891265269	68.75049620008967	
482.8064868407644	154.82245756309786	30.81742756586612	68.39409217769132	
480.71146689558236	154.0790651180848	30.731657691368163	67.73873882499588	
479.5183998017981	154.88726907684406	30.878685462234305	67.09964526046659	
478.5828879789181	155.58364557346698	30.72186801683838	66.94269825553252	
477.4859291318094	154.6879422451933	30.39152137542336	66.73329261998084	
476.2935590330363	154.61730308356448	29.99705505861113	66.80763311666463	
474.0561801340189	155.4734422125656	29.235809457750594	66.5557212269562	
471.65911019957144	155.32356430010879	28.523080010544486	66.31066377653258	
469.7964667270379	154.75697390553256	27.692441586348917	66.18311942511346	
468.3377739093496	155.22650864244514	27.0442973984223	66.26363103077131	
467.1288163320149	156.38587107332154	27.146787157126088	65.82137959583733	
465.94984358607616	155.194046001867	27.415542404328875	65.48221446355414	
464.22269377715793	155.17382099871907	27.923170536264536	65.718824756515	
461.62786100405594	155.43778370657455	28.641230304727934	65.35702989846031	
459.3198046603212	155.5318135680522	29.024453339945193	65.21637059789927	
456.92300982350616	156.93501013645738	29.34700896358755	64.77901985763438	
453.9749657456034	157.73044180183462	29.63448935038056	63.90782670338589	
451.7676872513681	157.90041081239002	29.412183584029485	63.27219838419464	
449.07543310082605	158.0127982452826	28.67447995197751	62.71959374021508	
446.5554025804121	158.15043673096847	27.759706531593363	62.19397079368274	
443.9703219936339	157.40526481154382	26.985750159068143	62.40899863254731	
441.9508908414656	157.11988293655966	26.536761797358565	62.282775349625275	
439.50076890228996	157.63864217522251	26.423034346974497	61.80392596257059	
437.5198812731322	157.65449792838191	26.51577340762759	61.47761924450749	
435.8517500722403	157.62618203145956	26.132012892617713	61.19784215501899	
433.4226653989928	157.84686768131218	25.696628886756724	60.80966579167864	
431.3548914885153	157.72370729646178	25.19116833063652	60.53374788959981	
429.6231537237765	157.89888595634105	24.487892952216143	60.75791860834298	
427.357524804204	157.97941991021696	24.283832130625058	60.768707536075695	
425.0881198215487	158.160393398346	24.37628103102483	60.793715642234105	
422.55299961843224	158.07259888162903	25.01573911914254	60.40159433564502	
419.9214407381048	158.55405951771516	26.061926967230235	59.763531252101934	
418.4619033921838	158.52743675421434	26.393736882842347	59.96363521795304	
415.653202060871	159.2454734187696	27.228737030056536	58.99814860597125	
412.770042109365	159.4960119734717	27.913267439507727	58.30628522427968	
406.8299565057378	158.48477671024713	27.54110691305861	58.161960258556554	
404.7300616283832	158.91969204858148	26.678131546307753	58.349352663476616	
401.96517634494927	158.83774531940932	26.00771967527893	58.297153028664106	
400.0640589849281	159.40311920287712	25.736396064785318	58.168795288774746	
398.89200843786364	160.1235856399896	25.47134317293718	58.152472671698504	
395.9479739404082	161.79954883262096	26.0076889737258	57.06267869267053	
393.269306510487	162.03310074835954	26.78002427225829	55.97759146037169	
388.581394745619	160.68499441373308	26.825196518730188	55.950980986619214	
386.6474063081197	160.50769578113895	26.76147340250255	56.18722570451955	
381.37514413266797	159.6423307629745	25.94910898234891	56.73658882037728	
379.6657004151652	159.09035618659715	25.303885661434027	57.16469741651041	
377.800539165242	158.61490487142603	24.915003163264014	56.9056555602346	
375.2425351297292	159.58099572309698	25.186574111944672	56.754758785214534	
372.2141160838573	160.0544888728341	25.947465605635603	56.03355702591673	
368.8012854991443	160.38551641068474	26.89778631333059	55.34534635361645	
366.55323558198546	161.02260612079	27.453146992832593	54.98247742735205	
363.6581550383376	161.7337181613576	28.21453143446785	54.18632426286952	
358.6393675940347	162.28233993380044	28.101307525466225	54.06298008245524	
353.747608968968	162.02243099290502	27.313027404689066	54.42178752008179	
352.5200130643432	162.0411987846356	26.42019746825695	54.4780298613967	
347.4057122758343	161.10905565795292	25.194707019517807	54.47335418448709	
345.55901410564076	161.89402612480154	25.02547633048596	54.14741833482765	
343.038603440403	163.400170415721	25.204051147594832	53.77131706797594	
340.6040188326459	164.06823369316476	25.7815390734361	52.93326173658581	
337.91066123965487	164.40209956318188	26.61700475532884	52.19783173391965	
335.64791491987285	164.70443978492193	26.8237565501663	51.81537983240982	
330.3341060460736	164.73036615468462	26.408200507786766	51.94584165270173	
326.2642170100335	163.65786397007918	25.310607135164773	52.682048519394904	
325.19224427762725	163.60845952583358	24.48955340106373	53.05887492879066	
320.5716168256006	162.23516410324615	24.068676041933468	53.2412753862397	
318.4603892422918	162.47454733276876	24.34269161046754	53.61192971309837	
315.47236695370754	163.35733057245366	25.246018044172985	53.07643477837582	
312.3517373547675	163.1260179154036	25.992167207110356	52.92039147665794	
309.5883206807936	162.99583485650749	26.76347735025483	52.76150412593665	
307.101691263495	162.74790753573285	27.05415714432457	52.8074020821813	
302.48937039365114	162.0684711162095	26.59353429660996	53.55400420837551	
300.1803904834623	163.12750510162516	26.420743613447563	53.766003156870994	
298.48809691378295	162.83131072504517	26.00230622239549	54.15272307319893	
293.3567540116315	162.50408770117423	25.411452559840583	54.31983808818779	
291.3335129250154	162.48425664517418	25.287145491281933	54.12220604780883	
289.0823508279424	162.35943490812886	25.625718560092352	54.1085686235669	
283.60142650688533	162.66724636512336	25.807997576351855	54.488798418394424	
281.07675341810835	162.94806925695192	26.36564882669029	54.11228355872375	
278.2209057827853	163.35928870637045	26.681630768021304	53.71831822188885	
272.9406964942283	163.48105884069975	26.448265203594737	53.82696353038443	
269.52539096360033	163.03668482323678	25.617974241535137	54.29722073822676	
265.2313003406757	162.33085426800164	24.78779859193761	54.57386421525892	
264.32704178934125	162.88906647243635	24.127260518825377	54.79242482416603	
260.1608316684492	163.07856152424432	23.41941090892493	54.7130172317367	
258.12502953444323	163.95447963351728	23.48871920602003	54.1595117731929	
255.5625616245956	163.44507664588383	24.011413986439205	53.36399909153842	
252.47401237758413	163.84924029472714	24.802477038109828	52.86745695534698	
247.04938835389243	161.3074841626238	24.79251793217292	53.559854030955044	
245.1866861440425	160.01070624925205	24.942996929204323	54.07725824827773	
242.71371129877713	161.3431754055013	24.815385428176224	54.49323204896895	
240.75944808684713	162.93955043880408	24.454040617142415	54.49385470880384	
235.65230077187786	162.7910169268284	23.287921237986733	54.76753679101335	
230.83034398231067	163.19898600342322	22.822129845807655	54.867868178610465	
228.92796264440034	163.30478487416178	22.742925360449696	54.551288560223625	
227.92809191343778	162.90130611977173	22.862351399363025	54.098402481128325	
227.71279957141837	162.48131865396576	22.1248232093708	54.65425807494311	
227.5492098936314	166.2683102596126	21.895543853320596	54.62869195501907	
215.33706404968086	169.08269404013686	24.043109772178695	53.04192564137655	
210.7003094556426	169.41892002776433	24.735242884510548	53.3403922619125	
210.365137711939	169.74622830035935	25.39433415678563	53.83043142122073	
207.08410366761458	167.73089939317188	26.058159294995065	54.60620022421259	
202.68632853442142	165.85945926446712	25.07380519584183	57.00677577504865	
202.80702519756042	166.47839120253505	24.10169528345084	58.28923088389814	
203.19819071478693	164.26961483354833	23.14371001649587	59.265915482604626	
199.79785384807968	163.08783749011423	22.408125529237754	59.3469255565883	
196.21353098825125	162.02358236298178	22.082584847527425	59.341470080186085	
195.12153651301273	160.56416210302962	22.14155186349516	59.55477018146551	
193.10053755094393	160.69360581572613	22.10382499896704	59.52549877222205	
191.6922855035225	161.7788168514571	22.228626251097445	58.73424771459218	
190.65268787669845	162.75236740637547	21.788039676818943	58.3657658464699	
189.0099049652428	162.1544796441226	21.620799265370472	57.37702494107453	
187.67049576283435	162.14359541487028	21.28570642293399	57.39603620792113	
185.84817500791058	162.48792279668635	20.994972957577012	57.41736521036799	
184.00800203012335	163.56211279447615	21.0620047613876	56.89787262972064	
182.25247905797963	163.0169921608511	20.893838850740348	57.08221472990989	
181.05347995588633	162.57768217049983	20.874910670954787	57.39251723767768	
179.7600109709914	162.66131545179135	20.804665470426006	57.80223722637943	
178.77616343145607	163.188713222964	20.660760627316495	58.12715879562164	
178.03505488082968	164.0950235624366	20.79743565531946	58.167108173591686	
177.19220988738272	163.120258526908	21.037937715921004	58.05843430902573	
177.59863746332042	162.81592911986212	21.554602789570506	58.134218836942765	
177.12873798150383	163.78337728402073	21.942621052520042	58.22086076622443	
177.6106074325073	162.96714563361164	22.110704259735535	59.169519316600095	
177.60254557296665	160.7567362845608	22.443210208144976	60.05000855837244	
178.81957826864442	159.7520072169246	22.795219455156115	61.266110692267745	
180.16353133643418	161.18729694834835	23.326290770901103	61.66604142610599	
180.35773711200227	160.8186414569853	23.664700999969668	61.913427501147794	
181.0925523813235	161.83193277251007	23.995185331398655	61.98639869356931	
