136.5	11.5	29	33	
134.34769749590873	9.461564451399841	29.146028281269082	33.516585052125855	
133.4803982055957	8.904315257241095	29.27513975366459	34.209353696962665	
132.02049062982908	9.164921735348045	29.48280886142031	34.77722059762132	
130.53563729190674	9.343222160068933	29.59625070762938	35.161644421164624	
129.26090176450734	9.519162616568693	29.666426508674533	35.44323338779233	
128.19721353510445	9.757695532045165	29.465086212566973	36.04475175102274	
127.3554787605033	9.761015667197547	29.52245200295732	36.263844611888246	
125.84522606403348	9.821762407781492	29.589010805473364	36.37514957296489	
124.87040827934786	9.512455947634727	29.662081633710002	36.55294656766027	
123.87037482983095	9.650221863140303	29.695642886038172	36.659173575541104	
122.74948906127064	9.503949025629108	29.712423340013665	36.676265861872544	
121.28816042555987	9.317913215057935	29.739468371597557	36.626263701524564	
120.69637187504794	8.982790174667674	29.76000185441918	36.804304907551135	
119.59349564390556	9.171754187229709	29.683524416343868	36.86138752424034	
118.37692527574043	9.339508066471005	29.776385096674346	36.77817123652382	
117.21308718249394	9.504549049934472	29.902092851694558	36.64949111421759	
116.1878599299254	9.610242240260686	29.921560332524393	36.744526967146705	
115.22599231364521	9.736157531590013	30.06237973447259	36.89572797208876	
114.97049748300816	9.219709552229371	30.022157561792834	37.12252028405482	
114.228580179726	8.433028262228355	30.139605277945783	36.945601887761384	
113.49299214153223	8.63176680474879	30.402743858720207	36.93457437814471	
112.79810715566671	8.294175439678884	30.720269305495492	36.90598504026084	
111.53163679994978	8.597793402594707	30.685472437583655	36.91377964154406	
110.50663479156773	7.843691838906214	30.71253033503926	37.11967039480606	
109.46920821301732	7.591729161741256	30.89505356088093	37.073347245450975	
108.35405939218755	6.450972570111617	31.087450039439297	37.39983833207634	
107.18926971368103	5.207631453715678	31.00414301530305	37.45564693243719	
105.23245440363684	5.194232591988154	31.03402629614277	37.15048093795477	
102.89771882339147	4.8850054567387104	31.101528214537545	36.991100435389995	
101.34533853795062	5.231213282631273	31.217424601993358	36.719600268033275	
99.80831291840595	4.914374454022411	31.33285410074152	36.65339404701995	
98.56393184165721	5.619991924292449	31.1945865968751	36.379309990154496	
96.66150358569458	6.364932179981093	31.10737615323395	36.192993431223194	
94.77685870709364	6.996643960094907	31.136573394490387	36.045037419365926	
93.53538079622061	7.491074201342752	31.144737212604873	35.93742344403805	
92.13834452174385	7.747925769344722	31.063153872047273	36.054803617684534	
90.76843607247764	7.497107205555356	31.215533140879998	36.009762202172446	
90.44231682622033	7.2511513173993976	31.154518671759018	36.02405808559725	
89.43353038316462	8.405162320231693	31.4141095422607	36.155993698646036	
87.79123636590488	8.748625350901627	31.565316210050433	36.10833293614955	
86.56201472229455	9.669242591789711	31.723928106890234	36.32081725968649	
85.49763965172806	9.430720385805031	31.715231844519806	36.35717136284657	
84.19278487837818	9.276560360595113	31.619974607696	36.54256328561996	
82.65931311684803	9.75058564952127	31.686110368610322	36.6472077437021	
81.19110901078183	9.879197367376353	31.70891742069327	36.70042031835265	
79.72960517423286	10.536229829555197	31.697564828059406	36.9391589103829	
79.30353882067043	10.630360985070425	31.57284338965738	37.21225854402789	
78.57561011931924	11.42827175710429	31.574663006829656	37.45863453738234	
78.33147182856081	11.322720295481545	31.595350508012807	37.396195175662314	
78.19347096896509	11.174198031486998	31.55507660078329	37.29025064396475	
77.9443278762902	11.01342594942652	31.482641755897767	37.17860437291458	
78.21499835098784	11.325925303294138	31.756400522689002	37.32624374768361	
78.40981666381879	11.275198438135114	32.01333404311093	37.52088592029149	
78.6239159094149	10.957777736277656	31.97109881304619	37.57381790590033	
78.55647179507308	11.432004511551533	32.12939948915258	37.76397304942911	
77.55644825400722	12.103992934959141	32.28701359551526	37.79472404780585	
76.81777528614882	12.018912648596348	32.31675666315192	37.66249383650624	
76.0949428410567	11.332900797318882	32.39284033080196	37.52508748821126	
75.42723429134101	12.245263666956703	32.62444664303243	37.46814360261146	
74.06216338461189	12.50969853115091	32.76133532080949	37.597267131268794	
73.06302678802345	12.225206465974573	32.83214092937639	37.51195617476081	
72.62797282936559	13.162690955648749	32.80918220202355	37.540125713745894	
72.18285863803315	12.823832743569515	32.5876503260138	37.86036694654961	
72.37058699932045	12.466717676984977	32.38558077327715	38.19663437124548	
72.74819330674501	12.301993111021709	32.26440523585496	38.64372075746975	
72.8180488096998	11.620296657953666	32.222585858687566	38.81800421898761	
72.59348945597702	12.08044912943641	32.38017744387399	38.93134585957925	
73.02162640784198	12.584823173847298	32.47072671986591	39.11674643046359	
73.28438267260785	12.423162519677078	32.77353391870865	39.17224007895868	
73.06049254204592	12.434550601317987	32.9137094795056	39.17322888732055	
72.84053616514944	12.070187033474696	33.09021041336369	39.11432707431862	
72.66216591714905	12.190827970438662	33.09203791307236	39.04867140380847	
72.08341242723642	12.267064618799786	33.17671874581818	38.88710216075937	
71.82515721934253	12.622839977023197	33.1441928971864	38.74303665759227	
71.99963808868594	12.335910110380851	33.02444467938409	38.823424202165796	
71.00868750958435	12.284420407432538	33.21343585776701	38.559174951055205	
70.51755222392944	12.508261198603591	33.29967797000474	38.421076615421015	
70.90391769829918	12.354391706248084	33.32254391886732	38.62640692279248	
70.61345455287355	12.755709578627727	33.4025323902377	38.576345204617816	
71.18262915329488	12.977131364877934	33.45854523372943	38.81664125432886	
71.05158803964511	13.437057221997101	33.451837335182134	38.80963008526798	
70.87231781960327	13.656540583759202	33.33489689095221	38.850182818368765	
70.32947699116475	13.179678207085416	33.286212869995694	38.69625598041537	
69.88493413123004	13.146043422207796	33.05250718037263	38.62989250282831	
70.12435248906397	13.640502449181504	32.983788180301936	38.788809822759376	
69.50995169868014	13.671148493520302	32.79160823469478	38.742455100440715	
69.6542422934078	13.386144734007797	32.59007641028309	38.792075744789976	
70.15365621586409	13.90577308777592	32.66330128257938	38.7692053077768	
69.67172152449871	13.4790284414849	32.724371178196186	38.56302331759059	
68.97451256775622	13.952038219237767	32.63134051856868	38.5420144432372	
68.8066684919522	13.474164521779674	32.660903416737774	38.540768496707464	
68.57349710543124	13.99702553564012	32.81457279986801	38.639531942619385	
68.95511061950779	13.287782539068026	32.75517225877927	38.81267806531069	
69.10004586639337	13.156652323088494	32.744766695304065	38.79412766429246	
69.22549876164203	12.986335132765642	32.84907886826386	38.76747530320461	
68.45191116084398	13.510235215517778	32.96776271587132	38.76379628390243	
68.5181175823059	13.407691307832419	32.81603109487965	38.64109687879509	
69.01248121223517	13.79287030155168	32.93283028231724	38.700464872115234	
68.90013668566125	13.71067929680818	32.930727446989664	38.409735199187224	
68.1474404514689	13.718457628582357	32.81095302236902	38.176180209814135	
67.49853237329245	13.241214117038037	32.76835525068998	37.84758617821527	
67.21990354582249	13.795720411363234	32.96140682996155	37.498054065944274	
67.74759583509164	13.939118103804162	32.80378854351843	37.313803569916445	
67.42270802911145	14.30303268554676	32.70893119611297	36.99678904933744	
67.99456348199048	13.77894406995592	32.26302664869232	36.82363885646974	
68.40369103360852	13.990144548529695	32.12562526993591	36.65815945889441	
69.02959526927249	14.204488891783381	31.781530092637215	36.37898553693439	
68.78695134800695	13.886517070485557	31.442135639845876	36.236180846075904	
68.91677132852932	12.970015292386577	31.154059383112987	36.01845345859405	
69.30940185685365	13.41610726485547	30.980574618788374	35.7142795863644	
69.56553153559445	13.370740168567636	30.83287923306468	35.54728088094316	
70.00924804497716	13.145004740939846	30.739751956086216	35.390664256130535	
70.20769056966212	13.283431006414723	30.60854954440779	35.22224556783978	
70.06074384299536	14.083049822903405	30.487457400607667	35.002672713571826	
70.20044154793018	13.748503757316328	30.276288395226103	35.08700447687565	
70.44570598895632	13.969807366771569	30.083614145313042	34.96155321518715	
70.74057330209678	14.176175558101967	29.80471300296653	34.983657720311314	
70.47618151592215	14.202231158725908	29.47478622670969	34.919932810142654	
69.97076436034334	13.711509874419523	29.459483424296145	34.66481980243096	
69.27120733775712	13.689708249256935	29.413307976861475	34.5106841370743	
69.58068883249702	13.647037186066687	29.414891626347263	34.559034708211065	
69.91313923604322	14.22166872350956	29.33514779643154	34.53472132700513	
69.6001288649462	13.939671747057055	29.64431716113839	34.44010493597703	
69.51560746173207	13.943925968135261	29.830009288288274	34.253143480519725	
68.93156486262251	14.168205103518122	30.132700073036176	33.984149059918416	
68.36251282700249	14.676279918060509	30.371386207474288	33.81891063088018	
67.83853789002407	14.06704370404379	30.512535930559874	33.86707601869908	
67.62553586206386	14.902692906922702	30.77231508957249	33.66293974520444	
67.1533875623425	14.569255261170817	31.151965742989347	33.64998698895583	
66.90596485664238	14.574630805072797	31.476056080961428	33.65526518455622	
66.9297909338772	14.362893635093286	31.586870846748397	33.871547550590606	
66.80240787171516	13.810470152606939	31.911166996197053	34.03885094456797	
66.44293405004242	13.731368692649085	32.03459068610472	34.22789610910877	
66.51076055884978	14.090357066085204	32.38473209350067	34.53730876939443	
66.47999742192928	13.645993942289447	32.24353666726939	34.62054613253694	
66.46326725002606	13.117282620873183	32.18196883417211	34.685340677835285	
66.82005396377362	13.236307607446705	32.09222548670934	34.81618075176161	
66.91177996851847	12.59831751059258	32.29112162723451	34.88856208854389	
67.28456729853461	12.266837911424059	32.172500390225444	34.988457367336714	
67.35057757506058	12.217299022514123	32.264541803115904	34.97498974429866	
67.5558634520377	11.959667502958755	32.18925589158033	35.09772043477658	
67.81768271581129	11.623420521155467	32.033622520550196	35.23477115201857	
68.01229150947924	11.433158927150327	31.946356550216763	35.269223364963615	
68.25039965444797	11.463973150464106	31.60021984261286	35.38650743874469	
68.35422540707089	11.326115785357391	31.371989537597766	35.43741265646212	
68.1293655486484	10.713972446678184	31.194216588198245	35.26418987813969	
68.07908650506661	10.87520483187038	31.12452335058897	35.06092704358303	
67.64756195382253	11.43159760586352	31.1927415943697	34.88673112810789	
67.86831829091935	11.050580270130656	31.18634857888463	34.94411408620234	
68.05888079676068	10.424057945879333	31.24999193639983	34.961542050745024	
68.14609151638103	10.247829483513033	31.203627559784987	35.070008285961556	
68.0393765446805	10.088383005856212	31.29958782734711	34.76484645173205	
67.9915581956466	11.559004856765078	31.368937012561155	34.41195996007362	
68.09787702772901	11.596604412067713	31.34759471885591	34.43256935548031	
68.52751550485047	11.962772871730003	31.323523319575152	34.395670701956206	
68.75588081381144	11.655330874340937	31.08669153647775	34.3279670135335	
68.90697398630891	11.743450486646445	31.04829234186581	34.12132441888481	
68.74876047039767	11.342309277794662	30.956351710066407	33.82903155067682	
68.26343612765051	10.655653496328885	30.723883740210994	33.755437500662815	
67.79967036595872	10.533468696940176	30.742645477236685	33.6225762465979	
67.43709851654936	10.704059584764888	30.77877581412458	33.47974065365245	
66.97617899633043	10.179612832793332	30.735127612817426	33.36777552646153	
67.14332353679556	9.69528202320328	30.716246612703422	33.36090473311264	
66.58360263563775	9.65203661488679	30.683093848673856	33.490864989937606	
66.25037591409445	10.199753667994425	30.88487231231212	33.43910380299571	
65.68377739475841	10.233186355182845	31.215476715829496	33.30500702681776	
65.50081672837955	10.516214909148893	31.44420143324889	33.34104671492143	
65.17445810650395	10.328377602531425	31.561419700292625	33.306959601300136	
65.48561250919131	10.650657632758449	31.707996567010326	33.4026480421469	
66.01204049575705	8.215886585619764	31.529619291655656	33.45154337357637	
65.87407719094293	8.577541547322458	31.165658866390856	33.43291174721383	
65.42154130460854	8.559558747905548	31.047892761786066	33.426832460591086	
65.39706138751326	8.206284170020286	30.879006381205347	33.72393892336654	
65.23498196354167	8.446051752889801	30.681012566871324	33.93406716781428	
59.78717334961537	12.83351288466923	31.240543521530547	33.6897368689771	
57.67081796372029	17.229991793309978	31.846506208298745	32.99460791674687	
56.53005931113695	18.527024822252535	32.09734333386947	32.56810648937018	
56.29840760508371	19.17603682117765	31.87989309769486	32.44792379725268	
57.06816308140958	19.32385783993069	31.593523667450658	32.13562694049649	
58.929877860288414	18.45453432405776	31.490164805570053	31.853082852094644	
60.32232249008858	18.223117870668887	31.353816996470215	31.903411622310045	
62.42345988792111	17.334075161593404	31.233510508300267	32.12869996137471	
64.6298130060076	16.87526341128978	31.611862812471557	32.211602552386466	
66.27016735509059	16.728469579388957	31.868570572435434	32.52533477004317	
68.54411910976171	16.221109671432586	31.98857620844843	32.38121571781474	
69.18611121478976	16.404740976638347	31.74884940081235	32.15527549664825	
69.18501432190875	16.443104020557104	31.62327234545271	32.12056399275601	
69.83822905114141	16.860381928240276	31.2164300413758	32.170921681513356	
69.73671033767332	17.74532545834535	31.28598373060487	31.932174591128952	
69.30833178224438	17.517619544136437	31.35428088481678	31.74010116335171	
67.74847764584993	18.77932520224985	31.363779215741673	31.3477316123379	
65.94952038347282	19.80271998232555	31.636758065828534	31.187703598321452	
64.27449477532491	20.131792775204502	31.538325338185118	31.01687944896872	
62.92651779730421	20.908027343509918	31.326047797415626	31.048486240092267	
61.391897115640724	21.292508598099918	31.021787383093663	31.11962401930338	
60.67388183047625	21.01606391835447	30.522506874397347	31.172115577395044	
60.48754322303562	21.206749316066436	30.32020520124378	31.1319776182176	
59.805655299892486	20.900408817784747	29.973996268172144	31.169469739582617	
59.82785360873851	20.812281094893002	29.994188234485936	31.326431411446762	
59.19223884819617	20.778924448264	30.079340637650688	31.51693569154072	
59.12643712125245	20.8165893662401	30.028185551623036	31.77187236106834	
58.785505278757725	20.581257443976188	29.771993184881378	31.746984708852004	
58.104909612764615	20.584933499568884	29.78605529113671	31.8527943180021	
58.25223894534358	21.154377080812907	29.666784038288426	31.67605075550108	
57.81194725566334	20.912850678973445	29.658707344368572	31.67756109110902	
56.714064645523514	21.034032638571695	29.666361020992824	31.572349515900942	
55.649653366893034	21.294175256860193	29.59177605223754	31.403589258200057	
54.60392089247396	21.721917241054406	29.50135361284633	31.289344897145767	
53.88459288918767	21.935203774325487	29.36685707730465	31.108300230547908	
52.80415518803055	22.05004891080952	29.330400812672472	30.927497687224623	
52.195798315038346	22.080183976490233	29.236828752001003	30.675561653129392	
51.11338029059482	22.76582059290356	29.162227697616565	30.33940199337708	
49.51582705847714	23.41607006493014	29.05805947885326	30.164464405868415	
48.118316936089364	23.414800656466983	28.93402450016386	29.820032605023577	
46.452222272733536	23.89100493673555	28.880872659425563	29.38551777608053	
44.998951101370636	24.055877741313783	28.592129681869373	29.232018750385826	
44.168884086459684	23.989912762446682	28.392857836485298	29.27739254916016	
43.725499832832156	24.029962984601447	28.177161429418454	29.316444263349396	
42.59477988586033	24.264846266858683	28.08335191845487	29.14572221849778	
41.32635013305753	24.858595246687408	28.175218643375047	28.973035774648434	
39.66682203200407	25.00092158233988	28.308554401756385	28.92510402295256	
38.3289786403505	25.155484366318227	28.472961363667643	28.74677025322985	
33.766619466765434	25.623871976872362	28.743637657615132	28.624000168611452	
29.80848937052278	27.17757496126967	28.732821510378752	28.622556476275573	
25.934659708853253	27.532592889063874	28.450941725441435	28.264880004985493	
22.500640447299435	28.25880488485629	28.121144326307864	27.96911478205453	
18.54326483371084	29.594652733074422	27.80524751271357	27.866134657975444	
15.315238062713469	30.66185370143753	27.36300755953009	27.817555065075528	
13.881486334325745	35.65403006949292	27.71111447280273	27.41007229356436	
10.550266678367016	37.11061044784003	27.584611924521212	27.06909824532044	
9.632320853729532	38.84117664473733	27.650353031536966	27.059166813592494	
8.669878102441999	40.47416253144519	27.765818067688997	26.959497244308864	
8.244958227651964	41.84570993008677	27.899448584461908	26.632259762089184	
8.270224994592406	42.57749142480417	27.945215101197288	26.50828684528621	
7.964613590940823	43.34368923655322	28.008478401988764	26.460201729562463	
8.890218549573841	43.77097942163922	27.72403272021925	26.232466778797363	
8.563827970243434	44.10912947254194	27.60828637109808	26.08515170049045	
9.337903541581271	44.52489460831415	27.63865457275224	25.94603159997798	
8.810117644729914	45.21485516720392	27.887843948776123	25.76923846243067	
9.002595314085333	45.73681234230612	27.7732291123274	25.81641431455782	
8.469383762983531	46.428516342921625	27.91053507137686	25.778619554522493	
8.10980928640211	47.01124223464754	27.745791547981018	25.655421503751935	
7.685535437081672	47.83164713468405	27.78602379070835	25.497578603550746	
7.389539107013622	48.01059748628879	27.63227693124835	25.617354560163733	
6.769652571510159	48.30196785414213	27.610801175274684	25.6007640129031	
6.969917363448445	48.07047918642098	27.38594908461272	25.634273282845136	
6.940507705634319	47.68587193220199	27.1558053803931	25.518142272694085	
8.194127101666405	47.166341494982696	26.744079932139964	25.56385514469891	
9.165306069611912	46.843667006263665	26.583694762171497	25.467841371606724	
11.215133796281838	45.169829089569554	26.491722109124613	25.584215897316724	
12.559890475304204	44.24521695108094	26.17323097550615	25.474778618050053	
14.33944910360086	43.432382866273585	25.714076668665648	25.332303849050867	
16.813103818091964	43.61171076655488	25.472360825651457	25.38121686085859	
17.660105194761435	43.38989032398573	25.363322466881908	25.376574043861794	
18.496665577088617	42.57828852357291	25.16754597674842	25.556759923511287	
19.193685756807497	41.77844864871027	25.15786378495898	25.599050175479622	
20.177927109955533	41.799726134936286	25.174776867809328	25.441449648091652	
20.220280259417116	42.385931495937825	25.575852029886608	25.28768278213715	
20.060692577429954	43.2178275837499	25.936999233825322	25.3163829723501	
17.98328507489174	42.83448654978754	26.21272750603737	25.476607926055152	
18.115309873685437	43.336189930290544	26.57865328696331	25.769042143671577	
16.140752302012952	43.36598195252251	26.78765803296941	26.07122694095112	
14.62589830598603	44.44630901918293	26.846559426359924	26.38799981339811	
15.472603747479933	45.59707267657989	27.19318188382622	26.94796727819097	
16.222916314533023	46.376901289025874	27.623656283754766	27.607566692779596	
16.536389874098887	47.26201544115433	28.003034290317316	28.046551168521454	
17.0903815365116	48.08808159934719	28.470450960342053	28.6180156634303	
17.2557089872616	48.71729918749605	28.99233720750462	29.106753677249454	
17.676722207665158	49.47016937329063	29.28639317750988	29.69736039924246	
17.587637855331526	50.2519285255961	29.482530516320615	30.41194377729449	
17.61352121515966	50.77782790659483	29.83357141981231	31.129420442161646	
17.418176286705208	51.00130157843549	30.220120944845682	31.843078409874067	
16.74016071474012	51.670702791364356	30.654611888065563	32.483342713561925	
16.523421809687434	51.54365818738944	30.96113915107182	33.2046786625682	
16.157587668434044	51.42086483186951	31.28639927265369	33.65099165918488	
15.602381286610058	51.4003647714022	31.272423937584925	34.1632461586767	
15.116098127612727	50.95361380611895	31.532776322111722	34.38727754061343	
14.87229138408315	50.84959842815477	31.792648508111153	34.62970410303318	
14.498846250669743	50.45511906822476	31.98661211535392	34.887594438245834	
14.46488019948945	50.059890526344915	32.187998972663124	35.18621714972348	
13.81885363661252	50.56030007022406	32.38445566573113	35.4582982856972	
13.476424325476962	50.947148623897164	32.56241946111321	35.68982469100053	
13.320126387013048	50.87639763106084	32.775132340468616	35.85977481692182	
12.441556068780073	51.32175018376423	33.09427074819769	35.93948208505783	
11.68766290128725	51.69045432863455	33.31389449411015	35.93605498742916	
10.659093759743715	51.851239710145336	33.55233627832637	36.16144970425835	
9.951555496065204	51.927633455832165	33.62375245106914	36.32040189603595	
7.289758528700013	51.63645723219072	33.47184341796505	36.60011119322766	
8.277155120827924	51.47330293754713	33.405377813207515	36.90198454546479	
9.174506474563948	51.57965692494508	33.21338058440368	37.05055862127848	
9.555080248056214	51.217561218029104	33.09285565323336	37.20669518024059	
8.998968957411261	51.952613459973236	33.22359954342219	37.084931922930075	
9.249023827741734	51.696804373437644	33.04945404498117	37.258745659317604	
9.284318592952392	51.54164182588525	32.919260782480585	37.25737583435939	
9.229715572430543	51.41795674144697	32.862020599669265	37.114032996977926	
9.044348719148473	51.9591171263987	32.81241066876697	37.04495208760913	
9.412820187020916	52.3848504365361	32.86008408414971	36.963171033759664	
8.71932387566148	51.747025426525624	32.80843098638671	37.119576478280116	
9.12460601133736	52.199390268278854	32.74410685404252	37.073566143681134	
9.279008690395283	51.515993925062304	32.74790282382279	37.27792735161387	
8.427258603504978	52.07272548504578	32.84915456735133	37.257997389949224	
7.9549394787091785	52.16908697126403	33.048577758616204	37.15924565505297	
7.311624422944558	52.63418988175671	33.12110107197345	37.2759365301583	
7.433006128467923	51.9993496050917	33.20684240211858	37.379953841148236	
7.4624907947004715	51.57303374451683	33.27114131630418	37.64732761485307	
7.309572722312449	52.070113321521056	33.30148425648657	37.777883789061164	
7.4263323348399695	51.9718155139054	33.46611002163729	37.77355302592315	
6.58400263542433	52.15443166002696	33.513425894582035	37.809215524567854	
6.573578207247721	51.357858448022945	33.66938496528786	37.63571210631362	
6.692992481847263	51.201541032899385	33.787045776421266	37.641688698388215	
6.958846971076468	51.071766978953754	33.95817802024908	37.65707479811316	
6.851521772603451	51.221337360068674	33.85783044613722	37.883021690473925	
6.810391845780924	51.43009146293291	33.818702847895146	38.01875575092358	
6.7921052064568315	51.84473538065852	33.71144108859663	38.13516128915248	
6.807758018878484	51.4031587690809	33.689629580283146	38.03793570571667	
6.95285221900415	51.58908298244772	33.47346827129654	38.2072100135297	
7.0367189837351845	51.16657761473302	33.3351128579653	38.20372836500219	
7.166777427776722	51.59279632839476	33.24398454045317	38.26089298369159	
7.737772857704957	51.62051352609811	33.192165017724385	38.23294534845417	
7.33472720060551	51.95695568034981	33.223178571703706	38.179239096667686	
7.498638517087883	51.20505244877071	33.30065923816599	37.90286462873458	
7.174863391071742	51.56695617895311	33.36168106974997	37.784547733669754	
7.3910185747983554	51.57118195470859	33.36501237848426	37.822987808129405	
6.889640516254325	51.97972991451176	33.33793100644421	37.787276535415614	
7.293351328272774	52.03647763264929	33.32951512924874	37.764468724250705	
7.554069436339276	52.15704557694269	33.44685384454655	37.74562904380712	
7.0357526018804535	51.794870122296736	33.47940471450637	37.565072905350476	
7.321676068256718	51.84135772492504	33.45836847644836	37.68226750717032	
6.90569468421382	52.19532252146949	33.40637195116868	37.67475435981354	
7.321232017640213	51.41053535118584	33.38289659042246	37.62914367802671	
7.1565258407336	51.735685793786054	33.30615556336487	37.85021179707586	
7.7325117632423	51.43370658901838	33.164250227594295	38.064645389144474	
7.226161841526292	51.76031101792722	33.13333246486329	38.11566695906879	
7.665797464136517	51.71232847581963	33.2112657403452	38.13189163820126	
7.163481781497673	52.00205523635462	33.19804992525637	37.97813744054704	
7.645288289992777	51.95065682650883	33.14127615978441	37.94273817931555	
7.27877105411158	52.16994655643432	33.06381012896044	37.84973357526901	
7.036316573577029	51.963440506956935	33.048790496393984	37.882948304982065	
6.719625161576801	52.24878476731158	33.03385067854492	37.70928763442385	
7.294204786529431	52.08203203225082	32.92649538467146	37.516121396915196	
7.470807710475803	52.199117716349406	33.02400188976982	37.51755324202828	
7.871452473202751	52.983809344579335	33.11809965622419	37.43808940962542	
8.39244887207542	53.11457212714253	32.93492276691086	37.36405266862813	
9.288611349925205	53.027522872946086	33.01654376267308	37.13546064719772	
10.81155441263494	52.41987168906958	32.99947648300251	36.58778803745745	
13.015312054870396	51.70591145850146	33.03240137644908	36.26844995462548	
18.188989468865355	51.266261220098656	32.91570984801971	35.99252122057752	
20.891972213662655	50.43048754463679	33.05990810430524	35.91530250685739	
24.184875083419595	49.98685917982857	33.03723322035166	35.746319869942454	
27.02153477486855	49.50204324093377	32.912491622945694	35.534564084844476	
32.22506528536979	49.65486048653523	33.25614108930894	35.1803658338676	
34.18726310620712	49.103486405861005	33.5122221131311	35.07512287201658	
36.773497798622515	48.78532769304246	33.62728696520826	34.97593584923982	
39.038017243632794	48.80432889728398	33.72007758492282	34.85492159004209	
40.88994680186295	48.44111291592834	33.59676508597045	34.75884402554695	
42.50016680098075	48.964718914359906	33.47233720321336	34.86028029070775	
42.82462197109596	49.845316500468925	33.49117531421585	34.76176252575441	
43.3809792868029	50.29326062539211	33.464599646501306	34.57045696710068	
43.706152383914905	50.317219409157055	33.28083890960228	34.56928497926053	
43.968525241666086	50.35001360684889	33.19008200368549	34.380839527318734	
44.398403168555596	50.1886040674019	33.19615406795914	34.50823685089884	
44.95718786931994	50.00596313314868	33.151450867831215	34.74834374997054	
43.64557436635607	50.42396351781396	33.45008432975259	34.643803015487244	
43.35811807978529	49.68064204111843	33.56344535584368	34.84381211973431	
41.26946413799804	50.323451416253945	34.24177128675095	34.90134863431771	
38.65112894772775	50.87040203508826	34.619618367883575	35.146648250950534	
36.85309029069792	50.826604155925324	34.76721269167834	35.35891812833167	
35.42967457892947	50.50049524428279	34.94169299331277	35.62417425308465	
34.97133953486888	50.48416625853895	34.98182474515694	35.737225576186795	
35.06091380359189	50.40499787375392	34.94252299456758	35.85040133319673	
35.393393722065106	50.03236854904979	35.068254116121054	36.056965183658605	
37.03286626418094	49.07814206348839	35.111711270735206	36.19549995142752	
37.52655027561547	49.620023764766415	35.470007629847046	36.13920677992769	
37.01140115328645	49.42651490753423	35.46469758287911	36.17517128627936	
35.60061069726072	49.29939371360605	35.60600973043473	36.268572581668394	
