136	28	23	28
136.39972699087315	28.399726990873155	23.0	28.0
136.5	28.5	23.0	28.0
136.39972699087315	28.600273009126845	23.0	28.0
136.5	28.70054601825369	23.0	28.0
136.39972699087315	31.809009301185945	23.0	28.0
136.5	31.7087362920591	23.0	28.0
136.39972699087315	31.809009301185945	23.0	28.0
136.5	31.90928231031279	23.0	28.0
136.60027300912685	32.009555319439635	23.0	28.0
136.7005460182537	32.10982832856648	23.0	28.0
136.80081902738056	32.210101337693324	23.0	28.0
136.9010920365074	32.31037434682017	23.0	28.0
137.00136504563426	32.41064735594701	23.0	28.0
136.9010920365074	32.51092036507386	23.0	28.0
136.80081902738056	32.6111933742007	23.0	28.0
136.7005460182537	32.51092036507386	23.0	28.0
133.59208273532144	32.41064735594701	23.0	28.0
133.4918097261946	32.31037434682017	23.0	28.0
133.39153671706774	29.201911063887913	23.0	28.0
133.29126370794089	29.302184073014757	23.0	28.0
130.18280042500862	29.402457082141602	23.0	28.0
130.28307343413547	29.502730091268447	23.0	28.0
130.18280042500862	29.402457082141602	23.0	28.0
130.08252741588177	29.302184073014757	23.0	28.0
129.98225440675492	29.201911063887913	23.0	28.0
129.88198139762807	29.101638054761068	23.0	28.0
129.78170838850122	29.001365045634223	23.0	28.0
129.68143537937436	28.90109203650738	23.0	28.0
129.5811623702475	29.001365045634223	23.0	28.0
129.48088936112066	28.90109203650738	23.0	28.0
132.58935264405292	29.001365045634223	23.0	28.0
132.48907963492607	29.101638054761068	23.0	28.0
132.58935264405292	29.201911063887913	23.0	28.0
132.68962565317977	29.302184073014757	23.0	28.0
132.78989866230663	31.608463282932235	23.0	28.0
135.8983619452389	31.50819027380539	23.0	28.0
135.99863495436574	31.608463282932235	23.0	28.0
136.0989079634926	31.70873629205908	23.0	28.0
139.20737124642486	31.809009301185924	23.0	28.0
139.107098237298	31.90928231031277	23.0	28.0
139.20737124642486	32.00955531943961	23.0	28.0
139.3076442555517	31.90928231031277	23.0	28.0
142.41610753848397	32.00955531943961	23.0	28.0
142.51638054761082	31.90928231031277	23.0	28.0
142.61665355673767	32.00955531943961	23.0	28.0
142.71692656586453	31.90928231031277	23.0	28.0
145.8253898487968	32.00955531943961	23.0	28.0
145.92566285792364	31.90928231031277	23.0	28.0
146.0259358670505	32.00955531943961	23.0	28.0
149.13439914998276	31.90928231031277	23.0	28.0
149.2346721591096	32.00955531943961	23.0	28.0
152.34313544204187	32.10982832856646	23.0	28.0
152.44340845116872	32.2101013376933	23.0	28.0
152.54368146029557	32.31037434682015	23.0	28.0
152.64395446942243	32.41064735594699	23.0	28.0
155.7524177523547	32.51092036507384	23.0	28.0
155.85269076148154	32.61119337420068	23.0	28.0
158.9611540444138	32.711466383327526	23.0	28.0
159.06142705354065	32.81173939245437	23.0	28.0
159.1617000626675	32.912012401581215	23.0	28.0
162.27016334559977	33.01228541070806	23.0	28.0
162.16989033647292	33.112558419834905	23.0	28.0
162.27016334559977	33.21283142896175	23.0	28.0
162.37043635472662	33.313104438088594	23.0	28.0
162.47070936385347	33.41337744721544	23.0	28.0
162.57098237298032	33.51365045634228	23.0	28.0
162.47070936385347	36.42156772102084	23.0	27.999999999999993
162.37043635472662	36.321294711894	23.0	28.0
159.26197307179436	33.21283142896174	23.0	28.0
159.1617000626675	33.31310443808859	23.0	28.0
156.05323677973524	33.41337744721543	23.0	28.0
152.94477349680298	33.513650456342276	23.0	28.0
152.84450048767613	33.61392346546912	23.0	28.0
149.73603720474387	33.513650456342276	23.0	28.0
146.6275739218116	33.41337744721543	23.0	28.0
146.52730091268475	33.31310443808859	23.0	28.0
143.4188376297525	33.21283142896174	23.0	28.0
143.51911063887934	31.708736292059037	23.0	28.0
143.4188376297525	31.608463282932192	23.0	28.0
143.31856462062564	31.508190273805347	23.0	28.0
143.21829161149878	31.407917264678503	23.0	28.0
143.11801860237193	31.307644255551658	23.0	28.0
143.01774559324508	31.207371246424813	23.0	28.0
143.11801860237193	31.10709823729797	23.0	28.0
143.21829161149878	30.806279209917427	23.0	28.0
143.31856462062564	30.706006200790583	23.0	28.0
146.4270279035579	30.605733191663738	23.0	28.0
146.52730091268475	30.505460182536893	23.0	28.0
146.6275739218116	30.40518717341005	23.0	28.0
149.73603720474387	30.505460182536893	23.0	28.0
149.83631021387072	30.605733191663738	23.0	28.0
149.93658322299757	30.706006200790583	23.0	28.0
150.03685623212442	30.806279209917427	23.0	28.0
150.13712924125127	30.906552219044272	23.0	28.0
151.03958632339288	31.006825228171117	23.0	28.0
151.13985933251973	30.906552219044272	23.0	28.0
151.24013234164659	31.006825228171117	23.0	28.0
151.34040535077344	31.10709823729796	23.0	28.0
151.24013234164659	31.207371246424806	23.0	28.0
151.13985933251973	31.10709823729796	23.0	28.0
151.03958632339288	31.006825228171117	23.0	28.0
150.93931331426603	30.906552219044272	23.0	28.0
150.83904030513918	30.806279209917427	23.0	28.0
150.73876729601233	30.706006200790583	23.0	28.0
150.63849428688548	30.605733191663738	23.0	28.0
150.53822127775862	30.505460182536893	23.0	28.0
150.43794826863177	30.605733191663738	23.0	28.0
150.53822127775862	30.706006200790583	23.0	28.0
150.63849428688548	30.806279209917427	23.0	28.0
150.73876729601233	30.906552219044272	23.0	28.0
150.83904030513918	30.806279209917427	23.0	28.0
150.93931331426603	30.706006200790583	23.0	28.0
151.03958632339288	30.605733191663738	23.0	28.0
151.13985933251973	30.505460182536893	23.0	28.0
151.24013234164659	30.40518717341005	23.0	28.0
151.34040535077344	30.304914164283204	23.0	28.0
151.4406783599003	30.20464115515636	23.0	28.0
151.54095136902714	30.104368146029515	23.0	28.0
151.4406783599003	30.20464115515636	23.0	28.0
151.54095136902714	30.304914164283204	23.0	28.0
151.4406783599003	30.40518717341005	23.0	28.0
151.54095136902714	30.505460182536893	23.0	28.0
151.641224378154	30.605733191663738	23.0	28.0
151.74149738728084	30.706006200790583	23.0	28.0
151.8417703964077	30.806279209917427	23.0	28.0
151.94204340553455	30.906552219044272	23.0	28.0
154.6494146519594	31.006825228171117	23.0	28.0
154.54914164283255	31.10709823729796	23.0	28.0
154.4488686337057	31.207371246424806	23.0	28.0
154.34859562457885	31.30764425555165	23.0	28.0
154.248322615452	31.207371246424806	23.0	28.0
154.14804960632515	31.10709823729796	23.0	28.0
154.0477765971983	31.006825228171117	23.0	28.0
153.94750358807144	30.906552219044272	23.0	28.0
152.44340845116875	31.006825228171117	23.0	28.0
152.3431354420419	30.906552219044272	23.0	28.0
152.24286243291505	31.006825228171117	23.0	28.0
152.1425894237882	31.10709823729796	23.0	28.0
152.04231641466134	31.207371246424806	23.0	28.0
151.9420434055345	31.30764425555165	23.0	28.0
151.84177039640764	31.407917264678495	23.0	28.0
151.7414973872808	31.50819027380534	23.0	28.0
151.64122437815394	31.608463282932185	23.0	28.0
151.54095136902708	31.70873629205903	23.0	28.0
151.44067835990023	31.809009301185874	23.0	28.0
151.34040535077338	31.90928231031272	23.0	28.0
151.24013234164653	32.00955531943956	23.0	28.0
151.13985933251968	32.10982832856641	23.0	28.0
151.03958632339283	32.21010133769325	23.0	28.0
150.93931331426597	32.10982832856641	23.0	28.0
147.8308500313337	32.00955531943956	23.0	28.0
150.73876729601227	32.10982832856641	23.0	28.0
150.63849428688542	35.218291611498664	23.0	28.0
150.53822127775857	35.31856462062551	23.0	28.0
150.43794826863171	38.427027903557764	23.0	27.999999999999993
150.53822127775857	38.52730091268461	23.0	28.0
150.43794826863171	38.627573921811454	23.0	28.000000000000007
150.33767525950486	38.7278469309383	23.0	28.0
150.43794826863171	38.82811994006514	23.0	27.999999999999993
150.53822127775857	38.7278469309383	23.0	28.0
150.43794826863171	38.82811994006514	23.0	27.999999999999993
150.53822127775857	38.92839294919199	23.0	28.0
150.43794826863171	38.82811994006514	23.0	27.999999999999993
150.53822127775857	38.7278469309383	23.0	28.0
150.68681355811825	39.12304983130153	22.509518072289154	27.402891566265055
150.58867890111375	39.22118448830603	22.509518072289154	27.402891566265062
150.49054424410926	39.12304983130153	22.509518072289154	27.402891566265055
150.39240958710477	39.02491517429703	22.509518072289154	27.402891566265062
150.29427493010027	35.78647149314842	22.509518072289154	27.402891566265055
150.19614027309578	35.68833683614392	22.509518072289154	27.402891566265055
147.15396590595617	32.44989315499531	22.509518072289154	27.402891566265055
146.66329262093365	29.407718787855707	22.509518072289154	27.402891566265055
143.62111825379404	29.309584130851206	22.509518072289154	27.402891566265055
145.2894074228706	29.407718787855707	22.509518072289154	27.402891566265055
148.3315817900102	29.505853444860207	22.509518072289154	27.402891566265055
148.4297164470147	29.603988101864708	22.509518072289154	27.402891566265055
148.5278511040192	29.70212275886921	22.509518072289154	27.402891566265055
148.62598576102368	29.80025741587371	22.509518072289154	27.402891566265055
148.72412041802818	29.89839207287821	22.509518072289154	27.402891566265055
148.82225507503267	29.99652672988271	22.509518072289154	27.402891566265055
148.72412041802818	30.09466138688721	22.509518072289154	27.402891566265055
148.82225507503267	30.19279604389171	22.509518072289154	27.402891566265055
148.72412041802818	30.29093070089621	22.509518072289154	27.402891566265055
149.99987095908673	30.389065357900712	22.509518072289154	27.402891566265055
149.90173630208224	30.487200014905213	22.509518072289154	27.402891566265055
149.80360164507775	30.585334671909713	22.509518072289154	27.402891566265055
149.70546698807325	30.683469328914214	22.509518072289154	27.402891566265055
149.60733233106876	30.585334671909713	22.509518072289154	27.402891566265055
149.50919767406427	30.487200014905213	22.509518072289154	27.402891566265055
149.60733233106876	30.389065357900712	22.509518072289154	27.402891566265055
149.70546698807325	30.487200014905213	22.509518072289154	27.402891566265055
149.80360164507775	30.585334671909713	22.509518072289154	27.402891566265055
149.70546698807325	30.683469328914214	22.509518072289154	27.402891566265055
149.80360164507775	30.781603985918714	22.509518072289154	27.402891566265055
149.70546698807325	30.879738642923215	22.509518072289154	27.402891566265055
149.80360164507775	30.977873299927715	22.509518072289154	27.402891566265055
149.70546698807325	31.076007956932216	22.509518072289154	27.402891566265055
149.80360164507775	31.174142613936716	22.509518072289154	27.402891566265055
149.90173630208224	31.272277270941217	22.509518072289154	27.402891566265055
149.99987095908673	31.370411927945717	22.509518072289154	27.402891566265055
150.09800561609123	31.272277270941217	22.509518072289154	27.402891566265055
150.19614027309572	31.370411927945717	22.509518072289154	27.402891566265055
150.29427493010022	31.272277270941217	22.509518072289154	27.402891566265055
150.3924095871047	31.370411927945717	22.509518072289154	27.402891566265055
150.4905442441092	31.272277270941217	22.509518072289154	27.402891566265055
150.5886789011137	31.370411927945717	22.509518072289154	27.402891566265055
150.6868135581182	31.272277270941217	22.509518072289154	27.402891566265055
150.78494821512268	31.370411927945717	22.509518072289154	27.402891566265055
150.6868135581182	31.272277270941217	22.509518072289154	27.402891566265055
150.78494821512268	31.370411927945717	22.509518072289154	27.402891566265055
150.6868135581182	31.468546584950218	22.509518072289154	27.402891566265055
150.78494821512268	31.370411927945717	22.509518072289154	27.402891566265055
150.88308287212718	31.468546584950218	22.509518072289154	27.402891566265055
150.78494821512268	31.56668124195472	22.509518072289154	27.402891566265055
150.88308287212718	31.66481589895922	22.509518072289154	27.402891566265055
150.98121752913167	31.76295055596372	22.509518072289154	27.402891566265055
151.07935218613616	31.86108521296822	22.509518072289154	27.402891566265055
151.17748684314066	31.95921986997272	22.509518072289154	27.402891566265055
151.27562150014515	31.86108521296822	22.509518072289154	27.402891566265055
151.37375615714964	31.76295055596372	22.509518072289154	27.402891566265055
151.47189081415414	31.66481589895922	22.509518072289154	27.402891566265055
151.57002547115863	31.56668124195472	22.509518072289154	27.402891566265055
151.47189081415414	29.113314816842134	22.509518072289154	27.402891566265055
151.37375615714964	29.211449473846635	22.509518072289154	27.402891566265055
151.47189081415414	29.113314816842134	22.509518072289154	27.402891566265055
151.37375615714964	28.622641531819617	22.509518072289154	27.402891566265055
151.27562150014515	25.384197850671008	22.509518072289154	27.402891566265055
149.99987095908662	22.342023483531406	22.509518072289154	27.402891566265055
149.90173630208213	22.243888826526906	22.509518072289154	27.402891566265055
149.80360164507763	19.201714459387304	22.509518072289154	27.402891566265055
149.70546698807314	19.103579802382797	22.509518072289154	27.402891566265062
149.60733233106865	15.865136121234192	22.509518072289154	27.402891566265055
149.50919767406415	12.82296175409459	22.509518072289154	27.402891566265055
149.41106301705966	12.724827097090087	22.509518072289154	27.402891566265062
149.31292836005517	9.682652729950485	22.509518072289154	27.402891566265062
149.21479370305067	9.780787386954989	22.509518072289154	27.402891566265055
149.11665904604618	9.682652729950485	22.509518072289154	27.402891566265062
149.0185243890417	9.584518072945981	22.509518072289154	27.402891566265055
148.9203897320372	9.682652729950485	22.509518072289154	27.402891566265062
148.8222550750327	12.724827097090087	22.509518072289154	27.402891566265062
148.7241204180282	12.82296175409459	22.509518072289154	27.402891566265055
148.8222550750327	15.865136121234192	22.509518072289154	27.402891566265055
148.9203897320372	18.907310488373795	22.509518072289154	27.402891566265055
149.0185243890417	19.005445145378296	22.509518072289154	27.402891566265062
149.11665904604618	22.047619512517898	22.509518072289154	27.402891566265055
149.21479370305067	25.0897938796575	22.509518072289154	27.402891566265055
149.31292836005517	25.187928536662	22.509518072289154	27.402891566265055
149.41106301705966	25.2860631936665	22.509518072289154	27.402891566265055
152.45323738419927	28.3282375608061	22.509518072289154	27.402891566265055
152.35510272719478	28.2301029038016	22.509518072289154	27.402891566265055
152.25696807019028	28.3282375608061	22.509518072289154	27.402891566265055
152.1588334131858	28.2301029038016	22.509518072289154	27.402891566265055
152.0606987561813	28.3282375608061	22.509518072289154	27.402891566265055
149.0185243890417	28.2301029038016	22.509518072289154	27.402891566265055
149.11665904604618	28.1319682467971	22.509518072289154	27.402891566265055
149.21479370305067	28.0338335897926	22.509518072289154	27.402891566265055
149.31292836005517	27.9356989327881	22.509518072289154	27.402891566265055
149.41106301705966	27.8375642757836	22.509518072289154	27.402891566265055
149.31292836005517	27.7394296187791	22.509518072289154	27.402891566265055
149.21479370305067	27.641294961774598	22.509518072289154	27.402891566265055
149.31292836005517	27.543160304770097	22.509518072289154	27.402891566265055
149.21479370305067	25.678601821684538	22.509518072289154	27.402891566265055
149.11665904604618	25.580467164680037	22.509518072289154	27.402891566265055
149.0185243890417	25.482332507675537	22.509518072289154	27.402891566265055
148.9203897320372	25.580467164680037	22.509518072289154	27.402891566265055
148.8222550750327	25.678601821684538	22.509518072289154	27.402891566265055
148.9203897320372	25.77673647868904	22.509518072289154	27.402891566265055
149.0185243890417	25.87487113569354	22.509518072289154	27.402891566265055
149.11665904604618	28.91704550283314	22.509518072289154	27.402891566265055
149.21479370305067	28.81891084582864	22.509518072289154	27.402891566265055
149.31292836005517	28.72077618882414	22.509518072289154	27.402891566265055
149.41106301705966	28.62264153181964	22.509518072289154	27.402891566265055
152.58329040097706	28.820241368877284	22.029495819422266	26.81851664973145
152.6793323068623	28.724199462992033	22.029495819422266	26.81851664973145
158.7299723776331	25.746900380549263	22.029495819422266	26.81851664973145
158.63393047174785	25.842942286434514	22.029495819422266	26.81851664973145
158.5378885658626	25.746900380549263	22.029495819422266	26.81851664973145
158.44184665997736	25.650858474664012	22.029495819422266	26.81851664973145
158.34580475409211	25.55481656877876	22.029495819422266	26.81851664973145
158.24976284820687	25.650858474664012	22.029495819422266	26.81851664973145
158.15372094232163	25.55481656877876	22.029495819422266	26.81851664973145
157.28934378935438	25.650858474664012	22.029495819422266	26.81851664973145
157.19330188346913	25.55481656877876	22.029495819422266	26.81851664973145
157.28934378935438	25.650858474664012	22.029495819422266	26.81851664973145
157.38538569523962	25.746900380549263	22.029495819422266	26.81851664973145
157.48142760112486	25.842942286434514	22.029495819422266	26.81851664973145
157.5774695070101	25.938984192319765	22.029495819422266	26.81851664973145
157.48142760112486	26.035026098205016	22.029495819422266	26.81851664973145
154.5041285186821	28.051906121795277	22.029495819422266	26.81851664973145
151.52682943623935	27.955864215910026	22.029495819422266	26.81851664973145
151.4307875303541	27.859822310024775	22.029495819422266	26.81851664973145
151.33474562446887	27.763780404139524	22.029495819422266	26.81851664973145
148.3574465420261	27.667738498254273	22.029495819422266	26.81851664973145
148.45348844791135	24.690439415811504	22.029495819422266	26.81851664973145
148.3574465420261	24.786481321696755	22.029495819422266	26.81851664973145
148.26140463614087	24.882523227582006	22.029495819422266	26.81851664973145
148.16536273025562	24.978565133467256	22.029495819422266	26.81851664973145
147.30098557728837	25.074607039352507	22.029495819422266	26.81851664973145
147.20494367140313	25.170648945237758	22.029495819422266	26.81851664973145
147.10890176551788	26.227109909975518	22.029495819422266	26.81851664973145
146.76555699065958	26.03007354689381	22.516898414426976	27.41187633060676
146.6673901576066	26.128240379946774	22.516898414426976	27.41187633060676
146.76555699065958	26.22640721299974	22.516898414426976	27.41187633060676
146.6673901576066	26.324574046052703	22.516898414426976	27.41187633060676
146.56922332455363	26.22640721299974	22.516898414426976	27.41187633060676
146.47105649150066	26.324574046052703	22.516898414426976	27.41187633060676
146.3728896584477	26.22640721299974	22.516898414426976	27.41187633060676
146.27472282539472	26.128240379946774	22.516898414426976	27.41187633060676
146.17655599234175	26.03007354689381	22.516898414426976	27.41187633060676
146.07838915928878	25.931906713840846	22.516898414426976	27.41187633060676
145.9802223262358	25.83373988078788	22.516898414426976	27.41187633060676
145.88205549318283	25.735573047734917	22.516898414426976	27.41187633060676
145.78388866012986	25.637406214681953	22.516898414426976	27.41187633060676
145.88205549318283	25.539239381628988	22.516898414426976	27.41187633060676
145.9802223262358	25.441072548576024	22.516898414426976	27.41187633060676
146.07838915928878	25.539239381628988	22.516898414426976	27.41187633060676
146.17655599234175	25.441072548576024	22.516898414426976	27.41187633060676
146.27472282539472	25.539239381628988	22.516898414426976	27.41187633060676
146.3728896584477	25.637406214681953	22.516898414426976	27.41187633060676
146.47105649150066	25.735573047734917	22.516898414426976	27.41187633060676
146.56922332455363	25.83373988078788	22.516898414426976	27.41187633060676
146.6673901576066	25.931906713840846	22.516898414426976	27.41187633060676
149.7105619822484	26.03007354689381	22.516898414426976	27.41187633060676
150.59406347972507	26.128240379946774	22.516898414426976	27.41187633060676
150.69223031277804	26.22640721299974	22.516898414426976	27.41187633060676
149.41606148308952	26.324574046052703	22.516898414426976	27.41187633060676
149.31789465003655	26.22640721299974	22.516898414426976	27.41187633060676
146.27472282539475	26.324574046052703	22.516898414426976	27.41187633060676
146.37288965844772	26.422740879105667	22.516898414426976	27.41187633060676
146.4710564915007	26.520907712158632	22.516898414426976	27.41187633060676
146.56922332455366	26.422740879105667	22.516898414426976	27.41187633060676
146.66739015760663	26.324574046052703	22.516898414426976	27.41187633060676
146.7655569906596	26.22640721299974	22.516898414426976	27.41187633060676
146.66739015760663	26.128240379946774	22.516898414426976	27.41187633060676
146.7655569906596	26.03007354689381	22.516898414426976	27.41187633060676
146.66739015760663	25.931906713840846	22.516898414426976	27.41187633060676
146.7655569906596	25.83373988078788	22.516898414426976	27.41187633060676
146.66739015760663	25.735573047734917	22.516898414426976	27.41187633060676
146.7655569906596	25.637406214681953	22.516898414426976	27.41187633060676
146.66739015760663	25.539239381628988	22.516898414426976	27.41187633060676
146.7655569906596	25.441072548576024	22.516898414426976	27.41187633060676
146.66739015760663	25.34290571552306	22.516898414426976	27.41187633060676
146.7655569906596	25.244738882470095	22.516898414426976	27.41187633060676
146.86372382371258	25.34290571552306	22.516898414426976	27.41187633060676
146.96189065676555	25.244738882470095	22.516898414426976	27.41187633060676
147.06005748981852	25.34290571552306	22.516898414426976	27.41187633060676
150.10322931446032	25.244738882470095	22.516898414426976	27.41187633060676
150.00506248140735	26.128240379946753	22.516898414426976	27.41187633060676
149.90689564835438	26.03007354689379	22.516898414426976	27.41187633060676
149.8087288153014	25.931906713840824	22.516898414426976	27.41187633060676
149.71056198224844	25.83373988078786	22.516898414426976	27.41187633060676
149.8087288153014	25.735573047734896	22.516898414426976	27.41187633060676
149.71056198224844	25.63740621468193	22.516898414426976	27.41187633060676
149.8087288153014	25.735573047734896	22.516898414426976	27.41187633060676
149.71056198224844	25.63740621468193	22.516898414426976	27.41187633060676
149.8087288153014	25.539239381628967	22.516898414426976	27.41187633060676
149.90689564835438	25.441072548576003	22.516898414426976	27.41187633060676
150.00506248140735	25.342905715523038	22.516898414426976	27.41187633060676
150.10322931446032	25.244738882470074	22.516898414426976	27.41187633060676
150.00506248140735	25.14657204941711	22.516898414426976	27.41187633060676
149.90689564835438	25.244738882470074	22.516898414426976	27.41187633060676
149.8087288153014	25.342905715523038	22.516898414426976	27.41187633060676
149.71056198224844	25.244738882470074	22.516898414426976	27.41187633060676
149.61239514919546	25.14657204941711	22.516898414426976	27.41187633060676
149.5142283161425	25.048405216364145	22.516898414426976	27.41187633060676
149.41606148308952	24.95023838331118	22.516898414426976	27.41187633060676
149.31789465003655	25.048405216364145	22.516898414426976	27.41187633060676
149.21972781698358	25.14657204941711	22.516898414426976	27.41187633060676
149.31789465003655	25.244738882470074	22.516898414426976	27.41187633060676
149.41606148308952	25.342905715523038	22.516898414426976	27.41187633060676
149.5142283161425	25.244738882470074	22.516898414426976	27.41187633060676
149.61239514919546	25.14657204941711	22.516898414426976	27.41187633060676
149.71056198224844	25.048405216364145	22.516898414426976	27.41187633060676
149.8087288153014	24.95023838331118	22.516898414426976	27.41187633060676
149.71056198224844	24.852071550258216	22.516898414426976	27.41187633060676
149.8087288153014	24.753904717205252	22.516898414426976	27.41187633060676
149.71056198224844	24.655737884152288	22.516898414426976	27.41187633060676
149.8087288153014	24.557571051099323	22.516898414426976	27.41187633060676
149.90689564835438	24.45940421804636	22.516898414426976	27.41187633060676
150.00506248140735	24.361237384993395	22.516898414426976	27.41187633060676
150.10322931446032	24.26307055194043	22.516898414426976	27.41187633060676
150.2013961475133	24.164903718887466	22.516898414426976	27.41187633060676
150.29956298056626	24.26307055194043	22.516898414426976	27.41187633060676
150.2013961475133	24.361237384993395	22.516898414426976	27.41187633060676
150.10322931446032	24.26307055194043	22.516898414426976	27.41187633060676
150.00506248140735	24.361237384993395	22.516898414426976	27.41187633060676
149.90689564835438	24.45940421804636	22.516898414426976	27.41187633060676
149.21972781698364	24.557571051099323	22.516898414426976	27.41187633060676
149.12156098393066	26.619074545211518	22.516898414426976	27.41187633060676
149.21972781698364	26.717241378264482	22.516898414426976	27.41187633060676
148.8687865389816	26.719541764234492	23.015084791846164	28.01836409442143
148.51008068520375	26.305487133171912	23.52429354286579	28.63827040001051
146.65377233576496	23.7541770739026	24.04476853750168	29.27189213261074
146.49653601180046	23.539115695167197	24.57675904139387	29.91953274604475
146.11349039564183	23.096965644900887	25.120519835184723	30.581502408050984
145.7219698952257	22.64503302477243	25.67631133653822	31.258118148829112
145.61002898213906	22.533092111685804	25.67631133653822	31.258118148829112
145.49808806905241	22.64503302477243	25.67631133653822	31.258118148829112
145.61002898213906	22.533092111685804	25.67631133653822	31.258118148829112
145.7219698952257	21.749505720079405	25.67631133653822	31.258118148829112
148.0727290700449	21.637564806992778	25.67631133653822	31.258118148829112
147.96078815695824	25.10773311267826	25.67631133653822	31.258118148829112
147.8488472438716	24.995792199591634	25.67631133653822	31.258118148829112
147.73690633078496	24.883851286505006	25.67631133653822	31.258118148829112
147.62496541769832	21.413682980819523	25.67631133653822	31.258118148829112
147.51302450461168	21.52562389390615	25.67631133653822	31.258118148829112
147.40108359152504	21.637564806992778	25.67631133653822	31.258118148829112
147.51302450461168	21.749505720079405	25.67631133653822	31.258118148829112
147.62496541769832	21.861446633166032	25.67631133653822	31.258118148829112
149.301376082071	25.5394815610763	25.128756263457774	30.591529364209507
149.67490919586606	25.76007438439549	24.592877967237087	29.939155786201656
150.21099656040175	25.652856911488353	24.592877967237087	29.939155786201656
153.53473822052305	25.545639438581215	24.592877967237087	29.939155786201656
153.42752074761592	25.438421965674078	24.592877967237087	29.939155786201656
153.32030327470878	25.33120449276694	24.592877967237087	29.939155786201656
153.21308580180164	25.438421965674078	24.592877967237087	29.939155786201656
149.88934414168034	25.33120449276694	24.592877967237087	29.939155786201656
149.99656161458748	25.223987019859802	24.592877967237087	29.939155786201656
149.88934414168034	25.116769546952664	24.592877967237087	29.939155786201656
150.04822726419158	25.332658161870945	24.068427437092396	29.300694271242904
149.94329623618862	25.43758918987392	24.068427437092396	29.300694271242904
150.04822726419158	25.332658161870945	24.068427437092396	29.300694271242904
149.94329623618862	25.43758918987392	24.068427437092396	29.300694271242904
150.04822726419158	25.332658161870945	24.068427437092396	29.300694271242904
150.15315829219455	25.43758918987392	24.068427437092396	29.300694271242904
150.2580893201975	25.332658161870945	24.068427437092396	29.300694271242904
150.36302034820048	25.43758918987392	24.068427437092396	29.300694271242904
150.46795137620344	25.332658161870945	24.068427437092396	29.300694271242904
150.5728824042064	25.43758918987392	24.068427437092396	29.300694271242904
150.67781343220938	25.332658161870945	24.068427437092396	29.300694271242904
150.78274446021234	25.43758918987392	24.068427437092396	29.300694271242904
150.67781343220938	25.332658161870945	24.068427437092396	29.300694271242904
150.78274446021234	28.585520029963156	24.068427437092396	29.300694271242904
150.8876754882153	29.110175169978028	24.068427437092396	29.300694271242904
150.99260651621827	32.36303703807024	24.068427437092396	29.300694271242904
150.8876754882153	29.110175169978028	24.068427437092396	29.300694271242904
150.99260651621827	29.005244141975055	24.068427437092396	29.300694271242904
150.8876754882153	25.752382273882844	24.068427437092396	29.300694271242904
150.78274446021234	25.857313301885817	24.068427437092396	29.300694271242904
147.52988259212012	25.752382273882844	24.068427437092396	29.300694271242904
147.63481362012308	25.64745124587987	24.068427437092396	29.300694271242904
147.73974464812605	25.5425202178769	24.068427437092396	29.300694271242904
147.84467567612901	25.437589189873925	24.068427437092396	29.300694271242904
151.09753754422124	25.332658161870953	24.068427437092396	29.300694271242904
150.99260651621827	25.437589189873925	24.068427437092396	29.300694271242904
151.1481014082856	25.64887391505239	23.55516097247005	28.675848140398315
151.2507947505107	25.751567257277472	23.55516097247005	28.675848140398315
151.35348809273577	25.64887391505239	23.55516097247005	28.675848140398315
151.45618143496085	25.751567257277472	23.55516097247005	28.675848140398315
151.55887477718593	25.64887391505239	23.55516097247005	28.675848140398315
151.66156811941102	25.751567257277472	23.55516097247005	28.675848140398315
151.55887477718593	25.64887391505239	23.55516097247005	28.675848140398315
151.45618143496085	25.54618057282731	23.55516097247005	28.675848140398315
151.35348809273577	25.44348723060223	23.55516097247005	28.675848140398315
151.50566700939396	25.65026624537628	23.05284006980412	28.06432704150066
148.39006236051154	25.54976286960588	23.05284006980412	28.06432704150066
148.49056573628192	25.449259493835477	23.05284006980412	28.06432704150066
148.39006236051154	25.348756118065076	23.05284006980412	28.06432704150066
148.49056573628192	25.248252742294675	23.05284006980412	28.06432704150066
148.5910691120523	25.147749366524273	23.05284006980412	28.06432704150066
149.8976129970675	25.047245990753872	23.05284006980412	28.06432704150066
149.9981163728379	25.147749366524273	23.05284006980412	28.06432704150066
151.5056670093939	25.248252742294675	23.05284006980412	28.06432704150066
151.65460066481734	25.450622132295834	22.561231311689028	27.465846814230105
151.75296077582735	25.54898224330583	22.561231311689028	27.465846814230105
148.70379733451747	25.450622132295834	22.561231311689028	27.465846814230105
145.6546338932076	22.401458690985976	22.561231311689028	27.465846814230105
145.9497142262376	22.49981880199597	22.561231311689028	27.465846814230105
148.99887766754748	22.598178913005967	22.561231311689028	27.465846814230105
148.90051755653747	22.696539024015962	22.561231311689028	27.465846814230105
148.80215744552746	22.794899135025958	22.561231311689028	27.465846814230105
148.70379733451745	22.893259246035953	22.561231311689028	27.465846814230105
148.80215744552746	22.99161935704595	22.561231311689028	27.465846814230105
148.70379733451745	23.089979468055944	22.561231311689028	27.465846814230105
148.80215744552746	23.18833957906594	22.561231311689028	27.465846814230105
148.70379733451745	23.286699690075935	22.561231311689028	27.465846814230105
148.80215744552746	23.18833957906594	22.561231311689028	27.465846814230105
148.70379733451745	23.286699690075935	22.561231311689028	27.465846814230105
148.80215744552746	23.38505980108593	22.561231311689028	27.465846814230105
148.70379733451745	23.286699690075935	22.561231311689028	27.465846814230105
148.80215744552746	23.18833957906594	22.561231311689028	27.465846814230105
148.90051755653747	23.286699690075935	22.561231311689028	27.465846814230105
148.80215744552746	23.18833957906594	22.561231311689028	27.465846814230105
148.70379733451745	23.089979468055944	22.561231311689028	27.465846814230105
148.80215744552746	22.99161935704595	22.561231311689028	27.465846814230105
148.70379733451745	22.49981880199597	22.561231311689028	27.465846814230105
148.60543722350744	22.401458690985976	22.561231311689028	27.465846814230105
148.50707711249743	22.30309857997598	22.561231311689028	27.465846814230105
147.62183611340745	19.253935138666122	22.561231311689028	27.465846814230105
147.52347600239744	21.319497469876026	22.561231311689028	27.465846814230105
147.42511589138743	21.22113735886603	22.561231311689028	27.465846814230105
147.32675578037743	21.319497469876026	22.561231311689028	27.465846814230105
147.42511589138743	21.41785758088602	22.561231311689028	27.465846814230105
147.52347600239744	21.319497469876026	22.561231311689028	27.465846814230105
147.62183611340745	21.22113735886603	22.561231311689028	27.465846814230105
147.72019622441746	21.319497469876026	22.561231311689028	27.465846814230105
147.81855633542747	21.22113735886603	22.561231311689028	27.465846814230105
147.91691644643748	21.122777247856035	22.561231311689028	27.465846814230105
148.0152765574475	21.02441713684604	22.561231311689028	27.465846814230105
148.1136366684575	20.926057025836045	22.561231311689028	27.465846814230105
151.16280010976737	20.82769691482605	22.561231311689028	27.465846814230105
151.06443999875736	20.729336803816054	22.561231311689028	27.465846814230105
150.96607988774736	20.237536248766077	22.561231311689028	27.465846814230105
150.86771977673735	20.13917613775608	22.561231311689028	27.465846814230105
150.96607988774736	20.040816026746086	22.561231311689028	27.465846814230105
151.06443999875736	19.94245591573609	22.561231311689028	27.465846814230105
151.16280010976737	19.844095804726095	22.561231311689028	27.465846814230105
151.26116022077738	18.171973917556173	22.561231311689028	27.465846814230105
151.3595203317874	18.270334028566168	22.561231311689028	27.465846814230105
151.4578804427974	18.171973917556173	22.561231311689028	27.465846814230105
151.5562405538074	18.073613806546177	22.561231311689028	27.465846814230105
151.65460066481742	17.975253695536182	22.561231311689028	27.465846814230105
151.75296077582743	17.876893584526186	22.561231311689028	27.465846814230105
151.60542576961475	17.471004038970896	23.060398554460107	28.073528674994947
151.4546265513896	17.056134187220195	23.570609872477576	28.694655496929208
151.557387246123	16.95337349248679	23.570609872477576	28.694655496929208
151.4546265513896	17.056134187220195	23.570609872477576	28.694655496929208
151.08726245888943	16.632085339999513	24.09210961590611	29.329524749798757
150.98222818378505	16.527051064895133	24.09210961590611	29.329524749798757
150.60673616073828	16.093620136929687	24.62514754115807	29.97844048488806
150.49937800229722	15.986261978488622	24.62514754115807	29.97844048488806
150.60673616073828	15.878903820047556	24.62514754115807	29.97844048488806
150.44570455544684	15.43588323280088	25.169978930506147	30.6417134806162
150.5554380131434	12.692546790386544	25.169978930506147	30.641713480616204
150.66517147083997	12.58281333268997	25.169978930506147	30.6417134806162
150.50057704128142	10.53611244190773	25.726864714343606	31.31966139137484
150.61273835172952	10.42395113145962	25.726864714343606	31.319661391374833
150.72489966217762	10.311789821011512	25.726864714343606	31.31966139137484
150.83706097262572	10.872596373252062	25.726864714343606	31.31966139137484
150.94922228307382	10.98475768370017	25.726864714343606	31.319661391374833
151.33164613979724	12.507888449070094	25.178231575254586	30.651760178570818
154.73449867809484	12.398119012350818	25.178231575254586	30.651760178570818
151.33164613979724	13.386043942824312	25.178231575254586	30.651760178570814
151.66095444995509	13.495813379543588	25.178231575254586	30.651760178570814
151.77072388667438	16.459588170964064	25.178231575254586	30.651760178570814
151.88049332339367	16.34981873424479	25.178231575254586	30.651760178570814
151.99026276011296	16.459588170964064	25.178231575254586	30.651760178570814
151.88049332339367	19.20382408894599	25.178231575254586	30.651760178570814
151.77072388667438	19.094054652226713	25.178231575254586	30.651760178570814
151.66095444995509	18.984285215507438	25.178231575254586	30.651760178570814
151.5511850132358	18.87451577878816	25.178231575254586	30.651760178570814
151.4414155765165	18.764746342068886	25.178231575254586	30.651760178570814
151.33164613979721	18.65497690534961	25.178231575254586	30.651760178570814
151.4414155765165	18.764746342068886	25.178231575254586	30.651760178570814
151.33164613979721	18.65497690534961	25.178231575254586	30.651760178570814
151.4414155765165	18.764746342068886	25.178231575254586	30.651760178570814
151.5511850132358	18.87451577878816	25.178231575254586	30.651760178570814
151.66095444995509	18.984285215507438	25.178231575254586	30.651760178570814
151.77072388667438	19.094054652226713	25.178231575254586	30.651760178570814
151.88049332339367	19.20382408894599	25.178231575254586	30.651760178570814
151.99026276011296	22.606676627243576	25.178231575254586	30.65176017857082
152.10003219683225	22.716446063962852	25.178231575254586	30.65176017857082
155.50288473512984	22.606676627243576	25.178231575254586	30.65176017857082
154.07588205777924	22.716446063962852	25.178231575254586	30.65176017857082
154.18565149449853	22.606676627243576	25.178231575254586	30.65176017857082
154.29542093121782	22.716446063962852	25.178231575254586	30.65176017857082
154.1307725350128	22.491246757583664	25.73529994885712	31.32993037252169
154.2429706205195	22.603444843090355	25.73529994885712	31.32993037252169
154.1307725350128	22.491246757583664	25.73529994885712	31.32993037252169
154.0185744495061	22.379048672076973	25.73529994885712	31.32993037252169
153.9063763639994	22.266850586570282	25.73529994885712	31.32993037252169
153.79417827849272	22.379048672076973	25.73529994885712	31.32993037252169
153.68198019298603	22.266850586570282	25.73529994885712	31.32993037252169
153.56978210747934	22.379048672076973	25.73529994885712	31.32993037252169
153.45758402197265	22.491246757583664	25.73529994885712	31.32993037252169
153.56978210747934	22.603444843090355	25.73529994885712	31.32993037252169
153.45758402197265	22.715642928597045	25.73529994885712	31.32993037252169
153.34538593646596	22.827841014103736	25.73529994885712	31.32993037252169
153.23318785095927	22.940039099610427	25.73529994885712	31.32993037252169
153.12098976545258	23.052237185117118	25.73529994885712	31.32993037252169
153.23318785095927	23.16443527062381	25.73529994885712	31.32993037252169
153.12098976545258	23.2766333561305	25.73529994885712	31.32993037252169
153.0087916799459	23.38883144163719	25.73529994885712	31.32993037252169
152.8965935944392	23.2766333561305	25.73529994885712	31.32993037252169
152.7843955089325	23.38883144163719	25.73529994885712	31.32993037252169
152.6721974234258	23.2766333561305	25.73529994885712	31.32993037252169
152.55999933791912	23.38883144163719	25.73529994885712	31.32993037252169
152.44780125241243	23.2766333561305	25.73529994885712	31.32993037252169
152.33560316690574	23.16443527062381	25.73529994885712	31.32993037252169
152.22340508139905	23.052237185117118	25.73529994885712	31.32993037252169
151.82230281200162	22.589244316657908	26.304693460225565	32.02310508201373
151.7076223438531	22.47456384850938	26.304693460225565	32.02310508201374
151.59294187570458	22.359883380360852	26.304693460225565	32.02310508201373
151.47826140755606	22.245202912212324	26.304693460225565	32.02310508201374
151.36358093940754	22.130522444063796	26.304693460225565	32.02310508201373
151.24890047125902	22.01584197591527	26.304693460225565	32.02310508201374
151.1342200031105	21.90116150776674	26.304693460225565	32.02310508201373
151.01953953496198	21.786481039618213	26.304693460225565	32.02310508201374
150.90485906681346	21.671800571469685	26.304693460225565	32.02310508201373
150.79017859866494	21.557120103321157	26.304693460225565	32.02310508201374
150.90485906681346	21.44243963517263	26.304693460225565	32.02310508201373
151.01953953496198	21.3277591670241	26.304693460225565	32.02310508201374
151.1342200031105	21.213078698875574	26.304693460225565	32.02310508201373
151.24890047125902	21.098398230727046	26.304693460225565	32.02310508201374
151.36358093940754	20.983717762578518	26.304693460225565	32.02310508201373
151.47826140755606	21.098398230727046	26.304693460225565	32.02310508201374
151.59294187570458	20.983717762578518	26.304693460225565	32.02310508201373
151.7076223438531	21.098398230727046	26.304693460225565	32.02310508201374
151.82230281200162	20.983717762578518	26.304693460225565	32.02310508201373
151.93698328015014	21.098398230727046	26.304693460225565	32.02310508201374
