250	95	23	29
250.60219171143638	95.39780828856364	23.0	29.0
250.5	95.5	23.0	29.0
250.60219171143638	95.39780828856364	23.0	29.0
250.70438342287275	95.29561657712728	23.0	29.0
250.80657513430913	95.19342486569091	23.0	29.0
250.9087668457455	95.09123315425455	23.0	29.0
251.01095855718188	94.98904144281819	23.0	29.0
251.11315026861826	94.88684973138183	23.0	29.0
251.21534198005463	94.78465801994547	23.0	29.0
251.317533691491	94.6824663085091	23.0	29.0
251.41972540292738	94.58027459707274	23.0	29.0
251.52191711436376	94.47808288563638	23.0	29.0
251.41972540292738	94.58027459707274	23.0	29.0
251.52191711436376	94.47808288563638	23.0	29.0
251.41972540292738	94.58027459707274	23.0	29.0
251.52191711436376	94.47808288563638	23.0	29.0
251.41972540292738	94.58027459707274	23.0	29.0
251.52191711436376	94.47808288563638	23.0	29.0
251.41972540292738	94.58027459707274	23.0	29.0
251.52191711436376	94.47808288563638	23.0	29.0
251.41972540292738	94.37589117420002	23.0	29.0
251.52191711436376	94.27369946276366	23.0	29.0
251.41972540292738	94.1715077513273	23.0	29.0
251.52191711436376	94.06931603989094	23.0	29.0
251.41972540292738	93.96712432845457	23.0	29.0
251.52191711436376	93.86493261701821	23.0	29.0
251.41972540292738	93.76274090558185	23.0	29.0
251.52191711436376	93.66054919414549	23.0	29.0
251.41972540292738	93.55835748270913	23.0	29.0
251.317533691491	93.45616577127277	23.0	29.0
251.21534198005463	93.55835748270913	23.0	29.0
251.11315026861826	93.45616577127277	23.0	29.0
251.01095855718188	93.55835748270913	23.0	29.0
250.9087668457455	93.45616577127277	23.0	29.0
250.80657513430913	93.55835748270913	23.0	29.0
250.70438342287275	93.45616577127277	23.0	29.0
250.60219171143638	93.55835748270913	23.0	29.0
250.5	93.45616577127277	23.0	29.0
250.39780828856362	93.3539740598364	23.0	29.0
250.5	93.25178234840004	23.0	29.0
250.39780828856362	93.14959063696368	23.0	29.0
250.5	93.04739892552732	23.0	29.0
250.39780828856362	92.94520721409096	23.0	29.0
250.5	92.8430155026546	23.0	29.0
250.39780828856362	92.74082379121823	23.0	29.0
250.5	92.63863207978187	23.0	29.0
250.39780828856362	92.53644036834551	23.0	29.0
250.5	92.43424865690915	23.0	29.0
250.39780828856362	92.53644036834551	23.0	29.0
250.5	92.43424865690915	23.0	29.0
250.39780828856362	92.53644036834551	23.0	29.0
250.5	92.43424865690915	23.0	29.0
250.39780828856362	92.53644036834551	23.0	29.0
250.5	92.63863207978187	23.0	29.0
250.60219171143638	92.74082379121823	23.0	29.0
250.5	92.8430155026546	23.0	29.0
250.39780828856362	92.94520721409096	23.0	29.0
250.5	93.04739892552732	23.0	29.0
250.39780828856362	93.14959063696368	23.0	29.0
250.5	93.25178234840004	23.0	29.0
250.39780828856362	93.3539740598364	23.0	29.0
250.5	93.45616577127277	23.0	29.0
250.60219171143638	96.62410882579985	23.0	29.0
250.70438342287275	96.31753369149078	23.0	29.0
250.80657513430913	96.21534198005442	23.0	29.0
250.9087668457455	96.11315026861806	23.0	29.0
251.01095855718188	96.0109585571817	23.0	29.0
251.11315026861826	95.90876684574533	23.0	29.0
251.21534198005463	95.80657513430897	23.0	29.0
251.317533691491	95.70438342287261	23.0	29.0
251.41972540292738	95.60219171143625	23.0	29.0
251.52191711436376	95.49999999999989	23.0	29.0
251.41972540292738	95.60219171143625	23.0	29.0
251.52191711436376	95.49999999999989	23.0	29.0
251.41972540292738	95.60219171143625	23.0	29.0
251.52191711436376	95.49999999999989	23.0	29.0
251.41972540292738	95.60219171143625	23.0	29.0
251.52191711436376	95.49999999999989	23.0	29.0
251.41972540292738	95.60219171143625	23.0	29.0
251.52191711436376	95.49999999999989	23.0	29.0
251.41972540292738	95.60219171143625	23.0	29.0
251.52191711436376	95.49999999999989	23.0	29.0
251.41972540292738	95.60219171143625	23.0	29.0
251.317533691491	95.49999999999989	23.0	29.0
251.21534198005463	95.60219171143625	23.0	29.0
251.11315026861826	95.49999999999989	23.0	29.0
251.01095855718188	95.60219171143625	23.0	29.0
250.9087668457455	95.49999999999989	23.0	29.0
250.80657513430913	95.60219171143625	23.0	29.0
250.9087668457455	95.49999999999989	23.0	29.0
250.80657513430913	95.39780828856352	23.0	29.0
250.70438342287275	95.29561657712716	23.0	29.0
250.80657513430913	95.1934248656908	23.0	29.0
250.9087668457455	95.09123315425444	23.0	29.0
251.01095855718188	94.98904144281808	23.0	29.0
251.11315026861826	95.09123315425444	23.0	29.0
251.21534198005463	95.1934248656908	23.0	29.0
251.317533691491	95.29561657712716	23.0	29.0
251.41972540292738	95.39780828856352	23.0	29.0
251.52191711436376	95.29561657712716	23.0	29.0
251.41972540292738	95.39780828856352	23.0	29.0
251.317533691491	95.49999999999989	23.0	29.0
251.21534198005463	95.60219171143625	23.0	29.0
251.317533691491	95.49999999999989	23.0	29.0
251.21534198005463	95.60219171143625	23.0	29.0
251.317533691491	95.49999999999989	23.0	29.0
251.21534198005463	95.60219171143625	23.0	29.0
251.317533691491	95.49999999999989	23.0	29.0
251.21534198005463	95.60219171143625	23.0	29.0
251.317533691491	95.49999999999989	23.0	29.0
251.21534198005463	95.60219171143625	23.0	29.0
251.317533691491	95.49999999999989	23.0	29.0
251.21534198005463	95.60219171143625	23.0	29.0
251.317533691491	95.49999999999989	23.0	29.0
251.21534198005463	95.60219171143625	23.0	29.0
251.317533691491	95.49999999999989	23.0	29.0
251.21534198005463	95.60219171143625	23.0	29.0
251.317533691491	95.49999999999989	23.0	29.0
251.21534198005463	95.60219171143625	23.0	29.0
251.317533691491	95.49999999999989	23.0	29.0
251.41972540292738	95.60219171143625	23.0	29.0
251.52191711436376	95.49999999999989	23.0	29.0
251.41972540292738	95.60219171143625	23.0	29.0
251.52191711436376	95.49999999999989	23.0	29.0
251.41972540292738	95.60219171143625	23.0	29.0
251.52191711436376	95.49999999999989	23.0	29.0
251.41972540292738	95.60219171143625	23.0	29.0
251.52191711436376	95.49999999999989	23.0	29.0
251.41972540292738	95.60219171143625	23.0	29.0
251.52191711436376	95.49999999999989	23.0	29.0
251.41972540292738	95.60219171143625	23.0	29.0
251.52191711436376	95.49999999999989	23.0	29.0
251.41972540292738	95.60219171143625	23.0	29.0
251.52191711436376	95.49999999999989	23.0	29.0
251.41972540292738	95.39780828856352	23.0	29.0
251.52191711436376	95.29561657712716	23.0	29.0
251.62410882580014	95.1934248656908	23.0	29.0
251.7263005372365	95.09123315425444	23.0	29.0
251.8284922486729	94.98904144281808	23.0	29.0
251.93068396010926	94.88684973138172	23.0	29.0
252.03287567154564	94.78465801994535	23.0	29.0
252.13506738298202	94.68246630850899	23.0	29.0
252.2372590944184	94.58027459707263	23.0	29.0
252.33945080585477	94.68246630850899	23.0	29.0
252.2372590944184	94.78465801994535	23.0	29.0
252.13506738298202	94.88684973138172	23.0	29.0
252.03287567154564	94.98904144281808	23.0	29.0
251.93068396010926	95.09123315425444	23.0	29.0
251.8284922486729	95.1934248656908	23.0	29.0
251.7263005372365	95.29561657712716	23.0	29.0
251.62410882580014	95.39780828856352	23.0	29.0
251.52191711436376	95.49999999999989	23.0	29.0
251.62410882580014	95.60219171143625	23.0	29.0
251.7263005372365	95.49999999999989	23.0	29.0
251.8284922486729	95.60219171143625	23.0	29.0
251.93068396010926	95.49999999999989	23.0	29.0
251.8284922486729	95.60219171143625	23.0	29.0
251.93068396010926	95.49999999999989	23.0	29.0
252.03287567154564	95.60219171143625	23.0	29.0
252.13506738298202	95.49999999999989	23.0	29.0
252.2372590944184	95.60219171143625	23.0	29.0
252.33945080585477	95.49999999999989	23.0	29.0
252.2372590944184	95.60219171143625	23.0	29.0
252.33945080585477	95.49999999999989	23.0	29.0
252.2372590944184	95.60219171143625	23.0	29.0
252.13506738298202	95.49999999999989	23.0	29.0
252.03287567154564	95.60219171143625	23.0	29.0
251.93068396010926	95.49999999999989	23.0	29.0
251.8284922486729	95.60219171143625	23.0	29.0
251.7263005372365	95.49999999999989	23.0	29.0
251.62410882580014	95.60219171143625	23.0	29.0
251.52191711436376	95.49999999999989	23.0	29.0
251.41972540292738	95.60219171143625	23.0	29.0
251.52191711436376	95.49999999999989	23.0	29.0
251.41972540292738	95.39780828856352	23.0	29.0
251.52191711436376	95.29561657712716	23.0	29.0
251.41972540292738	95.39780828856352	23.0	29.0
251.52191711436376	95.29561657712716	23.0	29.0
251.41972540292738	95.39780828856352	23.0	29.0
251.52191711436376	95.49999999999989	23.0	29.0
251.41972540292738	95.60219171143625	23.0	29.0
251.52191711436376	95.49999999999989	23.0	29.0
251.41972540292738	95.60219171143625	23.0	29.0
251.52191711436376	95.49999999999989	23.0	29.0
251.41972540292738	95.60219171143625	23.0	29.0
251.52191711436376	95.49999999999989	23.0	29.0
251.62410882580014	95.60219171143625	23.0	29.0
251.7263005372365	95.49999999999989	23.0	29.0
251.8284922486729	95.60219171143625	23.0	29.0
251.93068396010926	95.49999999999989	23.0	29.0
252.03287567154564	95.60219171143625	23.0	29.0
252.13506738298202	95.49999999999989	23.0	29.0
252.2372590944184	95.60219171143625	23.0	29.0
252.33945080585477	95.49999999999989	23.0	29.0
252.44164251729114	95.60219171143625	23.0	29.0
252.54383422872752	95.49999999999989	23.0	29.0
252.44164251729114	95.60219171143625	23.0	29.0
252.54383422872752	95.49999999999989	23.0	29.0
252.44164251729114	95.60219171143625	23.0	29.0
252.54383422872752	95.49999999999989	23.0	29.0
252.44164251729114	95.60219171143625	23.0	29.0
252.54383422872752	95.49999999999989	23.0	29.0
252.44164251729114	95.60219171143625	23.0	29.0
252.54383422872752	95.49999999999989	23.0	29.0
252.44164251729114	95.60219171143625	23.0	29.0
252.54383422872752	95.49999999999989	23.0	29.0
252.44164251729114	95.60219171143625	23.0	29.0
252.33945080585477	95.49999999999989	23.0	29.0
252.2372590944184	95.60219171143625	23.0	29.0
252.13506738298202	95.49999999999989	23.0	29.0
252.03287567154564	95.60219171143625	23.0	29.0
251.93068396010926	95.49999999999989	23.0	29.0
251.8284922486729	95.60219171143625	23.0	29.0
251.7263005372365	95.49999999999989	23.0	29.0
251.62410882580014	95.60219171143625	23.0	29.0
251.52191711436376	95.49999999999989	23.0	29.0
251.41972540292738	95.60219171143625	23.0	29.0
251.52191711436376	95.49999999999989	23.0	29.0
251.41972540292738	95.60219171143625	23.0	29.0
251.317533691491	95.49999999999989	23.0	29.0
251.21534198005463	95.60219171143625	23.0	29.0
251.11315026861826	95.49999999999989	23.0	29.0
251.01095855718188	95.60219171143625	23.0	29.0
250.9087668457455	95.49999999999989	23.0	29.0
250.80657513430913	95.60219171143625	23.0	29.0
250.70438342287275	95.49999999999989	23.0	29.0
250.60219171143638	95.60219171143625	23.0	29.0
250.5	95.49999999999989	23.0	29.0
250.39780828856362	95.60219171143625	23.0	29.0
250.5	94.2736994627636	23.0	29.0
250.60219171143638	94.17150775132724	23.0	29.0
250.70438342287275	94.06931603989088	23.0	29.0
250.80657513430913	90.90137298536379	23.0	29.0
250.9087668457455	90.79918127392743	23.0	29.0
251.01095855718188	87.63123821940034	23.0	29.0
251.11315026861826	84.46329516487326	23.0	29.0
252.03287567154547	84.3611034534369	23.0	29.0
252.13506738298184	81.19316039890981	23.0	29.0
252.23725909441822	78.02521734438272	23.0	29.0
252.3394508058546	77.92302563294636	23.0	29.0
252.23725909441822	74.75508257841928	23.0	29.0
252.13506738298184	74.65289086698291	23.0	29.0
248.96712432845476	71.48494781245583	23.0	29.0
249.06931603989113	71.38275610101947	23.0	29.0
249.21605896862715	71.59347493336998	22.509518072289126	28.38156626506023
246.11567325393756	68.4930892186804	22.509518072289183	28.38156626506023
246.45208191522337	68.69931440846149	22.029495819422237	27.776320815793298
246.35420226827264	67.03536041029903	22.029495819422237	27.776320815793298
243.31993321279995	64.00109135482633	22.029495819422237	27.776320815793298
243.41781285975068	63.9032117078756	22.029495819422237	27.776320815793298
243.31993321279995	60.86894265240289	22.029495819422237	27.776320815793298
243.22205356584922	60.96682229935362	22.029495819422237	27.776320815793298
243.1241739188985	60.86894265240289	22.029495819422237	27.776320815793298
243.02629427194776	60.77106300545216	22.029495819422237	27.776320815793298
242.92841462499703	60.67318335850143	22.029495819422237	27.776320815793298
242.8305349780463	60.77106300545216	22.029495819422237	27.776320815793298
239.7962659225736	60.86894265240289	22.029495819422237	27.776320815793298
239.89414556952434	63.9032117078756	22.029495819422237	27.776320815793298
239.99202521647507	66.9374807633483	22.029495819422237	27.776320815793298
239.89414556952434	69.97174981882101	22.029495819422237	27.776320815793298
239.99202521647507	73.00601887429372	22.029495819422237	27.776320815793298
240.0899048634258	76.04028792976642	22.029495819422237	27.776320815793298
239.99202521647507	76.13816757671715	22.029495819422237	27.776320815793298
240.0899048634258	79.17243663218986	22.029495819422237	27.776320815793298
240.18778451037653	82.20670568766256	22.029495819422237	27.776320815793298
242.24325709634192	85.24097474313527	22.029495819422237	27.776320815793298
242.34113674329265	88.07948450470651	22.029495819422237	27.776320815793298
242.43901639024338	91.11375356017922	22.029495819422237	27.776320815793298
242.5368960371941	91.21163320712995	22.029495819422237	27.776320815793298
244.5923686231595	94.24590226260266	22.029495819422237	27.776320815793298
244.49448897620877	94.34378190955339	22.029495819422237	27.776320815793298
244.39660932925804	97.37805096502609	22.029495819422237	27.776320815793298
244.49448897620877	100.4123200204988	22.029495819422237	27.776320815793312
244.39660932925804	100.51019966744953	22.029495819422237	27.776320815793312
244.2987296823073	103.54446872292223	22.029495819422237	27.776320815793298
244.20085003535658	106.57873777839494	22.029495819422237	27.776320815793284
241.1665809798839	106.67661742534567	22.029495819422237	27.776320815793284
241.06870133293316	109.90664577471983	22.029495819422237	27.776320815793298
240.97082168598243	112.94091483019254	22.029495819422237	27.776320815793284
241.06870133293316	113.03879447714327	22.029495819422237	27.776320815793284
240.97082168598243	116.07306353261596	22.029495819422237	27.776320815793284
240.8729420390317	116.17094317956669	22.029495819422237	27.776320815793284
240.77506239208097	116.26882282651742	22.029495819422237	27.776320815793284
240.67718274513024	116.36670247346815	22.029495819422237	27.776320815793284
240.5793030981795	117.05186000212329	22.029495819422237	27.776320815793284
240.48142345122878	120.08612905759598	22.029495819422237	27.776320815793284
240.38354380427805	119.98824941064525	22.029495819422237	27.776320815793284
240.48142345122878	119.89036976369452	22.029495819422237	27.776320815793284
240.5793030981795	119.79249011674379	22.029495819422237	27.776320815793284
240.48142345122878	116.7582210612711	22.029495819422237	27.776320815793284
240.5793030981795	116.85610070822183	22.029495819422237	27.776320815793284
240.67718274513024	116.95398035517256	22.029495819422237	27.776320815793284
240.77506239208097	117.05186000212329	22.029495819422237	27.776320815793284
240.8729420390317	120.08612905759598	22.029495819422237	27.776320815793284
240.97082168598243	120.18400870454671	22.029495819422237	27.776320815793284
242.0474978024405	120.28188835149744	22.029495819422266	27.776320815793284
242.14537744939122	123.31615740697013	22.029495819422266	27.776320815793284
245.1796465048639	123.41403705392086	22.029495819422266	27.776320815793284
245.27752615181464	123.5119167008716	22.029495819422266	27.776320815793284
248.31179520728736	123.60979634782232	22.029495819422237	27.776320815793284
248.4096748542381	123.5119167008716	22.029495819422237	27.776320815793284
251.44394390971078	123.41403705392086	22.029495819422237	27.776320815793284
254.47821296518347	123.31615740697013	22.029495819422237	27.776320815793284
254.5760926121342	120.28188835149744	22.029495819422237	27.776320815793284
257.6103616676069	120.37976799844817	22.02949581942221	27.776320815793284
257.70824131455765	120.28188835149744	22.02949581942221	27.776320815793284
260.9382696639318	120.18400870454671	22.02949581942221	27.776320815793284
263.9725387194045	120.08612905759598	22.02949581942221	27.776320815793284
264.0704183663552	119.98824941064525	22.02949581942221	27.776320815793284
267.1046874218279	119.89036976369452	22.02949581942221	27.776320815793284
267.20256706877865	119.79249011674379	22.02949581942221	27.776320815793284
270.23683612425134	119.69461046979306	22.02949581942221	27.776320815793284
270.33471577120207	116.66034141432037	22.02949581942221	27.776320815793284
273.36898482667476	116.7582210612711	22.02949581942221	27.776320815793284
275.03293882483723	116.85610070822183	22.02949581942221	27.776320815793284
275.13081847178796	116.7582210612711	22.02949581942221	27.776320815793284
278.16508752726065	116.66034141432037	22.02949581942221	27.776320815793284
278.2629671742114	116.56246176736964	22.02949581942221	27.776320815793284
278.3608468211621	116.46458212041891	22.02949581942221	27.776320815793284
280.8078379949304	116.36670247346818	22.02949581942221	27.776320815793284
280.90571764188115	116.26882282651745	22.02949581942221	27.776320815793284
281.0035972888319	115.7794245917638	22.02949581942221	27.776320815793284
280.90571764188115	115.68154494481307	22.02949581942221	27.776320815793284
281.0035972888319	112.64727588934036	22.02949581942221	27.776320815793298
279.5354025845709	109.61300683386766	22.02949581942221	27.776320815793284
279.6332822315216	106.57873777839495	22.02949581942221	27.776320815793298
279.73116187847234	103.54446872292225	22.02949581942221	27.776320815793284
279.6332822315216	100.31444037354808	22.02949581942221	27.776320815793298
279.5354025845709	97.08441202417391	22.02949581942221	27.776320815793298
279.43752293762014	94.05014296870121	22.02949581942221	27.776320815793298
279.3396432906694	91.0158739132285	22.02949581942221	27.776320815793298
279.2417636437187	87.9816048577558	22.02949581942221	27.776320815793298
279.14388399676795	84.94733580228309	22.02949581942221	27.776320815793298
279.0460043498172	81.91306674681039	22.02949581942221	27.776320815793298
278.9481247028665	78.87879769133768	22.02949581942221	27.776320815793298
279.0460043498172	75.84452863586498	22.02949581942221	27.776320815793298
279.14388399676795	75.74664898891425	22.02949581942221	27.776320815793298
279.2417636437187	72.71237993344154	22.02949581942221	27.776320815793298
279.14388399676795	69.67811087796883	22.02949581942221	27.776320815793298
279.2417636437187	69.5802312310181	22.02949581942221	27.776320815793298
279.14388399676795	66.5459621755454	22.02949581942221	27.776320815793298
279.0460043498172	66.44808252859467	22.02949581942221	27.776320815793298
279.14388399676795	66.35020288164394	22.02949581942221	27.776320815793298
278.0672078803099	63.31593382617123	22.02949581942221	27.776320815793298
277.9693282333592	63.2180541792205	22.02949581942221	27.776320815793298
277.87144858640846	63.12017453226977	22.02949581942221	27.776320815793298
277.77356893945773	63.2180541792205	22.02949581942221	27.776320815793298
277.675689292507	64.68624888348148	22.02949581942221	27.776320815793298
277.5778096455563	67.72051793895419	22.02949581942221	27.776320815793298
274.9350591778865	67.81839758590492	22.02949581942221	27.776320815793298
275.03293882483723	71.04842593527908	22.02949581942221	27.776320815793298
275.13081847178796	74.08269499075179	22.02949581942221	27.776320815793298
275.2286981187387	77.1169640462245	22.02949581942221	27.776320815793298
275.3265777656894	77.01908439927377	22.02949581942221	27.776320815793298
278.3608468211621	80.05335345474647	22.02949581942221	27.776320815793298
278.2629671742114	80.1512331016972	22.02949581942221	27.776320815793298
276.5990131760489	80.24911274864793	22.02949581942221	27.776320815793298
276.69689282299964	83.28338180412064	22.02949581942221	27.776320815793298
274.8371795309357	83.38126145107137	22.02949581942221	27.776320815793298
274.739299883985	86.61128980044553	22.02949581942221	27.776320815793298
271.7050308285123	89.64555885591824	22.02949581942221	27.776320815793298
271.60715118156156	92.8755872052924	22.02949581942221	27.776320815793298
268.57288212608887	95.90985626076511	22.02949581942221	27.776320815793298
265.5386130706162	98.94412531623782	22.02949581942221	27.776320815793298
265.44073342366545	102.17415366561198	22.02949581942221	27.776320815793298
262.40646436819276	105.20842272108469	22.02949581942221	27.776320815793284
262.308584721242	108.2426917765574	22.02949581942221	27.776320815793298
259.27431566576934	111.2769608320301	22.02949581942221	27.776320815793284
259.1764360188186	114.3112298875028	22.02949581942221	27.776320815793298
256.14216696334586	117.34549894297551	22.029495819422266	27.776320815793284
253.1078979078732	119.4009715289409	22.029495819422237	27.776320815793284
253.01001826092246	122.43524058441359	22.029495819422237	27.776320815793284
249.97574920544977	122.53312023136432	22.029495819422237	27.776320815793284
250.0736288524005	125.56738928683701	22.029495819422237	27.776320815793284
249.3884713237454	125.66526893378774	22.029495819422237	27.776320815793284
249.29059167679466	128.69953798926042	22.029495819422237	27.776320815793298
246.25632262132197	128.79741763621115	22.029495819422237	27.776320815793298
246.3542022682727	128.89529728316188	22.029495819422237	27.776320815793298
246.25632262132197	128.9931769301126	22.029495819422237	27.776320815793298
246.15844297437124	129.09105657706337	22.029495819422237	27.77632081579327
246.0605633274205	129.1889362240141	22.029495819422237	27.77632081579327
245.96268368046978	129.28681587096483	22.029495819422237	27.77632081579327
245.86480403351905	129.38469551791556	22.029495819422237	27.77632081579327
245.76692438656832	129.4825751648663	22.029495819422237	27.77632081579327
245.6690447396176	129.38469551791556	22.029495819422237	27.77632081579327
245.57116509266686	129.28681587096483	22.029495819422237	27.77632081579327
245.6690447396176	126.05678752159064	22.029495819422237	27.776320815793284
245.76692438656832	123.02251846611794	22.029495819422237	27.776320815793284
248.801193442041	119.79249011674376	22.029495819422237	27.776320815793284
248.89907308899174	113.62607235884762	22.029495819422237	27.776320815793284
248.99695273594247	109.41724753996613	22.029495819422237	27.776320815793298
249.0948323828932	106.18721919059196	22.029495819422237	27.776320815793284
247.82239697253365	100.02080143269582	22.029495819422237	27.776320815793298
247.72451732558292	96.98653237722311	22.029495819422237	27.776320815793298
246.84360050302635	93.75650402784895	22.029495819422237	27.776320815793298
245.96268368046975	90.52647567847478	22.029495819422266	27.776320815793298
242.92841462499706	84.36005792057864	22.029495819422266	27.776320815793298
242.83053497804633	81.32578886510593	22.029495819422266	27.776320815793298
239.79626592257364	78.29151980963323	22.029495819422266	27.776320815793298
239.6983862756229	75.25725075416052	22.029495819422266	27.776320815793298
239.60050662867218	75.1593711072098	22.029495819422266	27.776320815793298
236.5662375731995	72.12510205173709	22.029495819422266	27.776320815793298
236.66411722015022	72.02722240478636	22.029495819422266	27.776320815793298
236.76199686710095	71.92934275783563	22.029495819422266	27.776320815793298
236.66411722015022	69.48235158406732	22.029495819422266	27.776320815793298
236.5662375731995	69.38447193711659	22.029495819422266	27.776320815793298
236.46835792624876	69.28659229016586	22.029495819422266	27.776320815793298
236.37047827929803	69.18871264321513	22.029495819422266	27.776320815793298
236.2725986323473	67.72051793895415	22.029495819422266	27.776320815793298
236.17471898539657	67.81839758590488	22.029495819422266	27.776320815793298
236.2725986323473	67.9162772328556	22.029495819422266	27.776320815793298
236.37047827929803	68.01415687980634	22.029495819422266	27.776320815793298
239.40474733477072	71.04842593527904	22.029495819422266	27.776320815793298
239.50262698172145	71.14630558222977	22.029495819422266	27.776320815793298
242.73265533109563	74.18057463770248	22.029495819422237	27.776320815793298
245.76692438656832	76.43180651756933	22.029495819422237	27.776320815793298
248.801193442041	79.46607557304203	22.029495819422237	27.776320815793298
250.26938814630202	79.56395521999276	22.029495819422237	27.776320815793298
253.3036572017747	82.79398356936693	22.029495819422237	27.776320815793298
253.5972961426269	86.0240119187411	22.029495819422237	27.776320815793298
256.827324492001	89.25404026811526	22.029495819422266	27.776320815793298
260.05735284137523	92.28830932358797	22.02949581942221	27.776320815793298
263.0916218968479	95.32257837906067	22.02949581942221	27.776320815793298
264.95133518891186	98.35684743453338	22.02949581942221	27.776320815793298
267.98560424438455	101.39111649000608	22.02949581942221	27.776320815793298
268.0834838913353	104.42538554547879	22.02949581942221	27.776320815793284
270.13895647730067	107.4596546009515	22.02949581942221	27.776320815793298
270.2368361242514	110.4939236564242	22.02949581942221	27.776320815793284
273.2711051797241	113.5281927118969	22.02949581942221	27.776320815793298
273.3689848266748	113.62607235884764	22.02949581942221	27.776320815793298
273.46686447362555	116.66034141432034	22.02949581942221	27.776320815793284
273.5647441205763	119.69461046979303	22.02949581942221	27.776320815793284
273.662623767527	119.79249011674376	22.02949581942221	27.776320815793284
273.76050341447774	122.82675917221646	22.02949581942221	27.776320815793284
273.85838306142847	122.92463881916719	22.02949581942221	27.776320815793284
273.9562627083792	123.02251846611792	22.02949581942221	27.776320815793284
275.81597600044313	123.12039811306865	22.02949581942221	27.776320815793284
275.91385564739386	123.21827776001938	22.02949581942221	27.776320815793284
276.0117352943446	123.3161574069701	22.02949581942221	27.776320815793284
275.91385564739386	123.41403705392084	22.02949581942221	27.776320815793284
276.0117352943446	123.51191670087157	22.02949581942221	27.776320815793284
275.91385564739386	123.6097963478223	22.02949581942221	27.776320815793284
276.0117352943446	123.70767599477303	22.02949581942221	27.776320815793284
275.91385564739386	123.6097963478223	22.02949581942221	27.776320815793284
276.0117352943446	122.33736093746278	22.02949581942221	27.776320815793284
275.91385564739386	119.30309188199008	22.02949581942221	27.776320815793284
276.0117352943446	116.0730635326159	22.02949581942221	27.776320815793284
275.91385564739386	113.0387944771432	22.02949581942221	27.776320815793298
276.0117352943446	109.80876612776903	22.02949581942221	27.776320815793284
275.91385564739386	103.64234836987289	22.02949581942221	27.776320815793284
276.0117352943446	100.41232002049873	22.02949581942221	27.776320815793298
276.1096149412953	94.24590226260258	22.02949581942221	27.776320815793298
276.20749458824605	90.42859603152402	22.02949581942221	27.776320815793298
276.3053742351968	84.26217827362788	22.02949581942221	27.776320815793298
276.4032538821475	81.03214992425372	22.02949581942221	27.776320815793298
276.50113352909824	77.80212157487955	22.02949581942221	27.776320815793298
277.3820503516548	74.57209322550538	22.02949581942221	27.776320815793298
277.47992999860554	71.34206487613122	22.02949581942221	27.776320815793298
277.5778096455563	68.11203652675705	22.02949581942221	27.776320815793298
277.675689292507	65.07776747128435	22.02949581942221	27.776320815793298
277.77356893945773	64.97988782433362	22.02949581942221	27.776320815793298
277.675689292507	62.14137806276237	22.02949581942221	27.776320815793298
277.77356893945773	62.04349841581164	22.02949581942221	27.776320815793298
277.675689292507	62.14137806276237	22.02949581942221	27.776320815793298
277.77356893945773	62.04349841581164	22.02949581942221	27.776320815793298
277.87144858640846	62.14137806276237	22.02949581942221	27.776320815793298
277.9693282333592	62.04349841581164	22.02949581942221	27.776320815793298
278.0672078803099	62.14137806276237	22.02949581942221	27.776320815793298
278.16508752726065	62.2392577097131	22.02949581942221	27.776320815793298
281.3951158766348	64.49048958957995	22.02949581942221	27.776320815793298
284.62514422600896	64.58836923653068	22.02949581942221	27.776320815793298
287.8551725753831	67.62263829200339	22.02949581942221	27.776320815793298
291.08520092475726	67.72051793895412	22.02949581942221	27.776320815793298
294.3152292741314	67.81839758590485	22.02949581942221	27.776320815793298
297.54525762350556	70.85266664137755	22.02949581942221	27.776320815793298
303.1243974996973	70.95054628832828	22.02949581942221	27.776320815793298
306.15866655517	71.04842593527901	22.02949581942221	27.776320815793298
309.1929356106427	71.14630558222974	22.02949581942221	27.776320815793298
312.22720466611537	71.24418522918047	22.02949581942221	27.776320815793298
315.26147372158806	71.3420648761312	22.02949581942221	27.776320815793298
315.3593533685388	71.43994452308193	22.02949581942221	27.776320815793298
318.3936224240115	71.53782417003266	22.02949581942221	27.776320815793298
318.29574277706075	71.6357038169834	22.02949581942221	27.776320815793298
318.19786313011	71.73358346393412	22.02949581942221	27.776320815793298
318.0999834831593	71.83146311088485	22.02949581942221	27.776320815793298
316.4360294849968	71.92934275783558	22.02949581942221	27.776320815793298
316.3381498380461	73.00601887429364	22.02949581942221	27.776320815793298
313.3038807825734	73.10389852124437	22.02949581942221	27.776320815793298
313.20600113562267	73.2017781681951	22.02949581942221	27.776320815793298
310.17173208015	73.10389852124437	22.02949581942221	27.776320815793298
306.9417037307758	73.2017781681951	22.02949581942221	27.776320815793298
303.90743467530314	73.29965781514584	22.02949581942221	27.776320815793298
300.677406325929	73.39753746209657	22.02949581942221	27.776320815793298
297.44737797655483	73.4954171090473	22.02949581942221	27.776320815793298
294.2173496271807	73.59329675599803	22.02949581942221	27.776320815793298
290.98732127780653	73.69117640294876	22.02949581942221	27.776320815793298
287.7572929284324	73.78905604989949	22.02949581942221	27.776320815793298
284.5272645790582	73.69117640294876	22.02949581942221	27.776320815793298
281.2972362296841	73.59329675599803	22.02949581942221	27.776320815793298
277.4799299986055	73.4954171090473	22.02949581942221	27.776320815793298
274.24990164923133	73.39753746209657	22.02949581942221	27.776320815793298
271.0198732998572	73.29965781514584	22.02949581942221	27.776320815793298
267.9856042443845	73.2017781681951	22.02949581942221	27.776320815793298
264.75557589501034	70.36326840662386	22.02949581942221	27.776320815793298
261.72130683953765	70.46114805357459	22.02949581942221	27.776320815793298
259.66583425357226	70.55902770052532	22.02949581942221	27.776320815793298
256.827324492001	70.65690734747605	22.02949581942221	27.776320815793298
256.72944484505024	70.75478699442678	22.029495819422266	27.776320815793298
253.69517578957758	70.85266664137751	22.029495819422237	27.776320815793298
250.66090673410488	70.95054628832824	22.029495819422237	27.776320815793298
248.80119344204095	71.04842593527897	22.029495819422237	27.776320815793298
247.92027661948438	71.1463055822297	22.029495819422237	27.776320815793298
244.8860075640117	71.04842593527897	22.029495819422237	27.776320815793298
244.78812791706096	71.1463055822297	22.029495819422237	27.776320815793298
241.75385886158827	71.24418522918043	22.029495819422237	27.776320815793298
241.65597921463754	71.34206487613116	22.029495819422237	27.776320815793298
238.62171015916485	71.43994452308189	22.029495819422237	27.776320815793298
238.52383051221412	71.53782417003262	22.029495819422237	27.776320815793298
235.48956145674143	71.63570381698335	22.029495819422237	27.776320815793298
235.3916818097907	71.73358346393408	22.029495819422237	27.776320815793298
232.357412754318	71.63570381698335	22.029495819422266	27.776320815793298
232.25953310736728	71.53782417003262	22.029495819422266	27.776320815793298
229.22526405189458	71.43994452308189	22.029495819422266	27.776320815793298
229.12738440494385	71.34206487613116	22.029495819422266	27.776320815793298
229.02950475799312	71.43994452308189	22.029495819422266	27.776320815793298
228.9316251110424	71.53782417003262	22.029495819422266	27.776320815793298
228.83374546409166	71.63570381698335	22.029495819422266	27.776320815793298
228.73586581714093	71.73358346393408	22.029495819422266	27.776320815793298
228.83374546409166	74.76785251940679	22.029495819422266	27.776320815793298
228.9316251110424	76.23604722366777	22.029495819422266	27.776320815793298
229.02950475799312	79.27031627914047	22.029495819422266	27.776320815793298
229.12738440494385	82.30458533461318	22.029495819422266	27.776320815793298
229.02950475799312	85.33885439008588	22.029495819422266	27.776320815793298
228.9316251110424	88.56888273946005	22.029495819422266	27.776320815793298
229.02950475799312	94.73530049735619	22.029495819422266	27.776320815793298
229.12738440494385	99.33564390404062	22.029495819422266	27.776320815793298
232.16165346041655	105.50206166193676	22.029495819422266	27.776320815793284
232.06377381346582	110.29816436252266	22.029495819422266	27.776320815793284
232.16165346041655	113.52819271189682	22.029495819422266	27.776320815793298
232.25953310736728	119.69461046979295	22.029495819422266	27.776320815793284
235.29380216283997	125.86102822768909	22.029495819422237	27.776320815793284
235.19592251588924	129.09105657706328	22.029495819422237	27.77632081579327
235.0980428689385	132.32108492643746	22.029495819422237	27.77632081579327
235.00016322198778	135.35535398191016	22.029495819422237	27.77632081579327
234.90228357503705	135.4532336288609	22.029495819422294	27.77632081579327
234.80440392808632	135.55111327581162	22.029495819422237	27.77632081579327
234.7065242811356	138.5853823312843	22.029495819422294	27.77632081579327
234.60864463418486	138.48750268433358	22.029495819422237	27.77632081579327
234.51076498723413	138.38962303738285	22.029495819422294	27.77632081579327
234.4128853402834	138.29174339043212	22.029495819422237	27.77632081579327
234.51076498723413	137.99810444957993	22.029495819422294	27.77632081579327
234.60864463418486	136.92142833312187	22.029495819422237	27.77632081579327
234.7065242811356	133.88715927764918	22.029495819422294	27.77632081579327
237.74079333660828	133.9850389245999	22.029495819422237	27.77632081579327
237.838672983559	133.88715927764918	22.029495819422237	27.77632081579327
240.8729420390317	130.85289022217648	22.029495819422237	27.77632081579327
244.10297038840588	130.75501057522575	22.029495819422266	27.77632081579327
247.1372394438786	127.72074151975305	22.029495819422237	27.776320815793284
250.36726779325275	127.62286187280232	22.029495819422237	27.776320815793284
253.5972961426269	124.58859281732963	22.029495819422237	27.776320815793284
259.76371390052304	124.4907131703789	22.02949581942221	27.776320815793284
262.9937422498972	121.4564441149062	22.02949581942221	27.776320815793284
266.22377059927135	121.35856446795547	22.02949581942221	27.776320815793284
269.4537989486455	118.32429541248278	22.02949581942221	27.776320815793284
272.68382729801965	118.22641576553205	22.02949581942221	27.776320815793284
275.9138556473938	118.12853611858132	22.02949581942221	27.776320815793284
279.14388399676795	118.03065647163059	22.02949581942221	27.776320815793284
282.17815305224065	118.12853611858132	22.02949581942221	27.776320815793284
282.2760326991914	115.09426706310862	22.02949581942221	27.776320815793298
285.31030175466407	115.9751838856652	22.02949581942221	27.776320815793284
285.7996999894177	115.87730423871447	22.02949581942221	27.776320815793284
289.02972833879187	115.77942459176374	22.02949581942221	27.776320815793284
289.1276079857426	115.68154494481301	22.02949581942221	27.776320815793284
290.98732127780653	115.58366529786228	22.02949581942221	27.776320815793284
291.08520092475726	115.48578565091155	22.02949581942221	27.776320815793284
291.183080571708	115.38790600396082	22.02949581942221	27.776320815793284
291.2809602186587	115.29002635701009	22.02949581942221	27.776320815793284
291.37883986560945	115.19214671005936	22.02949581942221	27.776320815793284
291.4767195125602	115.09426706310863	22.02949581942221	27.776320815793284
291.37883986560945	115.19214671005936	22.02949581942221	27.776320815793284
291.2809602186587	115.09426706310863	22.02949581942221	27.776320815793284
291.183080571708	115.19214671005936	22.02949581942221	27.776320815793284
290.69368233695434	115.09426706310863	22.02949581942221	27.776320815793284
288.4424504570875	114.9963874161579	22.02949581942221	27.776320815793284
285.4081814016148	111.9621183606852	22.02949581942221	27.776320815793298
285.31030175466407	112.05999800763593	22.02949581942221	27.776320815793298
282.2760326991914	111.9621183606852	22.02949581942221	27.776320815793298
279.2417636437187	111.86423871373447	22.02949581942221	27.776320815793298
276.01173529434453	108.82996965826176	22.02949581942221	27.776320815793284
272.7817069449704	108.92784930521249	22.02949581942221	27.776320815793284
269.55167859559623	109.02572895216322	22.02949581942221	27.776320815793284
266.3216502462221	109.12360859911395	22.02949581942221	27.776320815793284
263.2873811907494	109.02572895216322	22.02949581942221	27.776320815793284
260.05735284137523	108.92784930521249	22.02949581942221	27.776320815793284
257.02308378590254	108.82996965826176	22.02949581942221	27.776320815793284
253.98881473042982	108.73209001131103	22.029495819422237	27.776320815793284
253.8909350834791	108.6342103643603	22.029495819422237	27.776320815793284
253.79305543652836	108.53633071740957	22.029495819422237	27.776320815793284
253.69517578957763	108.43845107045884	22.029495819422237	27.776320815793284
250.66090673410494	105.40418201498613	22.029495819422237	27.776320815793298
250.5630270871542	105.50206166193686	22.029495819422237	27.776320815793298
250.46514744020348	105.5999413088876	22.029495819422237	27.776320815793298
250.36726779325275	105.50206166193686	22.029495819422237	27.776320815793298
250.26938814630202	105.40418201498613	22.029495819422237	27.776320815793298
247.23511909082933	102.36991295951343	22.029495819422237	27.776320815793284
247.1372394438786	102.2720333125627	22.029495819422237	27.776320815793284
244.1029703884059	99.23776425708999	22.029495819422237	27.776320815793298
244.20085003535664	98.9441253162378	22.029495819422237	27.776320815793298
244.1029703884059	95.9098562607651	22.029495819422237	27.776320815793298
244.00509074145518	95.81197661381437	22.029495819422237	27.776320815793298
240.9708216859825	92.5819482644402	22.029495819422237	27.776320815793298
241.06870133293322	89.5476792089675	22.029495819422237	27.776320815793298
238.03443227746052	86.51341015349479	22.029495819422237	27.776320815793298
238.13231192441125	86.41553050654406	22.029495819422237	27.776320815793298
238.03443227746052	83.38126145107135	22.029495819422237	27.776320815793298
237.9365526305098	83.28338180412062	22.029495819422237	27.776320815793298
237.83867298355906	80.24911274864792	22.029495819422237	27.776320815793298
234.80440392808637	77.21484369317521	22.029495819422294	27.776320815793298
234.9022835750371	77.11696404622448	22.029495819422237	27.776320815793298
235.00016322198783	74.08269499075178	22.029495819422237	27.776320815793298
235.09804286893856	73.98481534380105	22.029495819422237	27.776320815793298
235.00016322198783	70.95054628832834	22.029495819422237	27.776320815793298
235.09804286893856	70.85266664137761	22.029495819422237	27.776320815793298
235.00016322198783	67.8183975859049	22.029495819422237	27.776320815793298
235.09804286893856	67.72051793895417	22.029495819422237	27.776320815793298
235.1959225158893	67.23111970420051	22.029495819422237	27.776320815793298
235.29380216284002	64.1968506487278	22.029495819422237	27.776320815793298
235.39168180979075	64.09897100177707	22.029495819422237	27.776320815793298
235.48956145674148	64.00109135482634	22.029495819422237	27.776320815793298
235.5874411036922	63.90321170787561	22.029495819422237	27.776320815793298
235.68532075064294	63.80533206092488	22.029495819422237	27.776320815793298
235.78320039759367	63.70745241397415	22.029495819422237	27.776320815793298
235.68532075064294	63.60957276702342	22.029495819422237	27.776320815793298
235.5874411036922	63.51169312007269	22.029495819422237	27.776320815793298
235.48956145674148	63.41381347312196	22.029495819422237	27.776320815793298
235.39168180979075	63.31593382617123	22.029495819422237	27.776320815793298
235.29380216284002	63.2180541792205	22.029495819422237	27.776320815793298
235.39168180979075	63.12017453226977	22.029495819422237	27.776320815793298
235.48956145674148	63.02229488531904	22.029495819422237	27.776320815793298
235.39168180979075	63.12017453226977	22.029495819422237	27.776320815793298
235.48956145674148	63.02229488531904	22.029495819422237	27.776320815793298
235.5874411036922	63.12017453226977	22.029495819422237	27.776320815793298
235.68532075064294	63.02229488531904	22.029495819422237	27.776320815793298
235.78320039759367	63.12017453226977	22.029495819422237	27.776320815793298
235.8810800445444	63.02229488531904	22.029495819422237	27.776320815793298
235.97895969149513	63.12017453226977	22.029495819422237	27.776320815793298
236.07683933844586	63.2180541792205	22.029495819422237	27.776320815793298
236.1747189853966	63.31593382617123	22.029495819422237	27.776320815793298
236.27259863234733	63.41381347312196	22.029495819422237	27.776320815793298
239.5026269817215	66.44808252859467	22.029495819422266	27.776320815793298
239.60050662867224	66.35020288164394	22.029495819422266	27.776320815793298
242.243257096342	66.44808252859467	22.029495819422266	27.776320815793298
242.14537744939128	66.5459621755454	22.029495819422266	27.776320815793298
242.04749780244055	66.64384182249613	22.029495819422266	27.776320815793298
241.94961815548982	66.74172146944686	22.029495819422266	27.776320815793298
241.85173850853909	66.83960111639759	22.029495819422266	27.776320815793298
241.94961815548982	69.8738701718703	22.029495819422266	27.776320815793298
242.04749780244055	72.908139227343	22.029495819422266	27.776320815793298
241.94961815548982	73.20177816819519	22.029495819422266	27.776320815793298
244.9838872109625	76.2360472236679	22.029495819422266	27.776320815793298
245.08176685791324	76.13816757671717	22.029495819422266	27.776320815793298
245.76692438656838	73.10389852124446	22.029495819422237	27.776320815793298
248.99695273594253	73.00601887429373	22.029495819422237	27.776320815793298
252.03122179141522	69.97174981882102	22.029495819422237	27.776320815793298
255.0654908468879	69.8738701718703	22.029495819422237	27.776320815793298
255.16337049383864	66.83960111639759	22.029495819422237	27.776320815793298
258.19763954931136	64.78412853043221	22.02949581942221	27.776320815793298
261.23190860478405	64.68624888348148	22.02949581942221	27.776320815793298
264.26617766025674	64.58836923653075	22.02949581942221	27.776320815793298
264.55981660110893	61.55410018105805	22.02949581942221	27.776320815793298
267.7898449504831	61.45622053410732	22.02949581942221	27.776320815793298
270.8241140059558	61.35834088715659	22.02949581942221	27.776320815793298
270.9219936529065	58.32407183168388	22.02949581942221	27.776320815793298
271.2156325937587	58.42195147863461	22.02949581942221	27.776320815793298
272.48806800411825	58.51983112558534	22.02949581942221	27.776320815793298
272.78170694497044	58.42195147863461	22.02949581942221	27.776320815793298
275.81597600044313	58.51983112558534	22.02949581942221	27.776320815793298
275.7180963534924	58.42195147863461	22.02949581942221	27.776320815793298
275.62021670654167	58.51983112558534	22.02949581942221	27.776320815793298
275.52233705959094	58.61771077253607	22.02949581942221	27.776320815793298
273.2711051797241	58.7155904194868	22.02949581942221	27.776320815793298
273.3689848266748	60.77106300545218	22.02949581942221	27.776320815793298
273.2711051797241	61.65197982800876	22.02949581942221	27.776320815793298
270.2368361242514	62.33713735666389	22.02949581942221	27.776320815793298
270.13895647730067	65.3714064121366	22.02949581942221	27.776320815793298
266.9089281279265	66.25232323469318	22.02949581942221	27.776320815793298
263.67889977855236	66.35020288164391	22.02949581942221	27.776320815793298
260.4488714291782	66.44808252859464	22.02949581942221	27.776320815793298
257.21884307980406	69.48235158406735	22.02949581942221	27.776320815793298
253.98881473042988	69.38447193711661	22.029495819422237	27.776320815793298
249.5842306176469	69.28659229016588	22.029495819422237	27.776320815793298
246.35420226827276	69.18871264321515	22.029495819422237	27.776320815793298
243.31993321280007	69.09083299626442	22.029495819422237	27.776320815793298
241.26446062683468	68.9929533493137	22.029495819422237	27.776320815793298
238.23019157136198	65.95868429384099	22.029495819422237	27.776320815793298
238.32807121831272	65.86080464689026	22.029495819422237	27.776320815793298
238.42595086526345	65.76292499993953	22.029495819422237	27.776320815793298
238.32807121831272	62.72865594446682	22.029495819422237	27.776320815793298
238.23019157136198	62.82653559141755	22.029495819422237	27.776320815793298
238.13231192441125	62.92441523836828	22.029495819422237	27.776320815793298
238.03443227746052	63.02229488531901	22.029495819422237	27.776320815793298
237.9365526305098	63.12017453226974	22.029495819422237	27.776320815793298
240.3835438042781	63.21805417922047	22.029495819422237	27.776320815793298
240.28566415732737	63.315933826171204	22.029495819422237	27.776320815793298
240.3835438042781	63.413813473121934	22.029495819422237	27.776320815793298
240.48142345122884	63.315933826171204	22.029495819422237	27.776320815793298
241.16658097988397	63.21805417922047	22.029495819422266	27.776320815793298
241.2644606268347	63.315933826171204	22.029495819422266	27.776320815793298
241.36234027378543	63.413813473121934	22.029495819422266	27.776320815793298
241.46021992073617	66.44808252859464	22.029495819422266	27.776320815793298
241.36234027378543	66.54596217554537	22.029495819422266	27.776320815793298
241.2644606268347	69.77599052491954	22.029495819422266	27.776320815793298
241.16658097988397	73.0060188742937	22.029495819422266	27.776320815793298
241.06870133293324	76.23604722366787	22.029495819422266	27.776320815793298
240.3835438042781	79.27031627914057	22.029495819422237	27.776320815793298
239.30686768782004	82.50034462851474	22.029495819422266	27.776320815793298
239.20898804086931	85.7303729778889	22.029495819422266	27.776320815793298
239.11110839391858	91.89679073578505	22.029495819422266	27.776320815793298
239.01322874696785	94.93105979125775	22.029495819422266	27.776320815793298
238.91534910001712	95.22469873210994	22.029495819422266	27.776320815793298
241.94961815548982	98.25896778758265	22.029495819422266	27.776320815793298
242.04749780244055	98.16108814063192	22.029495819422266	27.776320815793298
242.14537744939128	98.06320849368119	22.029495819422266	27.776320815793298
242.243257096342	98.16108814063192	22.029495819422266	27.776320815793298
242.34113674329274	98.06320849368119	22.029495819422266	27.776320815793298
242.43901639024347	98.16108814063192	22.029495819422266	27.776320815793298
245.47328544571616	98.06320849368119	22.029495819422266	27.776320815793298
245.37540579876543	95.02893943820848	22.029495819422266	27.776320815793298
245.47328544571616	91.99467038273578	22.029495819422266	27.776320815793298
247.92027661948444	88.96040132726307	22.029495819422237	27.776320815793298
248.01815626643517	85.7303729778889	22.029495819422237	27.776320815793298
248.1160359133859	79.56395521999276	22.029495819422237	27.776320815793298
248.21391556033663	76.3339268706186	22.029495819422237	27.776320815793298
251.24818461580932	73.29965781514589	22.029495819422237	27.776320815793298
251.1503049688586	70.26538875967319	22.029495819422237	27.776320815793298
251.05242532190786	70.36326840662392	22.029495819422237	27.776320815793298
250.95454567495713	70.46114805357465	22.029495819422237	27.776320815793298
251.05242532190786	70.55902770052538	22.029495819422237	27.776320815793298
250.95454567495713	70.6569073474761	22.029495819422237	27.776320815793298
251.05242532190786	70.75478699442684	22.029495819422237	27.776320815793298
251.1503049688586	70.6569073474761	22.029495819422237	27.776320815793298
253.5972961426269	70.55902770052538	22.029495819422237	27.776320815793298
253.69517578957763	70.46114805357465	22.029495819422237	27.776320815793298
253.79305543652836	67.42687899810194	22.029495819422237	27.776320815793298
253.8909350834791	67.52475864505267	22.029495819422237	27.776320815793298
254.18457402433128	67.6226382920034	22.029495819422237	27.776320815793298
254.282453671282	67.72051793895413	22.029495819422237	27.776320815793298
254.38033331823274	67.81839758590486	22.029495819422237	27.776320815793298
254.47821296518347	67.91627723285559	22.029495819422237	27.776320815793298
254.5760926121342	67.81839758590486	22.029495819422237	27.776320815793298
254.67397225908493	67.72051793895413	22.029495819422237	27.776320815793298
254.96761119993712	67.6226382920034	22.029495819422237	27.776320815793298
256.63156519809957	67.52475864505267	22.029495819422266	27.776320815793298
256.72944484505035	67.42687899810194	22.02949581942221	27.776320815793298
256.827324492001	67.32899935115121	22.029495819422266	27.776320815793298
259.8615935474738	67.23111970420048	22.02949581942221	27.776320815793298
259.9594731944245	67.13324005724975	22.02949581942221	27.776320815793298
262.9937422498972	67.03536041029902	22.02949581942221	27.776320815793298
263.0916218968479	66.93748076334829	22.02949581942221	27.776320815793298
263.18950154379866	64.68624888348144	22.02949581942221	27.776320815793298
263.2873811907494	64.58836923653071	22.02949581942221	27.776320815793298
263.3852608377001	64.49048958957998	22.02949581942221	27.776320815793298
263.48314048465085	64.39260994262925	22.02949581942221	27.776320815793298
263.3852608377001	64.29473029567852	22.02949581942221	27.776320815793298
263.2873811907494	64.19685064872779	22.02949581942221	27.776320815793298
262.4064643681928	64.09897100177706	22.02949581942221	27.776320815793298
259.3721953127201	64.19685064872779	22.02949581942221	27.776320815793298
259.2743156657694	64.29473029567852	22.02949581942221	27.776320815793298
259.17643601881866	64.39260994262925	22.02949581942221	27.776320815793298
258.83118458760487	64.18688452731593	22.516898414427033	28.390871913842716
258.7311393534653	64.08683929317641	22.516898414427033	28.390871913842716
258.83118458760487	63.986794059036896	22.516898414427033	28.390871913842716
258.7311393534653	63.88674882489738	22.516898414427033	28.390871913842716
258.6310941193258	63.78670359075787	22.516898414427033	28.390871913842716
258.53104888518624	63.68665835661835	22.516898414427033	28.390871913842716
258.4310036510467	63.58661312247884	22.516898414427033	28.390871913842716
258.53104888518624	63.48656788833932	22.516898414427033	28.390871913842716
258.6310941193258	62.78625124936271	22.516898414427033	28.390871913842716
258.7311393534653	62.68620601522319	22.516898414427033	28.390871913842716
258.83118458760487	62.58616078108368	22.516898414427033	28.390871913842716
258.7311393534653	62.48611554694416	22.516898414427033	28.390871913842716
258.83118458760487	62.185979844525605	22.516898414427033	28.390871913842716
258.7311393534653	62.08593461038609	22.516898414427033	28.390871913842716
256.02991803169834	61.985889376246575	22.516898414427033	28.390871913842716
252.92851577337333	61.88584414210706	22.516898414427004	28.390871913842716
253.02856100751288	63.18643218592079	22.516898414427004	28.390871913842716
252.92851577337333	66.28783444424583	22.516898414427004	28.390871913842716
249.8271135150483	67.58842248805956	22.516898414427004	28.390871913842716
249.72706828090875	67.68846772219908	22.516898414427004	28.390871913842716
248.8266611736531	67.7885129563386	22.516898414427004	28.390871913842716
245.72525891532806	67.68846772219908	22.516898414427004	28.390871913842716
245.8253041494676	65.98769874182729	22.516898414427004	28.390871913842716
245.92534938360714	65.88765350768777	22.516898414427004	28.390871913842716
246.06901006271084	63.58678863904191	22.036718773540997	27.78542801881258
245.97109832332345	63.6847003784293	22.036718773541025	27.78542801881258
246.06901006271084	63.78261211781668	22.036718773540997	27.78542801881258
245.97109832332345	63.88052385720407	22.036718773541025	27.78542801881258
246.06901006271084	63.78261211781668	22.036718773540997	27.78542801881258
245.97109832332345	63.6847003784293	22.036718773541025	27.78542801881258
246.06901006271084	63.58678863904191	22.036718773540997	27.78542801881258
246.16692180209822	63.48887689965453	22.036718773540997	27.78542801881258
246.2648335414856	63.39096516026714	22.036718773540997	27.78542801881258
246.36274528087296	63.29305342087976	22.036718773540997	27.78542801881258
246.46065702026033	63.39096516026714	22.036718773540997	27.78542801881258
247.73350963229632	63.48887689965453	22.036718773540997	27.78542801881258
250.76877355330527	66.52414082066348	22.036718773540997	27.78542801881258
253.02074355921513	66.62205256005086	22.036718773540997	27.78542801881258
254.91021437968547	66.21309283297835	22.524281176405594	28.400180613728793
257.01185314873345	66.11301479635702	22.524281176405566	28.400180613728793
259.3136479910241	65.01215639352237	22.524281176405566	28.400180613728793
259.4137260276454	63.91129799068773	22.524281176405566	28.400180613728793
261.71552086993603	63.210751734338416	22.524281176405566	28.400180613728793
261.81559890655734	63.11067369771709	22.524281176405566	28.400180613728793
261.71552086993603	63.01059566109576	22.524281176405566	28.400180613728793
261.6154428333147	62.91051762447444	22.524281176405566	28.400180613728793
261.5153647966934	60.80887885542647	22.524281176405566	28.400180613728793
261.4152867600721	60.708800818805145	22.524281176405566	28.400180613728793
261.3152087234508	60.60872278218382	22.524281176405566	28.400180613728793
260.6146624671015	60.50864474556249	22.524281176405566	28.400180613728793
260.51458443048017	60.408566708941166	22.524281176405566	28.400180613728793
260.41450639385886	60.50864474556249	22.524281176405566	28.400180613728793
260.31442835723755	60.60872278218382	22.524281176405566	28.400180613728793
260.21435032061623	60.708800818805145	22.524281176405566	28.400180613728793
260.31442835723755	60.80887885542647	22.524281176405566	28.400180613728793
260.41450639385886	60.9089568920478	22.524281176405566	28.400180613728793
260.51458443048017	61.009034928669124	22.524281176405566	28.400180613728793
260.6146624671015	61.50942511177578	22.524281176405566	28.400180613728793
260.9148965769655	63.210751734338416	22.524281176405566	28.400180613728793
261.0149746135868	63.11067369771709	22.524281176405566	28.400180613728793
261.1150526502081	63.01059566109576	22.524281176405566	28.400180613728793
261.2151306868294	62.91051762447444	22.524281176405566	28.400180613728793
261.3152087234507	62.81043958785311	22.524281176405566	28.400180613728793
261.41528676007204	62.710361551231784	22.524281176405566	28.400180613728793
262.5161451629067	62.81043958785311	22.524281176405566	28.400180613728793
262.8163792727707	62.710361551231784	22.524281176405566	28.400180613728793
262.916457309392	62.61028351461046	22.524281176405566	28.400180613728793
263.0165353460133	62.51020547798913	22.524281176405566	28.400180613728793
263.1166133826346	62.410127441367806	22.524281176405566	28.400180613728793
263.21669141925594	62.31004940474648	22.524281176405566	28.400180613728793
263.31676945587725	62.20997136812515	22.524281176405566	28.400180613728793
263.41684749249856	60.90895689204784	22.524281176405566	28.400180613728793
263.5169255291199	60.808878855426514	22.524281176405566	28.400180613728793
263.6170035657412	60.70880081880519	22.524281176405566	28.400180613728793
263.7170816023625	60.60872278218386	22.524281176405566	28.400180613728793
263.6170035657412	60.70880081880519	22.524281176405566	28.400180613728793
263.5169255291199	60.808878855426514	22.524281176405566	28.400180613728793
263.41684749249856	60.90895689204784	22.524281176405566	28.400180613728793
263.5169255291199	60.808878855426514	22.524281176405566	28.400180613728793
263.6170035657412	60.70880081880519	22.524281176405566	28.400180613728793
263.7170816023625	60.808878855426514	22.524281176405566	28.400180613728793
263.8171596389838	60.1083325990772	22.524281176405566	28.400180613728793
263.9172376756051	60.008254562455875	22.524281176405566	28.400180613728793
265.2182521516824	59.90817652583455	22.524281176405566	28.400180613728793
265.3183301883037	58.206849903271916	22.524281176405566	28.400180613728793
265.41840822492503	58.10677186665059	22.524281176405566	28.400180613728793
265.51848626154634	58.00669383002926	22.524281176405566	28.400180613728793
266.21903251789564	57.90661579340794	22.524281176405566	28.400180613728793
266.31911055451695	57.80653775678661	22.524281176405566	28.400180613728793
266.41918859113827	57.706459720165284	22.524281176405566	28.400180613728793
266.5192666277596	57.60638168354396	22.524281176405566	28.400180613728793
266.41918859113827	57.50630364692263	22.524281176405566	28.400180613728793
266.31911055451695	57.406225610301306	22.524281176405566	28.400180613728793
266.21903251789564	57.50630364692263	22.524281176405566	28.400180613728793
265.118174115061	57.806537756786625	22.524281176405566	28.400180613728793
264.6177839319543	57.90661579340795	22.524281176405566	28.400180613728793
264.11739374884763	58.00669383002928	22.524281176405566	28.400180613728793
262.21591105304236	58.106771866650604	22.524281176405566	28.400180613728793
262.11583301642105	58.20684990327193	22.524281176405566	28.400180613728793
262.01575497979974	58.30692793989326	22.524281176405566	28.400180613728793
261.9156769431784	58.40700597651458	22.524281176405566	28.400180613728793
262.01575497979974	58.50708401313591	22.524281176405566	28.400180613728793
262.11583301642105	58.607162049757235	22.524281176405566	28.400180613728793
262.21591105304236	58.70724008637856	22.524281176405566	28.400180613728793
262.3159890896637	58.80731812299989	22.524281176405566	28.400180613728793
262.416067126285	58.907396159621214	22.524281176405566	28.400180613728793
262.5161451629063	59.00747419624254	22.524281176405566	28.400180613728793
262.6162231995276	58.907396159621214	22.524281176405566	28.400180613728793
262.7163012361489	58.80731812299989	22.524281176405566	28.400180613728793
262.81637927277023	57.30614757367992	22.524281176405566	28.400180613728793
262.7163012361489	57.40622561030125	22.524281176405566	28.400180613728793
262.6162231995276	57.506303646922575	22.524281176405566	28.400180613728793
262.5161451629063	57.40622561030125	22.524281176405566	28.400180613728793
262.416067126285	57.30614757367992	22.524281176405566	28.400180613728793
262.3159890896637	54.20372843841865	22.524281176405566	28.400180613728793
262.21591105304236	51.10130930315738	22.524281176405566	28.400180613728793
262.11583301642105	47.99889016789611	22.524281176405566	28.400180613728793
265.21825215168235	47.89881213127477	22.524281176405566	28.400180613728807
265.31833018830366	44.796392996013495	22.524281176405566	28.400180613728807
267.8202811038369	44.69631495939217	22.524281176405566	28.400180613728793
267.7202030672156	41.5938958241309	22.524281176405566	28.400180613728793
267.8202811038369	41.493817787509556	22.524281176405566	28.400180613728807
267.7202030672156	41.5938958241309	22.524281176405566	28.400180613728793
267.8202811038369	41.493817787509556	22.524281176405566	28.400180613728807
267.7202030672156	41.39373975088823	22.524281176405566	28.400180613728793
267.8202811038369	41.29366171426689	22.524281176405566	28.400180613728807
264.7178619685756	39.99264723818959	22.524281176405566	28.400180613728793
264.81794000519693	39.89256920156825	22.524281176405566	28.400180613728807
266.33389151559163	39.68222316652351	23.0226308974336	29.028534609807544
269.3691785758663	40.10399256375873	23.532006606039317	29.670790938049542
269.0003794428011	41.61985670876666	24.05265225219796	30.327257187553883
268.62342062891685	41.39523777447367	24.584817183277778	30.99824775282852
268.46478057637825	40.93899017115656	25.12875626345783	31.684083984359845
268.07095680775024	40.7043218945431	25.684729995786824	32.38509434251381
267.9568365244437	40.81844217784963	25.684729995786824	32.38509434251381
267.84271624113717	40.7043218945431	25.684729995786824	32.38509434251381
267.72859595783063	40.81844217784963	25.684729995786824	32.38509434251381
267.6144756745241	40.93256246115617	25.684729995786824	32.38509434251381
264.0767468920217	41.0466827444627	25.684729995786824	32.38509434251381
264.1908671753282	41.84552472760842	25.684729995786824	32.385094342513796
263.7883300558193	44.21045988184645	26.253004646943623	33.101614554841916
263.3768868025413	43.96529266020475	26.833852374757157	33.83398777686779
259.24543206645217	46.436033867727915	27.427551358548726	34.582564756431
258.8155810413153	46.17989798334284	28.0343859323566	35.347704001667026
254.95421851077873	48.29741937105644	28.0343859323566	35.34770400166703
251.09285598024218	48.42197945268665	28.0343859323566	35.34770400166702
246.98237328644518	44.56061692215009	28.0343859323566	35.347704001667026
246.60869304155455	44.6851770037803	28.0343859323566	35.34770400166703
241.25260953145545	40.82381447324374	28.0343859323566	35.347704001667026
233.40532438875212	36.96245194270718	28.034385932356628	35.34770400166702
233.52988447038234	36.83789186107697	28.0343859323566	35.347704001667026
232.9070840622313	32.97652933054041	28.034385932356628	35.34770400166702
232.78252398060107	32.35372892238935	28.0343859323566	35.347704001667026
232.34316250153302	27.95653132143923	28.654646721109998	36.129771952703905
231.8940801497406	27.4247553967723	29.288630779814525	36.92914315715748
231.76394731039204	29.11648230830355	29.288630779814525	36.92914315715748
229.81195472016367	29.246615147652104	29.288630779814525	36.92914315715747
229.6818218808151	29.637013665697776	29.288630779814525	36.92914315715747
229.03115768407233	29.76714650504633	29.288630779814554	36.92914315715748
228.90102484472376	31.19860773788047	29.288630779814554	36.92914315715748
