208	64	37	46
208.663145516282	64.336854483718	37.0	46.0
208.82629103256397	64.173708967436	37.0	46.0
208.98943654884596	64.010563451154	37.0	46.0
209.15258206512794	63.847417934872	37.0	46.0
209.31572758140993	64.010563451154	37.0	46.0
209.47887309769192	63.847417934872	37.0	46.0
209.6420186139739	64.010563451154	37.0	46.0
209.47887309769192	63.847417934872	37.0	46.0
209.6420186139739	64.010563451154	37.0	46.0
209.47887309769192	63.847417934872	37.0	46.0
209.31572758140993	64.010563451154	37.0	46.0
209.47887309769192	63.847417934872	37.0	46.0
209.31572758140993	64.010563451154	37.0	46.0
209.15258206512794	63.847417934872	37.0	46.0
208.98943654884596	64.010563451154	37.0	46.0
208.82629103256397	63.847417934872	37.0	46.0
208.663145516282	64.010563451154	37.0	46.0
208.5	63.847417934872	37.0	46.0
208.336854483718	64.010563451154	37.0	46.0
208.5	63.847417934872	37.0	46.0
208.663145516282	64.010563451154	37.0	46.0
208.82629103256397	63.847417934872	37.0	46.0
213.88380203730586	64.010563451154	37.0	46.0
213.72065652102387	64.173708967436	37.0	46.0
213.55751100474188	64.336854483718	37.0	46.0
213.3943654884599	64.5	37.0	46.0
213.55751100474188	64.336854483718	37.0	46.0
213.72065652102387	64.173708967436	37.0	46.0
213.55751100474188	64.010563451154	37.0	46.0
213.3943654884599	63.847417934872	37.0	46.0
213.2312199721779	63.68427241859	37.0	46.0
213.06807445589592	63.521126902308	37.0	46.0
211.59976480935796	63.357981386026	37.0	46.0
211.43661929307598	63.521126902308	37.0	46.0
211.273473776794	63.68427241859	37.0	46.0
211.43661929307598	63.521126902308	37.0	46.0
211.59976480935796	63.357981386026	37.0	46.0
211.76291032563995	63.194835869744	37.0	46.0
211.92605584192194	63.031690353462	37.0	46.0
212.08920135820392	62.868544837179996	37.0	46.0
212.2523468744859	62.705399320897996	37.0	46.0
212.4154923907679	62.542253804615996	37.0	46.0
212.57863790704988	62.379108288333995	37.0	46.0
212.74178342333187	62.215962772051995	37.0	46.0
212.90492893961385	62.052817255769995	37.0	46.0
213.06807445589584	61.889671739487994	37.0	46.0
213.23121997217783	61.726526223205994	37.0	46.0
213.3943654884598	61.563380706923994	37.0	46.0
213.5575110047418	61.40023519064199	37.0	46.0
213.72065652102378	61.23708967435999	37.0	46.0
213.88380203730577	61.07394415807799	37.0	46.0
214.04694755358776	60.91079864179599	37.0	46.0
214.21009306986974	61.07394415807799	37.0	46.0
214.37323858615173	60.91079864179599	37.0	46.0
214.21009306986974	61.07394415807799	37.0	46.0
214.37323858615173	60.91079864179599	37.0	46.0
214.21009306986974	61.07394415807799	37.0	46.0
214.04694755358776	60.91079864179599	37.0	46.0
213.88380203730577	61.07394415807799	37.0	46.0
213.72065652102378	61.23708967435999	37.0	46.0
213.5575110047418	61.40023519064199	37.0	46.0
213.3943654884598	61.563380706923994	37.0	46.0
213.23121997217783	61.726526223205994	37.0	46.0
213.06807445589584	61.889671739487994	37.0	46.0
208.01056345115396	61.726526223205994	37.0	46.0
208.17370896743594	61.563380706923994	37.0	46.0
208.01056345115396	61.40023519064199	37.0	46.0
207.84741793487197	61.563380706923994	37.0	46.0
202.7899069301301	61.40023519064199	37.0	46.0
202.6267614138481	61.23708967435999	37.0	46.0
202.46361589756611	61.07394415807799	37.0	46.0
202.30047038128413	60.91079864179599	37.0	46.0
197.24295937654225	60.74765312551399	37.0	46.0
197.40610489282423	60.58450760923199	37.0	46.0
197.24295937654225	60.42136209294999	37.0	46.0
197.07981386026026	60.25821657666799	37.0	46.0
196.91666834397827	60.09507106038599	37.0	46.0
191.8591573392364	59.93192554410399	37.0	46.0
192.02230285551838	59.76878002782199	37.0	46.0
191.8591573392364	59.60563451153999	37.0	46.0
191.6960118229544	59.44248899525799	37.0	46.0
187.9436649484685	59.27934347897599	37.0	46.0
188.10681046475048	59.11619796269399	37.0	46.0
187.9436649484685	58.95305244641199	37.0	46.0
187.7805194321865	59.11619796269399	37.0	46.0
187.61737391590452	58.95305244641199	37.0	46.0
187.45422839962254	59.11619796269399	37.0	46.0
187.61737391590452	58.95305244641199	37.0	46.0
187.45422839962254	59.11619796269399	37.0	46.0
187.61737391590452	58.95305244641199	37.0	46.0
187.45422839962254	59.11619796269399	37.0	46.0
187.61737391590452	58.95305244641199	37.0	46.0
187.7805194321865	59.11619796269399	37.0	46.0
187.9436649484685	58.95305244641199	37.0	46.0
188.10681046475048	59.11619796269399	37.0	46.0
191.5328663066724	59.27934347897599	37.0	46.0
191.3697207903904	59.44248899525799	37.0	46.0
191.5328663066724	59.60563451153999	37.0	46.0
191.69601182295438	59.76878002782199	37.0	46.0
191.85915733923636	59.93192554410399	37.0	46.0
196.91666834397824	60.09507106038599	37.0	46.0
197.07981386026023	59.93192554410399	37.0	46.0
197.24295937654222	60.09507106038599	37.0	46.0
198.71126902308018	59.93192554410399	37.0	46.0
198.87441453936216	60.09507106038599	37.0	46.0
203.93192554410405	60.25821657666799	37.0	46.0
203.76878002782206	60.42136209294999	37.0	46.0
203.93192554410405	60.58450760923199	37.0	46.0
204.09507106038603	60.42136209294999	37.0	46.0
209.15258206512792	60.58450760923199	37.0	46.0
209.3157275814099	60.74765312551399	37.0	46.0
211.43661929307584	60.91079864179599	37.0	46.0
211.59976480935782	61.07394415807799	37.0	46.0
213.06807445589578	61.23708967435999	37.0	46.0
217.90592962331547	60.897478147502554	37.818625	47.01775000000001
217.73917451248573	61.064233258332294	37.818625	47.01775000000001
217.572419401656	61.230988369162034	37.818625	47.01775000000001
217.73917451248573	61.064233258332294	37.818625	47.01775000000001
217.90592962331547	60.897478147502554	37.818625	47.01775000000001
218.0726847341452	60.73072303667281	37.818625	47.01775000000001
223.242093169867	60.897478147502554	37.81862499999997	47.01775000000001
223.07533805903725	61.064233258332294	37.81862499999997	47.01775000000001
222.9085829482075	60.897478147502554	37.81862499999997	47.01775000000001
223.07533805903725	60.73072303667281	37.81862499999997	47.01775000000001
224.2426238348454	60.56396792584307	37.818625	47.01775000000001
224.40937894567514	60.39721281501333	37.818625	47.01775000000001
225.91017494314275	60.56396792584307	37.818625	47.01775000000001
231.07958337886453	60.73072303667281	37.818625	47.01775000000001
230.9128282680348	60.56396792584307	37.818625	47.01775000000001
231.07958337886453	60.39721281501333	37.818625	47.01775000000001
231.24633848969427	60.23045770418359	37.818625	47.01775000000001
231.413093600524	60.39721281501333	37.818625	47.01775000000001
231.57984871135375	60.23045770418359	37.818625	47.01775000000001
231.7466038221835	60.06370259335385	37.818625	47.01775000000001
231.91335893301323	59.89694748252411	37.818625	47.01775000000001
232.08011404384297	59.73019237169437	37.818625	47.01775000000001
232.2468691546727	59.56343726086463	37.818625	47.01775000000001
232.08011404384297	59.73019237169437	37.818625	47.01775000000001
231.91335893301323	59.89694748252411	37.818625	47.01775000000001
231.7466038221835	59.73019237169437	37.818625	47.01775000000001
231.57984871135375	59.56343726086463	37.818625	47.01775000000001
231.413093600524	59.73019237169437	37.818625	47.01775000000001
231.24633848969427	59.56343726086463	37.818625	47.01775000000001
231.07958337886453	59.39668215003489	37.818625	47.01775000000001
230.9128282680348	59.22992703920515	37.818625	47.01775000000001
230.74607315720505	59.06317192837541	37.818625	47.01775000000001
230.5793180463753	59.22992703920515	37.818625	47.01775000000001
230.41256293554557	59.39668215003489	37.818625	47.01775000000001
230.24580782471583	59.56343726086463	37.818625	47.01775000000001
230.07905271388609	59.39668215003489	37.818625	47.01775000000001
229.91229760305634	59.56343726086463	37.818625	47.01775000000001
229.7455424922266	59.39668215003489	37.818625	47.01775000000001
229.57878738139686	59.56343726086463	37.818625	47.01775000000001
229.41203227056712	59.39668215003489	37.818625	47.01775000000001
229.24527715973738	59.56343726086463	37.818625	47.01775000000001
229.07852204890764	59.39668215003489	37.818625	47.01775000000001
228.9117669380779	59.56343726086463	37.818625	47.01775000000001
228.74501182724816	59.39668215003489	37.818625	47.01775000000001
228.57825671641842	59.56343726086463	37.818625	47.01775000000001
228.41150160558868	59.39668215003489	37.818625	47.01775000000001
228.24474649475894	59.56343726086463	37.818625	47.01775000000001
228.0779913839292	59.39668215003489	37.818625	47.01775000000001
227.91123627309946	59.56343726086463	37.818625	47.01775000000001
227.74448116226972	59.39668215003489	37.818625	47.01775000000001
227.57772605143998	59.56343726086463	37.818625	47.01775000000001
227.41097094061024	59.73019237169437	37.818625	47.01775000000001
227.2442158297805	59.89694748252411	37.818625	47.01775000000001
227.07746071895076	60.06370259335385	37.818625	47.01775000000001
226.91070560812102	60.23045770418359	37.818625	47.01775000000001
226.74395049729128	60.39721281501333	37.818625	47.01775000000001
226.57719538646154	60.56396792584307	37.818625	47.01775000000001
226.8197143534329	61.226029583871735	37.01213143072292	46.0150823192771
227.3716620274726	61.873972577626766	36.22283657973037	45.03379682885396
227.53138076733742	62.033691317491595	36.22283657973034	45.03379682885397
227.69109950720224	62.193410057356424	36.22283657973037	45.03379682885396
227.85081824706705	62.35312879722125	36.22283657973034	45.03379682885397
228.01053698693187	62.51284753708608	36.22283657973037	45.03379682885396
228.24282266384603	63.14697295133574	35.450373679174675	44.07343754708202
228.39913535347517	62.990660261706594	35.450373679174675	44.07343754708202
228.24282266384603	62.83434757207745	35.450373679174675	44.07343754708202
228.39913535347517	62.990660261706594	35.450373679174675	44.07343754708202
228.24282266384603	62.83434757207745	35.450373679174675	44.07343754708202
228.39913535347517	62.990660261706594	35.450373679174675	44.07343754708202
228.24282266384603	62.83434757207745	35.450373679174675	44.07343754708202
228.39913535347517	62.990660261706594	35.450373679174675	44.07343754708202
228.62646746836356	63.61126276049575	34.69438378264289	43.133558216258706
228.77944674280423	63.458283486055066	34.69438378264289	43.133558216258706
228.62646746836356	63.305304211614384	34.69438378264289	43.133558216258706
228.4734881939229	63.458283486055066	34.69438378264289	43.133558216258706
228.32050891948222	63.305304211614384	34.69438378264289	43.133558216258706
228.16752964504155	63.458283486055066	34.69438378264289	43.133558216258706
228.0145503706009	63.305304211614384	34.69438378264289	43.133558216258706
227.86157109616022	63.1523249371737	34.69438378264289	43.133558216258706
227.70859182171955	62.99934566273302	34.69438378264289	43.133558216258706
227.55561254727888	62.84636638829234	34.69438378264289	43.133558216258706
227.40263327283822	62.69338711385166	34.69438378264289	43.133558216258706
227.24965399839755	62.540407839410975	34.69438378264289	43.133558216258706
227.09667472395688	62.38742856497029	34.69438378264289	43.133558216258706
226.9436954495162	62.23444929052961	34.69438378264289	43.133558216258706
224.95496488178745	62.08147001608893	34.69438378264286	43.133558216258706
224.80198560734678	61.92849074164825	34.69438378264286	43.133558216258706
224.34304778402475	61.775511467207565	34.69438378264289	43.133558216258706
223.57815141182138	61.62253219276688	34.69438378264286	43.133558216258706
223.4251721373807	61.4695529183262	34.69438378264286	43.133558216258706
218.6828146297198	61.62253219276688	34.69438378264289	43.133558216258706
218.83579390416045	61.775511467207565	34.69438378264289	43.133558216258706
218.98877317860112	61.92849074164825	34.69438378264289	43.133558216258706
218.83579390416045	62.08147001608893	34.69438378264289	43.133558216258706
214.70535349426223	62.23444929052961	34.69438378264289	43.133558216258706
214.55237421982156	62.38742856497029	34.69438378264289	43.133558216258706
214.3993949453809	62.540407839410975	34.69438378264289	43.133558216258706
214.24641567094022	62.38742856497029	34.69438378264289	43.133558216258706
214.09343639649956	62.540407839410975	34.69438378264289	43.133558216258706
213.9404571220589	62.38742856497029	34.69438378264289	43.133558216258706
213.78747784761822	62.23444929052961	34.69438378264289	43.133558216258706
209.0451203399573	62.38742856497029	34.69438378264289	43.133558216258706
207.05638977222853	62.540407839410975	34.69438378264289	43.133558216258706
205.3736177533811	62.69338711385166	34.69438378264289	43.133558216258706
202.46701153900827	62.540407839410975	34.69438378264289	43.133558216258706
202.68949572807315	62.852875996834285	33.954515598362434	42.213722095261375
202.53977878273804	63.002592942169414	33.95451559836238	42.213722095261375
202.39006183740287	62.852875996834285	33.954515598362434	42.213722095261375
201.94091100139747	62.703159051499156	33.954515598362434	42.213722095261375
201.79119405606235	62.55344210616403	33.95451559836238	42.213722095261375
201.64147711072718	62.4037251608289	33.954515598362434	42.213722095261375
201.49176016539207	62.55344210616403	33.95451559836238	42.213722095261375
200.74317543871638	62.703159051499156	33.954515598362434	42.213722095261375
200.89289238405155	62.852875996834285	33.95451559836238	42.213722095261375
201.04260932938666	63.002592942169414	33.954515598362434	42.213722095261375
201.19232627472184	63.15230988750454	33.95451559836238	42.213722095261375
201.34204322005695	63.30202683283967	33.954515598362434	42.213722095261375
205.98326852544608	63.15230988750454	33.954515598362434	42.213722095261375
206.13298547078125	63.30202683283967	33.95451559836238	42.213722095261375
206.28270241611636	63.4517437781748	33.954515598362434	42.213722095261375
206.43241936145154	63.60146072350993	33.95451559836238	42.213722095261375
206.58213630678665	63.75117766884506	33.954515598362434	42.213722095261375
211.22336161217578	63.60146072350993	33.954515598362434	42.213722095261375
211.07364466684066	63.4517437781748	33.95451559836238	42.213722095261375
210.9239277215055	63.30202683283967	33.954515598362434	42.213722095261375
211.07364466684066	63.15230988750454	33.95451559836238	42.213722095261375
211.22336161217578	63.002592942169414	33.954515598362434	42.213722095261375
211.67251244818118	62.852875996834285	33.954515598362434	42.213722095261375
216.3137377535703	63.002592942169414	33.954515598362434	42.213722095261375
216.1640208082352	62.852875996834285	33.95451559836238	42.213722095261375
216.01430386290002	63.002592942169414	33.954515598362434	42.213722095261375
216.1640208082352	62.852875996834285	33.95451559836238	42.213722095261375
216.3137377535703	63.002592942169414	33.954515598362434	42.213722095261375
216.1640208082352	62.852875996834285	33.95451559836238	42.213722095261375
216.01430386290002	63.002592942169414	33.954515598362434	42.213722095261375
216.1640208082352	62.852875996834285	33.95451559836238	42.213722095261375
216.01430386290002	62.703159051499156	33.954515598362434	42.213722095261375
215.8645869175649	62.55344210616403	33.95451559836238	42.213722095261375
215.71486997222974	62.4037251608289	33.954515598362434	42.213722095261375
215.56515302689462	62.25400821549377	33.95451559836238	42.213722095261375
215.41543608155945	62.10429127015864	33.954515598362434	42.213722095261375
215.26571913622433	61.95457432482351	33.95451559836238	42.213722095261375
210.6244938308352	57.3133490194344	33.95451559836238	42.213722095261375
210.77421077617032	57.46306596476953	33.954515598362434	42.213722095261375
210.9239277215055	57.612782910104656	33.95451559836238	42.213722095261375
211.0736446668406	57.46306596476953	33.954515598362434	42.213722095261375
210.9239277215055	57.3133490194344	33.95451559836238	42.213722095261375
211.0736446668406	57.16363207409927	33.954515598362434	42.213722095261375
210.9239277215055	57.01391512876414	33.95451559836238	42.213722095261375
211.0736446668406	56.86419818342901	33.954515598362434	42.213722095261375
210.9239277215055	56.71448123809388	33.95451559836238	42.213722095261375
211.0736446668406	56.56476429275875	33.954515598362434	42.213722095261375
210.9239277215055	56.415047347423624	33.95451559836238	42.213722095261375
211.0736446668406	56.265330402088495	33.954515598362434	42.213722095261375
210.9239277215055	56.115613456753366	33.95451559836238	42.213722095261375
210.3929745619134	50.83335290173332	34.70575925597615	43.14770069661904
210.5460039946641	50.98638233448399	34.70575925597615	43.14770069661904
210.69903342741478	51.13941176723466	34.70575925597615	43.14770069661904
210.85206286016546	51.29244119998533	34.70575925597615	43.14770069661904
211.00509229291615	51.445470632736004	34.70575925597615	43.14770069661904
211.15812172566683	51.598500065486675	34.70575925597615	43.14770069661904
211.31115115841752	51.445470632736004	34.70575925597615	43.14770069661904
211.4641805911682	51.29244119998533	34.70575925597615	43.14770069661904
211.6172100239189	51.13941176723466	34.70575925597615	43.14770069661904
211.4641805911682	50.98638233448399	34.70575925597615	43.14770069661904
211.31115115841752	50.83335290173332	34.70575925597615	43.14770069661904
210.76845066016946	50.19726342629816	35.473624179514616	44.10234357453174
210.21374291339765	49.54710047121898	36.25847811448642	45.078107926118236
210.05386701794936	49.387224575770674	36.25847811448642	45.078107926118236
209.89399112250106	49.54710047121898	36.25847811448642	45.078107926118236
209.73411522705277	49.387224575770674	36.25847811448642	45.078107926118236
209.89399112250106	49.54710047121898	36.25847811448642	45.078107926118236
210.05386701794936	49.70697636666729	36.25847811448642	45.078107926118236
210.21374291339765	49.54710047121898	36.25847811448642	45.078107926118236
214.9546419866123	48.88255266075869	37.060696942769425	46.075461063983596
214.7912288369772	49.045965810393795	37.060696942769425	46.075461063983596
214.9546419866123	48.88255266075869	37.060696942769425	46.075461063983596
220.02044962530042	49.045965810393795	37.0606969427694	46.075461063983596
220.1838627749355	48.88255266075869	37.060696942769425	46.075461063983596
225.02965424014502	48.542384015484785	37.88066486262818	47.09488064002423
224.7838916256319	47.84810465787484	38.71877457271381	48.13685487418476
224.95461580042843	47.67738048307831	38.71877457271381	48.13685487418476
227.85692677196943	47.50665630828178	38.71877457271381	48.13685487418476
228.02765094676596	47.335932133485244	38.71877457271381	48.13685487418476
228.88127182074862	47.16520795868871	38.71877457271381	48.13685487418476
234.17372123944105	46.99448378389218	38.71877457271384	48.13685487418476
234.00299706464452	46.823759609095646	38.71877457271384	48.13685487418476
233.83227288984799	46.65303543429911	38.71877457271384	48.13685487418476
233.5810727774887	45.94339514590204	39.57542746013513	49.201882788276116
232.96222435977842	45.21805406612418	40.45103379269062	50.29047444496672
232.78386206809603	45.03969177444178	40.451033792690566	50.29047444496672
232.60549977641358	44.86132948275937	40.45103379269062	50.29047444496672
232.4271374847312	45.03969177444178	40.451033792690566	50.29047444496672
232.24877519304874	45.21805406612418	40.45103379269062	50.29047444496672
232.07041290136635	45.39641635780659	40.451033792690566	50.29047444496672
226.5411818592118	45.57477864948899	40.451033792690566	50.29047444496672
226.27874317550064	45.20349115356205	41.346012915353896	51.40315119206159
226.09643461811476	45.38579971094793	41.34601291535387	51.40315119206159
225.91412606072888	45.56810826833381	41.346012915353896	51.40315119206159
225.731817503343	45.75041682571969	41.34601291535387	51.40315119206159
220.08025222438079	45.93272538310557	41.34601291535387	51.40315119206159
219.8979436669949	46.11503394049145	41.346012915353896	51.40315119206159
219.71563510960902	46.29734249787733	41.34601291535387	51.40315119206159
219.53332655222314	46.47965105526321	41.346012915353896	51.40315119206159
219.35101799483726	47.02657672742084	41.34601291535387	51.40315119206161
213.69945271587505	47.20888528480672	41.34601291535387	51.40315119206161
213.88176127326093	47.3911938421926	41.34601291535387	51.40315119206161
213.69945271587505	47.57350239957848	41.34601291535387	51.40315119206161
213.51714415848917	53.22506767854069	41.34601291535387	51.40315119206161
213.3348356011033	53.40737623592657	41.34601291535387	51.40315119206161
213.1525270437174	53.58968479331245	41.34601291535387	51.40315119206161
212.97021848633153	53.77199335069833	41.34601291535387	51.40315119206161
212.78790992894565	53.95430190808421	41.34601291535387	51.40315119206161
212.60560137155977	54.13661046547009	41.34601291535387	51.40315119206161
212.4232928141739	54.31891902285597	41.34601291535387	51.40315119206161
212.240984256788	54.50122758024185	41.34601291535387	51.40315119206161
212.05867569940213	54.31891902285597	41.34601291535387	51.40315119206161
211.87636714201625	54.13661046547009	41.34601291535387	51.40315119206161
211.69405858463037	53.95430190808421	41.34601291535387	51.40315119206161
211.5117500272445	53.77199335069833	41.34601291535387	51.40315119206161
211.77688902530736	54.495806283178396	40.46429673631559	50.306963510014015
211.59846825281994	54.67422705566581	40.46429673631559	50.306963510014015
206.0674243057103	54.495806283178396	40.46429673631559	50.306963510014015
206.3269091347783	54.86024002905033	39.601383420372485	49.2341523604631
206.1522932390054	54.685624133277415	39.601383420372485	49.2341523604631
209.0991161215901	49.99315188414699	38.75687199080551	48.18421923181227
208.9282239623897	44.69549494893426	38.75687199080551	48.18421923181227
208.7573318031893	44.86638710813467	38.75687199080551	48.18421923181227
208.58643964398888	45.03727926733507	38.75687199080551	48.18421923181227
208.41554748478848	45.20817142653548	38.75687199080551	48.18421923181227
208.58643964398888	45.379063585735885	38.75687199080551	48.18421923181227
208.7573318031893	45.54995574493629	38.75687199080551	48.18421923181227
208.58643964398888	45.7208479041367	38.75687199080551	48.18421923181227
208.7573318031893	45.8917400633371	38.75687199080551	48.18421923181227
208.58643964398888	46.06263222253751	38.75687199080551	48.18421923181227
208.7573318031893	46.233524381737915	38.75687199080551	48.18421923181227
208.58643964398888	46.40441654093832	38.75687199080551	48.18421923181227
208.41554748478848	46.57530870013873	38.75687199080551	48.18421923181227
208.24465532558807	46.74620085933913	38.75687199080551	48.18421923181227
208.07376316638766	46.91709301853954	38.75687199080551	48.18421923181227
207.90287100718726	47.087985177739945	38.75687199080551	48.18421923181227
207.73197884798685	53.41099506815514	38.75687199080551	48.18421923181227
207.90287100718726	58.70865200336787	38.75687199080551	48.18421923181227
207.73197884798685	58.53775984416746	38.75687199080551	48.18421923181227
202.43432191277412	56.65794609296295	38.75687199080551	48.18421923181226
202.60521407197453	56.487053933762546	38.75687199080551	48.18421923181226
202.77610623117494	56.31616177456214	38.75687199080551	48.18421923181226
202.94699839037534	56.145269615361734	38.75687199080551	48.18421923181226
203.11789054957575	55.97437745616133	38.75687199080551	48.18421923181226
203.28878270877615	55.80348529696092	38.75687199080551	48.18421923181226
208.35635388266107	55.44774798687942	39.61436778360206	49.250295082316114
208.18168073443834	55.2730748386567	39.61436778360206	49.250295082316114
208.35635388266107	55.098401690433974	39.61436778360206	49.250295082316114
208.5310270308838	53.87568965287494	39.61436778360206	49.250295082316114
208.35635388266107	48.46082205797063	39.61436778360206	49.250295082316114
208.5310270308838	48.28614890974791	39.61436778360206	49.250295082316114
208.70570017910651	48.111475761525185	39.61436778360206	49.250295082316114
208.88037332732924	47.93680261330246	39.61436778360206	49.250295082316114
209.05504647555196	47.76212946507974	39.61436778360206	49.250295082316114
209.92841221666555	47.587456316857015	39.61436778360206	49.250295082316114
214.29524092223355	47.41278316863429	39.61436778360206	49.250295082316114
209.49848559568105	48.10628151810016	38.76957945857828	48.200017705259484
209.66943378640553	48.277229708824635	38.76957945857828	48.200017705259484
209.84038197713002	48.44817789954911	38.76957945857828	48.200017705259484
214.45598312669088	48.61912609027358	38.76957945857828	48.200017705259484
219.75537703914964	48.790074280998056	38.76957945857825	48.200017705259484
219.92632522987412	48.96102247172253	38.76957945857828	48.200017705259484
220.174942369186	54.912350654635446	37.942806499039875	47.1721378096172
220.41825767311732	60.41425380219349	37.13366472189168	46.16617776235187
225.49403924007305	60.57798869145012	37.133664721891705	46.16617776235187
225.33030435081642	60.741723580706754	37.13366472189168	46.16617776235187
225.88406440406226	61.391794164564736	36.34177813685858	45.18167011609447
226.1171128158343	62.02800179741756	35.56677877177137	44.21815739193198
226.34519140003	62.650642110870976	34.80830650157816	43.27519186682693
223.73600422984802	62.80412370911698	34.80830650157819	43.27519186682693
223.58252263160202	62.650642110870976	34.80830650157819	43.27519186682693
223.42904103335601	62.49716051262497	34.80830650157819	43.27519186682693
223.65225577304537	62.81065469265464	34.06600888100232	42.3523353655705
223.50204721611135	62.66044613572063	34.06600888100235	42.3523353655705
223.35183865917733	62.51023757878663	34.06600888100232	42.3523353655705
218.39495628035516	59.05544076930451	34.06600888100235	42.3523353655705
213.738491015401	54.39897550435036	34.06600888100235	42.3523353655705
213.58828245846698	54.549184061284365	34.06600888100235	42.3523353655705
213.43807390153296	54.69939261821837	34.06600888100235	42.3523353655705
211.4853626613909	54.84960117515237	34.06600888100235	42.3523353655705
211.70381727952304	55.44596866133611	33.3395409807689	41.44915905717218
211.8508225937369	55.59297397554995	33.3395409807689	41.44915905717218
211.99782790795075	58.68008557404072	33.3395409807689	41.44915905717218
211.8508225937369	58.533080259826875	33.3395409807689	41.44915905717218
211.99782790795075	58.38607494561303	33.3395409807689	41.44915905717218
212.1448332221646	58.23906963139919	33.3395409807689	41.44915905717218
212.29183853637846	58.09206431718535	33.3395409807689	41.44915905717218
212.43884385059232	57.945059002971504	33.3395409807689	41.44915905717218
212.58584916480618	57.79805368875766	33.3395409807689	41.44915905717218
212.43884385059232	57.65104837454382	33.3395409807689	41.44915905717218
209.05772162367387	53.09388363391459	33.3395409807689	41.44915905717218
209.20472693788773	53.24088894812843	33.3395409807689	41.44915905717218
209.35173225210158	53.38789426234227	33.3395409807689	41.44915905717218
213.9088969927308	53.534899576556114	33.3395409807689	41.44915905717218
213.76189167851695	53.68190489076996	33.3395409807689	41.44915905717218
213.6148863643031	53.8289102049838	33.3395409807689	41.44915905717218
213.46788105008923	53.97591551919764	33.3395409807689	41.44915905717218
213.32087573587538	54.122920833411484	33.3395409807689	41.44915905717218
213.17387042166152	54.26992614762533	33.3395409807689	41.44915905717218
213.02686510744766	54.41693146183917	33.3395409807689	41.44915905717218
212.8798597932338	54.56393677605301	33.3395409807689	41.44915905717218
212.73285447901995	54.710942090266855	33.3395409807689	41.44915905717218
212.5858491648061	54.8579474044807	33.3395409807689	41.44915905717218
212.73285447901995	55.00495271869454	33.3395409807689	41.44915905717218
212.8798597932338	55.15195803290838	33.3395409807689	41.44915905717218
213.02686510744766	55.298963347122225	33.3395409807689	41.44915905717218
213.17387042166152	55.15195803290838	33.3395409807689	41.44915905717218
213.32087573587538	55.298963347122225	33.3395409807689	41.44915905717218
213.46788105008923	55.44596866133607	33.3395409807689	41.44915905717218
213.6148863643031	55.59297397554991	33.3395409807689	41.44915905717218
213.76189167851695	55.73997928976375	33.3395409807689	41.44915905717218
213.9088969927308	55.886984603977595	33.3395409807689	41.44915905717218
214.05590230694466	56.03398991819144	33.3395409807689	41.44915905717218
214.20290762115852	56.18099523240528	33.3395409807689	41.44915905717218
214.34991293537237	56.32800054661912	33.3395409807689	41.44915905717218
214.84709268121682	56.911650316531244	32.62856522732358	40.565243255591504
215.33366991922819	57.48285357930186	31.932751245969826	39.700177224719255
215.47447222161543	57.3420512769146	31.932751245969826	39.700177224719255
215.61527452400267	57.201248974527346	31.932751245969826	39.700177224719255
215.47447222161543	57.06044667214009	31.932751245969826	39.700177224719255
214.48885610490467	57.201248974527346	31.932751245969826	39.700177224719255
214.34805380251743	57.06044667214009	31.932751245969826	39.700177224719255
214.14088013058566	56.47518107286486	32.6392633672869	40.57854364581616
214.57263279056838	56.331263519537295	32.6392633672869	40.578543645816175
214.71655034389596	56.47518107286486	32.6392633672869	40.57854364581616
214.86046789722354	60.93662522601951	32.6392633672869	40.57854364581616
215.00438545055113	60.79270767269194	32.6392633672869	40.578543645816175
215.1483030038787	60.64879011936437	32.6392633672869	40.57854364581616
215.2922205572063	60.5048725660368	32.6392633672869	40.578543645816175
215.43613811053388	60.64879011936437	32.6392633672869	40.57854364581616
215.58005566386146	60.79270767269194	32.6392633672869	40.578543645816175
217.738818963775	60.93662522601951	32.6392633672869	40.57854364581616
217.59490141044742	61.08054277934708	32.6392633672869	40.578543645816175
217.738818963775	60.93662522601951	32.6392633672869	40.57854364581616
217.8827365171026	60.79270767269194	32.6392633672869	40.578543645816175
218.02665407043017	60.64879011936437	32.6392633672869	40.57854364581616
222.4880982235848	65.11023427251902	32.6392633672869	40.578543645816154
222.6320157769124	64.96631671919144	32.6392633672869	40.57854364581618
222.4880982235848	64.82239916586389	32.6392633672869	40.578543645816154
222.34418067025723	64.6784816125363	32.6392633672869	40.57854364581618
222.20026311692965	64.53456405920875	32.6392633672869	40.578543645816154
222.05634556360206	60.073119906054096	32.6392633672869	40.57854364581616
222.2656509107568	60.36707902485339	31.9432212448761	39.71319398011624
222.1248024426026	60.226230556699186	31.9432212448761	39.71319398011622
221.9839539744484	60.36707902485339	31.9432212448761	39.71319398011624
221.84310550629422	60.226230556699186	31.9432212448761	39.71319398011622
221.70225703814003	60.36707902485339	31.9432212448761	39.71319398011624
221.56140856998584	60.226230556699186	31.9432212448761	39.71319398011622
221.42056010183165	60.08538208854498	31.9432212448761	39.71319398011624
221.27971163367746	60.50792749300758	31.9432212448761	39.71319398011624
221.13886316552328	60.64877596116178	31.9432212448761	39.71319398011622
220.9980146973691	60.789624429315985	31.9432212448761	39.71319398011624
221.13886316552328	60.64877596116178	31.9432212448761	39.71319398011622
220.9980146973691	60.789624429315985	31.9432212448761	39.71319398011624
220.8571662292149	60.93047289747019	31.9432212448761	39.71319398011622
220.7163177610607	61.07132136562439	31.9432212448761	39.71319398011624
220.57546929290652	61.212169833778596	31.9432212448761	39.71319398011622
220.43462082475233	61.3530183019328	31.9432212448761	39.71319398011624
219.44868154767295	61.212169833778596	31.9432212448761	39.71319398011622
219.30783307951876	61.07132136562439	31.9432212448761	39.71319398011624
219.51267492710164	61.35901171767339	31.26202243037693	38.86629815668484
207.224074511884	82.89856519686697	30.595350385777294	38.03746264177721
207.35897976146552	82.76365994728545	30.595350385777294	38.03746264177721
207.49388501104704	82.62875469770393	30.595350385777294	38.03746264177721
207.35897976146552	82.4938494481224	30.595350385777294	38.03746264177721
207.224074511884	78.31178671109532	30.595350385777294	38.03746264177721
207.08916926230248	78.44669196067684	30.595350385777294	38.03746264177721
206.95426401272096	78.31178671109532	30.595350385777294	38.03746264177721
202.77220127569387	78.1768814615138	30.595350385777294	38.03746264177721
202.63729602611235	73.99481872448672	30.595350385777294	38.03746264177721
202.50239077653083	74.12972397406824	30.595350385777294	38.03746264177721
202.3674855269493	74.26462922364976	30.595350385777294	38.03746264177721
202.2325802773678	74.39953447323128	30.595350385777294	38.03746264177721
202.09767502778627	74.5344397228128	30.595350385777294	38.03746264177721
197.91561229075919	74.39953447323128	30.595350385777294	38.03746264177721
198.0505175403407	74.26462922364976	30.595350385777294	38.03746264177721
198.18542278992223	74.12972397406824	30.595350385777294	38.03746264177721
198.32032803950375	73.99481872448672	30.595350385777294	38.03746264177721
202.50239077653083	74.12972397406824	30.595350385777294	38.03746264177721
202.3674855269493	73.99481872448672	30.595350385777294	38.03746264177721
202.50239077653083	73.8599134749052	30.595350385777294	38.03746264177721
206.6844535135579	73.99481872448672	30.595350385777294	38.03746264177721
210.866516250585	74.12972397406824	30.595350385777294	38.03746264177721
211.00142150016651	74.26462922364976	30.595350385777294	38.03746264177721
215.1834842371936	74.39953447323128	30.595350385777294	38.03746264177721
219.36554697422068	78.0419762119323	30.595350385777294	38.03746264177721
219.5004522238022	77.90707096235077	30.595350385777294	38.03746264177721
219.36554697422068	77.77216571276925	30.595350385777294	38.03746264177721
214.91367373803055	73.59010297574217	30.595350385777294	38.03746264177721
210.73161100100347	73.45519772616065	30.595350385777294	38.03746264177721
210.59670575142195	73.32029247657913	30.595350385777294	38.03746264177721
206.41464301439487	69.13822973955205	30.595350385777294	38.03746264177721
206.5495482639764	69.00332448997052	30.595350385777294	38.03746264177721
206.6844535135579	65.90050374959559	30.595350385777294	38.03746264177721
206.5495482639764	65.76559850001406	30.595350385777294	38.03746264177721
202.3674855269493	61.58353576298698	30.595350385777294	38.03746264177721
202.50239077653083	58.75052552177509	30.595350385777294	38.03746264177721
202.63729602611235	58.88543077135661	30.595350385777294	38.03746264177721
203.85144327234602	59.02033602093813	30.595350385777294	38.03746264177721
203.7165380227645	59.15524127051965	30.595350385777294	38.03746264177721
203.58163277318297	62.25806201089459	30.595350385777294	38.03746264177721
207.76369551021006	66.44012474792167	30.595350385777294	38.03746264177721
211.94575824723714	70.62218748494875	30.595350385777294	38.03746264177721
212.08066349681866	74.80425022197583	30.595350385777294	38.03746264177721
216.08109252284157	74.52342498794201	31.27227251306266	38.87904150272652
216.2189825510701	79.07379591948282	31.272272513062603	38.87904150272655
220.59404287786793	78.786757427146	31.964171542414135	39.739240295974355
220.45310203276486	83.15592362534105	31.964171542414135	39.739240295974355
220.59404287786793	83.2968644704441	31.964171542414135	39.739240295974355
224.96320907606298	87.66603066863915	31.964171542414135	39.739240295974355
225.10414992116606	87.80697151374221	31.964171542414164	39.739240295974355
224.96320907606298	87.94791235884527	31.964171542414135	39.739240295974355
224.8222682309599	88.08885320394833	31.964171542414107	39.739240295974355
224.68132738585683	88.22979404905139	31.964171542414135	39.739240295974355
224.8222682309599	88.37073489415445	31.964171542414107	39.739240295974355
224.68132738585683	88.22979404905139	31.964171542414135	39.739240295974355
224.8222682309599	88.08885320394833	31.964171542414107	39.739240295974355
224.68132738585683	87.94791235884527	31.964171542414135	39.739240295974355
220.3121611876618	83.57874616065023	31.964171542414135	39.739240295974355
220.45310203276486	83.43780531554717	31.964171542414135	39.739240295974355
220.24572451187134	79.34253679991218	32.67137883779003	40.618470987522784
219.81354702796844	79.19847763861121	32.67137883779003	40.618470987522784
214.8188171242329	74.11583302796924	33.39423309457612	41.51715465812174
214.6715706539881	74.263079498214	33.39423309457618	41.51715465812174
214.52432418374337	74.11583302796924	33.39423309457612	41.51715465812174
214.37707771349858	73.96858655772449	33.39423309457618	41.51715465812174
214.22983124325384	73.82134008747974	33.39423309457612	41.51715465812174
214.08258477300905	71.90713597429793	33.39423309457618	41.51715465812174
213.9353383027643	71.75988950405318	33.39423309457612	41.51715465812174
213.7880918325195	71.61264303380842	33.39423309457618	41.51715465812174
213.64084536227477	71.46539656356367	33.39423309457612	41.51715465812174
213.49359889202998	71.61264303380842	33.39423309457618	41.51715465812174
213.70774562298323	72.19725025660384	32.6820910153304	40.6317888298702
213.5636392280678	72.34135665151928	32.68209101533034	40.6317888298702
213.70774562298323	73.35010141592736	32.6820910153304	40.6317888298702
213.49571037585093	73.05012263672168	33.40518227904454	41.53076715773108
213.64300512475387	77.61625985271291	33.40518227904454	41.530767157731105
218.2091423407451	77.46896510380998	33.40518227904454	41.530767157731105
218.60368902171717	77.16234929411439	34.14427193696844	42.449635381095874
223.0681496278806	76.84894960962927	34.89971395357384	43.38883356390264
222.52241622347285	76.52861595712493	35.67187012479664	44.34881150650398
222.3651268810876	76.68590529951018	35.67187012479664	44.34881150650398
222.20783753870236	81.56187491345294	35.67187012479664	44.34881150650398
222.05054819631712	81.40458557106768	35.67187012479664	44.34881150650398
222.20783753870236	81.24729622868243	35.67187012479664	44.34881150650398
222.05054819631712	81.09000688629718	35.67187012479664	44.34881150650398
222.20783753870236	80.93271754391192	35.67187012479664	44.34881150650398
222.05054819631712	80.77542820152667	35.67187012479664	44.34881150650398
222.20783753870236	80.61813885914141	35.67187012479664	44.34881150650398
221.6500297827221	75.06871165738511	36.46111025130776	45.33002896108536
221.48926041363657	75.22948102647064	36.46111025130776	45.33002896108536
221.32849104455104	78.60563777726664	36.46111025130776	45.33002896108536
221.16772167546551	78.44486840818111	36.46111025130776	45.33002896108536
215.86233249564322	73.46101796652987	36.46111025130779	45.33002896108536
210.87848205399197	68.47716752487862	36.46111025130779	45.33002896108536
210.30833280141064	62.80495924628345	37.26781231561796	46.33295585184937
210.1440064100341	62.640632854906904	37.26781231561796	46.332955851849384
205.04988827736133	57.54651472223413	37.26781231561796	46.332955851849384
204.8855618859848	52.45239658956135	37.26781231561796	46.332955851849384
200.37294216653302	48.036435328297074	36.47306499274271	45.3448916125991
200.21212008494848	47.87561324671253	36.47306499274271	45.3448916125991
200.05129800336394	42.890128717591935	36.47306499274271	45.3448916125991
199.8904759217794	43.050950799176476	36.47306499274271	45.3448916125991
198.44307718751858	42.890128717591935	36.47306499274271	45.3448916125991
198.28225510593404	42.729306636007394	36.47306499274271	45.3448916125991
198.1214330243495	42.56848455442285	36.47306499274271	45.3448916125991
197.96061094276496	42.40766247283831	36.47306499274271	45.3448916125991
198.1214330243495	42.56848455442285	36.47306499274271	45.3448916125991
198.28225510593404	42.729306636007394	36.47306499274271	45.3448916125991
201.3378746560402	47.71479116512799	36.47306499274271	45.3448916125991
201.49869673762475	47.87561324671253	36.47306499274271	45.3448916125991
204.23267212456184	52.86109777583313	36.47306499274271	45.3448916125991
204.39349420614639	57.84658230495373	36.47306499274271	45.3448916125991
204.87596045089998	60.58055769189083	36.47306499274271	45.3448916125991
209.86144498002056	65.56604222101143	36.47306499274271	45.3448916125991
210.0222670616051	70.55152675013203	36.47306499274271	45.3448916125991
215.0077515907257	70.71234883171657	36.47306499274271	45.3448916125991
219.99323611984627	75.69783336083717	36.473064992742735	45.3448916125991
219.75660574800798	75.36305840701675	37.28003155570718	46.34814733952783
219.92098601814757	80.45884678134414	37.28003155570718	46.34814733952783
224.79545610742724	80.11666493167043	38.1048522538772	47.37360009941489
224.96347329104367	85.3251976237798	38.1048522538772	47.3736000994149
225.1314904746601	85.15718044016337	38.1048522538772	47.3736000994149
225.29950765827653	84.98916325654695	38.1048522538772	47.3736000994149
230.5080403503859	85.15718044016337	38.1048522538772	47.3736000994149
230.34002316676947	85.3251976237798	38.1048522538772	47.3736000994149
230.17200598315304	85.15718044016337	38.1048522538772	47.3736000994149
230.00398879953661	85.3251976237798	38.1048522538772	47.3736000994149
225.39001505105387	85.6683814960529	37.2922548021981	46.363343808138225
225.55444921762208	85.50394732948467	37.29225480219813	46.36334380813821
225.39001505105387	85.33951316291645	37.2922548021981	46.3633438081382
225.22558088448565	85.50394732948467	37.29225480219813	46.36334380813821
225.39001505105387	85.33951316291645	37.2922548021981	46.3633438081382
220.29255588743888	80.24205399930145	37.2922548021981	46.36334380813821
220.0506107665041	74.44054562617336	38.11734593969672	47.38913278989327
219.88253849400056	74.27247335366981	38.11734593969672	47.38913278989327
214.67229804639058	73.09596744614498	38.11734593969675	47.38913278989327
214.50422577388704	67.885726998535	38.11734593969675	47.38913278989327
209.88873921181275	68.55301813491258	37.304482056404424	46.378545259313626
210.05322729248098	64.44081611820681	37.304482056404424	46.3785452593136
210.21771537314922	64.27632803753858	37.304482056404424	46.3785452593136
210.38220345381745	62.466959150188025	37.304482056404424	46.37854525931362
210.21771537314922	62.30247106951979	37.304482056404424	46.37854525931362
210.05322729248098	61.15105450484217	37.304482056404424	46.37854525931362
209.88873921181275	58.354757133482245	37.304482056404424	46.378545259313604
209.64671476275706	57.671038092857806	38.129843721902375	47.40467057317593
209.47858738330405	57.502910713404795	38.129843721902375	47.40467057317593
209.31046000385103	57.671038092857806	38.129843721902375	47.40467057317593
209.14233262439802	57.83916547231082	38.129843721902375	47.40467057317593
209.31046000385103	58.00729285176383	38.129843721902375	47.40467057317593
209.47858738330405	58.51167499012288	38.129843721902375	47.40467057317591
209.64671476275706	58.67980236957589	38.129843721902375	47.40467057317591
209.81484214221007	63.89175113261937	38.129843721902375	47.40467057317593
210.383457829561	64.55926105808325	37.31671331964009	46.393751694687694
210.93994761610935	69.97037745705191	36.52092316812485	45.404390965776884
215.71516212605124	69.63516322787976	37.32894859321965	46.40896311589469
215.8797580879568	73.75006227551819	37.32894859321965	46.40896311589472
220.98223290702848	73.91465823742374	37.32894859321962	46.40896311589469
220.81763694512293	74.07925419932926	37.32894859321962	46.40896311589472
220.57545376178746	73.73662335533668	38.15485158084459	47.435761424833885
220.74369140935016	78.95199042978031	38.15485158084459	47.435761424833885
220.91192905691287	79.120228077343	38.15485158084459	47.435761424833885
220.66438757064606	78.77001652592708	38.99902767207084	48.48527764635833
220.8363474761611	78.9419764314421	38.99902767207078	48.48527764635833
221.0083073816761	79.11393633695712	38.99902767207084	48.48527764635833
221.18026728719116	79.28589624247215	38.99902767207078	48.48527764635833
221.35222719270615	79.45785614798717	38.99902767207084	48.48527764635833
221.5241870982212	79.6298160535022	38.99902767207078	48.48527764635833
221.27116875657075	78.91503926756752	39.861881159315345	49.558014414284
220.64784100838037	73.44320016074201	40.74382527996525	50.654485483200034
220.01072213376128	73.0692252225436	41.64528241428448	51.775215974515845
219.82709399591835	72.88559708470069	41.64528241428445	51.77521597451582
219.64346585807542	72.70196894685776	41.645282414284424	51.775215974515845
219.45983772023249	72.51834080901486	41.64528241428445	51.77521597451582
213.76736544710204	66.82586853588441	41.64528241428445	51.77521597451582
213.95099358494497	67.00949667372731	41.64528241428445	51.775215974515845
213.76736544710204	66.82586853588441	41.64528241428445	51.77521597451582
213.95099358494497	64.43870274392648	41.64528241428445	51.77521597451582
213.76736544710204	64.25507460608355	41.64528241428445	51.775215974515845
209.91117455240075	64.07144646824065	41.64528241428445	51.77521597451582
210.09480269024368	63.88781833039773	41.64528241428445	51.77521597451584
210.2784308280866	63.70419019255481	41.64528241428445	51.775215974515824
210.46205896592954	63.520562054711895	41.64528241428445	51.77521597451584
210.64568710377247	63.33693391686898	41.64528241428445	51.775215974515824
210.8293152416154	63.15330577902606	41.64528241428445	51.77521597451584
211.01294337945833	62.96967764118315	41.64528241428445	51.775215974515824
211.19657151730127	63.15330577902606	41.64528241428445	51.77521597451584
211.01294337945833	62.96967764118315	41.64528241428445	51.775215974515824
211.19657151730127	63.15330577902606	41.64528241428445	51.77521597451584
211.01294337945833	62.96967764118315	41.64528241428445	51.775215974515824
210.8293152416154	63.15330577902606	41.64528241428445	51.77521597451584
210.64568710377247	62.96967764118315	41.64528241428445	51.775215974515824
210.8293152416154	62.78604950334023	41.64528241428445	51.77521597451584
211.01294337945833	62.602421365497314	41.64528241428445	51.775215974515824
211.19657151730127	56.909949092366865	41.64528241428445	51.775215974515824
211.01294337945833	57.09357723020978	41.64528241428445	51.77521597451584
211.19657151730127	57.2772053680527	41.64528241428445	51.775215974515824
211.3801996551442	57.09357723020978	41.64528241428445	51.77521597451584
211.56382779298713	56.909949092366865	41.64528241428445	51.775215974515824
211.74745593083006	56.72632095452395	41.64528241428445	51.77521597451584
211.931084068673	56.54269281668103	41.64528241428445	51.775215974515824
213.9470676411213	55.77941529695093	42.566684287700525	52.920742627951995
214.13475855151398	55.59172438655824	42.566684287700525	52.920742627951995
214.32244946190667	55.40403347616555	42.566684287700525	52.920742627951995
214.51014037229936	55.59172438655824	42.566684287700525	52.920742627951995
214.69783128269205	55.40403347616555	42.566684287700525	52.920742627951995
214.88552219308474	55.21634256577286	42.566684287700525	52.920742627951995
215.07321310347743	55.40403347616555	42.566684287700525	52.920742627951995
214.88552219308474	55.21634256577286	42.566684287700525	52.920742627951995
214.21989892861964	54.436177530918734	43.50847217756589	54.09161405859542
214.0280553568345	54.244333959133606	43.508472177565864	54.09161405859543
213.83621178504936	54.05249038734848	43.50847217756589	54.09161405859542
213.64436821326422	53.86064681556335	43.508472177565864	54.09161405859543
213.45252464147907	53.66880324377822	43.508472177565835	54.09161405859542
213.26068106969393	53.47695967199309	43.508472177565864	54.09161405859543
213.0688374979088	47.529808946654036	43.50847217756589	54.09161405859542
213.26068106969393	47.33796537486891	43.508472177565864	54.09161405859543
213.45252464147907	47.14612180308378	43.508472177565835	54.09161405859542
213.17024987374182	43.562167736654466	44.47109712449449	55.28839101964186
212.97416176293095	43.36607962584359	44.47109712449449	55.28839101964186
206.89543032779378	37.28734819070641	44.47109712449452	55.28839101964185
207.09151843860465	37.483436301517294	44.47109712449452	55.28839101964186
208.85631143590254	37.67952441232817	44.47109712449452	55.28839101964186
202.77758000076537	37.483436301517294	44.47109712449452	55.28839101964186
201.01278700346748	37.67952441232817	44.47109712449452	55.28839101964186
194.9340555683303	43.75825584746534	44.47109712449452	55.28839101964186
188.85532413319314	50.22916350422428	44.47109712449452	55.28839101964184
183.95312136292122	62.582714485309516	44.47109712449452	55.28839101964186
185.7179143602191	62.77880259612039	44.47109712449452	55.28839101964186
191.79664579535628	68.85753403125756	44.47109712449452	55.288391019641864
191.99273390616716	74.93626546639473	44.47109712449452	55.288391019641864
198.07146534130433	75.1323535772056	44.47109712449452	55.288391019641864
198.35664452311528	81.95889380121884	43.5227375834059	54.10934942801816
198.54855099590043	92.89756274997244	43.5227375834059	54.10934942801815
204.2392726423364	98.4711700028774	44.485678152438766	55.30651878411304
204.43542504583192	98.66732240637292	44.485678152438766	55.30651878411307
204.63157744932744	98.86347480986844	44.485678152438766	55.30651878411304
204.82772985282296	99.05962721336395	44.485678152438766	55.30651878411307
205.02388225631847	99.25577961685947	44.485678152438766	55.30651878411304
207.57790563271567	105.7064329878575	43.53700766653736	54.12709061245185
207.29544573210387	104.90848380125799	44.500263961159476	55.324652492252326
207.4916624493641	105.10470051851821	44.500263961159476	55.324652492252355
207.68787916662433	105.30091723577844	44.500263961159476	55.324652492252326
207.88409588388456	105.49713395303867	44.500263961159476	55.324652492252355
208.08031260114478	105.6933506702989	44.500263961159476	55.324652492252326
208.276529318405	105.88956738755913	44.500263961159476	55.324652492252355
208.47274603566524	106.08578410481935	44.500263961159476	55.324652492252326
208.66896275292547	112.16850233988644	44.500263961159476	55.324652492252326
208.8651794701857	111.97228562262622	44.500263961159476	55.324652492252355
209.06139618744592	111.77606890536599	44.500263961159476	55.324652492252326
209.25761290470615	111.97228562262622	44.500263961159476	55.324652492252355
