214	61	19	21	
212	59	18	20	
213	60	18	21	
214	60	18	21	
214	59	18	21	
214	60	18	21	
214	59	18	21	
214	59	18	21	
214	59	18	21	
214	59	18	21	
214	59	18	21	
214	60	18	21	
214	60	18	21	
214	59	18	21	
214	59	18	21	
213	59	18	21	
212	60	18	20	
211	60	19	20	
210	60	19	20	
208	60	19	20	
208	60	20	19	
205	61	19	19	
205	61	19	20	
203	61	19	20	
200	61	18	20	
199	61	18	19	
195	61	18	19	
194	63	18	19	
194	62	18	19	
192	63	18	19	
191	63	18	18	
190	64	18	18	
186	65	18	18	
184	62	18	18	
182	62	18	19	
178	62	18	18	
176	63	18	18	
175	64	18	19	
174	65	18	19	
174	65	18	19	
174	66	18	19	
174	67	18	20	
175	67	19	20	
174	67	18	20	
170	67	19	20	
168	66	19	20	
166	64	19	20	
165	65	20	20	
161	65	19	20	
158	66	19	20	
155	65	19	20	
152	66	19	21	
149	66	19	22	
148	65	19	22	
145	66	19	22	
143	67	19	22	
141	68	19	21	
139	68	19	21	
139	69	19	21	
138	69	19	21	
138	69	19	21	
138	69	19	21	
138	70	19	21	
139	70	19	21	
140	69	19	21	
139	69	19	21	
139	70	19	21	
140	70	19	21	
139	70	19	21	
140	70	19	21	
140	70	19	20	
141	70	19	20	
142	70	19	20	
142	70	19	20	
144	70	19	20	
144	70	20	19	
147	70	20	20	
150	69	20	20	
155	68	20	20	
159	68	19	20	
162	68	19	20	
166	67	19	20	
170	66	19	21	
174	66	19	21	
177	66	19	21	
181	65	18	21	
184	65	18	21	
188	65	18	21	
191	64	18	21	
194	64	18	21	
197	64	18	20	
200	63	17	21	
202	63	17	21	
204	63	18	20	
206	63	18	20	
209	63	18	20	
211	62	18	20	
213	62	18	20	
215	62	18	20	
218	62	18	20	
220	62	18	20	
221	61	18	20	
223	61	18	20	
224	62	17	20	
227	62	18	19	
227	62	18	19	
228	61	19	18	
230	62	18	19	
230	62	18	19	
232	63	19	19	
232	62	19	19	
233	62	19	19	
233	62	19	18	
234	63	19	18	
234	62	19	18	
235	63	19	18	
235	63	19	18	
235	63	19	18	
235	63	19	18	
235	63	19	18	
236	64	19	19	
237	63	19	19	
236	63	19	19	
238	63	19	19	
238	63	19	19	
238	63	19	19	
237	63	19	19	
237	63	19	19	
237	63	19	19	
238	63	18	19	
238	63	18	19	
238	63	18	19	
238	63	18	19	
239	62	18	19	
241	62	18	19	
241	62	18	19	
243	61	18	20	
244	61	18	20	
245	60	17	20	
246	60	17	20	
247	59	17	21	
247	59	18	21	
247	59	18	21	
248	59	18	20	
248	58	18	20	
248	58	18	20	
248	58	18	20	
248	59	18	19	
248	60	17	18	
248	61	17	18	
248	59	17	18	
248	57	17	19	
247	57	18	19	
247	55	18	19	
246	54	18	19	
246	53	18	20	
245	52	17	20	
245	52	18	20	
243	51	18	20	
244	51	18	21	
244	51	18	21	
243	51	18	21	
245	51	18	21	
245	51	18	21	
245	52	18	21	
246	53	18	21	
245	55	19	20	
243	59	19	19	
241	62	19	19	
240	63	19	19	
238	66	18	19	
236	69	18	19	
234	70	19	19	
234	72	19	19	
231	74	19	19	
229	78	19	19	
226	80	20	20	
224	83	20	20	
222	85	19	21	
219	88	20	20	
217	90	20	21	
215	93	20	21	
212	94	20	21	
209	97	20	21	
207	99	20	21	
205	101	20	21	
202	103	20	21	
199	105	21	21	
197	109	21	21	
193	111	22	21	
190	113	22	22	
187	114	21	23	
185	117	22	23	
182	120	22	22	
179	122	22	23	
175	124	23	23	
173	126	22	23	
170	128	22	23	
167	129	22	23	
164	131	22	23	
161	133	22	23	
159	133	22	23	
156	135	22	23	
154	136	23	23	
151	139	23	23	
149	141	24	23	
146	144	24	23	
146	144	25	23	
146	145	25	23	
146	144	25	23	
148	139	25	23	
149	133	24	24	
151	127	24	24	
153	124	23	24	
154	117	23	23	
157	113	22	23	
158	108	21	23	
160	104	21	23	
161	97	21	23	
161	93	21	23	
163	90	21	23	
163	85	21	23	
165	81	20	22	
167	77	20	21	
168	73	19	22	
168	69	19	21	
169	66	19	20	
171	62	19	20	
171	61	19	20	
172	62	19	20	
175	61	19	19	
177	60	19	19	
176	61	19	19	
175	62	18	19	
175	61	18	19	
176	62	18	19	
176	61	18	19	
175	62	18	19	
176	62	18	19	
175	62	18	19	
176	61	18	19	
176	61	18	19	
177	61	18	19	
178	62	17	19	
179	61	17	19	
181	61	17	19	
183	60	17	19	
186	61	17	19	
189	59	17	19	
191	59	17	19	
194	57	18	19	
197	56	18	19	
201	55	18	19	
203	54	18	20	
206	54	18	20	
208	53	17	20	
210	53	18	20	
214	52	17	20	
216	52	18	20	
218	53	18	19	
220	52	18	19	
222	52	18	19	
224	51	18	19	
226	50	18	19	
227	50	18	19	
229	50	18	19	
231	49	18	19	
232	49	18	19	
234	49	18	19	
235	49	18	19	
237	48	18	20	
238	47	18	20	
240	47	17	20	
241	47	17	20	
242	46	17	20	
243	46	17	20	
244	46	17	20	
245	46	17	20	
246	45	17	20	
246	44	17	20	
246	44	17	20	
246	43	17	20	
245	43	17	20	
246	43	17	20	
245	43	17	20	
262	33	17	20	
264	33	17	19	
263	32	17	19	
261	32	17	18	
258	29	17	18	
258	29	17	18	
266	12	17	19	
266	12	16	21	
257	10	15	21	
256	10	15	22	
256	12	14	23	
253	12	14	23	
251	12	14	23	
254	20	15	23	
250	20	16	22	
244	21	17	22	
238	22	18	22	
236	20	18	22	
235	16	19	22	
235	14	20	23	
232	12	21	23	
230	3	21	24	
230	3	22	26	
227	2	24	27	
224	1	25	27	
223	1	26	28	
222	1	27	29	
220	1	28	30	
220	1	29	31	
219	1	29	32	
219	0	30	32	
219	0	30	32	
220	0	31	32	
219	1	30	32	
220	1	30	32	
220	1	30	33	
220	0	30	33	
221	0	30	33	
221	0	30	32	
222	0	30	32	
223	0	29	32	
225	0	28	32	
226	0	27	32	
228	1	26	32	
228	-1	25	31	
229	0	24	31	
228	0	23	30	
226	0	23	31	
225	1	23	32	
222	2	25	33	
220	2	26	34	
218	2	27	36	
217	1	27	36	
218	2	28	37	
217	1	28	37	
219	1	29	37	
219	0	30	37	
219	1	30	38	
219	1	30	39	
219	0	30	39	
219	0	31	39	
220	0	31	39	
221	0	32	38	
221	0	32	38	
222	0	32	37	
222	0	32	36	
223	0	32	36	
222	0	31	36	
221	0	32	36	
221	0	32	36	
220	0	32	36	
219	1	32	36	
219	0	32	36	
218	0	32	37	
219	0	32	37	
218	0	32	37	
219	0	32	37	
220	0	32	37	
220	0	32	37	
219	0	32	38	
218	1	32	38	
217	1	32	39	
215	1	32	40	
215	1	32	41	
216	1	32	41	
216	0	32	42	
216	0	32	41	
217	0	32	41	
219	0	32	41	
218	0	31	41	
219	0	31	40	
219	0	31	40	
218	0	31	40	
219	0	31	40	
219	0	31	40	
219	0	31	40	
220	0	31	39	
219	0	31	37	
221	0	31	36	
222	0	30	36	
201	19	34	32	
207	22	33	32	
210	24	31	33	
178	16	31	33	
172	15	30	34	
176	17	29	34	
174	18	28	33	
169	16	28	34	
166	17	28	34	
138	19	28	35	
138	18	28	36	
139	17	28	37	
136	18	27	38	
135	18	25	39	
132	16	23	40	
132	17	21	43	
136	15	21	44	
143	38	24	41	
155	43	27	38	
151	44	28	37	
155	46	32	34	
148	50	32	33	
176	72	32	31	
171	76	33	29	
167	76	32	28	
164	78	32	27	
165	78	33	26	
162	79	33	26	
158	80	33	25	
152	79	32	25	
149	80	30	25	
146	80	28	24	
144	81	26	24	
145	81	25	24	
148	81	24	23	
153	80	22	23	
157	80	21	23	
161	79	20	23	
164	79	20	22	
168	78	19	22	
172	77	18	22	
174	77	18	21	
177	77	17	21	
178	76	17	21	
178	77	17	21	
179	77	18	20	
180	77	18	20	
180	76	18	20	
181	75	18	20	
183	74	18	20	
186	70	18	20	
188	66	19	20	
191	62	18	20	
194	54	18	20	
198	47	17	20	
200	39	17	20	
202	30	17	20	
205	25	16	20	
208	20	16	20	
210	19	16	20	
210	19	17	21	
210	19	17	21	
211	19	17	21	
212	21	17	21	
212	22	17	21	
213	24	17	21	
214	27	17	20	
214	29	17	20	
214	31	17	20	
215	34	16	20	
215	36	16	19	
216	38	16	19	
217	39	15	19	
217	39	15	19	
217	40	15	20	
218	40	15	19	
219	41	15	19	
220	41	15	19	
221	42	15	19	
221	43	14	20	
221	44	14	20	
222	44	14	20	
222	45	14	20	
222	45	14	19	
223	45	14	19	
223	45	13	19	
223	43	13	19	
224	42	13	19	
224	39	13	19	
224	37	13	19	
223	35	14	19	
225	34	14	19	
225	38	14	19	
223	49	15	18	
222	56	16	18	
221	49	16	17	
220	45	16	17	
219	44	16	17	
219	49	16	17	
217	59	17	18	
216	57	17	17	
216	51	17	17	
215	49	17	18	
215	57	17	18	
215	60	18	18	
214	57	18	18	
213	51	18	18	
212	53	18	18	
212	62	18	19	
211	57	18	19	
210	56	18	19	
210	60	19	19	
208	63	19	19	
207	60	19	19	
207	62	19	19	
207	66	19	19	
206	62	19	19	
205	65	19	19	
204	67	19	19	
203	65	19	19	
202	67	19	20	
202	67	19	20	
200	69	19	20	
199	68	19	20	
200	69	19	20	
199	68	19	20	
198	70	20	20	
196	70	20	20	
194	71	20	20	
193	71	20	20	
191	72	19	21	
190	73	18	21	
189	73	18	21	
188	74	19	21	
186	73	19	21	
186	74	19	21	
184	74	19	21	
183	75	18	21	
183	75	18	21	
182	75	18	22	
181	75	18	21	
179	75	18	21	
179	75	18	21	
179	75	17	22	
178	75	17	22	
178	75	16	22	
177	75	15	21	
178	75	15	21	
179	75	15	21	
179	75	15	21	
179	75	15	21	
181	74	15	21	
182	72	16	20	
183	69	16	20	
183	66	16	20	
183	62	16	20	
187	59	16	20	
189	56	17	20	
192	52	17	20	
195	50	17	20	
198	51	17	20	
200	57	17	20	
202	63	17	19	
203	56	18	18	
204	51	18	19	
206	51	18	19	
207	56	18	18	
209	63	18	18	
210	57	18	18	
212	53	18	19	
213	54	18	19	
213	59	18	19	
215	58	19	18	
215	55	19	19	
216	55	18	19	
218	59	19	19	
218	58	19	19	
219	56	19	19	
219	57	18	20	
223	61	17	19	
220	57	17	19	
209	57	17	20	
212	58	17	20	
217	60	17	20	
218	60	17	20	
219	60	17	20	
220	60	17	20	
218	58	17	20	
218	58	17	21	
218	57	17	21	
216	56	17	21	
216	56	17	21	
210	52	17	21	
208	48	17	21	
206	45	17	21	
207	46	18	21	
205	46	18	20	
205	43	18	20	
205	40	18	20	
202	42	20	19	
204	41	20	19	
202	40	21	18	
180	25	20	19	
178	23	19	20	
179	23	19	21	
178	24	18	21	
179	21	18	21	
179	20	18	21	
181	24	18	21	
178	20	18	21	
178	26	16	22	
177	28	16	22	
174	29	16	22	
170	30	16	22	
162	33	16	22	
160	31	16	22	
162	31	16	22	
161	30	16	22	
158	32	16	22	
157	33	16	22	
140	16	16	21	
139	18	16	22	
140	17	16	21	
140	17	17	21	
139	19	17	21	
139	17	17	21	
140	18	17	21	
139	19	17	22	
138	19	17	22	
139	20	17	22	
140	18	17	22	
139	17	17	22	
139	18	17	21	
139	17	17	21	
140	18	17	21	
140	19	17	21	
140	17	17	21	
138	20	16	22	
141	19	17	22	
139	19	17	22	
