306	160	11	12	
305	158	10	11	
306	157	10	11	
306	157	10	12	
308	156	11	12	
309	156	11	11	
309	158	12	11	
309	158	11	11	
309	158	11	11	
309	158	11	11	
308	158	11	12	
308	158	11	12	
307	157	11	12	
307	157	11	12	
306	156	11	12	
305	156	12	12	
304	155	12	12	
304	154	12	12	
303	154	12	12	
303	154	12	12	
302	153	12	12	
303	153	12	12	
302	153	11	12	
303	153	11	12	
303	153	11	12	
303	153	11	12	
303	154	10	12	
303	154	11	12	
303	154	11	11	
302	155	11	11	
302	155	11	11	
303	155	11	11	
303	156	11	11	
303	155	11	12	
303	156	11	12	
302	155	12	12	
303	155	12	12	
303	154	12	11	
304	154	12	11	
305	155	12	11	
307	155	12	11	
308	157	11	12	
309	160	11	11	
311	166	11	11	
311	176	11	11	
313	186	11	11	
315	198	11	10	
318	194	10	10	
319	195	10	10	
319	194	10	10	
318	194	10	10	
318	194	10	10	
317	193	10	10	
317	193	10	10	
316	192	10	10	
316	192	10	10	
315	192	10	10	
315	191	10	10	
314	191	10	10	
314	190	10	10	
314	190	10	10	
314	190	10	10	
314	190	10	10	
314	189	10	10	
314	189	10	10	
313	189	10	10	
313	189	10	10	
313	188	10	10	
313	188	10	10	
313	187	10	10	
313	186	10	10	
313	186	10	10	
313	185	10	10	
313	185	10	10	
313	184	10	10	
312	184	10	10	
311	183	10	10	
311	182	10	10	
310	182	10	10	
309	181	10	10	
309	181	10	10	
309	181	10	10	
309	181	10	10	
309	181	10	10	
310	181	10	10	
310	181	11	10	
322	170	10	10	
322	170	10	10	
322	159	10	10	
321	156	10	10	
322	152	10	10	
322	150	10	10	
323	149	11	10	
323	148	10	10	
324	148	10	10	
324	149	10	10	
324	150	10	10	
325	153	11	10	
325	154	11	10	
325	154	11	10	
324	154	12	11	
325	154	12	11	
324	150	12	11	
324	147	12	12	
327	142	11	12	
328	139	11	12	
330	135	11	12	
329	132	11	12	
327	125	11	12	
325	119	10	12	
320	111	10	11	
314	101	10	11	
306	93	10	11	
300	85	10	10	
293	78	10	10	
286	71	10	10	
279	66	10	10	
273	60	10	10	
266	56	10	10	
258	52	10	10	
252	48	10	10	
244	45	10	10	
239	44	10	10	
232	41	10	10	
225	41	10	10	
218	41	11	10	
211	40	10	10	
203	41	11	10	
197	44	11	10	
190	47	11	10	
183	49	11	10	
176	52	11	10	
171	56	11	10	
162	61	11	10	
156	69	11	10	
153	69	11	10	
157	65	10	10	
160	63	10	10	
163	62	10	10	
168	60	10	10	
171	60	10	10	
175	59	11	10	
178	60	11	10	
181	61	11	10	
185	63	11	10	
189	66	11	10	
193	71	11	10	
197	74	11	10	
201	78	11	11	
203	83	11	11	
208	90	11	11	
210	96	11	11	
214	103	11	11	
218	111	11	11	
222	120	11	11	
225	128	11	11	
229	137	11	11	
232	148	11	11	
234	158	11	11	
239	169	11	11	
243	182	11	11	
247	195	11	11	
247	192	11	11	
248	182	11	10	
249	173	11	10	
250	166	11	10	
251	158	11	10	
251	152	11	11	
252	144	11	11	
253	140	11	11	
254	134	10	11	
254	131	10	11	
255	128	10	11	
255	125	10	11	
256	123	11	11	
257	121	11	11	
257	120	10	11	
258	120	10	10	
259	120	10	10	
259	122	10	10	
260	123	10	10	
261	126	10	10	
262	129	10	10	
262	132	10	11	
263	137	10	11	
264	140	10	11	
