53	18	85	92
53.15164292894316	18.15164292894316	84.99999999999999	92.0
52.80328585788632	17.803285857886323	85.0	92.0
52.454928786829484	18.15164292894316	85.00000000000001	92.0
52.80328585788632	18.5	85.0	92.0
53.15164292894316	18.84835707105684	84.99999999999999	92.0
53.5	19.196714142113677	85.0	92.0
53.84835707105684	19.545071213170516	85.00000000000001	92.0
54.19671414211368	19.893428284227355	85.0	92.0
54.545071213170516	20.241785355284193	84.99999999999999	92.0
54.893428284227355	19.893428284227355	85.0	92.0
55.24178535528419	20.241785355284193	85.00000000000001	92.0
55.59014242634103	19.893428284227355	85.0	92.0
55.24178535528419	19.545071213170516	85.00000000000001	92.0
55.59014242634103	19.196714142113677	85.0	92.0
56.8322335791669	19.84191214591432	83.18734939759034	90.03807228915662
57.17316183075662	20.182840397504037	83.18734939759037	90.03807228915662
58.38876501562463	20.814279359536883	81.41335411525621	88.11798327768905
59.5784450964298	21.43225269551192	79.67718981665375	86.2388407427311
59.90498759613061	21.105710195811106	79.67718981665374	86.2388407427311
60.23153009583142	21.43225269551192	79.67718981665372	86.2388407427311
61.39583989057605	22.03704756396074	77.97804974466004	84.39977148833792
61.71541877311457	21.717468681422226	77.97804974466001	84.39977148833793
62.85489931079054	22.925421794316932	76.31514434649078	82.59992093973119
63.167663077400235	22.612658027707248	76.31514434649078	82.59992093973119
63.480426844009926	22.925421794316932	76.31514434649078	82.59992093973119
64.59560761600294	23.50469683893003	74.68770090681257	80.83845274619716
65.68700682213537	24.66167936286795	73.09496318867934	79.11454839245295
65.98657326078732	24.9612458015199	73.09496318867936	79.11454839245295
66.28613969943927	25.260812240171852	73.09496318867934	79.11454839245295
65.98657326078732	25.560378678823795	73.09496318867936	79.11454839245295
65.68700682213537	25.859945117475746	73.09496318867934	79.11454839245295
65.38744038348342	26.159511556127697	73.09496318867933	79.11454839245295
65.87808770071024	27.29182107925392	71.53619108212558	77.42740681830062
65.58490960659341	27.58499917337076	71.53619108212555	77.42740681830062
66.06509372199503	28.693161854859234	70.01066026025373	75.77624404639229
67.08814809508631	38.074347562146635	68.51766184265556	74.16029281793305
66.80734089514313	37.79354036220345	68.51766184265556	74.16029281793305
67.26726324135151	38.31362811097955	67.05650206601095	72.57880223615305
66.99244433952761	38.038809209155644	67.05650206601096	72.57880223615305
66.7176254377037	37.76399030733174	67.05650206601095	72.57880223615305
66.4428065358798	37.48917140550783	67.05650206601094	72.57880223615305
66.7176254377037	37.76399030733174	67.05650206601095	72.57880223615305
66.4428065358798	38.038809209155644	67.05650206601094	72.57880223615305
66.16798763405589	38.31362811097955	67.05650206601095	72.57880223615305
67.1478733747105	39.35239620887002	65.62650196171167	71.03103741738207
66.87891506874476	39.62135451483576	65.62650196171168	71.03103741738207
67.31943060800808	40.63797057015675	64.22699704035952	69.5162791495656
67.58265329708757	40.90119325923624	64.22699704035949	69.5162791495656
67.31943060800808	41.16441594831572	64.22699704035952	69.5162791495656
67.0562079189286	41.427638637395205	64.22699704035949	69.5162791495656
66.79298522984911	41.16441594831572	64.22699704035952	69.5162791495656
67.22410664255226	42.15935236004733	62.857336982992805	68.0338235580628
67.64603426127364	43.13307145311913	61.51688533889764	66.5829817785716
68.05896414643917	43.60001935453901	60.205019229863325	65.16307963702857
67.81222480335875	43.84675869761943	60.20501922986334	65.16307963702855
68.21634883434665	44.303748794394565	58.92112906074453	63.7734573363353
67.97487128207649	44.54522634666472	58.92112906074453	63.7734573363353
67.73339372980634	44.786703898934874	58.92112906074453	63.7734573363353
67.49191617753618	44.54522634666472	58.92112906074453	63.7734573363353
67.88742214183915	44.992470991978514	57.664618236196134	62.413469149765255
67.65109417110537	45.2287989627123	57.664618236196134	62.413469149765255
67.41476620037159	44.992470991978514	57.664618236196134	62.413469149765255
67.1784382296378	44.75614302124473	57.664618236196134	62.413469149765255
66.94211025890402	44.992470991978514	57.664618236196134	62.413469149765255
67.1784382296378	44.75614302124473	57.664618236196134	62.413469149765255
66.94211025890402	44.992470991978514	57.664618236196134	62.413469149765255
66.70578228817024	44.75614302124473	57.664618236196134	62.413469149765255
66.46945431743646	44.992470991978514	57.664618236196134	62.413469149765255
66.23312634670268	45.2287989627123	57.664618236196134	62.413469149765255
65.9967983759689	45.46512693344608	57.664618236196134	62.413469149765255
58.67063128322148	45.2287989627123	57.664618236196134	62.413469149765255
58.906959253955264	44.992470991978514	57.664618236196134	62.413469149765255
59.14328722468905	45.2287989627123	57.664618236196134	62.413469149765255
58.75056265508744	44.293159690606714	58.94044791467197	63.79436715470379
58.99211938217372	44.05160296352044	58.94044791467197	63.79436715470379
58.75056265508744	44.293159690606714	58.94044791467197	63.79436715470379
58.509005928001166	44.53471641769299	58.94044791467197	63.79436715470379
58.26744920091489	44.77627314477927	58.94044791467197	63.79436715470379
58.02589247382861	45.017829871865544	58.94044791467197	63.79436715470379
57.784335746742336	45.25938659895182	58.94044791467197	63.79436715470379
57.54277901965606	45.017829871865544	58.94044791467197	63.79436715470379
50.953641829662445	45.46522115819098	57.68352510974461	62.433933059958896
58.63238223192064	45.90307169057912	56.45340656222354	61.10251063205376
58.401018192377144	46.13443573012261	56.453406562223556	61.10251063205374
58.16965415283365	46.365799769666104	56.45340656222354	61.10251063205376
57.93829011329016	46.5971638092096	56.453406562223556	61.10251063205374
57.706926073746665	46.365799769666104	56.45340656222354	61.10251063205376
57.322450454678446	45.929893436825395	57.70243818241275	62.45440367978793
57.55893342359684	45.693410467907	57.70243818241275	62.45440367978793
57.795416392515236	45.929893436825395	57.70243818241275	62.45440367978793
58.03189936143363	46.16637640574379	57.70243818241275	62.45440367978793
58.87509569040842	47.060241282491795	56.47191630792033	61.12254470974907
58.49049401081757	46.624192026205705	57.72135745623305	62.47488101145228
58.09738301906577	46.178495180124294	58.998442489952204	63.85713775383066
57.69557444662145	45.22121389612176	60.30378303004241	65.26997692663417
57.942718555209595	44.974069787533615	60.30378303004241	65.26997692663417
58.18986266379774	45.22121389612176	60.30378303004241	65.26997692663417
57.942718555209595	45.468358004709906	60.30378303004241	65.26997692663417
57.69557444662145	45.71550211329805	60.30378303004241	65.26997692663417
57.448430338033305	45.962646221886196	60.30378303004241	65.26997692663417
57.20128622944516	46.20979033047434	60.30378303004241	65.26997692663417
56.954142120857014	46.456934439062486	60.30378303004241	65.26997692663417
50.212593430290525	47.39109658685915	59.017786693136685	63.87807500904208
52.38945660457411	47.63297027289066	59.017786693136685	63.87807500904208
53.25187390705539	48.080948604221774	57.759214615463755	62.515855819090206
53.488589563878755	48.31766426104514	57.75921461546377	62.515855819090206
53.72530522070212	48.5543799178685	57.759214615463755	62.515855819090206
53.96202087752548	48.791095574691866	57.75921461546377	62.515855819090206
53.72530522070212	48.5543799178685	57.759214615463755	62.515855819090206
53.488589563878755	48.791095574691866	57.75921461546377	62.515855819090206
52.77844259340865	48.5543799178685	57.75921461546377	62.515855819090206
45.44025723188427	48.791095574691866	57.75921461546377	62.515855819090206
45.67697288870763	48.5543799178685	57.759214615463755	62.515855819090206
45.913688545530995	48.31766426104514	57.75921461546377	62.515855819090206
46.15040420235436	48.5543799178685	57.759214615463755	62.515855819090206
46.38711985917772	48.791095574691866	57.75921461546377	62.515855819090206
46.774826514464664	49.68583997162878	56.527481966435204	61.18268636367105
46.54315889032296	49.91750759577049	56.527481966435204	61.18268636367105
46.31149126618125	50.149175219912195	56.527481966435204	61.18268636367105
46.07982364203954	50.3808428440539	56.527481966435204	61.18268636367105
46.45926233612339	50.80991835610827	55.32201638715097	59.87794714844577
46.2325350938459	50.58319111383078	55.32201638715097	59.87794714844577
46.005807851568406	50.35646387155329	55.32201638715097	59.87794714844577
45.779080609290915	50.1297366292758	55.32201638715097	59.87794714844577
45.552353367013424	49.903009386998306	55.32201638715097	59.87794714844577
45.32562612473593	49.676282144720815	55.32201638715097	59.87794714844577
45.09889888245844	49.449554902443325	55.32201638715097	59.87794714844577
45.47024593210217	49.869480249963516	54.14225772443703	58.60103188997891
45.24835371655759	49.64758803441893	54.14225772443703	58.60103188997891
45.026461501013	49.425695818874345	54.14225772443703	58.60103188997891
44.80456928546842	49.64758803441893	54.14225772443703	58.60103188997891
45.16799724742698	50.05855834741971	52.98765777055445	57.351347234011904
44.9508369502139	50.275718644632796	52.98765777055445	57.35134723401189
44.13935717776856	49.86657317421512	54.160009698727976	58.6202457915644
43.917392208979635	49.644608205426195	54.160009698727976	58.6202457915644
43.08795844656895	49.226410391475525	55.35829991331232	59.91721872970277
42.86108250284556	48.99953444775214	55.35829991331232	59.91721872970277
42.63420655912218	48.772658504028755	55.35829991331232	59.91721872970277
42.40733061539879	48.54578256030537	55.35829991331232	59.91721872970277
42.180454671675406	48.772658504028755	55.35829991331232	59.91721872970277
41.95357872795202	48.99953444775214	55.35829991331232	59.91721872970277
41.726702784228635	49.226410391475525	55.35829991331232	59.91721872970277
41.49982684050525	48.99953444775214	55.35829991331232	59.91721872970277
34.46667258508043	49.226410391475525	55.35829991331232	59.91721872970277
34.23979664135705	48.99953444775214	55.35829991331233	59.91721872970277
34.46667258508043	49.226410391475525	55.35829991331232	59.91721872970277
34.838263186591405	49.64661115145043	54.17776749347422	58.639465992936806
35.20192950660028	50.057851003652374	53.02241028307121	57.38896171814767
34.984626782522824	49.840548279574904	53.022410283071196	57.38896171814767
35.20192950660028	49.623245555497434	53.02241028307121	57.38896171814767
35.41923223067775	49.405942831419964	53.022410283071196	57.38896171814767
36.19404007437312	49.80841286990626	51.89169141317919	56.16512482367634
36.54236119073399	50.20230011359594	50.785085463765604	54.96738661960515
36.33422773631601	50.41043356801393	50.78508546376561	54.96738661960515
36.12609428189803	50.20230011359594	50.78508546376562	54.96738661960515
36.46698734553651	50.58778759317319	49.70207821953832	53.795190543500325
36.26329239972479	50.79148253898491	49.70207821953832	53.795190543500325
36.05959745391307	50.99517748479663	49.70207821953832	53.795190543500325
35.85590250810135	51.19887243060835	49.70207821953832	53.795190543500325
35.65220756228963	51.402567376420066	49.70207821953832	53.795190543500325
35.44851261647791	51.606262322231785	49.70207821953832	53.795190543500325
35.782136032855675	51.983529165196366	48.64216643100117	52.64799190178953
35.58278494311729	51.78417807545798	48.64216643100117	52.64799190178952
35.909293739651815	52.15339958936174	47.60485758060511	51.52525761665498
35.7141938719476	52.34849945706594	47.60485758060513	51.52525761665498
35.5190940042434	52.54359932477014	47.60485758060511	51.52525761665498
35.323994136539184	52.34849945706594	47.60485758060513	51.52525761665498
35.12889426883498	52.15339958936174	47.60485758060511	51.52525761665498
34.93379440113077	52.34849945706594	47.60485758060513	51.52525761665498
34.73869453342657	52.15339958936174	47.60485758060511	51.52525761665498
34.54359466572235	52.34849945706594	47.60485758060513	51.52525761665498
34.73869453342657	52.15339958936174	47.60485758060511	51.52525761665498
34.93379440113077	52.34849945706594	47.60485758060513	51.52525761665498
35.12889426883498	52.15339958936174	47.60485758060511	51.52525761665498
35.323994136539184	52.34849945706594	47.60485758060513	51.52525761665498
35.12889426883498	52.15339958936174	47.60485758060511	51.52525761665498
34.93379440113077	52.34849945706594	47.60485758060513	51.52525761665498
34.73869453342657	52.15339958936174	47.60485758060511	51.52525761665498
34.54359466572235	52.34849945706594	47.60485758060513	51.52525761665498
34.34849479801815	52.15339958936174	47.60485758060511	51.52525761665498
34.15339493031394	52.34849945706594	47.60485758060513	51.52525761665498
33.958295062609736	52.15339958936174	47.60485758060511	51.52525761665498
33.76319519490552	52.34849945706594	47.60485758060513	51.52525761665498
33.958295062609736	52.54359932477014	47.60485758060511	51.52525761665498
33.76319519490552	52.73869919247434	47.60485758060513	51.52525761665498
33.56809532720132	52.93379906017854	47.60485758060511	51.52525761665498
33.372995459497105	53.128898927882744	47.60485758060513	51.52525761665498
33.69254135759951	53.86634281230535	46.58966965388619	50.426465978323904
33.50160205333912	53.67540350804495	46.58966965388618	50.426465978323904
33.31066274907873	53.86634281230535	46.58966965388619	50.426465978323904
33.99147000190428	54.58806048377099	45.596130915484046	49.35110640264156
34.657758835000905	55.29438730850778	44.62377968993697	48.29867919381414
34.84064129608646	55.477269769593335	44.62377968993697	48.29867919381414
34.657758835000905	55.29438730850778	44.62377968993697	48.29867919381414
35.30983885804233	55.63310699766056	43.672164147151555	47.26869531221112
35.13085642052451	55.45412456014273	43.67216414715156	47.26869531221112
34.951873983006685	55.2751421226249	43.67216414715157	47.26869531221112
35.245021817570574	55.95166489795903	42.74084209244725	46.260676147119376
35.06985623444319	55.776499314831646	42.74084209244724	46.260676147119376
35.35675260313747	56.43859503820986	41.82938076107819	45.27415329434347
35.52818272744395	56.26716491390339	41.829380761078184	45.274153294343456
36.139428654167716	56.91514124655414	40.93735661713711	44.308668338548415
35.97165432889766	56.74736692128408	40.93735661713711	44.308668338548415
35.8038800036276	56.91514124655414	40.93735661713711	44.308668338548415
35.63610567835754	56.74736692128408	40.93735661713711	44.308668338548415
35.46833135308748	56.91514124655414	40.93735661713711	44.308668338548415
35.63610567835754	56.74736692128408	40.93735661713711	44.308668338548415
35.46833135308748	56.91514124655414	40.93735661713711	44.308668338548415
35.30055702781742	56.74736692128408	40.93735661713711	44.308668338548415
35.13278270254736	56.91514124655414	40.93735661713711	44.308668338548415
34.9650083772773	56.74736692128408	40.93735661713711	44.308668338548415
34.79723405200724	56.91514124655414	40.93735661713711	44.308668338548415
34.62945972673718	56.74736692128408	40.93735661713711	44.308668338548415
34.46168540146712	56.91514124655414	40.93735661713711	44.308668338548415
34.62945972673718	56.74736692128408	40.93735661713711	44.308668338548415
34.46168540146712	56.91514124655414	40.93735661713711	44.308668338548415
34.29391107619706	56.74736692128408	40.93735661713711	44.308668338548415
34.126136750927	56.91514124655414	40.93735661713711	44.308668338548415
33.958362425656944	56.74736692128408	40.93735661713711	44.308668338548415
34.233152962820334	57.381524963467456	40.064355156747574	43.363772640244434
34.06895647557109	57.21732847621821	40.06435515674756	43.363772640244434
33.90475998832185	57.381524963467456	40.064355156747574	43.363772640244434
33.74056350107261	57.21732847621821	40.06435515674756	43.363772640244434
33.576367013823365	57.381524963467456	40.064355156747574	43.363772640244434
33.41217052657412	57.21732847621821	40.06435515674756	43.363772640244434
33.576367013823365	57.381524963467456	40.064355156747574	43.363772640244434
33.41217052657412	57.21732847621821	40.06435515674756	43.363772640244434
33.99762442167847	57.837962907140565	39.20997071545306	42.43902712731392
34.15831936938035	57.677267959438694	39.20997071545307	42.43902712731392
33.99762442167847	57.837962907140565	39.20997071545306	42.43902712731392
34.15831936938035	57.677267959438694	39.20997071545307	42.43902712731392
34.31901431708223	57.837962907140565	39.209970715453075	42.43902712731392
34.479709264784105	57.677267959438694	39.20997071545307	42.43902712731392
34.74290478607358	58.284667174183554	38.373806279713875	41.534002090984444
34.90017286561361	58.12739909464351	38.37380627971389	41.534002090984444
34.74290478607358	58.284667174183554	38.373806279713875	41.534002090984444
34.90017286561361	58.12739909464351	38.37380627971389	41.534002090984444
35.15775566313583	58.72184533818236	37.55547330242359	40.64827698615261
35.31166995350978	58.567931047808415	37.55547330242359	40.64827698615261
35.86046196679364	59.149700546153724	36.75459152235985	39.78144023596599
36.01109398856564	58.99906852438173	36.75459152235985	39.78144023596599
36.16172601033764	59.149700546153724	36.75459152235985	39.78144023596599
36.312358032109636	59.30033256792572	36.75459152235985	39.78144023596599
36.46299005388163	59.45096458969772	36.75459152235985	39.78144023596599
36.61362207565363	59.601596611469716	36.75459152235985	39.78144023596599
36.76425409742563	59.752228633241714	36.75459152235985	39.78144023596599
36.61362207565363	59.90286065501371	36.75459152235985	39.78144023596599
36.46299005388163	59.752228633241714	36.75459152235985	39.78144023596599
36.312358032109636	59.601596611469716	36.75459152235985	39.78144023596599
36.16172601033764	59.45096458969772	36.75459152235985	39.78144023596599
36.312358032109636	59.601596611469716	36.75459152235985	39.78144023596599
36.46299005388163	59.752228633241714	36.75459152235985	39.78144023596599
36.312358032109636	59.90286065501371	36.75459152235985	39.78144023596599
36.16172601033764	60.05349267678571	36.75459152235985	39.78144023596599
36.01109398856564	60.204124698557706	36.75459152235985	39.78144023596599
36.16172601033764	60.05349267678571	36.75459152235985	39.78144023596599
36.312358032109636	60.204124698557706	36.75459152235985	39.78144023596599
36.46299005388163	60.05349267678571	36.75459152235985	39.78144023596599
36.61362207565363	59.90286065501371	36.75459152235985	39.78144023596599
36.76425409742563	60.05349267678571	36.75459152235985	39.78144023596599
36.61362207565363	60.204124698557706	36.75459152235985	39.78144023596599
36.76425409742563	60.05349267678571	36.75459152235985	39.78144023596599
36.61362207565363	60.204124698557706	36.75459152235985	39.78144023596599
36.76425409742563	60.05349267678571	36.75459152235985	39.78144023596599
36.61362207565363	60.204124698557706	36.75459152235985	39.78144023596599
36.76425409742563	60.05349267678571	36.75459152235985	39.78144023596599
36.61362207565363	60.204124698557706	36.75459152235985	39.78144023596599
36.76425409742563	60.05349267678571	36.75459152235985	39.78144023596599
36.61362207565363	60.204124698557706	36.75459152235985	39.78144023596599
36.76425409742563	60.05349267678571	36.75459152235985	39.78144023596599
36.61362207565363	60.204124698557706	36.75459152235985	39.78144023596599
36.76425409742563	60.05349267678571	36.75459152235985	39.78144023596599
36.61362207565363	60.204124698557706	36.75459152235985	39.78144023596599
36.76425409742563	60.05349267678571	36.75459152235985	39.78144023596599
36.61362207565363	60.204124698557706	36.75459152235985	39.78144023596599
36.76425409742563	60.05349267678571	36.75459152235985	39.78144023596599
36.61362207565363	59.90286065501371	36.75459152235985	39.78144023596599
36.76425409742563	59.752228633241714	36.75459152235985	39.78144023596599
36.61362207565363	59.90286065501371	36.75459152235985	39.78144023596599
36.76425409742563	59.752228633241714	36.75459152235985	39.78144023596599
36.61362207565363	59.601596611469716	36.75459152235985	39.78144023596599
36.76425409742563	59.45096458969772	36.75459152235985	39.78144023596599
36.61362207565363	59.30033256792572	36.75459152235985	39.78144023596599
36.76425409742563	59.149700546153724	36.75459152235985	39.78144023596599
36.61362207565363	58.99906852438173	36.75459152235985	39.78144023596599
36.76425409742563	59.149700546153724	36.75459152235985	39.78144023596599
36.61362207565363	58.99906852438173	36.75459152235985	39.78144023596599
36.46299005388163	59.149700546153724	36.75459152235985	39.78144023596599
36.312358032109636	58.99906852438173	36.75459152235985	39.78144023596599
36.16172601033764	59.149700546153724	36.75459152235985	39.78144023596599
36.01109398856564	59.30033256792572	36.75459152235985	39.78144023596599
36.16172601033764	59.149700546153724	36.75459152235985	39.78144023596599
36.01109398856564	58.99906852438173	36.75459152235985	39.78144023596599
35.86046196679364	59.149700546153724	36.75459152235985	39.78144023596599
36.01109398856564	59.30033256792572	36.75459152235985	39.78144023596599
35.86046196679364	59.149700546153724	36.75459152235985	39.78144023596599
36.01109398856564	58.99906852438173	36.75459152235985	39.78144023596599
36.16172601033764	59.149700546153724	36.75459152235985	39.78144023596599
36.312358032109636	58.99906852438173	36.75459152235985	39.78144023596599
36.46299005388163	59.149700546153724	36.75459152235985	39.78144023596599
36.61362207565363	58.99906852438173	36.75459152235985	39.78144023596599
36.76425409742563	59.149700546153724	36.75459152235985	39.78144023596599
36.61362207565363	58.99906852438173	36.75459152235985	39.78144023596599
36.76425409742563	59.149700546153724	36.75459152235985	39.78144023596599
36.61362207565363	58.99906852438173	36.75459152235985	39.78144023596599
36.46299005388163	59.149700546153724	36.75459152235985	39.78144023596599
36.312358032109636	58.99906852438173	36.75459152235985	39.78144023596599
36.16172601033764	59.149700546153724	36.75459152235985	39.78144023596599
36.01109398856564	58.99906852438173	36.75459152235985	39.78144023596599
35.86046196679364	59.149700546153724	36.75459152235985	39.78144023596599
35.709829945021646	58.99906852438173	36.75459152235985	39.78144023596599
35.55919792324965	59.149700546153724	36.75459152235985	39.78144023596599
35.709829945021646	58.99906852438173	36.75459152235985	39.78144023596599
35.55919792324965	59.149700546153724	36.75459152235985	39.78144023596599
35.709829945021646	59.30033256792572	36.75459152235985	39.78144023596599
35.55919792324965	59.45096458969772	36.75459152235985	39.78144023596599
35.40856590147765	59.601596611469716	36.75459152235985	39.78144023596599
35.55919792324965	59.752228633241714	36.75459152235985	39.78144023596599
35.40856590147765	59.90286065501371	36.75459152235985	39.78144023596599
35.257933879705654	60.05349267678571	36.75459152235985	39.78144023596599
35.107301857933656	60.204124698557706	36.75459152235985	39.78144023596599
35.257933879705654	60.05349267678571	36.75459152235985	39.78144023596599
35.107301857933656	60.204124698557706	36.75459152235985	39.78144023596599
35.257933879705654	60.05349267678571	36.75459152235985	39.78144023596599
35.107301857933656	60.204124698557706	36.75459152235985	39.78144023596599
