60	31	11	35
60.58741576106762	31.412584238932382	11.0	35.0
60.674831522135236	31.5	11.0	35.0
63.384720115231346	31.412584238932382	11.0	35.0
63.353726467338994	30.934702886824734	11.243375000000007	35.77437499999999
63.443076302120225	30.845353052043496	11.243374999999993	35.774375000000006
63.64908080401781	28.55707271008605	11.003606641566257	35.01147567771085
63.85069219786288	29.01467162317193	10.768951415595517	34.26484541325844
65.77370492754892	31.56564983190928	11.007214465665555	35.022955118026786
68.48537082957343	36.201723793435036	11.007214465665555	35.0229551180268
68.57284392318712	36.11425069982134	11.007214465665555	35.0229551180268
68.66031701680082	36.026777606207645	11.007214465665555	35.0229551180268
68.74779011041451	35.93930451259395	11.007214465665555	35.0229551180268
71.45945601243902	34.102369546706385	11.007214465665555	35.0229551180268
71.4284420370368	33.80568144033742	11.250749085718411	35.797838000013144
71.6345816491531	34.10120447365333	11.010823472685615	35.03443832218152
74.34713664271906	34.013702699667334	11.010823472685615	35.03443832218153
74.31611249856294	33.53535113521773	11.254437942018797	35.8095752700598
77.08868277136155	36.48679690948722	11.254437942018797	35.80957527005979
78.78800003533489	39.25936718228583	11.254437942018797	35.809575270059796
78.69856228459945	36.84454791242897	11.254437942018797	35.8095752700598
78.609124533864	37.11286116463529	11.254437942018797	35.809575270059796
78.69856228459945	37.20229891537073	11.254437942018797	35.809575270059796
78.78800003533489	37.291736666106175	11.254437942018797	35.809575270059796
78.87743778607033	37.38117441684162	11.254437942018797	35.809575270059796
78.96687553680577	37.47061216757706	11.254437942018797	35.809575270059796
80.66619280077911	40.24318244037567	11.254437942018797	35.80957527005979
80.87240000123118	40.538802368751185	11.014433663014302	35.04592529140911
82.47599709574102	37.33590827947208	11.258128007808494	35.82131638848155
82.56546417101367	39.75151931183382	11.258128007808494	35.821316388481534
84.39018503243031	39.26242390869085	11.507214089981233	36.613863013576704
84.35776225590969	38.38300415235414	11.761811201722082	37.42394473275207
87.23386930449612	34.96277967874259	12.022041274560166	38.25194950996422
90.1955413513744	35.058317486706414	12.022041274560195	38.251949509964206
93.15721339825271	35.91815775838076	12.022041274560166	38.251949509964206
93.25275120621652	36.013695566344566	12.022041274560195	38.25194950996422
96.19249212325292	35.68965385065305	12.288028937759833	39.098273892872164
96.15786931941766	35.96632380973408	12.559901578007754	39.963323202751965
96.25768144263365	36.46538442581404	12.559901578007754	39.963323202751965
96.35749356584965	36.56519654903003	12.559901578007754	39.96332320275197
99.25204513911339	36.66500867224602	12.559901578007754	39.963323202751965
99.35185726232939	36.76482079546201	12.559901578007754	39.96332320275196
99.45166938554539	36.864632918678	12.559901578007754	39.963323202751965
101.94697246594517	36.96444504189399	12.559901578007754	39.96332320275197
101.84716034272917	37.06425716510998	12.559901578007754	39.963323202751965
102.34622095880913	37.16406928832597	12.559901578007754	39.96332320275196
102.44603308202512	37.26388141154196	12.559901578007754	39.963323202751965
105.73983314815283	42.15467544912553	12.559901578007754	39.96332320275196
105.83964527136882	43.25260880450143	12.559901578007754	39.96332320275197
108.93382109106454	46.34678462419715	12.559901578007754	39.96332320275197
107.63626348925666	46.24697250098115	12.559901578007754	39.96332320275197
107.53645136604067	46.147160377765154	12.559901578007754	39.96332320275197
107.63626348925666	43.25260880450141	12.559901578007754	39.96332320275196
107.73607561247266	43.352420927717404	12.559901578007754	39.963323202751965
107.63626348925666	43.25260880450141	12.559901578007754	39.96332320275196
109.13344533749652	40.158432984805685	12.559901578007754	39.963323202751965
109.03363321428053	37.06425716510996	12.559901578007754	39.96332320275197
108.93382109106453	37.16406928832595	12.559901578007754	39.963323202751965
108.83400896784853	37.26388141154194	12.559901578007754	39.96332320275196
108.73419684463254	37.36369353475793	12.559901578007754	39.963323202751965
108.49169785558924	40.1318066847618	12.837789400421173	40.84751172861286
108.59371832203138	43.294441144468294	12.837789400421173	40.84751172861286
108.69573878847352	43.19242067802615	12.837789400421173	40.847511728612844
108.79775925491566	43.090400211584	12.837789400421173	40.84751172861286
110.24343471867938	42.74437084701995	13.121825490905508	41.7512629256084
113.45210506183103	42.1743094190459	13.412145879891767	42.67500961783749
113.19315145486406	41.59163538197792	13.708889607484394	43.61919420563214
109.81591840292445	41.48269238030245	13.708889607484394	43.61919420563214
109.70697540124898	41.37374937862698	13.708889607484394	43.61919420563214
106.32974234930937	38.65017433674021	13.708889607484394	43.61919420563214
106.2207993476339	38.54123133506474	13.708889607484394	43.61919420563214
106.32974234930937	38.65017433674021	13.708889607484394	43.61919420563214
106.43868535098484	38.75911733841568	13.708889607484394	43.61919420563214
106.54762835266031	38.86806034009115	13.708889607484394	43.61919420563214
107.09234336103766	38.97700334176662	13.708889607484394	43.61919420563214
108.72648838616973	41.26480637695151	13.708889607484394	43.61919420563214
108.8354313878452	41.15586337527604	13.708889607484394	43.61919420563214
108.72648838616973	41.26480637695151	13.708889607484394	43.61919420563214
108.8354313878452	41.37374937862698	13.708889607484394	43.61919420563214
108.94437438952068	41.26480637695151	13.708889607484394	43.61919420563214
108.8354313878452	41.15586337527604	13.708889607484394	43.61919420563214
108.72648838616973	41.04692037360057	13.708889607484394	43.61919420563214
105.34925533423012	37.669687321660966	13.708889607484394	43.61919420563215
105.31062910718563	37.30017834999947	14.012198790049979	44.58426887743174
105.42198247277318	37.411531715587	14.012198790049979	44.584268877431754
105.15144340686118	37.033847357927485	14.322218688279833	45.57069582634493
105.1110890611283	36.64780673385476	14.639097776758007	46.57894747150281
105.06984187549605	36.25322496097442	14.9629878150688	47.60950668430979
105.02768209588172	35.60317652018938	15.29404392047718	48.66286701970016
104.9845895311434	34.93874575765198	15.632424642217757	49.73953295251102
105.10881864909173	34.81451663970365	15.632424642217757	49.739532952511006
105.23304776704006	34.690287521755316	15.632424642217757	49.73953295251102
105.10881864909173	34.566058403806984	15.632424642217757	49.739532952511006
105.23304776704006	34.44182928585865	15.632424642217757	49.73953295251102
105.10881864909173	34.31760016791032	15.632424642217757	49.739532952511006
105.23304776704006	34.19337104996199	15.632424642217757	49.73953295251102
105.10881864909173	34.31760016791032	15.632424642217757	49.739532952511006
105.23304776704006	34.19337104996199	15.632424642217757	49.73953295251102
105.10881864909173	34.06914193201366	15.632424642217757	49.739532952511006
105.23304776704006	33.944912814065326	15.632424642217757	49.73953295251102
105.10881864909173	33.820683696116994	15.632424642217757	49.739532952511006
105.23304776704006	33.69645457816866	15.632424642217757	49.73953295251102
105.10881864909173	33.820683696116994	15.632424642217757	49.739532952511006
105.23304776704006	33.944912814065326	15.632424642217757	49.73953295251102
105.10881864909173	34.06914193201366	15.632424642217757	49.739532952511006
105.23304776704006	34.19337104996199	15.632424642217757	49.73953295251102
105.10881864909173	34.06914193201366	15.632424642217757	49.739532952511006
104.9845895311434	34.19337104996199	15.632424642217757	49.73953295251102
105.10881864909173	34.31760016791032	15.632424642217757	49.739532952511006
105.23304776704006	34.44182928585865	15.632424642217757	49.73953295251102
105.10881864909173	34.31760016791032	15.632424642217757	49.739532952511006
105.23304776704006	34.19337104996199	15.632424642217757	49.73953295251102
105.10881864909173	34.06914193201366	15.632424642217757	49.739532952511006
105.23304776704006	34.19337104996199	15.632424642217757	49.73953295251102
105.10881864909173	34.06914193201366	15.632424642217757	49.739532952511006
104.9845895311434	34.19337104996199	15.632424642217757	49.73953295251102
105.10881864909173	34.06914193201366	15.632424642217757	49.739532952511006
105.23304776704006	34.19337104996199	15.632424642217757	49.73953295251102
105.10881864909173	34.06914193201366	15.632424642217757	49.739532952511006
105.23304776704006	34.19337104996199	15.632424642217757	49.73953295251102
105.10881864909173	34.06914193201366	15.632424642217757	49.739532952511006
105.23304776704006	34.19337104996199	15.632424642217757	49.73953295251102
105.10881864909173	34.06914193201366	15.632424642217757	49.739532952511006
105.23304776704006	34.19337104996199	15.632424642217757	49.73953295251102
105.10881864909173	34.06914193201366	15.632424642217757	49.739532952511006
104.9845895311434	33.944912814065326	15.632424642217757	49.73953295251102
105.10881864909173	34.06914193201366	15.632424642217757	49.739532952511006
105.23304776704006	34.19337104996199	15.632424642217757	49.73953295251102
105.10881864909173	34.06914193201366	15.632424642217757	49.739532952511006
104.9845895311434	34.19337104996199	15.632424642217757	49.73953295251102
105.10881864909173	34.06914193201366	15.632424642217757	49.739532952511006
105.23304776704006	34.19337104996199	15.632424642217757	49.73953295251102
105.10881864909173	34.31760016791032	15.632424642217757	49.739532952511006
105.23304776704006	34.19337104996199	15.632424642217757	49.73953295251102
105.10881864909173	34.06914193201366	15.632424642217757	49.739532952511006
104.9845895311434	34.19337104996199	15.632424642217757	49.73953295251102
105.10881864909173	34.06914193201366	15.632424642217757	49.739532952511006
104.9845895311434	34.19337104996199	15.632424642217757	49.73953295251102
105.10881864909173	34.06914193201366	15.632424642217757	49.739532952511006
105.23304776704006	33.944912814065326	15.632424642217757	49.73953295251102
105.10881864909173	34.06914193201366	15.632424642217757	49.739532952511006
105.23304776704006	34.19337104996199	15.632424642217757	49.73953295251102
105.10881864909173	34.06914193201366	15.632424642217757	49.739532952511006
105.23304776704006	34.19337104996199	15.632424642217757	49.73953295251102
105.10881864909173	34.06914193201366	15.632424642217757	49.739532952511006
105.23304776704006	34.19337104996199	15.632424642217757	49.73953295251102
105.10881864909173	34.06914193201366	15.632424642217757	49.739532952511006
105.23304776704006	34.19337104996199	15.632424642217757	49.73953295251102
105.10881864909173	34.06914193201366	15.632424642217757	49.739532952511006
105.23304776704006	34.19337104996199	15.632424642217757	49.73953295251102
105.10881864909173	34.06914193201366	15.632424642217757	49.739532952511006
105.23304776704006	34.19337104996199	15.632424642217757	49.73953295251102
105.10881864909173	34.06914193201366	15.632424642217757	49.739532952511006
105.23304776704006	34.19337104996199	15.632424642217757	49.73953295251102
105.10881864909173	34.06914193201366	15.632424642217757	49.739532952511006
105.23304776704006	34.19337104996199	15.632424642217757	49.73953295251102
105.10881864909173	34.06914193201366	15.632424642217757	49.739532952511006
105.23304776704006	33.944912814065326	15.632424642217757	49.73953295251102
104.93122635956414	33.52355694064957	15.978292037426826	50.84002011908531
105.05820404674706	33.396579253466626	15.978292037426826	50.840020119085324
104.93122635956414	33.52355694064957	15.978292037426826	50.84002011908531
104.8042486723812	33.396579253466626	15.978292037426826	50.840020119085324
104.67727098519828	33.2696015662837	15.978292037426826	50.84002011908531
104.55029329801535	33.14262387910075	15.978292037426826	50.840020119085324
104.84305237545821	33.56232511802553	15.637550146990122	49.75584137678675
104.96732222521568	33.43805526826806	15.637550146990122	49.75584137678675
105.09159207497315	33.56232511802553	15.637550146990122	49.75584137678675
104.96732222521568	33.686594967782995	15.637550146990122	49.75584137678675
104.84305237545821	33.81086481754046	15.637550146990122	49.75584137678675
104.71878252570075	33.93513466729793	15.637550146990122	49.75584137678675
104.59451267594328	34.0594045170554	15.637550146990122	49.75584137678675
104.47024282618581	34.183674366812866	15.637550146990122	49.75584137678675
104.34597297642834	34.307944216570334	15.637550146990122	49.75584137678675
104.47024282618581	34.4322140663278	15.637550146990122	49.75584137678675
104.59451267594328	34.55648391608527	15.637550146990122	49.75584137678675
106.95563982133518	34.68075376584274	15.637550146990122	49.75584137678675
107.07990967109265	34.55648391608527	15.637550146990122	49.75584137678675
107.20417952085012	34.68075376584274	15.637550146990122	49.75584137678675
107.07990967109265	34.805023615600206	15.637550146990122	49.75584137678675
106.95563982133518	34.68075376584274	15.637550146990122	49.75584137678675
106.83136997157771	34.805023615600206	15.637550146990122	49.75584137678675
106.95563982133518	34.68075376584274	15.637550146990122	49.75584137678675
107.07990967109265	34.55648391608527	15.637550146990122	49.75584137678675
107.20417952085012	34.4322140663278	15.637550146990122	49.75584137678675
107.32844937060759	34.55648391608527	15.637550146990122	49.75584137678675
107.45271922036505	34.4322140663278	15.637550146990122	49.75584137678675
107.57698907012252	34.55648391608527	15.637550146990122	49.75584137678675
111.42935441260406	38.4088492585668	15.637550146990122	49.75584137678675
108.0740684691524	38.284579408809336	15.637550146990122	49.75584137678675
108.19833831890986	38.16030955905187	15.637550146990122	49.75584137678675
108.32260816866733	41.764135202018466	15.637550146990122	49.75584137678675
108.19833831890986	36.66907136196225	15.637550146990122	49.75584137678675
108.0740684691524	36.79334121171972	15.637550146990122	49.75584137678675
107.94979861939493	36.91761106147719	15.637550146990122	49.75584137678675
107.82552876963746	36.544801512204785	15.637550146990122	49.75584137678675
107.70125891987999	36.42053166244732	15.637550146990122	49.75584137678675
107.07990967109265	36.29626181268985	15.637550146990122	49.75584137678675
106.95563982133518	36.17199196293238	15.637550146990122	49.75584137678675
106.83136997157771	36.29626181268985	15.637550146990122	49.75584137678675
106.70710012182025	36.17199196293238	15.637550146990122	49.75584137678675
106.58283027206278	36.04772211317491	15.637550146990122	49.75584137678675
102.73046492958125	35.923452263417445	15.637550146990122	49.75584137678675
102.85473477933871	35.79918241365998	15.637550146990122	49.75584137678675
102.97900462909618	35.67491256390251	15.637550146990122	49.75584137678675
103.10327447885365	35.55064271414504	15.637550146990122	49.75584137678675
102.97900462909618	35.426372864387574	15.637550146990122	49.75584137678675
102.85473477933871	35.302103014630106	15.637550146990122	49.75584137678675
102.73046492958125	35.17783316487264	15.637550146990122	49.75584137678675
102.60619507982378	35.05356331511517	15.637550146990122	49.75584137678675
102.48192523006631	35.17783316487264	15.637550146990122	49.75584137678675
98.93553974189237	35.5885841484613	15.304074680000099	48.69478307272755
99.05715949967308	35.46696439068059	15.304074680000099	48.69478307272756
99.01403867222308	34.549736856846074	15.64267733229508	49.772155148211645
99.63559164683113	31.939214363492233	15.64267733229508	49.772155148211645
99.75990224175274	35.54422161621896	15.64267733229508	49.77215514821165
103.6135306843227	34.17680507208124	15.64267733229508	49.77215514821165
103.73784127924431	34.05249447715963	15.64267733229508	49.77215514821165
103.86215187416592	34.17680507208124	15.64267733229508	49.77215514821165
103.98646246908753	34.05249447715963	15.64267733229508	49.77215514821165
104.11077306400914	34.17680507208124	15.64267733229508	49.77215514821165
104.23508365893075	34.05249447715963	15.64267733229508	49.77215514821165
104.35939425385236	33.92818388223802	15.64267733229508	49.77215514821165
104.48370484877397	34.05249447715963	15.64267733229508	49.77215514821165
104.60801544369558	34.17680507208124	15.64267733229508	49.77215514821165
104.73232603861719	34.30111566700285	15.64267733229508	49.77215514821165
104.8566366335388	34.17680507208124	15.64267733229508	49.77215514821165
104.98094722846041	34.05249447715963	15.64267733229508	49.77215514821165
105.10525782338202	33.92818388223802	15.64267733229508	49.77215514821165
105.22956841830363	33.80387328731641	15.64267733229508	49.77215514821165
105.10525782338202	33.92818388223802	15.64267733229508	49.77215514821165
105.22956841830363	34.05249447715963	15.64267733229508	49.77215514821165
105.10525782338202	34.17680507208124	15.64267733229508	49.77215514821165
105.22956841830363	34.05249447715963	15.64267733229508	49.77215514821165
105.35387901322524	34.17680507208124	15.64267733229508	49.77215514821165
105.05185965300555	33.49722836352298	15.988771568272114	50.87336408086583
104.9247986861713	33.62428933035723	15.988771568272114	50.87336408086583
105.05185965300555	33.49722836352298	15.988771568272114	50.87336408086583
104.9247986861713	33.37016739668873	15.988771568272114	50.87336408086583
105.05185965300555	33.24310642985448	15.988771568272114	50.87336408086583
104.9247986861713	33.11604546302023	15.988771568272114	50.87336408086583
105.05185965300555	32.22661869518046	15.988771568272114	50.87336408086583
104.9247986861713	32.09955772834621	15.988771568272114	50.87336408086583
105.05185965300555	32.22661869518046	15.988771568272114	50.87336408086583
104.9247986861713	32.09955772834621	15.988771568272114	50.87336408086583
104.79773771933705	31.97249676151196	15.988771568272114	50.87336408086583
104.6706767525028	32.09955772834621	15.988771568272114	50.87336408086583
104.96362783906498	35.213839071636684	15.647806198683668	49.788474268538934
105.08797919251012	35.08948771819155	15.647806198683668	49.788474268538934
105.21233054595525	34.965136364746414	15.647806198683668	49.788474268538934
105.08797919251012	34.84078501130128	15.647806198683668	49.788474268538934
105.21233054595525	34.71643365785614	15.647806198683668	49.788474268538934
105.08797919251012	34.59208230441101	15.647806198683668	49.788474268538934
105.21233054595525	34.46773095096587	15.647806198683668	49.788474268538934
105.08797919251012	34.34337959752074	15.647806198683668	49.788474268538934
105.21233054595525	34.2190282440756	15.647806198683668	49.788474268538934
105.08797919251012	34.09467689063047	15.647806198683668	49.788474268538934
105.21233054595525	34.2190282440756	15.647806198683668	49.788474268538934
105.08797919251012	34.09467689063047	15.647806198683668	49.788474268538934
105.21233054595525	33.97032553718533	15.647806198683668	49.788474268538934
105.08797919251012	34.09467689063047	15.647806198683668	49.788474268538934
105.21233054595525	33.97032553718533	15.647806198683668	49.788474268538934
105.08797919251012	33.845974183740196	15.647806198683668	49.788474268538934
105.21233054595525	33.97032553718533	15.647806198683668	49.788474268538934
105.08797919251012	33.845974183740196	15.647806198683668	49.788474268538934
105.21233054595525	33.72162283029506	15.647806198683668	49.788474268538934
105.08797919251012	33.597271476849926	15.647806198683668	49.788474268538934
105.21233054595525	33.47292012340479	15.647806198683668	49.788474268538934
105.08797919251012	33.597271476849926	15.647806198683668	49.788474268538934
105.21233054595525	33.72162283029506	15.647806198683668	49.788474268538934
105.08797919251012	33.845974183740196	15.647806198683668	49.788474268538934
105.21233054595525	33.97032553718533	15.647806198683668	49.788474268538934
105.08797919251012	33.845974183740196	15.647806198683668	49.788474268538934
105.21233054595525	33.97032553718533	15.647806198683668	49.788474268538934
105.08797919251012	33.845974183740196	15.647806198683668	49.788474268538934
105.21233054595525	33.97032553718533	15.647806198683668	49.788474268538934
105.08797919251012	34.09467689063047	15.647806198683668	49.788474268538934
105.21233054595525	33.97032553718533	15.647806198683668	49.788474268538934
105.08797919251012	33.845974183740196	15.647806198683668	49.788474268538934
105.21233054595525	33.72162283029506	15.647806198683668	49.788474268538934
105.08797919251012	33.597271476849926	15.647806198683668	49.788474268538934
105.21233054595525	33.47292012340479	15.647806198683668	49.788474268538934
105.08797919251012	33.348568769959655	15.647806198683668	49.788474268538934
105.21233054595525	33.22421741651452	15.647806198683668	49.788474268538934
105.08797919251012	33.099866063069385	15.647806198683668	49.788474268538934
105.21233054595525	33.22421741651452	15.647806198683668	49.788474268538934
105.08797919251012	33.099866063069385	15.647806198683668	49.788474268538934
105.21233054595525	33.22421741651452	15.647806198683668	49.788474268538934
105.08797919251012	33.099866063069385	15.647806198683668	49.788474268538934
105.21233054595525	33.22421741651452	15.647806198683668	49.788474268538934
105.08797919251012	33.099866063069385	15.647806198683668	49.788474268538934
105.21233054595525	33.22421741651452	15.647806198683668	49.788474268538934
105.08797919251012	33.348568769959655	15.647806198683668	49.788474268538934
105.21233054595525	33.47292012340479	15.647806198683668	49.788474268538934
105.08797919251012	33.348568769959655	15.647806198683668	49.788474268538934
105.21233054595525	33.47292012340479	15.647806198683668	49.788474268538934
105.08797919251012	33.348568769959655	15.647806198683668	49.788474268538934
105.21233054595525	33.22421741651452	15.647806198683668	49.788474268538934
105.08797919251012	33.099866063069385	15.647806198683668	49.788474268538934
105.21233054595525	33.22421741651452	15.647806198683668	49.788474268538934
105.08797919251012	33.348568769959655	15.647806198683668	49.788474268538934
105.21233054595525	33.22421741651452	15.647806198683668	49.788474268538934
105.08797919251012	33.099866063069385	15.647806198683668	49.788474268538934
105.21233054595525	33.22421741651452	15.647806198683668	49.788474268538934
105.08797919251012	32.60246064928884	15.647806198683668	49.78847426853893
105.21233054595525	32.72681200273397	15.647806198683668	49.78847426853894
105.08797919251012	31.607649821727748	15.647806198683668	49.788474268538934
105.21233054595525	33.72162283029506	15.647806198683668	49.788474268538934
105.08797919251012	33.597271476849926	15.647806198683668	49.788474268538934
105.21233054595525	33.47292012340479	15.647806198683668	49.788474268538934
105.08797919251012	33.348568769959655	15.647806198683668	49.788474268538934
105.21233054595525	33.22421741651452	15.647806198683668	49.788474268538934
105.08797919251012	33.099866063069385	15.647806198683668	49.788474268538934
105.21233054595525	33.22421741651452	15.647806198683668	49.788474268538934
105.08797919251012	33.099866063069385	15.647806198683668	49.788474268538934
105.21233054595525	33.22421741651452	15.647806198683668	49.788474268538934
105.08797919251012	33.099866063069385	15.647806198683668	49.788474268538934
105.21233054595525	32.97551470962425	15.647806198683668	49.788474268538934
105.08797919251012	33.099866063069385	15.647806198683668	49.788474268538934
105.21233054595525	33.22421741651452	15.647806198683668	49.788474268538934
105.08797919251012	31.358947114837484	15.647806198683668	49.78847426853893
105.21233054595525	31.73200117517289	15.647806198683668	49.78847426853894
105.08797919251012	33.8459741837402	15.647806198683668	49.78847426853894
105.21233054595525	33.4729201234048	15.647806198683668	49.78847426853893
105.08797919251012	33.59727147684993	15.647806198683668	49.78847426853894
105.21233054595525	33.4729201234048	15.647806198683668	49.78847426853893
105.08797919251012	33.59727147684993	15.647806198683668	49.78847426853894
105.21233054595525	33.72162283029507	15.647806198683668	49.78847426853893
105.08797919251012	32.602460649288844	15.647806198683668	49.788474268538934
105.21233054595525	31.23459576139235	15.647806198683668	49.78847426853894
105.49903436235822	35.4810313791224	15.314112018302097	48.72672005823395
105.77962413351982	35.883286624680494	14.98753396682747	47.6876080762692
105.898728377905	36.00239086906568	14.98753396682747	47.687608076269186
106.01783262229019	36.12149511345085	14.98753396682747	47.6876080762692
106.13693686667537	36.00239086906568	14.98753396682747	47.687608076269186
106.01783262229019	35.883286624680494	14.98753396682747	47.6876080762692
106.13693686667537	35.764182380295324	14.98753396682747	47.687608076269186
106.25604111106055	35.64507813591014	14.98753396682747	47.6876080762692
106.13693686667537	35.764182380295324	14.98753396682747	47.687608076269186
106.25604111106055	35.64507813591014	14.98753396682747	47.6876080762692
106.37514535544574	35.52597389152497	14.98753396682747	47.687608076269186
106.49424959983092	35.406869647139786	14.98753396682747	47.6876080762692
106.37514535544574	35.287765402754616	14.98753396682747	47.687608076269186
106.49424959983092	35.16866115836943	14.98753396682747	47.6876080762692
106.37514535544574	35.04955691398426	14.98753396682747	47.687608076269186
106.25604111106055	35.16866115836943	14.98753396682747	47.6876080762692
106.37514535544574	35.287765402754616	14.98753396682747	47.687608076269186
106.49424959983092	35.406869647139786	14.98753396682747	47.6876080762692
106.37514535544574	35.287765402754616	14.98753396682747	47.687608076269186
106.49424959983092	35.16866115836943	14.98753396682747	47.6876080762692
106.6133538442161	35.287765402754616	14.98753396682747	47.687608076269186
106.49424959983092	35.16866115836943	14.98753396682747	47.6876080762692
106.6133538442161	35.287765402754616	14.98753396682747	47.687608076269186
106.49424959983092	35.406869647139786	14.98753396682747	47.6876080762692
106.6133538442161	35.52597389152497	14.98753396682747	47.687608076269186
106.49424959983092	35.406869647139786	14.98753396682747	47.6876080762692
106.37514535544574	35.287765402754616	14.98753396682747	47.687608076269186
106.49424959983092	35.16866115836943	14.98753396682747	47.6876080762692
106.6133538442161	35.04955691398426	14.98753396682747	47.687608076269186
106.65836141059958	35.443233945269604	14.66792029066741	46.670655470305384
106.5417971001007	35.5597982557685	14.66792029066741	46.67065547030538
106.42523278960181	35.67636256626739	14.66792029066741	46.67065547030537
106.5417971001007	35.5597982557685	14.66792029066741	46.67065547030538
106.65836141059958	35.67636256626739	14.66792029066741	46.67065547030537
106.77492572109847	35.79292687676629	14.66792029066741	46.67065547030538
106.49172638074036	35.39756822276863	14.992448027098419	47.703243722585874
106.61086967660904	35.516711518637315	14.992448027098419	47.70324372258589
106.49172638074036	35.635854814506	14.992448027098419	47.703243722585874
106.61086967660904	35.75499811037468	14.992448027098419	47.70324372258589
106.49172638074036	35.87414140624336	14.992448027098419	47.703243722585874
106.61086967660904	35.99328470211204	14.992448027098419	47.70324372258589
106.49172638074036	36.112427997980724	14.992448027098419	47.703243722585874
106.61086967660904	36.231571293849406	14.992448027098419	47.70324372258589
106.49172638074036	36.112427997980724	14.992448027098419	47.703243722585874
106.61086967660904	35.99328470211204	14.992448027098419	47.70324372258589
106.49172638074036	36.112427997980724	14.992448027098419	47.703243722585874
106.76642252740875	38.80297234032872	14.672729557122949	46.68595768175483
107.03526069600963	39.18838041517852	14.359829179820451	45.69036557215595
107.29836580968976	39.56556954674538	14.053601497311007	44.716004764171416
107.18668342145081	39.67725193498433	14.053601497311007	44.716004764171416
99.4996343980227	35.358855364949676	14.364537430439015	45.70534636957872
95.96088020458191	31.820101171508885	14.364537430439015	45.70534636957872
96.07503356566065	31.93425453258762	14.364537430439015	45.70534636957872
96.55827961728517	32.53162200756805	14.058209343067006	44.73066609157686
100.02156881166101	32.643341013838246	14.058209343067006	44.73066609157686
100.1332878179312	32.53162200756805	14.058209343067006	44.73066609157686
100.2450068242014	32.643341013838246	14.058209343067006	44.73066609157686
100.35672583047159	32.75506002010844	14.058209343067006	44.73066609157686
100.2450068242014	36.21834921448429	14.058209343067006	44.73066609157685
100.35672583047159	36.1066302082141	14.058209343067006	44.73066609157685
100.46844483674178	38.22929132734769	14.058209343067006	44.73066609157686
103.90608843504906	37.850366802714944	14.369247224782356	45.72033207885298
103.79189764576515	41.390281270516354	14.369247224782356	45.72033207885299
106.8750489564309	41.276090481232444	14.369247224782356	45.72033207885298
106.76085816714699	34.76721549204919	14.369247224782356	45.72033207885299
106.8750489564309	34.88140628133311	14.369247224782356	45.72033207885298
106.98923974571481	34.99559707061702	14.369247224782356	45.72033207885299
106.8750489564309	35.10978785990095	14.369247224782356	45.72033207885298
106.98923974571481	35.22397864918486	14.369247224782356	45.72033207885299
107.2525174196503	35.82154198692581	14.062818699627371	44.74533222608707
107.36427305595792	39.285966712462056	14.062818699627371	44.745332226087086
107.47602869226554	39.174211076154435	14.062818699627371	44.745332226087086
107.58778432857316	39.285966712462056	14.062818699627371	44.745332226087086
107.69953996488078	39.397722348769676	14.062818699627371	44.745332226087086
111.13831068576002	42.49706776376245	14.373958563356638	45.73532270158925
111.09781055752985	38.31725531669031	14.691982396570893	46.747216716361905
113.08265455638444	38.434010846034695	14.691982396570893	46.747216716361905
109.1649747885835	41.67201947364882	15.017042507095027	47.78149888621141
109.04563604315237	37.97251836528372	15.017042507095027	47.78149888621141
105.04127761048883	33.35807523715661	15.349294572564503	48.83866454906884
105.16325672566263	37.13942780754429	15.349294572564503	48.838664549068845
105.28523584083644	37.01744869237049	15.349294572564503	48.83866454906884
105.40721495601024	36.8954695771967	15.349294572564503	48.83866454906883
105.52919407118404	36.773490462022906	15.349294572564503	48.83866454906884
106.13908964705301	36.65151134684911	15.349294572564503	48.838664549068845
106.26106876222681	36.52953223167532	15.349294572564503	48.83866454906884
106.38304787740061	36.65151134684911	15.349294572564503	48.838664549068845
106.26106876222681	36.52953223167532	15.349294572564503	48.83866454906884
106.30716269575471	37.167852079143145	15.021966242523064	47.79716531711881
106.18778482195269	37.04847420534113	15.021966242523064	47.79716531711882
106.06840694815067	37.167852079143145	15.021966242523064	47.79716531711881
105.94902907434864	37.04847420534113	15.021966242523064	47.79716531711882
105.82965120054662	36.929096331539114	15.021966242523064	47.79716531711881
105.7102733267446	36.8097184577371	15.021966242523064	47.797165317118804
105.42023828111711	36.157107772346876	15.35432724563887	48.854677599760066
105.46634732776288	36.795636909896025	15.026891592328269	47.81283688468084
105.58576434276505	36.67621989489385	15.026891592328269	47.812836884680834
105.46634732776288	36.55680287989167	15.026891592328269	47.81283688468083
105.58576434276505	36.43738586488949	15.026891592328269	47.812836884680834
105.46634732776288	36.317968849887315	15.026891592328269	47.81283688468084
105.58576434276505	36.19855183488514	15.026891592328269	47.812836884680834
105.70518135776722	36.07913481988296	15.026891592328269	47.81283688468083
105.58576434276505	36.19855183488514	15.026891592328269	47.812836884680834
105.46634732776288	36.07913481988296	15.026891592328269	47.81283688468083
105.58576434276505	36.19855183488514	15.026891592328269	47.812836884680834
105.70518135776722	36.07913481988296	15.026891592328269	47.81283688468083
105.58576434276505	36.19855183488514	15.026891592328269	47.812836884680834
105.46634732776288	36.07913481988296	15.026891592328269	47.81283688468083
105.58576434276505	36.19855183488514	15.026891592328269	47.812836884680834
105.46634732776288	36.07913481988296	15.026891592328269	47.81283688468083
105.58576434276505	36.19855183488514	15.026891592328269	47.812836884680834
105.46634732776288	36.07913481988296	15.026891592328269	47.81283688468083
105.58576434276505	36.19855183488514	15.026891592328269	47.812836884680834
105.46634732776288	36.07913481988296	15.026891592328269	47.81283688468083
105.58576434276505	36.19855183488514	15.026891592328269	47.812836884680834
105.46634732776288	36.07913481988296	15.026891592328269	47.81283688468083
105.58576434276505	36.19855183488514	15.026891592328269	47.812836884680834
105.70518135776722	36.07913481988296	15.026891592328269	47.81283688468083
105.58576434276505	36.19855183488514	15.026891592328269	47.812836884680834
105.46634732776288	36.07913481988296	15.026891592328269	47.81283688468083
105.58576434276505	36.19855183488514	15.026891592328269	47.812836884680834
105.70518135776722	36.07913481988296	15.026891592328269	47.81283688468083
105.82459837276939	36.19855183488514	15.026891592328269	47.812836884680834
105.70518135776722	36.07913481988296	15.026891592328269	47.81283688468083
105.58576434276505	36.19855183488514	15.026891592328269	47.812836884680834
105.70518135776722	36.07913481988296	15.026891592328269	47.81283688468083
105.82459837276939	36.19855183488514	15.026891592328269	47.812836884680834
105.94401538777156	36.07913481988296	15.026891592328269	47.81283688468083
106.06343240277373	36.19855183488514	15.026891592328269	47.812836884680834
105.94401538777156	36.07913481988296	15.026891592328269	47.81283688468083
106.06343240277373	36.19855183488514	15.026891592328269	47.812836884680834
105.94401538777156	36.07913481988296	15.026891592328269	47.81283688468083
106.06343240277373	36.19855183488514	15.026891592328269	47.812836884680834
105.94401538777156	36.07913481988296	15.026891592328269	47.81283688468083
106.06343240277373	36.19855183488514	15.026891592328269	47.812836884680834
106.1828494177759	36.07913481988296	15.026891592328269	47.81283688468083
106.06343240277373	36.19855183488514	15.026891592328269	47.812836884680834
105.94401538777156	36.07913481988296	15.026891592328269	47.81283688468083
106.06343240277373	36.19855183488514	15.026891592328269	47.812836884680834
105.94401538777156	36.07913481988296	15.026891592328269	47.81283688468083
105.82459837276939	36.19855183488514	15.026891592328269	47.812836884680834
105.94401538777156	36.07913481988296	15.026891592328269	47.81283688468083
105.82459837276939	36.19855183488514	15.026891592328269	47.812836884680834
105.70518135776722	36.07913481988296	15.026891592328269	47.81283688468083
105.82459837276939	36.19855183488514	15.026891592328269	47.812836884680834
105.70518135776722	36.07913481988296	15.026891592328269	47.81283688468083
105.82459837276939	36.19855183488514	15.026891592328269	47.812836884680834
105.94401538777156	36.07913481988296	15.026891592328269	47.81283688468083
106.06343240277373	36.19855183488514	15.026891592328269	47.812836884680834
105.94401538777156	36.07913481988296	15.026891592328269	47.81283688468083
106.06343240277373	36.19855183488514	15.026891592328269	47.812836884680834
106.1828494177759	36.317968849887315	15.026891592328269	47.81283688468084
106.30226643277807	36.19855183488514	15.026891592328269	47.812836884680834
106.1828494177759	36.07913481988296	15.026891592328269	47.81283688468083
106.30226643277807	36.19855183488514	15.026891592328269	47.812836884680834
106.42168344778024	36.07913481988296	15.026891592328269	47.81283688468083
106.54110046278241	36.19855183488514	15.026891592328269	47.812836884680834
106.42168344778024	36.317968849887315	15.026891592328269	47.81283688468084
106.54110046278241	36.19855183488514	15.026891592328269	47.812836884680834
106.42168344778024	36.07913481988296	15.026891592328269	47.81283688468083
106.54110046278241	36.19855183488514	15.026891592328269	47.812836884680834
106.42168344778024	36.07913481988296	15.026891592328269	47.81283688468083
106.54110046278241	36.19855183488514	15.026891592328269	47.812836884680834
106.42168344778024	36.07913481988296	15.026891592328269	47.81283688468083
106.54110046278241	36.19855183488514	15.026891592328269	47.812836884680834
106.42168344778024	36.317968849887315	15.026891592328269	47.81283688468084
106.54110046278241	36.19855183488514	15.026891592328269	47.812836884680834
106.42168344778024	36.317968849887315	15.026891592328269	47.81283688468084
106.54110046278241	36.19855183488514	15.026891592328269	47.812836884680834
106.42168344778024	36.317968849887315	15.026891592328269	47.81283688468084
106.54110046278241	36.19855183488514	15.026891592328269	47.812836884680834
106.42168344778024	36.317968849887315	15.026891592328269	47.81283688468084
106.30226643277807	36.19855183488514	15.026891592328269	47.812836884680834
106.42168344778024	36.07913481988296	15.026891592328269	47.81283688468083
106.54110046278241	36.19855183488514	15.026891592328269	47.812836884680834
106.42168344778024	36.07913481988296	15.026891592328269	47.81283688468083
106.54110046278241	36.19855183488514	15.026891592328269	47.812836884680834
106.42168344778024	36.07913481988296	15.026891592328269	47.81283688468083
106.54110046278241	36.19855183488514	15.026891592328269	47.812836884680834
106.42168344778024	36.07913481988296	15.026891592328269	47.81283688468083
106.30226643277807	36.19855183488514	15.026891592328269	47.812836884680834
106.1828494177759	36.07913481988296	15.026891592328269	47.81283688468083
106.06343240277373	36.19855183488514	15.026891592328269	47.812836884680834
106.1828494177759	36.07913481988296	15.026891592328269	47.81283688468083
106.06343240277373	36.19855183488514	15.026891592328269	47.812836884680834
105.94401538777156	36.07913481988296	15.026891592328269	47.81283688468083
105.82459837276939	36.19855183488514	15.026891592328269	47.812836884680834
105.94401538777156	36.317968849887315	15.026891592328269	47.81283688468084
105.82459837276939	36.19855183488514	15.026891592328269	47.812836884680834
105.70518135776722	36.07913481988296	15.026891592328269	47.81283688468083
105.82459837276939	36.19855183488514	15.026891592328269	47.812836884680834
105.70518135776722	36.07913481988296	15.026891592328269	47.81283688468083
105.82459837276939	36.19855183488514	15.026891592328269	47.812836884680834
105.94401538777156	36.07913481988296	15.026891592328269	47.81283688468083
106.06343240277373	36.19855183488514	15.026891592328269	47.812836884680834
106.1828494177759	36.07913481988296	15.026891592328269	47.81283688468083
106.30226643277807	36.19855183488514	15.026891592328269	47.812836884680834
106.1828494177759	36.07913481988296	15.026891592328269	47.81283688468083
106.30226643277807	36.19855183488514	15.026891592328269	47.812836884680834
106.42168344778024	36.07913481988296	15.026891592328269	47.81283688468083
106.54110046278241	36.19855183488514	15.026891592328269	47.812836884680834
106.42168344778024	36.07913481988296	15.026891592328269	47.81283688468083
106.54110046278241	36.19855183488514	15.026891592328269	47.812836884680834
106.42168344778024	36.317968849887315	15.026891592328269	47.81283688468084
106.30226643277807	36.19855183488514	15.026891592328269	47.812836884680834
106.42168344778024	36.07913481988296	15.026891592328269	47.81283688468083
106.54110046278241	36.19855183488514	15.026891592328269	47.812836884680834
106.42168344778024	36.07913481988296	15.026891592328269	47.81283688468083
106.30226643277807	36.19855183488514	15.026891592328269	47.812836884680834
106.1828494177759	36.07913481988296	15.026891592328269	47.81283688468083
106.30226643277807	36.19855183488514	15.026891592328269	47.812836884680834
106.1828494177759	36.07913481988296	15.026891592328269	47.81283688468083
106.30226643277807	36.19855183488514	15.026891592328269	47.812836884680834
106.1828494177759	36.07913481988296	15.026891592328269	47.81283688468083
106.06343240277373	36.19855183488514	15.026891592328269	47.812836884680834
105.94401538777156	36.07913481988296	15.026891592328269	47.81283688468083
105.82459837276939	36.19855183488514	15.026891592328269	47.812836884680834
105.70518135776722	36.07913481988296	15.026891592328269	47.81283688468083
105.58576434276505	36.19855183488514	15.026891592328269	47.812836884680834
105.46634732776288	36.07913481988296	15.026891592328269	47.81283688468083
105.58576434276505	36.19855183488514	15.026891592328269	47.812836884680834
105.46634732776288	36.07913481988296	15.026891592328269	47.81283688468083
105.58576434276505	36.19855183488514	15.026891592328269	47.812836884680834
105.46634732776288	36.07913481988296	15.026891592328269	47.81283688468083
105.58576434276505	36.19855183488514	15.026891592328269	47.812836884680834
105.46634732776288	36.07913481988296	15.026891592328269	47.81283688468083
105.58576434276505	36.19855183488514	15.026891592328269	47.812836884680834
105.46634732776288	36.07913481988296	15.026891592328269	47.81283688468083
105.58576434276505	36.19855183488514	15.026891592328269	47.812836884680834
105.46634732776288	36.07913481988296	15.026891592328269	47.81283688468083
105.58576434276505	36.19855183488514	15.026891592328269	47.812836884680834
105.46634732776288	36.07913481988296	15.026891592328269	47.81283688468083
105.42400749258749	35.42631015878142	15.359361568808538	48.8706959007544
105.47013165730638	36.06504865503317	15.03181855703997	47.82851359058167
105.5895878263422	36.18450482406899	15.03181855703997	47.828513590581686
105.47013165730638	36.06504865503317	15.03181855703997	47.82851359058167
105.5895878263422	36.18450482406899	15.03181855703997	47.828513590581686
105.47013165730638	36.06504865503317	15.03181855703997	47.82851359058167
105.5895878263422	36.18450482406899	15.03181855703997	47.828513590581686
105.70904399537801	36.06504865503317	15.03181855703997	47.82851359058167
105.5895878263422	36.18450482406899	15.03181855703997	47.828513590581686
105.47013165730638	36.3039609931048	15.03181855703997	47.82851359058167
105.5895878263422	36.18450482406899	15.03181855703997	47.828513590581686
105.47013165730638	36.06504865503317	15.03181855703997	47.82851359058167
105.5895878263422	36.18450482406899	15.03181855703997	47.828513590581686
105.47013165730638	36.06504865503317	15.03181855703997	47.82851359058167
105.5895878263422	36.18450482406899	15.03181855703997	47.828513590581686
105.47013165730638	36.06504865503317	15.03181855703997	47.82851359058167
105.5895878263422	36.18450482406899	15.03181855703997	47.828513590581686
105.47013165730638	36.06504865503317	15.03181855703997	47.82851359058167
105.35067548827057	36.18450482406899	15.03181855703997	47.828513590581686
105.47013165730638	36.06504865503317	15.03181855703997	47.82851359058167
105.5895878263422	36.18450482406899	15.03181855703997	47.828513590581686
105.47013165730638	36.06504865503317	15.03181855703997	47.82851359058167
105.5895878263422	36.18450482406899	15.03181855703997	47.828513590581686
105.47013165730638	36.06504865503317	15.03181855703997	47.82851359058167
105.5895878263422	36.18450482406899	15.03181855703997	47.828513590581686
105.47013165730638	36.06504865503317	15.03181855703997	47.82851359058167
105.5895878263422	36.18450482406899	15.03181855703997	47.828513590581686
105.47013165730638	36.06504865503317	15.03181855703997	47.82851359058167
105.5895878263422	36.18450482406899	15.03181855703997	47.828513590581686
105.47013165730638	36.06504865503317	15.03181855703997	47.82851359058167
105.5895878263422	36.18450482406899	15.03181855703997	47.828513590581686
105.47013165730638	36.06504865503317	15.03181855703997	47.82851359058167
105.5895878263422	36.18450482406899	15.03181855703997	47.828513590581686
105.47013165730638	36.06504865503317	15.03181855703997	47.82851359058167
105.35067548827057	36.18450482406899	15.03181855703997	47.828513590581686
105.47013165730638	36.06504865503317	15.03181855703997	47.82851359058167
105.5895878263422	36.18450482406899	15.03181855703997	47.828513590581686
105.47013165730638	36.06504865503317	15.03181855703997	47.82851359058167
105.5895878263422	36.18450482406899	15.03181855703997	47.828513590581686
105.47013165730638	36.06504865503317	15.03181855703997	47.82851359058167
105.5895878263422	36.18450482406899	15.03181855703997	47.828513590581686
105.47013165730638	36.3039609931048	15.03181855703997	47.82851359058167
105.5895878263422	36.18450482406899	15.03181855703997	47.828513590581686
105.47013165730638	36.06504865503317	15.03181855703997	47.82851359058167
105.5895878263422	36.18450482406899	15.03181855703997	47.828513590581686
105.47013165730638	36.3039609931048	15.03181855703997	47.82851359058167
105.5895878263422	36.18450482406899	15.03181855703997	47.828513590581686
105.47013165730638	36.3039609931048	15.03181855703997	47.82851359058167
105.5895878263422	36.18450482406899	15.03181855703997	47.828513590581686
105.47013165730638	36.06504865503317	15.03181855703997	47.82851359058167
105.5895878263422	36.18450482406899	15.03181855703997	47.828513590581686
105.70904399537801	36.06504865503317	15.03181855703997	47.82851359058167
105.5895878263422	36.18450482406899	15.03181855703997	47.828513590581686
105.47013165730638	36.06504865503317	15.03181855703997	47.82851359058167
105.5895878263422	36.18450482406899	15.03181855703997	47.828513590581686
105.47013165730638	36.06504865503317	15.03181855703997	47.82851359058167
105.5895878263422	36.18450482406899	15.03181855703997	47.828513590581686
105.47013165730638	36.3039609931048	15.03181855703997	47.82851359058167
105.5895878263422	36.18450482406899	15.03181855703997	47.828513590581686
105.47013165730638	36.06504865503317	15.03181855703997	47.82851359058167
105.5895878263422	36.18450482406899	15.03181855703997	47.828513590581686
105.47013165730638	36.06504865503317	15.03181855703997	47.82851359058167
105.5895878263422	36.18450482406899	15.03181855703997	47.828513590581686
105.47013165730638	36.06504865503317	15.03181855703997	47.82851359058167
105.5895878263422	36.18450482406899	15.03181855703997	47.828513590581686
105.47013165730638	36.06504865503317	15.03181855703997	47.82851359058167
105.5895878263422	36.18450482406899	15.03181855703997	47.828513590581686
105.47013165730638	36.06504865503317	15.03181855703997	47.82851359058167
105.5895878263422	36.18450482406899	15.03181855703997	47.828513590581686
105.47013165730638	36.06504865503317	15.03181855703997	47.82851359058167
105.5895878263422	36.18450482406899	15.03181855703997	47.828513590581686
105.47013165730638	36.3039609931048	15.03181855703997	47.82851359058167
105.5895878263422	36.18450482406899	15.03181855703997	47.828513590581686
105.70904399537801	36.06504865503317	15.03181855703997	47.82851359058167
105.82850016441382	36.18450482406899	15.03181855703997	47.828513590581686
105.94795633344964	36.06504865503317	15.03181855703997	47.82851359058167
106.06741250248545	36.18450482406899	15.03181855703997	47.828513590581686
105.94795633344964	36.3039609931048	15.03181855703997	47.82851359058167
106.06741250248545	36.423417162140616	15.03181855703997	47.828513590581686
105.94795633344964	36.3039609931048	15.03181855703997	47.82851359058167
106.06741250248545	36.18450482406899	15.03181855703997	47.828513590581686
105.94795633344964	36.06504865503317	15.03181855703997	47.82851359058167
106.06741250248545	36.18450482406899	15.03181855703997	47.828513590581686
106.18686867152127	36.3039609931048	15.03181855703997	47.82851359058167
106.30632484055708	36.18450482406899	15.03181855703997	47.828513590581686
106.18686867152127	36.3039609931048	15.03181855703997	47.82851359058167
106.06741250248545	36.18450482406899	15.03181855703997	47.828513590581686
106.18686867152127	36.06504865503317	15.03181855703997	47.82851359058167
106.30632484055708	36.18450482406899	15.03181855703997	47.828513590581686
106.4257810095929	36.06504865503317	15.03181855703997	47.82851359058167
106.54523717862871	36.18450482406899	15.03181855703997	47.828513590581686
106.4257810095929	36.06504865503317	15.03181855703997	47.82851359058167
106.54523717862871	36.18450482406899	15.03181855703997	47.828513590581686
106.4257810095929	36.06504865503317	15.03181855703997	47.82851359058167
106.54523717862871	36.18450482406899	15.03181855703997	47.828513590581686
106.4257810095929	36.06504865503317	15.03181855703997	47.82851359058167
106.30632484055708	36.18450482406899	15.03181855703997	47.828513590581686
106.4257810095929	36.06504865503317	15.03181855703997	47.82851359058167
106.54523717862871	36.18450482406899	15.03181855703997	47.828513590581686
106.4257810095929	36.3039609931048	15.03181855703997	47.82851359058167
106.54523717862871	36.18450482406899	15.03181855703997	47.828513590581686
106.4257810095929	36.3039609931048	15.03181855703997	47.82851359058167
106.30632484055708	36.18450482406899	15.03181855703997	47.828513590581686
106.18686867152127	36.06504865503317	15.03181855703997	47.82851359058167
106.30632484055708	37.617978852498766	15.03181855703997	47.82851359058168
106.4257810095929	37.73743502153458	15.03181855703997	47.82851359058168
106.30632484055708	37.617978852498766	15.03181855703997	47.82851359058168
106.4257810095929	37.49852268346295	15.03181855703997	47.82851359058168
106.30632484055708	37.37906651442714	15.03181855703997	47.82851359058168
106.18686867152127	37.25961034539132	15.03181855703997	47.82851359058168
106.30632484055708	37.14015417635551	15.03181855703997	47.82851359058168
106.4257810095929	37.020698007319695	15.03181855703997	47.82851359058168
106.54523717862871	36.90124183828388	15.03181855703997	47.82851359058168
106.4257810095929	37.020698007319695	15.03181855703997	47.82851359058168
106.30632484055708	36.90124183828388	15.03181855703997	47.82851359058168
106.4257810095929	36.781785669248066	15.03181855703997	47.82851359058168
106.54523717862871	36.66232950021225	15.03181855703997	47.82851359058168
106.4257810095929	36.781785669248066	15.03181855703997	47.82851359058168
106.54523717862871	36.66232950021225	15.03181855703997	47.82851359058168
106.4257810095929	36.781785669248066	15.03181855703997	47.82851359058168
106.54523717862871	36.66232950021225	15.03181855703997	47.82851359058168
106.4257810095929	36.781785669248066	15.03181855703997	47.82851359058168
106.54523717862871	36.66232950021225	15.03181855703997	47.82851359058168
106.4257810095929	36.781785669248066	15.03181855703997	47.82851359058168
106.54523717862871	36.66232950021225	15.03181855703997	47.82851359058168
106.4257810095929	36.781785669248066	15.03181855703997	47.82851359058168
106.54523717862871	36.90124183828388	15.03181855703997	47.82851359058168
106.4257810095929	37.020698007319695	15.03181855703997	47.82851359058168
106.54523717862871	37.14015417635551	15.03181855703997	47.82851359058168
106.4257810095929	37.020698007319695	15.03181855703997	47.82851359058168
106.30632484055708	36.90124183828388	15.03181855703997	47.82851359058168
106.4257810095929	37.020698007319695	15.03181855703997	47.82851359058168
106.54523717862871	37.14015417635551	15.03181855703997	47.82851359058168
106.4257810095929	37.020698007319695	15.03181855703997	47.82851359058168
106.30632484055708	37.14015417635551	15.03181855703997	47.82851359058168
106.4257810095929	37.020698007319695	15.03181855703997	47.82851359058168
106.30632484055708	36.90124183828388	15.03181855703997	47.82851359058168
106.4257810095929	37.020698007319695	15.03181855703997	47.82851359058168
106.30632484055708	37.14015417635551	15.03181855703997	47.82851359058168
106.35146539357052	37.53499442942538	14.711260498654894	46.80855613208374
106.23455666332016	37.65190315967574	14.711260498654894	46.80855613208372
106.35146539357052	37.768811889926084	14.711260498654894	46.80855613208374
106.46837412382088	37.88572062017644	14.711260498654894	46.80855613208372
106.58528285407124	38.00262935042679	14.711260498654894	46.80855613208374
106.7021915843216	38.119538080677145	14.711260498654894	46.80855613208372
106.58528285407124	38.23644681092749	14.711260498654894	46.80855613208374
106.7021915843216	38.35335554117785	14.711260498654894	46.80855613208372
106.58528285407124	38.47026427142819	14.711260498654894	46.80855613208374
106.7021915843216	38.58717300167855	14.711260498654894	46.80855613208372
106.58528285407124	38.704081731928895	14.711260498654894	46.80855613208374
106.7021915843216	38.58717300167855	14.711260498654894	46.80855613208372
106.41815545742048	38.19064615710211	15.036747137187632	47.844195436506084
106.12783503121169	37.5373933340821	15.369435167597914	48.902748260538786
106.0056958609976	37.41525416386801	15.369435167597914	48.902748260538786
106.28729927955727	37.818962580656574	15.041677333300925	47.85988242413933
106.33246943847705	38.444489775776965	14.720909033542597	46.839256015817334
106.21548403240666	38.56147518184736	14.720909033542597	46.83925601581733
106.33246943847705	38.67846058791775	14.720909033542597	46.83925601581732
106.44945484454743	38.79544599398814	14.720909033542597	46.83925601581733
106.56644025061782	38.91243140005853	14.720909033542597	46.839256015817334
106.6834256566882	39.02941680612892	14.720909033542597	46.83925601581733
106.56644025061782	39.14640221219931	14.720909033542597	46.83925601581732
106.6834256566882	39.02941680612892	14.720909033542597	46.83925601581733
106.80041106275858	39.14640221219931	14.720909033542597	46.83925601581732
106.91739646882897	39.263387618269704	14.720909033542597	46.83925601581733
107.03438187489935	39.380373024340095	14.720909033542597	46.839256015817334
107.15136728096974	39.497358430410486	14.720909033542597	46.83925601581733
107.26835268704012	39.380373024340095	14.720909033542597	46.839256015817334
107.3853380931105	39.263387618269704	14.720909033542597	46.83925601581733
107.50232349918089	39.380373024340095	14.720909033542597	46.839256015817334
107.61930890525127	39.497358430410486	14.720909033542597	46.83925601581733
107.73629431132166	39.380373024340095	14.720909033542597	46.839256015817334
107.61930890525127	39.497358430410486	14.720909033542597	46.83925601581733
107.73629431132166	39.380373024340095	14.720909033542597	46.839256015817334
107.61930890525127	39.263387618269704	14.720909033542597	46.83925601581733
107.73629431132166	39.14640221219931	14.720909033542597	46.83925601581732
107.61930890525127	39.02941680612892	14.720909033542597	46.83925601581733
107.66351579692663	36.03337987262813	14.40698121439354	45.840394773070386
107.54902513987726	35.91888921557877	14.40698121439354	45.84039477307037
107.43453448282789	36.03337987262813	14.40698121439354	45.840394773070386
107.32004382577851	36.147870529677505	14.40698121439354	45.84039477307037
107.36330799217356	40.27828118009319	14.099748000544423	44.862834547186836
107.2512588828709	40.39033028939585	14.099748000544423	44.86283454718682
107.13920977356824	40.27828118009319	14.099748000544423	44.862834547186836
107.02716066426558	40.16623207079054	14.099748000544423	44.86283454718682
106.91511155496292	40.05418296148788	14.099748000544423	44.862834547186836
106.80306244566026	39.942133852185236	14.099748000544423	44.86283454718682
106.6910133363576	39.830084742882576	14.099748000544423	44.862834547186836
105.02377251238202	39.217538684802825	14.411704925056483	45.85542476154334
101.18082992775243	35.02674994948208	14.730563896523336	46.86997603439248
100.89642110251135	34.386798877465836	15.056477622733922	47.90697425415341
100.60571973201182	33.732688887981226	15.389602190136912	48.966916059526554
100.48342029674103	33.854988323252016	15.389602190136912	48.966916059526554
96.6921378033466	33.732688887981226	15.389602190136912	48.966916059526554
96.81443723861739	33.610389452710436	15.389602190136912	48.966916059526554
100.57764535128572	32.941807279708485	15.730097138593692	50.05030907734357
100.45264004100957	32.81680196943233	15.730097138593692	50.05030907734357
100.57764535128572	30.441701074185392	15.730097138593692	50.050309077343584
102.45272500542805	30.566706384461543	15.730097138593692	50.050309077343584
106.35554796268731	35.07644786232296	15.39464807913211	48.98297116087492
106.23320842830499	35.19878739670527	15.39464807913211	48.982971160874925
106.51527380542086	37.489840056176966	15.066352571902428	47.93839454696229
106.39554319845851	37.60957066313932	15.066352571902428	47.938394546962286
106.67159344644793	38.23612400929655	14.7450580652486	46.91609384397285
106.55441613074248	38.118946693591106	14.7450580652486	46.91609384397285
106.67159344644793	38.23612400929655	14.7450580652486	46.91609384397285
106.55441613074248	38.118946693591106	14.7450580652486	46.91609384397285
106.67159344644793	38.23612400929655	14.7450580652486	46.91609384397285
106.55441613074248	38.118946693591106	14.7450580652486	46.91609384397285
106.67159344644793	38.00176937788566	14.7450580652486	46.91609384397285
106.55441613074248	37.88459206218021	14.7450580652486	46.91609384397285
106.67159344644793	37.76741474647476	14.7450580652486	46.91609384397285
106.55441613074248	37.650237430769316	14.7450580652486	46.91609384397285
106.67159344644793	37.76741474647476	14.7450580652486	46.91609384397285
106.55441613074248	37.88459206218021	14.7450580652486	46.91609384397285
106.67159344644793	37.76741474647476	14.7450580652486	46.91609384397285
106.55441613074248	37.88459206218021	14.7450580652486	46.91609384397285
106.67159344644793	38.00176937788566	14.7450580652486	46.91609384397285
106.55441613074248	37.88459206218021	14.7450580652486	46.91609384397285
106.67159344644793	37.76741474647476	14.7450580652486	46.91609384397285
106.55441613074248	37.88459206218021	14.7450580652486	46.91609384397285
106.67159344644793	37.76741474647476	14.7450580652486	46.91609384397285
106.55441613074248	37.650237430769316	14.7450580652486	46.91609384397285
106.43723881503703	37.53306011506387	14.7450580652486	46.91609384397285
106.32006149933159	37.650237430769316	14.7450580652486	46.91609384397285
106.43723881503703	37.53306011506387	14.7450580652486	46.91609384397285
106.55441613074248	37.650237430769316	14.7450580652486	46.91609384397285
106.43723881503703	37.53306011506387	14.7450580652486	46.91609384397285
106.32006149933159	37.650237430769316	14.7450580652486	46.91609384397285
106.43723881503703	37.53306011506387	14.7450580652486	46.91609384397285
106.55441613074248	37.41588279935842	14.7450580652486	46.91609384397285
106.43723881503703	37.53306011506387	14.7450580652486	46.91609384397285
106.55441613074248	37.650237430769316	14.7450580652486	46.91609384397285
106.43723881503703	37.53306011506387	14.7450580652486	46.91609384397285
106.32006149933159	37.650237430769316	14.7450580652486	46.91609384397285
106.43723881503703	37.53306011506387	14.7450580652486	46.91609384397285
106.55441613074248	37.650237430769316	14.7450580652486	46.91609384397285
106.67159344644793	37.53306011506387	14.7450580652486	46.91609384397285
106.55441613074248	37.650237430769316	14.7450580652486	46.91609384397285
106.67159344644793	37.76741474647476	14.7450580652486	46.91609384397285
106.55441613074248	37.650237430769316	14.7450580652486	46.91609384397285
106.67159344644793	37.53306011506387	14.7450580652486	46.91609384397285
106.55441613074248	37.650237430769316	14.7450580652486	46.91609384397285
106.67159344644793	37.76741474647476	14.7450580652486	46.91609384397285
106.55441613074248	37.650237430769316	14.7450580652486	46.91609384397285
106.43723881503703	37.53306011506387	14.7450580652486	46.91609384397285
106.32006149933159	37.650237430769316	14.7450580652486	46.91609384397285
106.43723881503703	37.53306011506387	14.7450580652486	46.91609384397285
106.32006149933159	37.650237430769316	14.7450580652486	46.91609384397285
106.43723881503703	37.53306011506387	14.7450580652486	46.91609384397285
106.55441613074248	37.650237430769316	14.7450580652486	46.91609384397285
106.67159344644793	37.53306011506387	14.7450580652486	46.91609384397285
106.55441613074248	37.650237430769316	14.7450580652486	46.91609384397285
106.67159344644793	37.53306011506387	14.7450580652486	46.91609384397285
106.55441613074248	37.650237430769316	14.7450580652486	46.91609384397285
106.67159344644793	37.53306011506387	14.7450580652486	46.91609384397285
106.55441613074248	37.650237430769316	14.7450580652486	46.91609384397285
106.43723881503703	37.53306011506387	14.7450580652486	46.91609384397285
106.32006149933159	37.41588279935842	14.7450580652486	46.91609384397285
106.43723881503703	37.53306011506387	14.7450580652486	46.91609384397285
106.32006149933159	37.650237430769316	14.7450580652486	46.91609384397285
106.43723881503703	37.53306011506387	14.7450580652486	46.91609384397285
106.55441613074248	37.650237430769316	14.7450580652486	46.91609384397285
106.67159344644793	37.53306011506387	14.7450580652486	46.91609384397285
106.55441613074248	37.650237430769316	14.7450580652486	46.91609384397285
106.67159344644793	37.53306011506387	14.7450580652486	46.91609384397285
106.55441613074248	37.41588279935842	14.7450580652486	46.91609384397285
106.67159344644793	37.53306011506387	14.7450580652486	46.91609384397285
106.55441613074248	37.650237430769316	14.7450580652486	46.91609384397285
106.67159344644793	37.53306011506387	14.7450580652486	46.91609384397285
106.55441613074248	37.41588279935842	14.7450580652486	46.91609384397285
106.67159344644793	37.53306011506387	14.7450580652486	46.91609384397285
106.55441613074248	37.41588279935842	14.7450580652486	46.91609384397285
106.43723881503703	37.298705483652974	14.7450580652486	46.91609384397285
106.55441613074248	37.181528167947526	14.7450580652486	46.91609384397285
106.67159344644793	37.06435085224208	14.7450580652486	46.91609384397285
106.55441613074248	36.94717353653663	14.7450580652486	46.91609384397285
106.67159344644793	37.06435085224208	14.7450580652486	46.91609384397285
106.55441613074248	36.94717353653663	14.7450580652486	46.91609384397285
106.67159344644793	37.06435085224208	14.7450580652486	46.91609384397285
106.55441613074248	36.94717353653663	14.7450580652486	46.91609384397285
106.43723881503703	36.829996220831184	14.7450580652486	46.91609384397285
106.32006149933159	36.71281890512574	14.7450580652486	46.91609384397285
106.20288418362614	36.59564158942029	14.7450580652486	46.91609384397285
106.32006149933159	36.71281890512574	14.7450580652486	46.91609384397285
106.20288418362614	36.59564158942029	14.7450580652486	46.91609384397285
106.08570686792069	36.47846427371484	14.7450580652486	46.91609384397285
105.96852955221524	36.361286958009394	14.7450580652486	46.91609384397285
106.08570686792069	36.47846427371484	14.7450580652486	46.91609384397285
105.96852955221524	36.59564158942029	14.7450580652486	46.91609384397285
105.8513522365098	36.47846427371484	14.7450580652486	46.91609384397285
105.73417492080435	36.59564158942029	14.7450580652486	46.91609384397285
105.6169976050989	36.71281890512574	14.7450580652486	46.91609384397285
105.73417492080435	36.59564158942029	14.7450580652486	46.91609384397285
105.6169976050989	36.71281890512574	14.7450580652486	46.91609384397285
105.73417492080435	36.59564158942029	14.7450580652486	46.91609384397285
105.6169976050989	36.47846427371484	14.7450580652486	46.91609384397285
105.73417492080435	36.59564158942029	14.7450580652486	46.91609384397285
105.8513522365098	36.47846427371484	14.7450580652486	46.91609384397285
105.96852955221524	36.59564158942029	14.7450580652486	46.91609384397285
106.08570686792069	36.47846427371484	14.7450580652486	46.91609384397285
105.96852955221524	36.59564158942029	14.7450580652486	46.91609384397285
106.08570686792069	36.71281890512574	14.7450580652486	46.91609384397285
105.96852955221524	36.829996220831184	14.7450580652486	46.91609384397285
105.8513522365098	36.94717353653663	14.7450580652486	46.91609384397285
105.96852955221524	37.06435085224208	14.7450580652486	46.91609384397285
105.8513522365098	37.181528167947526	14.7450580652486	46.91609384397285
105.96852955221524	37.298705483652974	14.7450580652486	46.91609384397285
106.08570686792069	37.181528167947526	14.7450580652486	46.91609384397285
105.96852955221524	37.06435085224208	14.7450580652486	46.91609384397285
105.8513522365098	36.94717353653663	14.7450580652486	46.91609384397285
105.96852955221524	37.06435085224208	14.7450580652486	46.91609384397285
105.8513522365098	36.94717353653663	14.7450580652486	46.91609384397285
105.96852955221524	36.829996220831184	14.7450580652486	46.91609384397285
106.08570686792069	36.71281890512574	14.7450580652486	46.91609384397285
106.20288418362614	36.829996220831184	14.7450580652486	46.91609384397285
106.08570686792069	36.71281890512574	14.7450580652486	46.91609384397285
106.20288418362614	36.829996220831184	14.7450580652486	46.91609384397285
106.32006149933159	36.94717353653663	14.7450580652486	46.91609384397285
106.43723881503703	37.06435085224208	14.7450580652486	46.91609384397285
106.55441613074248	36.94717353653663	14.7450580652486	46.91609384397285
106.43723881503703	36.829996220831184	14.7450580652486	46.91609384397285
106.55441613074248	36.71281890512574	14.7450580652486	46.91609384397285
106.67159344644793	36.59564158942029	14.7450580652486	46.91609384397285
106.55441613074248	36.47846427371484	14.7450580652486	46.91609384397285
106.43723881503703	36.361286958009394	14.7450580652486	46.91609384397285
106.55441613074248	36.47846427371484	14.7450580652486	46.91609384397285
106.67159344644793	36.59564158942029	14.7450580652486	46.91609384397285
106.55441613074248	36.71281890512574	14.7450580652486	46.91609384397285
106.67159344644793	36.829996220831184	14.7450580652486	46.91609384397285
106.55441613074248	36.94717353653663	14.7450580652486	46.91609384397285
106.43723881503703	36.829996220831184	14.7450580652486	46.91609384397285
106.55441613074248	36.94717353653663	14.7450580652486	46.91609384397285
106.43723881503703	36.829996220831184	14.7450580652486	46.91609384397285
106.55441613074248	36.94717353653663	14.7450580652486	46.91609384397285
106.67159344644793	37.06435085224208	14.7450580652486	46.91609384397285
106.55441613074248	37.181528167947526	14.7450580652486	46.91609384397285
106.67159344644793	37.298705483652974	14.7450580652486	46.91609384397285
106.55441613074248	37.41588279935842	14.7450580652486	46.91609384397285
106.43723881503703	37.298705483652974	14.7450580652486	46.91609384397285
106.55441613074248	37.41588279935842	14.7450580652486	46.91609384397285
106.67159344644793	37.298705483652974	14.7450580652486	46.91609384397285
106.55441613074248	37.181528167947526	14.7450580652486	46.91609384397285
106.67159344644793	37.298705483652974	14.7450580652486	46.91609384397285
106.55441613074248	37.181528167947526	14.7450580652486	46.91609384397285
106.67159344644793	37.298705483652974	14.7450580652486	46.91609384397285
106.55441613074248	37.41588279935842	14.7450580652486	46.91609384397285
106.67159344644793	37.53306011506387	14.7450580652486	46.91609384397285
106.55441613074248	37.650237430769316	14.7450580652486	46.91609384397285
106.67159344644793	37.53306011506387	14.7450580652486	46.91609384397285
106.55441613074248	37.650237430769316	14.7450580652486	46.91609384397285
106.67159344644793	37.53306011506387	14.7450580652486	46.91609384397285
106.55441613074248	37.650237430769316	14.7450580652486	46.91609384397285
106.67159344644793	37.53306011506387	14.7450580652486	46.91609384397285
106.71587285766851	38.14625202239341	14.430615260724636	45.91559401139655
106.60119438351487	38.03157354823975	14.430615260724636	45.915594011396564
106.71587285766851	38.14625202239341	14.430615260724636	45.91559401139655
106.83055133182216	38.26093049654706	14.430615260724636	45.915594011396564
106.71587285766851	38.375608970700725	14.430615260724636	45.91559401139655
106.83055133182216	38.26093049654706	14.430615260724636	45.915594011396564
106.71587285766851	38.14625202239341	14.430615260724636	45.91559401139655
106.83055133182216	38.03157354823975	14.430615260724636	45.915594011396564
106.71587285766851	38.14625202239341	14.430615260724636	45.91559401139655
106.83055133182216	38.03157354823975	14.430615260724636	45.915594011396564
106.71587285766851	37.9168950740861	14.430615260724636	45.91559401139655
106.60119438351487	37.802216599932436	14.430615260724636	45.915594011396564
106.48651590936122	37.68753812577879	14.430615260724636	45.91559401139655
106.60119438351487	37.57285965162512	14.430615260724636	45.915594011396564
106.48651590936122	37.68753812577879	14.430615260724636	45.91559401139655
106.37183743520757	37.57285965162512	14.430615260724636	45.915594011396564
106.25715896105392	37.22882422916416	14.430615260724636	45.915594011396564
103.16084015890524	33.67379153040088	14.430615260724636	45.91559401139655
95.936096287225	33.55911305624721	14.430615260724636	45.915594011396564
96.05077476137865	33.444434582093564	14.430615260724636	45.91559401139655
96.1654532355323	33.55911305624721	14.430615260724636	45.915594011396564
96.28013170968595	33.444434582093564	14.430615260724636	45.91559401139655
99.83516440844924	33.3297561079399	14.430615260724636	45.915594011396564
99.9498428826029	34.3618623753228	14.430615260724636	45.91559401139655
100.06452135675654	34.24718390116914	14.430615260724636	45.915594011396564
100.17919983091019	33.21507763378625	14.430615260724636	45.91559401139655
100.29387830506384	33.3297561079399	14.430615260724636	45.915594011396564
104.07826795213444	36.8847888067032	14.430615260724636	45.91559401139655
104.19294642628809	33.3297561079399	14.430615260724636	45.915594011396564
104.30762490044174	33.444434582093564	14.430615260724636	45.91559401139655
104.42230337459539	33.55911305624721	14.430615260724636	45.915594011396564
104.38164361020804	32.93219288056173	14.749892623368169	46.9314765288987
104.34008424853363	33.507515350705106	15.076233997660182	47.96983544710058
104.45989338207353	35.78388888796326	15.076233997660182	47.96983544710059
104.57970251561343	35.664079754423355	15.076233997660182	47.96983544710059
104.69951164915334	35.54427062088345	15.076233997660182	47.96983544710059
104.81932078269324	35.42446148734355	15.076233997660182	47.96983544710059
104.93912991623314	35.30465235380365	15.076233997660182	47.96983544710059
105.05893904977304	35.184843220263744	15.076233997660182	47.96983544710059
108.10665873854094	35.811807498021295	14.754728766625732	46.94686425744554
107.98940457086087	35.92906166570137	14.754728766625732	46.94686425744554
107.8721504031808	36.04631583338144	14.754728766625732	46.94686425744554
107.75489623550072	36.163570001061515	14.754728766625732	46.94686425744554
107.8721504031808	36.28082416874159	14.754728766625732	46.94686425744554
107.98940457086087	36.39807833642166	14.754728766625732	46.94686425744554
108.10665873854094	36.515332504101735	14.754728766625732	46.94686425744554
108.22391290622102	39.21217836074349	14.754728766625732	46.94686425744554
108.10665873854094	39.09492419306342	14.754728766625732	46.94686425744554
107.98940457086087	32.645944970659215	14.754728766625732	46.946864257445554
107.70452918491199	33.708060871396256	15.081177140587329	47.98556362914154
107.58468076877199	31.670637797016294	15.081177140587329	47.985563629141524
107.46483235263199	31.79048621315629	15.081177140587329	47.98556362914154
107.34498393649199	31.670637797016294	15.081177140587329	47.985563629141524
107.390272713338	35.76330401194383	14.759566495541065	46.96225703126706
107.27298010077112	35.880596624510716	14.759566495541065	46.96225703126707
107.390272713338	35.76330401194383	14.759566495541065	46.96225703126706
107.50756532590489	35.880596624510716	14.759566495541065	46.96225703126707
107.62485793847178	35.997889237077615	14.759566495541065	46.96225703126706
107.50756532590489	36.1151818496445	14.759566495541065	46.96225703126707
107.62485793847178	36.2324744622114	14.759566495541065	46.96225703126706
107.50756532590489	36.349767074778285	14.759566495541065	46.96225703126707
