88	82	22	15
88.57250804620753	82.57250804620753	22.0	15.0
88.64501609241506	82.64501609241506	22.0	15.0
90.89276552484854	82.7175241386226	22.0	15.0
90.96527357105607	82.79003218483012	22.0	15.0
91.0377816172636	82.86254023103766	22.0	15.0
90.96527357105607	82.93504827724519	22.0	15.0
93.21302300348955	83.00755632345272	22.0	15.0
92.99549886486696	83.08006436966025	22.0	15.0
93.06800691107449	83.15257241586778	22.0	15.0
92.99549886486696	83.22508046207531	22.0	15.0
93.06800691107449	83.29758850828284	22.0	15.0
92.99549886486696	83.37009655449037	22.0	15.0
95.24324829730044	83.4426046006979	22.0	15.0
95.17074025109291	83.51511264690544	22.0	15.0
95.24324829730044	83.4426046006979	22.0	15.0
97.49099772973392	85.69035403313138	22.0	15.0
97.41848968352639	83.4426046006979	22.0	15.0
97.49099772973392	85.69035403313138	22.0	15.0
97.41848968352639	83.4426046006979	22.0	15.0
98.65112646905442	85.69035403313138	22.0	15.0
98.72363451526195	83.4426046006979	22.0	15.0
98.79614256146948	85.69035403313138	22.0	15.0
101.04389199390296	85.61784598692385	22.0	15.0
101.11640004011049	85.54533794071632	22.0	15.0
101.85097731333457	85.30417334277601	22.48675	15.331874999999997
101.92508960006444	85.37828562950588	22.48675	15.331874999999997
104.22257048869051	85.45239791623575	22.48675	15.331874999999997
104.29668277542038	85.37828562950588	22.48675	15.331874999999997
103.97103160606315	85.13178526483614	22.984269343749986	15.671092734375009
106.01633617505499	85.20753728590991	22.984269343749986	15.671092734375009
108.3646488283419	85.13178526483614	22.984269343750015	15.671092734375009
108.28889680726815	85.20753728590991	22.984269343749986	15.671092734375009
109.57668116552225	85.28328930698368	22.984269343750015	15.671092734375009
109.50092914444849	85.35904132805744	22.984269343749986	15.671092734375009
111.8492417977354	85.43479334913121	22.984269343750015	15.671092734375009
111.77348977666165	85.51054537020498	22.984269343749986	15.671092734375009
111.8492417977354	85.58629739127875	22.984269343750015	15.671092734375009
111.92499381880918	85.66204941235252	22.984269343749986	15.671092734375009
114.2733064720961	85.73780143342628	22.984269343750015	15.671092734375009
114.0976357143449	85.6430326919163	23.49279630298048	16.017815661123052
115.4139123015254	85.72046072645634	23.492796302980466	16.017815661123052
115.49134033606543	85.79788876099637	23.49279630298048	16.017815661123052
115.56876837060547	85.8753167955364	23.492796302980466	16.017815661123052
117.81418137226629	85.95274483007644	23.49279630298048	16.017815661123052
117.89160940680631	86.03017286461647	23.49279630298048	16.017815661123052
117.96903744134633	85.95274483007644	23.49279630298048	16.017815661123052
120.36930651208723	86.03017286461647	23.49279630298048	16.017815661123052
120.29187847754721	86.10760089915651	23.49279630298048	16.017815661123052
120.36930651208723	86.03017286461647	23.49279630298048	16.017815661123052
121.22101489202754	85.95274483007644	23.49279630298048	16.017815661123052
123.62128396276844	86.03017286461647	23.49279630298048	16.017815661123052
123.441726489502	85.93330736470058	24.0125744211839	16.3722098326254
123.52086761930622	85.85416623489635	24.0125744211839	16.3722098326254
123.60000874911043	85.77502510509213	24.0125744211839	16.3722098326254
124.94540795578229	85.85416623489635	24.0125744211839	16.3722098326254
126.13252490284569	85.77502510509213	24.0125744211839	16.3722098326254
126.2116660326499	85.85416623489635	24.0125744211839	16.3722098326254
126.29080716245412	85.77502510509213	24.0125744211839	16.3722098326254
128.11105314795134	85.85416623489635	24.0125744211839	16.3722098326254
128.19019427775555	85.77502510509213	24.0125744211839	16.3722098326254
130.6435693016866	85.85416623489635	24.0125744211839	16.3722098326254
130.7227104314908	85.77502510509213	24.0125744211839	16.3722098326254
133.17608545542186	85.85416623489635	24.0125744211839	16.3722098326254
135.45582293821596	85.59093974145105	24.543852630252616	16.734444975172238
135.53671506551711	85.6718318687522	24.543852630252616	16.734444975172238
135.61760719281827	85.59093974145105	24.543852630252616	16.734444975172238
138.28704739375607	85.6718318687522	24.543852630252616	16.734444975172238
143.38325141372823	86.3998610144625	24.543852630252616	16.734444975172238
143.195660626081	86.46651296314948	25.086885369696915	17.104694570247915
144.766616072817	86.54919482876717	25.086885369696915	17.104694570247915
144.84929793843466	86.63187669438486	25.086885369696915	17.104694570247915
144.766616072817	86.71455856000254	25.086885369696915	17.104694570247915
147.32975390696518	86.79724042562023	25.086885369696915	17.104694570247915
147.7431632350536	86.87992229123792	25.086885369696915	17.104694570247915
150.3063010692018	86.9626041568556	25.086885369696915	17.104694570247915
150.38898293481947	87.04528602247329	25.086885369696915	17.104694570247915
150.47166480043714	87.12796788809098	25.086885369696915	17.104694570247915
151.7118927847024	87.21064975370867	25.086885369696915	17.104694570247915
153.61357569390913	87.29333161932635	25.086885369696915	17.104694570247915
155.51525860311585	87.37601348494404	25.086885369696915	17.104694570247915
157.41694151232258	87.45869535056173	25.086885369696915	17.104694570247915
160.14544307770612	87.37601348494404	25.086885369696915	17.104694570247915
165.02367314914943	89.93915131909222	25.086885369696915	17.104694570247915
165.1063550147671	89.19501452853306	25.086885369696915	17.104694570247915
165.51976434285552	89.11233266291538	25.086885369696915	17.104694570247915
168.25775133422943	89.37440740922965	24.551899982897396	16.73993180652093
168.33866998415863	89.45532605915886	24.551899982897396	16.73993180652093
170.84714813196413	89.53624470908808	24.551899982897396	16.73993180652093
170.6594958377049	89.43501231277999	25.095110770019005	17.110302797740218
168.59177146123255	89.3523033377211	25.095110770019005	17.110302797740218
147.3355648710969	86.62290716077761	25.095110770019005	17.110302797740218
149.8995430979226	86.54019818571872	25.095110770019005	17.110302797740218
149.8168341228637	86.45748921065983	25.095110770019005	17.110302797740218
149.7341251478048	86.37478023560094	25.095110770019005	17.110302797740218
147.66640077133246	86.45748921065983	25.095110770019005	17.110302797740218
147.74910974639135	86.37478023560094	25.095110770019005	17.110302797740218
147.83181872145025	86.45748921065983	25.095110770019005	17.110302797740218
147.91452769650914	86.37478023560094	25.095110770019005	17.110302797740218
147.99723667156803	86.45748921065983	25.095110770019005	17.110302797740218
148.07994564662692	86.37478023560094	25.095110770019005	17.110302797740218
148.16265462168582	86.45748921065983	25.095110770019005	17.110302797740218
148.2453635967447	86.37478023560094	25.095110770019005	17.110302797740218
148.3280725718036	86.45748921065983	25.095110770019005	17.110302797740218
148.4107815468625	86.37478023560094	25.095110770019005	17.110302797740218
148.4934905219214	86.45748921065983	25.095110770019005	17.110302797740218
148.4107815468625	86.37478023560094	25.095110770019005	17.110302797740218
148.4934905219214	86.45748921065983	25.095110770019005	17.110302797740218
148.4107815468625	86.37478023560094	25.095110770019005	17.110302797740218
148.4934905219214	86.45748921065983	25.095110770019005	17.110302797740218
148.4107815468625	86.37478023560094	25.095110770019005	17.110302797740218
148.4934905219214	86.45748921065983	25.095110770019005	17.110302797740218
148.4107815468625	86.37478023560094	25.095110770019005	17.110302797740218
148.4934905219214	86.45748921065983	25.095110770019005	17.110302797740218
148.4107815468625	86.37478023560094	25.095110770019005	17.110302797740218
148.4934905219214	86.45748921065983	25.095110770019005	17.110302797740218
148.4107815468625	86.37478023560094	25.095110770019005	17.110302797740218
148.4934905219214	86.45748921065983	25.095110770019005	17.110302797740218
148.4107815468625	86.37478023560094	25.095110770019005	17.110302797740218
148.4934905219214	86.45748921065983	25.095110770019005	17.110302797740218
148.4107815468625	86.37478023560094	25.095110770019005	17.110302797740218
148.4934905219214	86.45748921065983	25.095110770019005	17.110302797740218
148.4107815468625	86.37478023560094	25.095110770019005	17.110302797740218
148.4934905219214	86.45748921065983	25.095110770019005	17.110302797740218
148.4107815468625	86.37478023560094	25.095110770019005	17.110302797740218
148.4934905219214	86.45748921065983	25.095110770019005	17.110302797740218
148.4107815468625	86.37478023560094	25.095110770019005	17.110302797740218
148.4934905219214	86.45748921065983	25.095110770019005	17.110302797740218
148.4107815468625	86.37478023560094	25.095110770019005	17.110302797740218
148.4934905219214	86.45748921065983	25.095110770019005	17.110302797740218
148.4107815468625	86.37478023560094	25.095110770019005	17.110302797740218
