2	168	188	84
3.0255573731012646	167.97444262689874	188.0	84.0
19.317835939240553	168.5	188.0	84.0
35.61011450537984	167.97444262689874	188.0	84.0
38.12125414210395	169.37666660097224	183.99084337349393	82.20867469879516
54.0660949605075	168.86231689715277	183.990843373494	82.20867469879516
54.580444664326976	169.37666660097224	183.99084337349393	82.20867469879516
71.91079601201164	170.748987726442	180.06718321962546	80.45554994919439
74.31597601762901	172.0920436905614	176.22719630036357	78.73981111292841
90.91505873775674	172.4567789882056	172.46909825877748	77.0606609241346
93.2187501672657	172.81373619576743	168.7911427898855	75.41731911888502
109.1174207494091	173.16308118336082	165.19162082918547	73.80902207261482
111.32390599791374	173.50497628386938	161.66885975849078	72.23502244528311
126.55171891633549	173.83958036837913	158.22122262870133	70.69458883410056
128.66509967970723	174.16704892000234	154.84710739914942	69.18700543366253
130.73341196173953	174.4875341061271	151.54494619316762	67.71157170333021
145.0076394957817	174.80118484912606	148.31320456953011	66.26760204170495
146.98867761622913	175.10814689555744	145.1503808094329	64.8544254680445
160.66059221564927	175.40856288389023	142.05500521867754	63.471385310472954
161.79251142469786	175.70257241078508	139.02563944473707	62.117838900839956
174.88752818606412	175.99031209596183	136.06087580838545	60.79315727608707
175.9716851201363	176.27191564568358	133.15933664958013	59.49672488598259
177.75031112152274	176.5475139148872	130.31967368729383	58.22793930708872
187.91844224438285	176.81723496798847	127.54056739299853	56.98621096282915
189.6220176383767	177.08120413839112	124.82072637750929	55.770962849525404
191.28926377396851	177.3395440867261	122.15888679090455	54.58163026827651
192.92095538353627	177.59237485784962	119.5538117352431	53.417660562555454
204.18189383209165	177.83981393662512	117.00429068980475	52.278512861402135
205.74473485346374	178.08197630251587	114.50913894858843	51.16365782809271
214.06217240153967	178.3189744830135	112.06719706980527	50.072577414168336
215.55906804270222	178.55091860592705	109.67733033711181	49.004764618709544
217.0240419334448	175.8226880670278	107.33842823233246	47.95972325274431
225.97751365982518	176.6232865638722	105.04940391942606	46.93696770867973
226.8145657440686	176.84070604514562	102.80919373945756	45.93602273465126
228.18780107076432	177.05348899049307	100.61675671633904	44.95642321368342
237.66503218393976	177.26173427543975	98.47107407311105	43.99771394756027
238.98032270083223	177.46553866696047	96.3711487585399	43.05944944530506
240.2675642512801	178.18433619461064	94.31600498380962	42.14119371617022
241.52735498794135	178.37954088987087	92.30468776909458	41.24252006704228
250.22166086070408	178.5705827862081	90.33626249980185	40.3630109041668
250.94147605228977	179.2443682809178	88.40981449227593	39.502257539102004
252.1223770599865	179.90378509700537	86.52444856876593	38.659859998810305
253.27809499800097	180.08286370215117	84.67928864145611	37.83542683979954
254.40916690287946	180.2581234021029	82.87347730536726	37.02857496622789
262.2151340519669	180.42964563616408	81.10617543993953	36.238929451887884
262.8614022901864	180.5975101069206	79.37656181911188	35.466123365986164
263.92164500620163	180.76179481727664	77.6838327297163	34.70979760263924
264.9592777269475	180.922576106701	76.02720159801038	33.96960071400463
272.12038472290897	181.07992868670027	74.40589862417323	33.24518874697105
272.71326397971217	181.23392567553572	72.81917042459747	32.536225083330805
272.9168312771577	181.43749297298126	72.81917042459747	32.536225083330805
273.12039857460326	181.23392567553572	72.81917042459747	32.536225083330805
273.3239658720488	181.03035837809017	72.81917042459747	32.536225083330805
273.52753316949435	180.82679108064463	72.81917042459747	32.536225083330805
274.5001879842102	180.97750403730853	71.26627968180787	31.842380283360967
274.6994141477223	181.17673020082063	71.26627968180787	31.842380283360967
275.651326805546	181.3242291582882	69.74650480184641	31.16333193273988
275.8463044111133	181.51920676385552	69.74650480184641	31.16333193273988
282.41582391179463	181.66356026162768	68.25913957896364	30.49876449272847
282.606643561195	181.47274061222728	68.25913957896364	30.49876449272847
282.7974632105954	181.2819209628269	68.25913957896364	30.49876449272847
289.22688572915376	181.4231960787791	66.80349286746048	29.848369153546173
290.1191883824043	181.5614584603309	65.3788882605279	29.21184369087416
296.2773160560513	181.6967723549508	63.98466377593593	28.588892325418158
296.78715708489085	181.82920064001075	62.62017154842499	27.97922558546645
297.2861256002238	181.95880485200374	61.2847775286574	27.382560172378817
298.104714078841	182.08564521513856	59.97786118858835	26.798618828943745
298.27238326591817	181.9179760280614	59.97786118858835	26.798618828943745
303.9217807490901	182.04211148224744	58.698815233120854	26.227130210543407
303.75768715793004	181.87801789108747	58.69881523312097	26.227130210543407
304.54173461303986	182.31583111433	57.44704531790853	25.667828759065515
305.6658943343588	182.1552368684273	57.44704531790853	25.667828759065515
306.4332217413295	182.5837135928127	56.22196977317731	25.120454579504724
310.8662310561511	182.14275518159346	57.46588085440885	25.676244637076252
310.70558415516814	181.9821082806105	57.46588085440885	25.676244637076252
311.16348237778885	182.10104471946806	56.24040363618826	25.12869098638197
311.91469252010904	182.21744480294277	55.0410600887659	24.592814082214545
312.6498828798761	182.33136261957708	53.86729290374046	24.06836491443721
317.3180793777035	182.1807756357762	53.86729290374046	24.06836491443721
317.1674923939026	182.03018865197532	53.86729290374046	24.06836491443721
317.8870045978048	182.14167713685734	52.71855665748001	23.55509978312932
318.5911729872382	182.5348857752811	51.59431755767582	23.052780185344545
318.7354058276774	182.39065293484194	51.59431755767582	23.052780185344545
321.9269105084736	182.77547628061498	50.494053195301376	22.561172704283592
322.0680675401468	182.6343192489418	50.494053195301376	22.561172704283592
322.20922457181996	182.49316221726863	50.494053195301376	22.561172704283592
322.8836799888284	182.59766914870764	49.41725230185932	22.080048900830775
323.5437524409199	182.6999474383557	48.363414511807605	21.609185207403414
325.5717643360023	182.5647466453502	48.36341451180772	21.609185207403414
325.7069651290078	182.4295458523447	48.363414511807605	21.609185207403414
325.84216592201324	182.29434505933918	48.36341451180772	21.609185207403414
326.48816213024685	182.3944422336538	47.33205013004988	21.148362824064804
327.12038227476273	182.7474748689432	46.32267990438493	20.69736761685283
330.734687543515	182.84334835951273	45.334834802809496	20.255990018276577
330.60795319942486	182.97008270360286	45.334834802809496	20.255990018276577
330.734687543515	182.84334835951273	45.334834802809496	20.255990018276577
330.86142188760516	182.97008270360286	45.334834802809496	20.255990018276577
333.77631180167816	182.84334835951273	45.334834802809496	20.255990018276577
333.649577457588	182.7166140154226	45.334834802809496	20.255990018276577
334.0108133765432	182.8104429749282	44.36805579556881	19.82402492993498
334.6034430760785	183.14136824896852	43.42189364185606	19.40127162721228
335.18343476876834	183.23123801728025	42.49590868105986	18.987533666005447
338.8661750993696	183.11243994209957	42.49590868105986	18.987533666005447
338.74737702418895	182.9936418669189	42.49590868105986	18.987533666005447
339.31500021933584	183.08159513535213	41.58967062846375	18.582618791441234
339.8705186788754	183.1676727738441	40.70275837530255	18.186338848539435
340.4141905399404	183.2519147807682	39.8347597930823	17.798509694781444
340.52554932565835	183.14055599505028	39.8347597930823	17.798509694781444
341.75049596855564	183.02919720933235	39.8347597930823	17.798509694781444
342.2825738634269	183.32631026881808	38.98527154207318	17.418951114543347
344.1353023066288	183.2173262427474	38.98527154207318	17.418951114543347
344.24428633269946	183.1083422166767	38.98527154207318	17.418951114543347
345.22514256733575	183.2173262427474	38.98527154207318	17.418951114543347
345.33412659340644	183.1083422166767	38.98527154207318	17.418951114543347
345.4431106194771	182.99935819060602	38.98527154207318	17.418951114543347
345.5520946455478	183.1083422166767	38.98527154207318	17.418951114543347
345.6610786716185	183.2173262427474	38.98527154207318	17.418951114543347
345.7700626976892	183.32631026881808	38.98527154207318	17.418951114543347
346.2907938711879	183.40699761400742	38.15389888388677	17.047486735353687
348.3173321400642	183.51365752289564	38.15389888388677	17.047486735353687
348.82695856444127	183.59262418614543	37.340255498049714	16.683943945937074
348.9320700390615	183.6977356607657	37.340255498049714	16.683943945937074
352.4708963423628	183.77431846103718	36.543963302488805	16.328153816005624
352.7592395899903	183.84710759546542	35.76465227784536	15.979951017760698
352.65412811537004	183.74199612084516	35.76465227784536	15.979951017760698
352.93416184183116	183.81107249049694	35.00196029553467	15.639173749068675
353.20606325016763	183.8765152711994	34.25553294947326	15.305663658275307
353.47000576451296	183.93840195033135	33.52502339139414	14.97926577062293
353.9287836400672	183.9968083628299	32.810092169674135	14.65982841623736
357.4193063946261	184.0518087264293	32.11040707159793	14.347203159650121
357.6603761812375	184.1034756761482	31.425642968986722	14.041244730823848
358.0967690968661	184.15188029804168	30.75548166711792	13.741810957648454
358.5260163166856	184.19709216223322	30.099611756867375	13.448762699876909
361.36402613143247	184.30220363685348	30.099611756867375	13.448762699876909
361.58365551016993	184.34429082986276	29.457728470003985	13.16196378446989
361.4785440355497	184.2391793552425	29.457728470003985	13.16196378446989
361.6913292370717	184.27820851162363	28.82953353757148	12.881280942319165
362.1000407449076	184.31424484492885	28.214735051288244	12.606583746320268
362.29957234190476	184.34735217801165	27.613047327905406	12.337744550766217
362.6953128823243	184.37759297268403	27.024190776454816	12.074638432032998
363.0847746510807	184.405028358741	26.447891768330464	11.81714313053061
363.46809154487096	184.42971816236627	25.883882510138392	11.565138993891594
363.8453946050046	184.4517209339322	25.33190091925951	11.31850892137129
364.2168120782958	184.47109397520683	24.79169050206565	11.077138309433565
366.81133929992944	184.48789336598065	24.26300023473243	10.840914998497453
366.9164507745497	184.5930048406009	24.26300023473243	10.840914998497453
367.07384640392456	184.60728546474607	23.745584446594194	10.609729220818679
367.4283495389229	184.82172556510807	23.23920270598603	10.383473549483142
367.57482877296115	184.83112865091135	22.74361970852101	10.162042848488113
367.9186483080414	185.0407952279057	22.25860516774901	9.945334223887869
368.2572963025363	185.045526587165	21.78393370814763	9.73324697598082
368.59088304110657	185.25062106359107	21.319384760395565	9.52568255251714
368.9195164565592	185.2508778237038	20.86474245887871	9.322544502903213
369.24330218000176	185.4515931231579	20.419795541382086	9.123738433383494
369.5623435899264	185.44756409356663	19.98433725092127	8.929171963177566
372.9161098010745	185.64408499907304	19.558165239666664	8.73875468155319
373.02333941875503	185.63595102224838	19.1410814749172	8.552398105814063
373.32874634736856	185.62582999036917	18.732892147078587	8.370015640184022
373.4271763664113	185.81638880737137	18.333407579604682	8.191522535568083
373.7239713504784	185.80241988537568	17.94244214085893	8.016835850170992
374.01659760667457	185.7865883402887	17.559814157855044	7.845874410956526
374.30514403437724	182.7295659522823	17.185345831838163	7.678558775927684
374.58969763715794	182.9127520063343	16.818863155665213	7.514811197212111
377.9097115040374	186.13356001799406	16.46019583294799	7.354555584934246
377.9839085563571	186.31329133922645	16.109177198920065	7.1977174718579136
375.0149948788007	186.49135035045796	15.765644142991277	7.04422397878335
378.52640316872856	186.4651481848146	15.42943703295407	6.894003780681601
378.5896096001086	186.63996880307394	15.100399640805563	6.746987073551395
378.90494402396934	183.3815130898461	15.100399640805563	6.746987073551395
377.14102128010586	186.59413406115118	14.778379070152141	6.60310554198287
377.39991023729505	186.56322840374193	14.463225685162229	6.462292327412911
377.45281429466553	186.53082130422555	14.154793041032804	6.324481997057205
380.9214929571339	183.2723655909977	14.154793041032804	6.324481997057205
381.6572732794757	183.37747706561797	14.154793041032804	6.324481997057205
380.28851692160833	186.58559301291464	13.85293781594089	6.1896105135054995
383.57690616287744	186.75290293187936	13.557519744444335	6.05761520496452
386.8353618761053	186.85801440649962	13.557519744444335	6.05761520496452
389.88359464009267	186.96312588111988	13.557519744444335	6.05761520496452
393.3323686902307	187.0051666678335	13.857479868790165	6.191639941374319
396.6629177361137	186.89772960183726	13.857479868790165	6.191639941374319
396.55548067011745	186.79029253584102	13.857479868790165	6.191639941374319
393.22493162423444	186.68285546984478	13.857479868790165	6.191639941374319
395.54731885986746	186.64532096464498	13.561964936648451	6.059601354672736
395.4421729216641	186.5401750264417	13.561964936648565	6.059601354672736
395.3370269834609	186.4350290882384	13.561964936648451	6.059601354672736
395.2318810452575	186.3298831500351	13.561964936648565	6.059601354672736
395.1267351070543	186.4350290882384	13.561964936648451	6.059601354672736
395.4421729216641	186.5401750264417	13.561964936648565	6.059601354672736
395.3370269834609	186.4350290882384	13.561964936648451	6.059601354672736
395.2318810452575	186.3298831500351	13.561964936648565	6.059601354672736
395.1267351070543	186.2247372118318	13.561964936648451	6.059601354672736
395.02158916885094	186.11959127362852	13.561964936648565	6.059601354672736
395.2675411450582	186.0828572030577	13.27275194944525	5.930378530603207
395.37265261967843	185.97774572843744	13.27275194944525	5.930378530603207
395.2675411450582	186.0828572030577	13.27275194944525	5.930378530603207
396.423767365881	185.97774572843744	13.27275194944525	5.930378530603207
396.4639778177562	186.14229154734352	12.989706516306455	5.80391142217951
396.5690892923764	186.03718007272326	12.989706516306455	5.80391142217951
396.4639778177562	185.932068598103	12.989706516306455	5.80391142217951
396.7037947844616	186.09526594241927	12.712697112284104	5.680141262935422
396.59868330984136	185.99015446779902	12.712697112284104	5.680141262935422
396.83554662205813	185.9494075647638	12.441595017239024	5.559010539617418
396.7304351474379	185.84429609014353	12.441595017239024	5.559010539617418
396.96440779273763	185.80225761252836	12.176274256028023	5.4404629654592895
397.06951926735786	185.6971461379081	12.176274256028023	5.4404629654592895
397.0980383606948	185.85646815831836	11.916611539965743	5.324443454027232
397.12378876121585	185.81192857382672	11.662486209535132	5.210898093622063
397.3494540415178	185.76617829482956	11.413780178319712	5.099774122227927
397.57246745630613	185.71924313975185	11.17037787813149	4.9910199029948785
397.59026102802335	185.6711483764329	10.93216620530859	4.884584900244306
397.60551463190376	185.6219187338678	10.699034468159311	4.780419655986066
397.8209069629151	185.57157841369823	10.470874335525082	4.678475766936742
397.8312419727623	185.72277563084717	10.247579786442202	4.578705862027334
398.0418206002397	185.67028450697094	10.029047060875882	4.4810635803913215
398.25006908961916	185.81937678695007	9.815174611505427	4.385503549821522
398.45603713179753	185.7648256143232	9.605863056537146	4.291981365686809
398.65977335799823	185.9119017767118	9.401015133524197	4.200453570298066
398.8613253623692	185.8553774808093	9.200535654170722	4.110877632714619
399.0607397240988	186.00052259737043	9.004331460099934	4.0232119289808
399.2580620290604	185.94210843577437	8.812311379565244	3.937415722784465
399.4533368909946	186.08540398859708	8.624386185085314	3.8534491465275096
399.64660797224064	186.02517970576645	8.440468551981667	3.7712731828003143
399.83791800402525	186.1667037387351	8.260473017800905	3.690849646251479
400.02730880631896	186.10474571424487	8.084315942601961	3.612141165843468
400.01219677788015	186.24457297811708	7.911915470091117	3.535111167487514
403.3053190154662	186.09641265590824	8.086966599866855	3.6133255020681645
400.18137975968597	186.23849408180016	7.914509601291343	3.5362702473855165
400.36711489285955	186.17485461327814	7.745730300155401	3.4608582192183803
400.55101717340483	186.31306879994838	7.580550268453294	3.3870543752663593
403.7725261378122	186.247871512629	7.418892750680243	3.314824420516686
403.7503189343752	186.18190406253905	7.260682628165796	3.244134791308113
403.7264247916801	186.11518287363165	7.105846384167535	3.1749526397344425
403.7008796842146	186.04772401961412	6.954312069709999	3.1072458183810454
400.63435087847324	185.9795432314171	6.806009270151094	3.0409828653866384
400.6681125558407	186.05495551338726	6.956592225253189	3.108264611283346
371.94440456978	189.47601497122858	7.1105068282369075	3.177034965807991
368.7390287030467	189.40404565867712	6.9588731284057985	3.109283738223894
368.9168164872096	189.33361111339332	6.810473062896449	3.0429773259750164
369.02199690029573	189.22843070030717	6.810473062896449	3.0429773259750164
369.1271773133819	189.12325028722103	6.810473062896449	3.0429773259750164
369.30117371949694	189.05431777983063	6.66523767348292	2.9780849179391566
369.4062851941172	188.94920630521037	6.66523767348292	2.9780849179391566
372.66474090734505	188.8440948305901	6.66523767348292	2.9780849179391566
372.7698523819653	188.73898335596985	6.66523767348292	2.9780849179391566
372.7396092177654	188.6694253702199	6.523099472494209	2.914576360050603
372.6344977431452	188.56431389559964	6.523099472494209	2.914576360050603
372.7396092177654	188.45920242097938	6.523099472494209	2.914576360050603
372.84472069238564	188.56431389559964	6.523099472494209	2.914576360050603
372.94983216700587	188.45920242097938	6.523099472494209	2.914576360050603
373.0549436416261	188.56431389559964	6.523099472494209	2.914576360050603
376.26517737766693	188.49407874028668	6.383992411454187	2.8524221412880593
376.1600659030467	188.38896726566642	6.383992411454187	2.8524221412880593
376.1268239188842	188.52069391102378	6.247851850390703	2.791593379961796
376.2947548448748	188.65177196055254	6.1146145277980395	2.7320618102927483
376.46126510784734	188.57959071636566	5.984218531241368	2.673799769278048
376.6263850038687	188.7094127737805	5.8566032685871505	2.616780183836795
376.79014418293275	188.63600232188983	5.731709439847464	2.5609765582296973
376.95257166273865	188.76462138482543	5.609479009624124	2.5063629617469587
380.1530637830006	188.69003359267512	5.489855180141831	2.452914016659122
380.1102879259501	188.81750042248675	5.372782364854402	2.4006048864243326
380.2688882917635	188.7417849689309	5.258206162616034	2.349411264147591
380.42626697156516	188.8681481850561	5.146073332401215	2.299309361285623
380.58245001817716	188.7913526527081	5.036331768565674	2.250275896593166
380.534838399449	188.91665882304673	4.928930476633582	2.2022880853043603
381.093955186436	188.83882878673197	4.823819549601694	2.155323628545432
381.24670215355667	188.96312251421247	4.7209501447488265	2.1093607029728787
381.3983522601558	188.8843016256885	4.620274460939072	2.0643779506323767
381.3463043677258	189.00762563118164	4.521745716410578	2.020354469034544
381.29320589771856	188.92785570028374	4.425318127036576	1.977269801441878
381.4417037834059	189.05025090201744	4.330946885050366	1.9351039273629453
384.9103824458743	188.94513942739718	4.330946885050366	1.9351039273629453
385.0578740839814	189.06708502914825	4.2385881382246	1.8938372532492735
385.204380933041	188.98596608938323	4.148198969493819	1.8534506033908542
385.3499239939763	189.10704105027025	4.059737377011743	1.8139252110052553
385.4945238198591	189.02507003631987	3.9731622546345307	1.7752427095175562
388.67756846628777	188.9426865643717	3.888433372818895	1.7373851240254226
388.6177172080387	188.85989943021679	3.8055113599285733	1.7003348629468178
388.5569817813389	188.77671724207326	3.724357683939729	1.6640747098454085
388.69800557073535	188.6931484245864	3.644934634535275	1.6285878154306488
391.9564612839632	188.58803694996615	3.644934634535275	1.6285878154306488
388.85464574291905	188.5040897481232	3.567205305581979	1.593857689728111
388.99399387141375	188.4197722310845	3.4911335779810315	1.5598681944170494
394.08087148737746	188.51156934410227	3.568374908393821	1.594380278218523
394.1528622959244	188.60539746824557	3.647325203242076	1.6296559418740912
394.2626764070058	188.71521157932696	3.647325203242076	1.6296559418740912
394.1528622959244	188.82502569040835	3.647325203242076	1.6296559418740912
394.2626764070058	188.71521157932696	3.647325203242076	1.6296559418740912
394.3724905180872	188.60539746824557	3.647325203242076	1.6296559418740912
397.6925733890116	188.72861884649942	3.569544894690921	1.5949030380534168
397.83422195044153	188.84921249174715	3.493423274647512	1.560891250374425
397.9394023635277	188.9543929048333	3.493423274647512	1.560891250374425
398.0445827766138	189.05957331791944	3.493423274647512	1.560891250374425
398.183210639806	190.39413980425874	3.4189249710797185	1.5276047743122376
398.28832211442625	190.28902832963848	3.4189249710797185	1.5276047743122376
398.3934335890465	190.18391685501823	3.4189249710797185	1.5276047743122376
398.28832211442625	190.28902832963848	3.4189249710797185	1.5276047743122376
398.3934335890465	190.18391685501823	3.4189249710797185	1.5276047743122376
398.28832211442625	190.28902832963848	3.4189249710797185	1.5276047743122376
395.18409671130786	190.20400438091133	3.3460153662748553	1.4950281423780893
395.2892081859281	190.3091158555316	3.3460153662748553	1.4950281423780893
395.3943196605483	190.20400438091133	3.3460153662748553	1.4950281423780893
395.2892081859281	190.09889290629107	3.3460153662748553	1.4950281423780893
395.18409671130786	189.9937814316708	3.3460153662748553	1.4950281423780893
391.92564099808	190.09889290629107	3.3460153662748553	1.4950281423780893
389.92852298029516	190.20400438091133	3.3460153662748553	1.4950281423780893
390.0005608402243	190.29651878700477	3.4200459562536025	1.5281056400282296
389.89312377422806	190.18908172100853	3.4200459562536025	1.5281056400282296
389.7438235598659	190.2836430083368	3.4957144730357186	1.5619149773138474
389.6340094487845	190.17382889725542	3.4957144730357186	1.5619149773138474
389.48140596717957	190.27048235306586	3.5730571557517123	1.5964723461868857
389.3691622188905	190.15823860477678	3.5730571557517123	1.5964723461868857
389.21318238525515	190.257030518297	3.652111045322613	1.6317942968462944
389.09845524403516	190.14230337707704	3.652111045322613	1.6317942968462944
389.17708317461194	190.2432810616839	3.7329140022004594	1.6678977456640496
389.01412487877246	190.1031670081823	3.8155047244990783	1.7047999832868186
388.8475611306375	190.2086623854874	3.8999227665286753	1.7425186829170798
388.677312159575	190.0622796970999	3.9862085577381094	1.781071908776596
384.79541604517067	190.18750215240328	3.9862085577381094	1.781071908776596
376.5664658782344	185.88049523096342	4.074403422078035	1.8204781247582673
373.11065482080664	187.80039026286772	4.074403422078035	1.8204781247582673
373.2386478229336	187.67239726074078	4.074403422078035	1.8204781247582673
373.3666408250606	187.54440425861384	4.074403422078035	1.8204781247582673
373.49463382718756	187.4164112564869	4.074403422078035	1.8204781247582673
373.3666408250606	187.28841825435995	4.074403422078035	1.8204781247582673
373.49463382718756	187.160425252233	4.074403422078035	1.8204781247582673
373.3167679996241	183.28929676148312	4.164549597791506	1.8607562032685792
373.1349668906258	183.13298136691174	4.256690257642731	1.901925434265877
372.9491434320909	182.97320749423545	4.350869529593069	1.9440055344990128
372.81246554449206	182.83652960663656	4.350869529593069	1.9440055344990128
372.6757876568932	182.97320749423545	4.350869529593069	1.9440055344990128
372.5391097692943	187.2102220098009	4.350869529593069	1.9440055344990128
