232	61	22	30
232.39794109136366	61.39794109136366	22.0	30.0
232.29588218272733	61.295882182727325	22.0	30.0
232.193823274091	61.19382327409099	22.0	30.0
232.29588218272733	61.09176436545465	22.0	30.0
232.39794109136366	60.989705456818314	22.0	30.0
232.29588218272733	60.887646548181976	22.0	30.0
232.193823274091	60.78558763954564	22.0	30.0
232.09176436545465	60.6835287309093	22.0	30.0
231.9897054568183	60.78558763954564	22.0	30.0
232.09176436545465	60.6835287309093	22.0	30.0
231.9897054568183	60.78558763954564	22.0	30.0
232.09176436545465	60.6835287309093	22.0	30.0
231.9897054568183	60.78558763954564	22.0	30.0
232.09176436545465	60.6835287309093	22.0	30.0
231.9897054568183	60.581469822272965	22.0	30.0
232.09176436545465	60.47941091363663	22.0	30.0
231.9897054568183	60.37735200500029	22.0	30.0
232.09176436545465	60.27529309636395	22.0	30.0
231.9897054568183	60.173234187727616	22.0	30.0
232.09176436545465	60.07117527909128	22.0	30.0
231.9897054568183	59.96911637045494	22.0	30.0
232.09176436545465	59.867057461818604	22.0	30.0
231.9897054568183	59.76499855318227	22.0	30.0
232.09176436545465	59.66293964454593	22.0	30.0
231.9897054568183	59.56088073590959	22.0	30.0
231.88764654818198	59.458821827273255	22.0	30.0
231.78558763954564	59.35676291863692	22.0	30.0
231.6835287309093	59.25470401000058	22.0	30.0
231.58146982227296	59.15264510136424	22.0	30.0
231.47941091363663	59.050586192727906	22.0	30.0
231.3773520050003	58.94852728409157	22.0	30.0
231.27529309636395	59.050586192727906	22.0	30.0
231.17323418772762	58.94852728409157	22.0	30.0
231.07117527909128	59.050586192727906	22.0	30.0
230.96911637045494	58.94852728409157	22.0	30.0
231.07117527909128	59.050586192727906	22.0	30.0
230.96911637045494	58.94852728409157	22.0	30.0
231.07117527909128	59.050586192727906	22.0	30.0
230.96911637045494	58.94852728409157	22.0	30.0
231.07117527909128	59.050586192727906	22.0	30.0
231.17323418772762	58.94852728409157	22.0	30.0
231.27529309636395	59.050586192727906	22.0	30.0
231.17323418772762	58.94852728409157	22.0	30.0
231.07117527909128	59.050586192727906	22.0	30.0
231.17323418772762	58.94852728409157	22.0	30.0
231.27529309636395	59.050586192727906	22.0	30.0
231.3773520050003	58.94852728409157	22.0	30.0
231.47941091363663	59.050586192727906	22.0	30.0
231.58146982227296	58.94852728409157	22.0	30.0
231.6835287309093	59.050586192727906	22.0	30.0
231.78558763954564	58.94852728409157	22.0	30.0
231.88764654818198	59.050586192727906	22.0	30.0
231.9897054568183	59.15264510136424	22.0	30.0
232.09176436545465	59.25470401000058	22.0	30.0
231.9897054568183	59.35676291863692	22.0	30.0
232.09176436545465	59.458821827273255	22.0	30.0
231.9897054568183	59.56088073590959	22.0	30.0
232.09176436545465	59.66293964454593	22.0	30.0
231.9897054568183	59.76499855318227	22.0	30.0
232.09176436545465	59.867057461818604	22.0	30.0
231.9897054568183	61.19382327409107	22.0	30.0
232.09176436545465	61.29588218272741	22.0	30.0
231.9897054568183	61.39794109136375	22.0	30.0
232.09176436545465	61.29588218272741	22.0	30.0
231.9897054568183	61.19382327409107	22.0	30.0
232.09176436545465	61.091764365454736	22.0	30.0
231.9897054568183	60.9897054568184	22.0	30.0
232.09176436545465	61.091764365454736	22.0	30.0
231.9897054568183	60.9897054568184	22.0	30.0
232.09176436545465	61.091764365454736	22.0	30.0
231.9897054568183	60.9897054568184	22.0	30.0
232.09176436545465	61.091764365454736	22.0	30.0
231.9897054568183	60.9897054568184	22.0	30.0
232.09176436545465	61.091764365454736	22.0	30.0
231.9897054568183	60.9897054568184	22.0	30.0
232.09176436545465	61.091764365454736	22.0	30.0
231.9897054568183	60.9897054568184	22.0	30.0
232.09176436545465	61.091764365454736	22.0	30.0
231.9897054568183	60.9897054568184	22.0	30.0
232.09176436545465	61.091764365454736	22.0	30.0
231.9897054568183	61.19382327409107	22.0	30.0
231.88764654818198	61.091764365454736	22.0	30.0
231.78558763954564	60.9897054568184	22.0	30.0
231.6835287309093	61.091764365454736	22.0	30.0
231.58146982227296	60.9897054568184	22.0	30.0
231.47941091363663	61.091764365454736	22.0	30.0
231.58146982227296	60.9897054568184	22.0	30.0
231.6835287309093	61.091764365454736	22.0	30.0
231.78558763954564	60.9897054568184	22.0	30.0
231.88764654818198	60.88764654818206	22.0	30.0
231.9897054568183	60.785587639545724	22.0	30.0
232.09176436545465	60.88764654818206	22.0	30.0
231.9897054568183	60.9897054568184	22.0	30.0
232.09176436545465	61.091764365454736	22.0	30.0
231.9897054568183	60.9897054568184	22.0	30.0
232.09176436545465	61.091764365454736	22.0	30.0
231.9897054568183	60.9897054568184	22.0	30.0
232.09176436545465	61.091764365454736	22.0	30.0
231.9897054568183	60.9897054568184	22.0	30.0
231.88764654818198	61.091764365454736	22.0	30.0
231.78558763954564	60.9897054568184	22.0	30.0
231.6835287309093	61.091764365454736	22.0	30.0
231.58146982227296	60.9897054568184	22.0	30.0
231.47941091363663	61.091764365454736	22.0	30.0
231.58146982227296	60.9897054568184	22.0	30.0
231.47941091363663	61.091764365454736	22.0	30.0
231.58146982227296	60.9897054568184	22.0	30.0
231.47941091363663	61.091764365454736	22.0	30.0
231.58146982227296	60.9897054568184	22.0	30.0
231.47941091363663	61.091764365454736	22.0	30.0
231.3773520050003	60.9897054568184	22.0	30.0
231.27529309636395	61.091764365454736	22.0	30.0
231.3773520050003	60.9897054568184	22.0	30.0
231.27529309636395	61.091764365454736	22.0	30.0
231.3773520050003	60.9897054568184	22.0	30.0
231.27529309636395	61.091764365454736	22.0	30.0
231.3773520050003	60.9897054568184	22.0	30.0
231.47941091363663	61.091764365454736	22.0	30.0
231.58146982227296	60.9897054568184	22.0	30.0
231.6835287309093	61.091764365454736	22.0	30.0
231.78558763954564	60.9897054568184	22.0	30.0
231.88764654818198	61.091764365454736	22.0	30.0
231.9897054568183	60.9897054568184	22.0	30.0
232.09176436545465	61.091764365454736	22.0	30.0
232.193823274091	61.19382327409107	22.0	30.0
232.29588218272733	61.29588218272741	22.0	30.0
232.39794109136366	61.39794109136375	22.0	30.0
232.29588218272733	61.500000000000085	22.0	30.0
232.193823274091	61.39794109136375	22.0	30.0
232.09176436545465	61.29588218272741	22.0	30.0
232.193823274091	61.19382327409107	22.0	30.0
232.29588218272733	61.091764365454736	22.0	30.0
232.39794109136366	60.9897054568184	22.0	30.0
232.5	60.88764654818206	22.0	30.0
232.60205890863634	60.785587639545724	22.0	30.0
232.70411781727267	60.68352873090939	22.0	30.0
232.806176725909	60.58146982227305	22.0	30.0
232.90823563454535	60.47941091363671	22.0	30.0
233.0102945431817	60.377352005000375	22.0	30.0
232.90823563454535	60.47941091363671	22.0	30.0
233.0102945431817	60.58146982227305	22.0	30.0
232.90823563454535	60.68352873090939	22.0	30.0
233.0102945431817	60.785587639545724	22.0	30.0
232.90823563454535	60.88764654818206	22.0	30.0
232.806176725909	60.9897054568184	22.0	30.0
232.70411781727267	61.091764365454736	22.0	30.0
232.806176725909	61.19382327409107	22.0	30.0
232.90823563454535	61.091764365454736	22.0	30.0
233.0102945431817	60.9897054568184	22.0	30.0
232.90823563454535	61.091764365454736	22.0	30.0
233.0102945431817	60.9897054568184	22.0	30.0
232.90823563454535	61.091764365454736	22.0	30.0
232.806176725909	61.19382327409107	22.0	30.0
232.90823563454535	61.29588218272741	22.0	30.0
233.0102945431817	61.19382327409107	22.0	30.0
232.90823563454535	61.29588218272741	22.0	30.0
233.0102945431817	61.19382327409107	22.0	30.0
232.90823563454535	61.091764365454736	22.0	30.0
233.0102945431817	60.9897054568184	22.0	30.0
232.90823563454535	61.091764365454736	22.0	30.0
233.0102945431817	60.9897054568184	22.0	30.0
232.90823563454535	61.091764365454736	22.0	30.0
233.0102945431817	60.9897054568184	22.0	30.0
232.90823563454535	61.091764365454736	22.0	30.0
233.0102945431817	60.9897054568184	22.0	30.0
232.90823563454535	61.091764365454736	22.0	30.0
232.806176725909	60.9897054568184	22.0	30.0
232.70411781727267	61.091764365454736	22.0	30.0
232.806176725909	60.9897054568184	22.0	30.0
232.70411781727267	61.091764365454736	22.0	30.0
232.806176725909	60.9897054568184	22.0	30.0
232.90823563454535	61.091764365454736	22.0	30.0
233.0102945431817	60.9897054568184	22.0	30.0
232.90823563454535	61.091764365454736	22.0	30.0
232.806176725909	60.9897054568184	22.0	30.0
232.70411781727267	61.091764365454736	22.0	30.0
232.806176725909	60.9897054568184	22.0	30.0
232.70411781727267	61.091764365454736	22.0	30.0
232.60205890863634	60.9897054568184	22.0	30.0
232.5	61.091764365454736	22.0	30.0
232.60205890863634	60.9897054568184	22.0	30.0
232.70411781727267	61.091764365454736	22.0	30.0
232.806176725909	60.9897054568184	22.0	30.0
232.90823563454535	61.091764365454736	22.0	30.0
233.0102945431817	60.9897054568184	22.0	30.0
232.90823563454535	61.091764365454736	22.0	30.0
233.0102945431817	60.9897054568184	22.0	30.0
232.90823563454535	61.091764365454736	22.0	30.0
233.0102945431817	60.9897054568184	22.0	30.0
232.90823563454535	61.091764365454736	22.0	30.0
233.0102945431817	60.9897054568184	22.0	30.0
232.90823563454535	61.091764365454736	22.0	30.0
233.0102945431817	60.9897054568184	22.0	30.0
232.90823563454535	61.091764365454736	22.0	30.0
233.0102945431817	60.9897054568184	22.0	30.0
232.90823563454535	61.091764365454736	22.0	30.0
233.0102945431817	60.9897054568184	22.0	30.0
232.90823563454535	61.091764365454736	22.0	30.0
233.0102945431817	60.9897054568184	22.0	30.0
232.90823563454535	61.091764365454736	22.0	30.0
233.0102945431817	60.9897054568184	22.0	30.0
232.90823563454535	61.091764365454736	22.0	30.0
233.0102945431817	60.9897054568184	22.0	30.0
232.90823563454535	61.091764365454736	22.0	30.0
232.806176725909	60.9897054568184	22.0	30.0
232.70411781727267	61.091764365454736	22.0	30.0
232.60205890863634	60.9897054568184	22.0	30.0
232.5	61.091764365454736	22.0	30.0
232.39794109136366	60.9897054568184	22.0	30.0
232.29588218272733	61.091764365454736	22.0	30.0
232.193823274091	60.9897054568184	22.0	30.0
232.09176436545465	61.091764365454736	22.0	30.0
231.9897054568183	60.9897054568184	22.0	30.0
232.09176436545465	61.091764365454736	22.0	30.0
231.9897054568183	61.19382327409107	22.0	30.0
231.88764654818198	61.091764365454736	22.0	30.0
231.78558763954564	60.9897054568184	22.0	30.0
231.6835287309093	61.091764365454736	22.0	30.0
231.58146982227296	60.9897054568184	22.0	30.0
231.47941091363663	61.091764365454736	22.0	30.0
231.3773520050003	61.19382327409107	22.0	30.0
231.47941091363663	61.29588218272741	22.0	30.0
231.3773520050003	61.39794109136375	22.0	30.0
231.27529309636395	61.500000000000085	22.0	30.0
231.17323418772762	61.39794109136375	22.0	30.0
231.27529309636395	61.29588218272741	22.0	30.0
231.3773520050003	61.19382327409107	22.0	30.0
231.47941091363663	58.029997106364405	22.0	30.0
231.58146982227296	58.13205601500074	22.0	30.0
231.6835287309093	58.029997106364405	22.0	30.0
231.78558763954564	54.86617093863774	22.0	30.0
234.94941380727232	54.968229847274074	22.0	30.0
234.84735489863598	51.804403679547406	22.00000000000003	30.0
234.74529598999965	48.64057751182073	22.0	30.000000000000007
234.6432370813633	48.538518603184386	21.99999999999997	30.0
234.54117817272697	45.37469243545771	22.0	30.000000000000007
234.43911926409064	42.210866267731035	22.00000000000003	30.0
234.3370603554543	42.10880735909469	22.0	30.000000000000007
231.17323418772762	38.944981191368015	22.0	30.0
231.30944246856006	39.36323074186088	21.53084337349395	29.36024096385541
231.4093249402291	39.26334827019184	21.53084337349395	29.360240963855418
231.50920741189816	39.1634657985228	21.53084337349395	29.360240963855425
231.4093249402291	36.06710917678259	21.53084337349395	29.36024096385541
231.30944246856006	36.16699164845163	21.53084337349395	29.360240963855418
231.20955999689102	36.06710917678259	21.53084337349395	29.36024096385541
231.10967752522197	32.970752555042374	21.53084337349395	29.360240963855418
231.00979505355292	32.87087008337333	21.53084337349395	29.360240963855418
228.25493079627972	30.199487957033515	21.071691653360404	28.73412498185513
228.35268324415534	30.1017355091579	21.071691653360404	28.73412498185512
228.45043569203096	30.003983061282288	21.071691653360404	28.73412498185513
228.35268324415534	27.169162072889453	21.071691653360404	28.73412498185513
228.25493079627972	27.266914520765066	21.071691653360404	28.73412498185512
228.1571783484041	30.29724040490913	21.071691653360404	28.73412498185512
228.05942590052848	30.394992852784743	21.071691653360404	28.73412498185513
227.96167345265286	33.62082363268004	21.071691653360404	28.734124981855118
227.86392100477724	36.651149516824105	21.071691653360404	28.734124981855118
227.17965386964792	36.74890196469971	21.071691653360404	28.734124981855132
224.73584267275754	39.974732744595016	21.071691653360404	28.734124981855118
224.63809022488192	43.00505862873908	21.071691653360404	28.734124981855118
224.5403377770063	46.03538451288314	21.071691653360404	28.734124981855118
224.44258532913068	49.0657103970272	21.071691653360404	28.734124981855118
224.5403377770063	49.16346284490281	21.071691653360404	28.734124981855132
224.63809022488192	52.3892936247981	21.071691653360404	28.734124981855132
224.73584267275754	55.41961950894216	21.071691653360404	28.734124981855132
227.76616855690162	58.449945393086224	21.071691653360404	28.734124981855132
227.668416109026	58.547697840961845	21.071691653360404	28.734124981855132
227.57066366115038	61.57802372510591	21.071691653360404	28.734124981855132
227.668416109026	64.60834960924997	21.071691653360404	28.734124981855132
227.57066366115038	64.70610205712559	21.071691653360404	28.734124981855132
227.47291121327476	64.80385450500121	21.071691653360404	28.734124981855132
227.37515876539914	68.0296852848965	21.071691653360404	28.734124981855132
227.2774063175235	71.06001116904056	21.071691653360404	28.734124981855132
227.1796538696479	71.15776361691618	21.071691653360404	28.734124981855132
224.14932798550382	74.38359439681147	21.071691653360404	28.734124981855132
224.24708043337944	77.41392028095554	21.071691653360404	28.734124981855132
224.14932798550382	77.51167272883116	21.071691653360404	28.734124981855132
224.0515755376282	80.54199861297522	21.071691653360404	28.734124981855132
223.95382308975258	80.63975106085084	21.071691653360404	28.734124981855132
223.85607064187695	80.73750350872646	21.071691653360404	28.734124981855132
223.75831819400133	83.76782939287052	21.071691653360404	28.734124981855132
223.6605657461257	83.86558184074615	21.071691653360404	28.734124981855132
223.5628132982501	83.96333428862177	21.071691653360404	28.734124981855132
222.87854616312077	84.06108673649739	21.071691653360404	28.734124981855132
222.78079371524515	84.15883918437301	21.071691653360404	28.734124981855132
222.68304126736953	84.25659163224863	21.071691653360404	28.734124981855132
222.5852888194939	84.35434408012425	21.071691653360404	28.734124981855132
222.68304126736953	84.45209652799987	21.071691653360404	28.734124981855132
222.78079371524515	84.54984897587549	21.071691653360404	28.734124981855132
222.87854616312077	84.64760142375111	21.071691653360404	28.734124981855132
222.9762986109964	84.54984897587549	21.071691653360404	28.734124981855132
223.07405105887202	84.64760142375111	21.071691653360404	28.734124981855132
223.17180350674764	85.72287835038287	21.071691653360404	28.734124981855132
225.02910001638432	88.75320423452693	21.071691653360404	28.734124981855132
224.9313475685087	88.85095668240255	21.071691653360404	28.734124981855132
225.02910001638432	88.94870913027817	21.071691653360404	28.734124981855132
228.0594259005284	89.0464615781538	21.071691653360404	28.734124981855132
228.15717834840402	89.14421402602942	21.071691653360404	28.734124981855132
231.3830091282993	89.0464615781538	21.071691653360404	28.734124981855132
234.41333501244338	88.94870913027817	21.071691653360404	28.734124981855132
234.511087460319	88.85095668240255	21.071691653360404	28.734124981855132
234.60883990819462	85.82063079825849	21.071691653360404	28.734124981855132
237.6391657923387	85.91838324613411	21.071691653360404	28.734124981855132
240.66949167648278	86.01613569400973	21.071691653360404	28.734124981855132
240.7672441243584	85.91838324613411	21.071691653360404	28.734124981855132
243.9930749042537	85.82063079825849	21.071691653360432	28.734124981855132
247.02340078839774	85.72287835038287	21.071691653360404	28.734124981855132
250.0537266725418	85.62512590250725	21.071691653360404	28.734124981855132
250.15147912041743	85.52737345463163	21.071691653360404	28.734124981855132
253.1818050045615	85.42962100675601	21.071691653360404	28.734124981855132
255.23460640994944	85.33186855888039	21.071691653360404	28.734124981855132
257.87392250259103	85.23411611100477	21.071691653360404	28.734124981855132
257.97167495046665	83.37681960136808	21.071691653360404	28.734124981855132
260.61099104310824	83.4745720492437	21.071691653360404	28.734124981855132
260.70874349098386	83.37681960136808	21.071691653360404	28.734124981855132
261.5885155218644	83.27906715349246	21.071691653360404	28.734124981855132
261.68626796974	83.18131470561684	21.071691653360404	28.734124981855132
261.9795253133669	83.08356225774122	21.071691653360404	28.734124981855132
262.0772777612425	81.81278043535822	21.071691653360404	28.734124981855132
262.37053510486936	81.7150279874826	21.071691653360404	28.734124981855132
265.40086098901344	81.61727553960698	21.071691653360404	28.734124981855132
265.3031085411378	81.51952309173136	21.071691653360404	28.734124981855132
265.2053560932622	78.4891972075873	21.071691653360404	28.734124981855132
265.1076036453866	75.263366427692	21.071691653360404	28.734124981855132
265.00985119751095	72.03753564779672	21.071691653360404	28.734124981855132
264.91209874963533	68.81170486790143	21.071691653360404	28.734124981855132
261.88177286549126	62.65330065173768	21.071691653360404	28.734124981855132
261.9795253133669	59.62297476759362	21.071691653360404	28.734124981855132
261.88177286549126	56.592648883449556	21.071691653360404	28.734124981855132
261.9795253133669	56.494896435573935	21.071691653360404	28.734124981855132
262.0772777612425	53.269065655678645	21.071691653360404	28.734124981855132
262.1750302091181	50.043234875783355	21.071691653360404	28.734124981855118
262.27278265699374	46.81740409588805	21.071691653360404	28.734124981855132
262.37053510486936	43.59157331599276	21.071691653360404	28.734124981855118
265.40086098901344	43.49382086811714	21.071691653360404	28.734124981855132
265.3031085411378	40.46349498397308	21.071691653360404	28.734124981855132
265.2053560932622	38.21518868283394	21.071691653360404	28.734124981855118
265.1076036453866	37.92193133920709	21.071691653360404	28.734124981855118
265.00985119751095	34.89160545506303	21.071691653360404	28.734124981855118
265.1076036453866	34.79385300718741	21.071691653360404	28.734124981855132
265.00985119751095	31.76352712304335	21.071691653360404	28.73412498185513
264.91209874963533	31.861279570918963	21.071691653360404	28.73412498185512
264.8143463017597	31.959032018794577	21.071691653360404	28.73412498185513
264.7165938538841	31.861279570918963	21.071691653360404	28.73412498185512
264.61884140600847	31.959032018794577	21.071691653360404	28.73412498185513
261.78402041761564	32.056784466670194	21.071691653360404	28.734124981855118
261.88177286549126	35.08711035081426	21.071691653360404	28.734124981855118
261.9795253133669	36.35789217319724	21.071691653360404	28.734124981855132
261.88177286549126	39.58372295309255	21.071691653360404	28.734124981855118
261.9795253133669	42.61404883723661	21.071691653360404	28.734124981855118
261.88177286549126	43.49382086811714	21.071691653360404	28.734124981855132
261.9795253133669	46.5241467522612	21.071691653360404	28.734124981855132
262.0772777612425	46.62189920013682	21.071691653360404	28.734124981855118
261.9795253133669	46.71965164801243	21.071691653360404	28.734124981855132
262.0772777612425	48.96795794915158	21.071691653360404	28.734124981855118
261.3930106261132	49.06571039702719	21.071691653360404	28.734124981855132
260.7087434909839	52.29154117692248	21.071691653360404	28.734124981855132
257.67841760683984	55.32186706106654	21.071691653360404	28.734124981855132
254.64809172269577	58.352192945210604	21.071691653360404	28.734124981855132
254.55033927482015	61.382518829354666	21.071691653360404	28.734124981855132
251.52001339067607	64.41284471349873	21.071691653360404	28.734124981855132
251.42226094280045	67.44317059764279	21.071691653360404	28.734124981855132
248.39193505865637	68.1274377327721	21.071691653360404	28.734124981855132
245.55711407026354	71.35326851266738	21.071691653360404	28.734124981855132
242.52678818611946	74.57909929256267	21.071691653360404	28.734124981855132
242.42903573824384	77.80493007245796	21.071691653360404	28.734124981855132
242.33128329036822	80.83525595660203	21.071691653360404	28.734124981855132
239.30095740622414	83.86558184074609	21.071691653360404	28.734124981855132
236.27063152208007	83.96333428862171	21.071691653360404	28.734124981855132
236.17287907420445	87.189165068517	21.071691653360404	28.734124981855132
233.14255319006037	90.21949095266106	21.071691653360404	28.734124981855132
233.04480074218475	90.31724340053668	21.071691653360404	28.734124981855132
230.01447485804067	93.34756928468074	21.071691653360404	28.734124981855132
229.91672241016505	93.44532173255637	21.071691653360404	28.734124981855132
229.81896996228943	93.54307418043199	21.071691653360404	28.734124981855132
229.7212175144138	96.57340006457605	21.071691653360404	28.734124981855132
228.25493079627958	96.47564761670043	21.071691653360404	28.734124981855132
228.3526832441552	96.37789516882481	21.071691653360404	28.734124981855132
228.45043569203082	96.28014272094919	21.071691653360404	28.734124981855132
228.3526832441552	96.18239027307357	21.071691653360404	28.734124981855132
228.25493079627958	96.08463782519794	21.071691653360404	28.734124981855132
228.15717834840396	95.98688537732232	21.071691653360404	28.734124981855132
228.05942590052834	95.8891329294467	21.071691653360404	28.734124981855132
227.96167345265272	92.85880704530264	21.071691653360404	28.734124981855132
228.05942590052834	92.76105459742702	21.071691653360404	28.734124981855132
228.15717834840396	88.36219444302435	21.071691653360404	28.734124981855132
231.18750423254804	85.13636366312906	21.071691653360404	28.734124981855132
231.08975178467242	78.97795944696531	21.071691653360404	28.734124981855132
231.18750423254804	75.75212866707002	21.071691653360404	28.734124981855132
231.28525668042366	69.59372445090628	21.071691653360404	28.734124981855132
231.38300912829928	67.54092304551837	21.071691653360404	28.734124981855132
231.28525668042366	64.5105971613743	21.071691653360404	28.734124981855132
231.18750423254804	61.28476638147902	21.071691653360404	28.734124981855132
228.15717834840396	57.47242091433003	21.071691653360404	28.734124981855132
228.05942590052834	54.24659013443474	21.071691653360404	28.734124981855132
225.02910001638426	51.02075935453945	21.071691653360404	28.734124981855132
224.93134756850864	47.79492857464416	21.071691653360404	28.734124981855118
224.83359512063302	44.7646026905001	21.071691653360404	28.734124981855118
223.75831819400125	43.10281107661464	21.071691653360404	28.734124981855118
223.66056574612563	43.00505862873902	21.071691653360404	28.734124981855132
223.56281329825	41.538771910604794	21.071691653360404	28.734124981855132
223.26955595462317	41.44101946272919	21.071691653360404	28.734124981855118
223.17180350674755	40.365742536097414	21.071691653360404	28.734124981855132
223.07405105887193	40.26799008822181	21.071691653360404	28.734124981855118
223.17180350674755	40.17023764034619	21.071691653360404	28.734124981855132
223.26955595462317	37.139911756202125	21.071691653360404	28.734124981855132
225.3223573600111	37.237664204077745	21.071691653360404	28.734124981855118
225.42010980788672	37.139911756202125	21.071691653360404	28.734124981855132
225.51786225576234	37.237664204077745	21.071691653360404	28.734124981855118
225.42010980788672	37.33541665195335	21.071691653360404	28.734124981855132
225.51786225576234	40.365742536097414	21.071691653360404	28.734124981855132
225.61561470363796	40.463494983973035	21.071691653360404	28.734124981855118
228.25493079627955	43.4938208681171	21.071691653360404	28.734124981855118
228.35268324415517	43.591573315992704	21.071691653360404	28.734124981855132
231.57851402405046	46.81740409588801	21.071691653360404	28.734124981855118
234.60883990819454	49.84772998003207	21.071691653360404	28.734124981855118
237.63916579233862	52.87805586417613	21.071691653360432	28.734124981855132
237.73691824021424	52.975808312051754	21.071691653360432	28.734124981855132
240.7672441243583	56.201639091947044	21.071691653360432	28.734124981855132
243.7975700085024	59.427469871842334	21.071691653360432	28.734124981855132
246.82789589264644	62.653300651737624	21.071691653360404	28.734124981855132
247.1211532362733	65.68362653588169	21.071691653360404	28.734124981855132
250.34698401616862	68.71395242002575	21.071691653360404	28.734124981855132
253.3773099003127	71.74427830416981	21.071691653360404	28.734124981855132
253.47506234818832	74.77460418831387	21.071691653360404	28.734124981855132
253.57281479606394	74.8723566361895	21.071691653360404	28.734124981855132
256.0166259929543	78.09818741608478	21.071691653360404	28.734124981855132
256.1143784408299	81.12851330022885	21.071691653360404	28.734124981855132
259.144704324974	84.15883918437291	21.071691653360404	28.734124981855132
259.04695187709837	87.18916506851697	21.071691653360404	28.734124981855132
258.94919942922274	87.28691751639259	21.071691653360404	28.734124981855132
258.8514469813471	90.31724340053665	21.071691653360404	28.734124981855132
258.7536945334715	90.21949095266103	21.071691653360404	28.734124981855132
258.6559420855959	90.31724340053665	21.071691653360404	28.734124981855132
258.7536945334715	90.41499584841227	21.071691653360404	28.734124981855132
258.8514469813471	90.31724340053665	21.071691653360404	28.734124981855132
258.94919942922274	90.41499584841227	21.071691653360404	28.734124981855132
259.04695187709837	90.5127482962879	21.071691653360404	28.734124981855132
259.144704324974	90.61050074416352	21.071691653360404	28.734124981855132
259.2424567728496	90.70825319203914	21.071691653360404	28.734124981855132
259.3402092207252	90.61050074416352	21.071691653360404	28.734124981855132
259.43796166860085	90.5127482962879	21.071691653360404	28.734124981855132
261.68626796974	90.41499584841227	21.071691653360404	28.734124981855132
261.5885155218644	87.38466996426821	21.071691653360404	28.734124981855132
261.4907630739888	84.35434408012415	21.071691653360404	28.734124981855132
261.39301062611315	81.12851330022886	21.071691653360404	28.734124981855132
261.29525817823753	74.97010908406511	21.071691653360404	28.734124981855132
261.39301062611315	71.74427830416982	21.071691653360404	28.734124981855132
261.29525817823753	65.58587408800608	21.071691653360404	28.734124981855132
261.1975057303619	62.36004330811079	21.071691653360404	28.734124981855132
261.29525817823753	57.179163570703196	21.071691653360404	28.734124981855132
261.1975057303619	51.21626425029068	21.071691653360404	28.734124981855132
261.29525817823753	48.185938366146615	21.071691653360404	28.734124981855132
261.39301062611315	44.960107586251326	21.071691653360404	28.734124981855118
264.42333651025723	41.92978170210726	21.071691653360404	28.734124981855118
264.3255840623816	38.70395092221196	21.071691653360404	28.734124981855132
264.227831614506	35.47812014231667	21.071691653360404	28.734124981855118
264.13007916663037	32.44779425817261	21.071691653360404	28.734124981855118
264.03232671875475	32.350041810296986	21.071691653360404	28.734124981855132
263.9345742708791	32.25228936242138	21.071691653360404	28.734124981855118
263.8368218230035	32.15453691454576	21.071691653360404	28.734124981855132
263.7390693751279	32.05678446667015	21.071691653360404	28.734124981855118
263.8368218230035	31.959032018794534	21.071691653360404	28.73412498185513
263.9345742708791	31.86127957091892	21.071691653360404	28.73412498185512
264.03232671875475	31.763527123043307	21.071691653360404	28.73412498185513
264.13007916663037	31.665774675167693	21.071691653360404	28.73412498185512
264.227831614506	31.56802222729208	21.071691653360404	28.73412498185513
267.25815749865006	31.665774675167693	21.071691653360404	28.73412498185512
270.28848338279414	31.763527123043307	21.071691653360404	28.73412498185513
273.3188092669382	31.86127957091892	21.071691653360404	28.73412498185512
276.54464004683354	34.10958587205806	21.071691653360404	28.734124981855132
282.70304426299725	34.20733831993368	21.071691653360404	28.734124981855118
288.86144847916097	37.237664204077745	21.071691653360404	28.734124981855118
291.89177436330505	37.33541665195335	21.071691653360404	28.734124981855132
294.9221002474491	37.6286739955802	21.071691653360404	28.734124981855132
297.9524261315932	37.530921547704594	21.071691653360404	28.734124981855118
298.0501785794688	37.6286739955802	21.071691653360404	28.734124981855132
301.0805044636129	37.72642644345582	21.071691653360404	28.734124981855118
304.110830347757	37.6286739955802	21.071691653360404	28.734124981855132
304.2085827956326	37.530921547704594	21.071691653360404	28.734124981855118
304.3063352435082	37.43316909982897	21.071691653360404	28.734124981855132
304.40408769138384	37.335416651953366	21.071691653360404	28.734124981855118
304.50184013925946	37.43316909982897	21.071691653360404	28.734124981855132
303.4265632126277	37.530921547704594	21.071691653360404	28.734124981855118
303.32881076475206	37.6286739955802	21.071691653360404	28.734124981855132
300.298484880608	38.312941130709504	21.071691653360404	28.734124981855132
300.20073243273237	38.410693578585125	21.071691653360404	28.734124981855118
297.1704065485883	38.50844602646073	21.071691653360404	28.734124981855132
294.1400806644442	39.38821805734128	21.071691653360404	28.734124981855118
291.10975478030014	40.07248519247058	21.071691653360404	28.734124981855118
287.8839240004048	40.17023764034619	21.071691653360404	28.734124981855132
281.53001488848986	40.26799008822181	21.071691653360404	28.734124981855118
277.52216452558963	40.365742536097414	21.071691653360404	28.734124981855132
274.2963337456943	40.463494983973035	21.071691653360404	28.734124981855118
271.070502965799	40.56124743184864	21.071691653360404	28.734124981855132
267.8446721859037	40.65899987972426	21.071691653360404	28.734124981855118
264.61884140600836	40.56124743184864	21.071691653360404	28.734124981855132
261.39301062611304	40.65899987972426	21.071691653360404	28.734124981855118
258.36268474196896	40.56124743184864	21.071691653360404	28.734124981855132
255.3323588578249	40.65899987972426	21.071691653360404	28.734124981855118
252.3020329736808	40.56124743184864	21.071691653360404	28.734124981855132
249.27170708953673	40.65899987972426	21.071691653360404	28.734124981855118
246.24138120539266	40.56124743184864	21.071691653360404	28.734124981855132
243.21105532124858	40.463494983973035	21.071691653360404	28.734124981855118
241.3537588116119	40.365742536097414	21.071691653360404	28.734124981855132
240.27848188498012	40.26799008822181	21.071691653360404	28.734124981855118
237.24815600083605	40.17023764034619	21.071691653360404	28.734124981855132
234.9998496996969	40.07248519247058	21.071691653360432	28.734124981855118
234.9020972518213	39.97473274459496	21.071691653360404	28.734124981855132
231.676266471926	39.87698029671935	21.071691653360404	28.734124981855118
228.64594058778192	39.77922784884373	21.071691653360404	28.734124981855132
228.5481881399063	39.681475400968125	21.071691653360404	28.734124981855118
225.51786225576222	39.583722953092504	21.071691653360404	28.734124981855132
223.4650608503743	39.681475400968125	21.071691653360404	28.734124981855118
223.36730840249868	39.77922784884373	21.071691653360404	28.734124981855132
223.26955595462306	39.87698029671935	21.071691653360404	28.734124981855118
223.17180350674744	41.734276806356036	21.071691653360404	28.734124981855118
220.14147762260336	41.83202925423164	21.071691653360404	28.734124981855132
220.04372517472774	41.92978170210726	21.071691653360404	28.734124981855118
217.01339929058366	42.02753414998287	21.071691653360404	28.734124981855132
216.91564684270804	42.12528659785849	21.071691653360404	28.734124981855118
216.81789439483242	42.2230390457341	21.071691653360404	28.734124981855132
216.7201419469568	42.32079149360972	21.071691653360404	28.734124981855118
213.68981606281272	42.2230390457341	21.071691653360404	28.734124981855132
213.78756851068835	42.12528659785849	21.071691653360404	28.734124981855118
213.88532095856397	42.2230390457341	21.071691653360404	28.734124981855132
213.9830734064396	42.32079149360972	21.071691653360404	28.734124981855118
214.0808258543152	45.35111737775378	21.071691653360404	28.734124981855118
214.17857830219083	46.81740409588801	21.071691653360404	28.734124981855118
214.27633075006645	49.84772998003207	21.071691653360404	28.734124981855118
214.37408319794207	52.87805586417613	21.071691653360404	28.734124981855132
214.4718356458177	56.10388664407142	21.071691653360404	28.734124981855132
214.5695880936933	65.39036919225485	21.071691653360404	28.734124981855132
214.66734054156893	68.61619997215014	21.071691653360404	28.734124981855132
214.76509298944455	71.84203075204543	21.071691653360404	28.734124981855132
214.86284543732017	76.04538601069687	21.071691653360404	28.734124981855132
214.9605978851958	79.66222658209463	21.071691653360404	28.734124981855132
217.99092376933987	85.82063079825838	21.071691653360404	28.734124981855132
217.89317132146425	89.04646157815367	21.071691653360404	28.734124981855132
217.79541887358863	95.20486579431741	21.071691653360404	28.734124981855132
217.697666425713	98.23519167846148	21.071691653360404	28.734124981855132
214.66734054156893	98.3329441263371	21.071691653360404	28.734124981855132
214.76509298944455	101.36327001048116	21.071691653360404	28.734124981855132
214.86284543732017	101.46102245835678	21.071691653360404	28.734124981855132
214.76509298944455	101.5587749062324	21.071691653360404	28.734124981855132
214.86284543732017	104.58910079037646	21.071691653360404	28.734124981855118
214.9605978851958	104.49134834250084	21.071691653360404	28.734124981855118
214.86284543732017	101.46102245835678	21.071691653360404	28.734124981855132
214.9605978851958	101.5587749062324	21.071691653360404	28.734124981855132
215.05835033307142	101.46102245835678	21.071691653360404	28.734124981855132
218.0886762172155	101.36327001048116	21.071691653360404	28.734124981855132
218.1864286650911	98.3329441263371	21.071691653360404	28.734124981855132
221.2167545492352	98.23519167846148	21.071691653360404	28.734124981855132
221.3145069971108	95.20486579431741	21.071691653360404	28.734124981855132
224.5403377770061	95.10711334644179	21.071691653360404	28.734124981855132
227.7661685569014	92.07678746229773	21.071691653360404	28.734124981855132
230.99199933679668	91.97903501442211	21.071691653360404	28.734124981855132
234.21783011669197	88.94870913027805	21.071691653360404	28.734124981855132
240.37623433285572	88.85095668240243	21.071691653360432	28.734124981855132
243.602065112751	85.82063079825836	21.071691653360404	28.734124981855132
246.82789589264632	85.72287835038274	21.071691653360404	28.734124981855132
250.05372667254164	82.69255246623868	21.071691653360404	28.734124981855132
253.27955745243696	82.59480001836306	21.071691653360404	28.734124981855132
256.5053882323323	82.69255246623868	21.071691653360404	28.734124981855132
259.53571411647636	82.59480001836306	21.071691653360404	28.734124981855132
262.56604000062043	82.69255246623868	21.071691653360404	28.734124981855132
262.66379244849605	81.22626574810445	21.071691653360404	28.734124981855132
265.69411833264013	81.32401819598007	21.071691653360404	28.734124981855132
265.79187078051575	81.22626574810445	21.071691653360404	28.734124981855132
268.8221966646598	81.12851330022883	21.071691653360404	28.734124981855132
268.91994911253545	81.03076085235321	21.071691653360404	28.734124981855132
271.9502749966795	80.93300840447759	21.071691653360404	28.734124981855132
271.8525225488039	79.85773147784583	21.071691653360404	28.734124981855132
271.9502749966795	79.75997902997021	21.071691653360404	28.734124981855132
271.8525225488039	79.66222658209459	21.071691653360404	28.734124981855132
271.7547701009283	79.56447413421897	21.071691653360404	28.734124981855132
271.65701765305266	79.66222658209459	21.071691653360404	28.734124981855132
271.55926520517704	79.56447413421897	21.071691653360404	28.734124981855132
271.4615127573014	79.66222658209459	21.071691653360404	28.734124981855132
271.3637603094258	79.56447413421897	21.071691653360404	28.734124981855132
270.48398827854527	79.46672168634335	21.071691653360404	28.734124981855132
267.4536623944012	78.58694965546282	21.071691653360404	28.734124981855132
264.4233365102571	75.55662377131875	21.071691653360404	28.734124981855132
264.3255840623815	75.65437621919438	21.071691653360404	28.734124981855132
261.2952581782374	72.62405033505031	21.071691653360404	28.734124981855132
258.26493229409334	72.72180278292593	21.071691653360404	28.734124981855132
255.23460640994927	72.62405033505031	21.071691653360404	28.734124981855132
252.00877563005395	72.72180278292593	21.071691653360404	28.734124981855132
248.78294485015863	72.62405033505031	21.071691653360404	28.734124981855132
245.55711407026334	72.72180278292593	21.071691653360432	28.734124981855132
242.33128329036805	72.62405033505031	21.071691653360404	28.734124981855132
239.30095740622397	72.72180278292593	21.071691653360404	28.734124981855132
237.83467068808974	72.62405033505031	21.071691653360432	28.734124981855132
234.80434480394567	72.72180278292593	21.071691653360404	28.734124981855132
234.70659235607005	72.62405033505031	21.071691653360404	28.734124981855132
231.67626647192597	72.52629788717469	21.071691653360404	28.734124981855132
231.7740189198016	72.42854543929907	21.071691653360404	28.734124981855132
231.67626647192597	72.33079299142345	21.071691653360404	28.734124981855132
231.57851402405035	72.23304054354783	21.071691653360404	28.734124981855132
231.48076157617473	72.13528809567221	21.071691653360404	28.734124981855132
228.45043569203065	69.10496221152815	21.071691653360404	28.734124981855132
228.54818813990627	69.00720976365253	21.071691653360404	28.734124981855132
228.45043569203065	68.9094573157769	21.071691653360404	28.734124981855132
228.35268324415503	65.87913143163284	21.071691653360404	28.734124981855132
228.2549307962794	65.78137898375722	21.071691653360404	28.734124981855132
225.22460491213533	62.75105309961316	21.071691653360404	28.734124981855132
225.1268524642597	59.7207272154691	21.071691653360404	28.734124981855132
225.0291000163841	59.622974767593476	21.071691653360404	28.734124981855132
224.93134756850847	59.525222319717855	21.071691653360404	28.734124981855132
221.9010216843644	56.299391539822565	21.071691653360404	28.734124981855132
221.80326923648877	53.2690656556785	21.071691653360404	28.734124981855132
221.70551678861315	53.17131320780288	21.071691653360404	28.734124981855132
218.67519090446908	50.14098732365882	21.071691653360404	28.734124981855132
218.7729433523447	49.456720188529516	21.071691653360404	28.734124981855132
218.87069580022032	46.426394304385454	21.071691653360404	28.734124981855132
218.96844824809594	46.32864185650985	21.071691653360404	28.734124981855118
218.87069580022032	43.298315972365785	21.071691653360404	28.734124981855118
218.96844824809594	43.200563524490164	21.071691653360404	28.734124981855132
219.06620069597156	40.1702376403461	21.071691653360404	28.734124981855132
219.16395314384718	39.87698029671925	21.071691653360404	28.734124981855132
219.2617055917228	36.84665441257519	21.071691653360404	28.734124981855132
219.35945803959842	36.748901964699584	21.071691653360404	28.734124981855118
219.45721048747404	33.71857608055552	21.071691653360404	28.734124981855118
219.55496293534966	33.6208236326799	21.071691653360404	28.734124981855132
219.65271538322528	33.523071184804294	21.071691653360404	28.734124981855118
219.7504678311009	33.42531873692867	21.071691653360404	28.734124981855132
219.84822027897653	30.394992852784615	21.071691653360404	28.73412498185513
219.94597272685215	30.49274530066023	21.071691653360404	28.73412498185512
220.04372517472777	30.590497748535842	21.071691653360404	28.73412498185513
220.1414776226034	30.688250196411456	21.071691653360404	28.73412498185512
220.239230070479	30.590497748535842	21.071691653360404	28.73412498185513
220.1414776226034	30.688250196411456	21.071691653360404	28.73412498185512
220.239230070479	30.590497748535842	21.071691653360404	28.73412498185513
220.1414776226034	30.688250196411456	21.071691653360404	28.73412498185512
220.239230070479	30.590497748535842	21.071691653360404	28.73412498185513
220.1414776226034	30.688250196411456	21.071691653360404	28.73412498185512
220.04372517472777	30.590497748535842	21.071691653360404	28.73412498185513
219.94597272685215	30.688250196411456	21.071691653360404	28.73412498185512
220.04372517472777	30.590497748535842	21.071691653360404	28.73412498185513
219.94597272685215	30.688250196411456	21.071691653360404	28.73412498185512
220.04372517472777	30.78600264428707	21.071691653360404	28.73412498185513
220.1414776226034	30.883755092162684	21.071691653360404	28.73412498185512
220.239230070479	30.981507540038297	21.071691653360404	28.73412498185513
220.33698251835463	31.07925998791391	21.071691653360404	28.73412498185512
220.43473496623025	31.177012435789525	21.071691653360404	28.73412498185513
220.53248741410587	31.86127957091883	21.071691653360404	28.73412498185513
220.6302398619815	31.959032018794442	21.071691653360404	28.73412498185512
220.94913917455105	35.18620998675188	20.622331481957417	28.121361111760137
223.914842446467	35.281877834233036	20.622331481957417	28.121361111760137
224.01051029394816	35.377545681714196	20.622331481957417	28.121361111760137
224.10617814142933	35.281877834233036	20.622331481957417	28.121361111760137
224.01051029394816	35.377545681714196	20.622331481957417	28.121361111760137
223.914842446467	35.473213529195355	20.622331481957417	28.121361111760137
223.81917459898582	37.482238326299694	20.622331481957417	28.121361111760137
223.72350675150466	39.49126312340403	20.622331481957417	28.121361111760145
223.6278389040235	42.45696639531997	20.622331481957417	28.121361111760137
223.72350675150466	42.552634242801126	20.622331481957417	28.121361111760145
223.81917459898582	42.648302090282286	20.622331481957417	28.121361111760137
226.78487787090177	42.743969937763445	20.622331481957417	28.121361111760145
229.7505811428177	42.839637785244605	20.622331481957417	28.121361111760137
232.71628441473365	41.02194868310258	20.622331481957417	28.121361111760137
235.6819876866496	38.056245411186644	20.62233148195739	28.121361111760145
238.83902665352784	37.960577563705485	20.622331481957445	28.121361111760137
238.934694501009	34.99487429178955	20.622331481957417	28.121361111760137
242.09173346788725	34.89920644430839	20.622331481957417	28.121361111760137
245.2487724347655	34.80353859682723	20.622331481957417	28.121361111760137
248.2144757066814	31.837835324911296	20.622331481957417	28.121361111760137
251.18017897859733	31.742167477430137	20.622331481957417	28.121361111760137
254.14588225051324	28.776464205514202	20.622331481957417	28.121361111760137
254.24155009799438	28.680796358033042	20.622331481957417	28.121361111760137
256.63324628502335	28.776464205514202	20.622331481957417	28.121361111760137
256.7289141325045	28.680796358033042	20.622331481957417	28.121361111760137
256.8245819799856	28.585128510551883	20.622331481957417	28.121361111760137
259.79028525190154	28.489460663070723	20.622331481957417	28.121361111760137
259.8859530993827	28.393792815589563	20.622331481957417	28.121361111760137
259.9816209468638	28.298124968108404	20.622331481957417	28.121361111760137
260.07728879434495	28.202457120627244	20.622331481957417	28.121361111760137
260.1729566418261	28.106789273146084	20.622331481957417	28.121361111760137
260.07728879434495	28.202457120627244	20.622331481957417	28.121361111760137
257.3029212173913	28.298124968108404	20.622331481957417	28.121361111760137
257.39858906487245	28.393792815589563	20.622331481957417	28.121361111760137
257.3029212173913	31.359496087505498	20.622331481957417	28.121361111760137
254.3372179454754	34.32519935942143	20.622331481957417	28.121361111760137
251.18017897859716	34.42086720690259	20.622331481957417	28.121361111760137
245.15310458728413	34.51653505438375	20.622331481957417	28.121361111760137
242.1874013153682	36.90823124141273	20.622331481957445	28.121361111760145
239.22169804345225	37.00389908889389	20.622331481957417	28.121361111760137
236.064659076574	37.09956693637505	20.622331481957417	28.121361111760145
230.03758468526098	37.00389908889389	20.622331481957417	28.121361111760137
227.07188141334504	36.90823124141273	20.622331481957417	28.121361111760145
224.1061781414291	36.81256339393157	20.622331481957417	28.121361111760137
224.20184598891026	36.71689554645041	20.622331481957417	28.121361111760145
224.29751383639143	35.66454922415766	20.622331481957417	28.121361111760137
224.3931816838726	35.5688813766765	20.622331481957417	28.121361111760137
224.29751383639143	32.603178104760566	20.622331481957417	28.121361111760137
224.3931816838726	32.50751025727941	20.622331481957417	28.121361111760137
224.48884953135376	32.41184240979825	20.622331481957417	28.121361111760137
224.58451737883493	32.31617456231709	20.622331481957417	28.121361111760137
224.6801852263161	32.22050671483593	20.622331481957417	28.121361111760137
224.77585307379726	32.12483886735477	20.622331481957417	28.121361111760137
224.87152092127843	32.02917101987361	20.622331481957417	28.121361111760137
224.9671887687596	31.93350317239245	20.622331481957417	28.121361111760137
225.06285661624077	32.02917101987361	20.622331481957417	28.121361111760137
226.30653863349585	31.93350317239245	20.622331481957417	28.121361111760137
226.40220648097701	32.02917101987361	20.622331481957417	28.121361111760137
226.49787432845818	31.93350317239245	20.622331481957417	28.121361111760137
226.59354217593935	32.02917101987361	20.622331481957417	28.121361111760137
226.49787432845818	33.655524427053315	20.622331481957417	28.121361111760137
225.63686370112774	35.85588491911997	20.622331481957417	28.121361111760137
225.54119585364657	39.01292388599822	20.622331481957417	28.121361111760137
222.57549258173063	41.978627157914154	20.622331481957417	28.121361111760145
222.6711604292118	44.94433042983009	20.622331481957417	28.121361111760137
222.76682827669296	47.91003370174602	20.622331481957417	28.121361111760145
222.6711604292118	51.06707266862428	20.622331481957417	28.121361111760137
222.57549258173063	54.224111635502524	20.622331481957417	28.121361111760137
222.6711604292118	59.48584324696627	20.622331481957417	28.121361111760137
222.76682827669296	62.642882213844516	20.622331481957417	28.121361111760137
222.86249612417413	65.60858548576044	20.622331481957417	28.121361111760137
222.9581639716553	65.7042533332416	20.622331481957417	28.121361111760137
225.92386724357124	65.79992118072275	20.622331481957417	28.121361111760137
225.82819939609007	65.8955890282039	20.622331481957417	28.121361111760137
225.7325315486089	65.99125687568505	20.622331481957417	28.121361111760137
225.82819939609007	65.8955890282039	20.622331481957417	28.121361111760137
225.7325315486089	65.99125687568505	20.622331481957417	28.121361111760137
225.82819939609007	65.32158194331694	20.622331481957417	28.121361111760137
225.92386724357124	62.355878671401015	20.622331481957417	28.121361111760137
226.0195350910524	59.19883970452277	20.622331481957417	28.121361111760137
228.98523836296835	56.04180073764452	20.622331481957417	28.121361111760137
229.0809062104495	50.0147263463315	20.622331481957417	28.121361111760137
229.17657405793068	46.85768737945325	20.622331481957417	28.121361111760137
232.14227732984662	43.89198410753732	20.622331481957417	28.121361111760145
232.2379451773278	40.926280835621384	20.622331481957417	28.121361111760137
232.33361302480895	40.830612988140224	20.622331481957417	28.121361111760145
232.42928087229012	40.734945140659065	20.622331481957417	28.121361111760137
232.7162844147336	40.639277293177905	20.622331481957417	28.121361111760145
232.81195226221476	40.543609445696745	20.622331481957417	28.121361111760137
232.90762010969593	40.447941598215586	20.622331481957417	28.121361111760145
233.0032879571771	40.352273750734426	20.622331481957417	28.121361111760137
235.96899122909304	40.256605903253266	20.622331481957417	28.121361111760145
235.87332338161187	37.29090263133733	20.62233148195739	28.121361111760137
235.96899122909304	37.38657047881849	20.622331481957417	28.121361111760145
236.0646590765742	37.29090263133733	20.622331481957445	28.121361111760137
236.16032692405537	37.19523478385617	20.622331481957417	28.121361111760145
236.25599477153654	37.09956693637501	20.62233148195739	28.121361111760137
236.3516626190177	37.00389908889385	20.622331481957417	28.121361111760145
236.44733046649887	36.90823124141269	20.622331481957445	28.121361111760137
236.54299831398004	37.00389908889385	20.622331481957417	28.121361111760145
236.6386661614612	36.90823124141269	20.622331481957445	28.121361111760137
236.73433400894237	36.81256339393153	20.622331481957417	28.12136111176013
236.83000185642354	36.716895546450374	20.622331481957445	28.121361111760137
236.9256697039047	36.621227698969214	20.622331481957417	28.121361111760145
237.02133755138587	36.525559851488055	20.622331481957445	28.121361111760137
238.07368387367862	36.429892004006895	20.622331481957445	28.12136111176013
241.03938714559456	36.334224156525735	20.622331481957417	28.121361111760137
244.1964261124728	36.238556309044576	20.622331481957417	28.121361111760145
247.35346507935105	36.142888461563416	20.622331481957417	28.121361111760137
247.4491329268322	33.17718518964748	20.622331481957417	28.121361111760137
250.4148361987481	33.08151734216632	20.622331481957417	28.121361111760137
250.51050404622924	32.98584949468516	20.622331481957417	28.121361111760137
250.4148361987481	32.890181647204	20.622331481957417	28.121361111760137
250.31916835126697	32.79451379972284	20.622331481957417	28.121361111760137
249.45815772393655	32.69884595224168	20.622331481957417	28.121361111760137
249.3624898764554	32.79451379972284	20.622331481957417	28.121361111760137
248.31014355416266	32.890181647204	20.622331481957417	28.121361111760137
245.34444028224672	32.98584949468516	20.622331481957445	28.121361111760137
245.24877243476556	33.08151734216632	20.622331481957417	28.121361111760137
245.1531045872844	32.98584949468516	20.622331481957445	28.121361111760137
243.90942257002934	32.890181647204	20.622331481957417	28.121361111760137
243.81375472254817	32.98584949468516	20.622331481957445	28.121361111760137
243.90942257002934	32.890181647204	20.622331481957417	28.121361111760137
243.81375472254817	32.98584949468516	20.622331481957445	28.121361111760137
243.48636478876728	32.57550154562461	21.07860056599577	28.743546226357836
242.80187329852055	32.67328604423129	21.078600565995714	28.743546226357836
242.4672398624548	32.25385914679778	21.544964603518395	29.379497186615993
242.12520266161607	31.825152429258544	22.02164694537123	30.029518561869878
242.0230433319061	31.722993099548567	22.02164694537126	30.029518561869878
242.12520266161607	31.62083376983859	22.02164694537123	30.029518561869878
242.22736199132603	31.518674440128613	22.02164694537126	30.029518561869878
241.87775721741875	27.900773449240823	22.508875884037565	30.693921660051245
241.73708811801438	27.66955728093931	23.006884762971907	31.373024676779877
241.5933067147857	27.433225454914123	23.515912088352678	32.06715284775363
241.48421542736182	27.760499317185783	23.515912088352678	32.06715284775363
241.33725286058672	30.91440497057824	24.036201643307436	32.77663860451018
240.95566601279353	30.436127038901773	24.56800260466565	33.50182173363497
237.19459071298297	30.322155060119634	24.56800260466565	33.50182173363497
233.66145937073668	30.436127038901773	24.56800260466565	33.50182173363497
233.54748739195455	30.550099017683912	24.568002604665622	33.50182173363496
233.43351541317242	30.66407099646605	24.56800260466565	33.50182173363497
232.48709783458023	31.131141725825547	24.044082549120304	32.787385294255046
232.37555634257453	31.242683217831246	24.044082549120304	32.787385294255046
232.52442012203858	31.48477377957775	23.53133524656681	32.08818442713658
232.67010933656707	31.72170168717617	23.02952243468218	31.403894229112097
232.56327443083524	31.614866781444356	23.029522434682235	31.403894229112097
232.70585677898163	31.846742130049407	22.53841093215948	30.734196725671993
233.04695344416226	32.073672667003486	22.05777253035319	30.078780723208865
232.9446265263715	31.97134574921273	22.05777253035319	30.078780723208865
233.04695344416226	31.869018831421975	22.05777253035319	30.078780723208865
232.9446265263715	31.97134574921273	22.05777253035319	30.078780723208865
233.27844920242723	32.19343692411369	21.587383887236	29.437341664412727
233.17830443697972	32.09329215866619	21.587383887236	29.437341664412727
233.50500824391952	32.31064717236745	21.127026423616655	28.80958148674995
233.60301739207978	32.2126380242072	21.127026423616655	28.80958148674995
233.70102654024004	32.31064717236745	21.127026423616655	28.80958148674995
235.5632003552848	32.408656320527705	21.127026423616627	28.80958148674995
237.03333757768857	32.506665468687956	21.127026423616627	28.80958148674995
240.07162117065636	32.60467461684821	21.127026423616627	28.80958148674995
242.9901226685492	32.3876531128673	21.59446188323915	29.44699347714429
243.09030026911248	32.287475512304	21.59446188323912	29.44699347714429
245.99545068544808	32.1872979117407	21.59446188323915	29.44699347714429
245.8952730848848	32.287475512304	21.59446188323912	29.44699347714429
245.99545068544808	32.1872979117407	21.59446188323915	29.44699347714429
246.09562828601136	32.287475512304	21.594461883239177	29.44699347714429
246.19580588657465	32.1872979117407	21.59446188323915	29.44699347714429
246.29598348713793	32.0871203111774	21.59446188323912	29.44699347714429
245.95316049197018	31.65742868525208	22.07223935240583	30.0985082078261
245.81522015023404	31.21823013210315	22.560587648077785	30.76443770192425
245.67422787843702	30.769314310965804	23.05974064979148	31.44510088607933
245.30814284237093	30.310466227285794	23.56993741166812	32.14082374318383
244.54274945046035	30.201124314155713	23.56993741166815	32.14082374318383
244.43340753733025	30.091782401025633	23.56993741166815	32.14082374318383
241.2624920565579	29.982440487895552	23.56993741166815	32.14082374318383
240.059731012127	29.87309857476547	23.56993741166812	32.14082374318383
236.6701317050945	29.76375666163539	23.56993741166815	32.14082374318383
236.77947361822459	29.65441474850531	23.56993741166815	32.14082374318383
241.16986281537885	29.4122991207188	24.091422276901312	32.85193946850177
244.63445700707948	29.524060223676884	24.091422276901284	32.85193946850177
246.7579179632831	29.635821326634968	24.091422276901312	32.85193946850177
247.76376788990586	29.524060223676884	24.091422276901312	32.85193946850177
247.87552899286396	29.635821326634968	24.091422276901312	32.85193946850177
247.98729009582206	29.747582429593052	24.091422276901312	32.85193946850177
247.87552899286396	29.635821326634968	24.091422276901312	32.85193946850177
247.98729009582206	29.524060223676884	24.091422276901312	32.85193946850177
247.49011769893687	29.76662743082119	23.577665440393872	32.151361964173475
247.59949546271142	29.65724966704667	23.577665440393872	32.151361964173475
244.58274100191548	29.89464405543621	23.07486462317101	31.465724486142307
244.93195636568487	30.126975936989012	22.582786184821487	30.79470843384746
245.27372460663653	30.354353271188216	22.10120146738612	30.138002000981075
245.60820453690766	30.576881715248476	21.62988668910569	29.4953000305987
245.93555158191882	30.601234431861542	21.168622840434438	28.866303873319666
246.25591785259655	30.057151969881566	20.71719558227096	28.250721248551287
246.56945221605625	30.26574539431679	20.27539514635984	27.648266108672534
246.47539382056496	30.17168699882551	20.27539514635984	27.64826610867254
246.38133542507367	30.26574539431679	20.27539514635984	27.648266108672534
246.28727702958238	30.359803789808073	20.27539514635984	27.64826610867254
246.1932186340911	30.453862185299354	20.27539514635984	27.648266108672534
246.0991602385998	30.547920580790635	20.27539514635984	27.64826610867254
246.00510184310852	30.641978976281916	20.27539514635984	27.648266108672534
245.91104344761723	30.547920580790635	20.27539514635984	27.64826610867254
246.00510184310852	30.453862185299354	20.27539514635984	27.648266108672534
246.0991602385998	28.290519088999954	20.27539514635984	27.648266108672534
246.1932186340911	28.196460693508673	20.27539514635984	27.64826610867254
246.28727702958238	28.10240229801739	20.27539514635984	27.648266108672534
246.38133542507367	28.00834390252611	20.27539514635984	27.64826610867254
246.47539382056496	27.91428550703483	20.27539514635984	27.648266108672534
246.56945221605625	27.44399352957844	20.27539514635984	27.64826610867254
246.66351061154754	25.656884015244156	20.27539514635984	27.648266108672534
246.9703587602684	25.86102912207395	19.84301623781701	27.0586585061141
249.08756791342984	25.768976550197365	19.843016237816983	27.0586585061141
251.94119764160394	25.67692397832078	19.843016237816983	27.0586585061141
251.84914506972734	25.584871406444194	19.843016237816983	27.0586585061141
246.04983304150252	25.67692397832078	19.84301623781701	27.0586585061141
246.14188561337912	25.768976550197365	19.84301623781701	27.0586585061141
243.65646617271133	25.86102912207395	19.84301623781701	27.0586585061141
243.74851874458793	25.953081693950537	19.84301623781701	27.0586585061141
243.84057131646452	28.806711422124657	19.84301623781701	27.0586585061141
246.69420104463865	28.71465885024807	19.843016237816983	27.0586585061141
246.60214847276205	28.622606278371485	19.843016237816983	27.0586585061141
246.51009590088546	28.5305537064949	19.843016237816983	27.0586585061141
246.60214847276205	28.438501134618313	19.843016237816983	27.0586585061141
246.69420104463865	28.346448562741728	19.843016237816983	27.0586585061141
246.78625361651524	28.438501134618313	19.843016237816983	27.0586585061141
246.87830618839183	28.5305537064949	19.843016237816983	27.0586585061141
246.78625361651524	28.438501134618313	19.843016237816983	27.0586585061141
246.69420104463865	28.5305537064949	19.843016237816983	27.0586585061141
246.60214847276205	28.438501134618313	19.843016237816983	27.0586585061141
246.51009590088546	28.346448562741728	19.843016237816983	27.0586585061141
246.41804332900887	28.25439599086514	19.843016237816983	27.0586585061141
243.56441360083474	26.873607412716375	19.84301623781701	27.0586585061141
243.47236102895815	26.78155484083979	19.84301623781701	27.0586585061141
243.38030845708155	26.689502268963203	19.84301623781701	27.0586585061141
243.28825588520496	23.835872540789076	19.84301623781701	27.0586585061141
243.19620331332837	23.74381996891249	19.84301623781701	27.0586585061141
243.10415074145178	20.7060850969852	19.84301623781701	27.0586585061141
243.19620331332837	17.668350225057907	19.84301623781701	27.0586585061141
246.0498330415025	14.814720496883785	19.843016237816983	27.058658506114092
246.1418856133791	11.961090768709662	19.843016237816983	27.0586585061141
246.23393818525568	11.50082790932674	19.843016237816983	27.0586585061141
248.35114733841715	8.647198181152616	19.843016237816983	27.058658506114092
248.25909476654056	8.55514560927603	19.843016237816983	27.058658506114092
248.35114733841715	8.463093037399444	19.843016237816983	27.058658506114092
248.44319991029374	8.371040465522858	19.843016237816983	27.058658506114092
248.53525248217034	8.278987893646272	19.843016237816983	27.058658506114092
248.41124365836143	8.075156027244343	20.2820429720787	27.657331325561874
248.08925597663986	7.866814380798271	20.73078317283594	28.269249781139923
245.10795623665413	6.424249990482593	20.73078317283594	28.269249781139926
242.89602417150343	6.328079031128215	20.73078317283597	28.26924978113993
242.79985321214906	6.424249990482593	20.73078317283597	28.269249781139926
242.7036822527947	6.520420949836971	20.73078317283597	28.269249781139923
242.2228274560228	6.616591909191349	20.73078317283597	28.269249781139926
245.3964691147173	9.597891649177082	20.73078317283594	28.269249781139923
247.9930850172855	9.69406260853146	20.73078317283594	28.269249781139926
248.08925597663986	11.905994673682166	20.73078317283594	28.269249781139926
247.9930850172855	11.809823714327788	20.73078317283594	28.269249781139923
246.74286254567855	11.905994673682166	20.73078317283594	28.269249781139926
246.64669158632418	12.002165633036544	20.73078317283594	28.26924978113993
244.819443358591	12.098336592390922	20.73078317283597	28.269249781139926
241.83814361860527	12.1945075517453	20.73078317283597	28.269249781139923
238.85684387861954	12.290678511099678	20.73078317283597	28.269249781139926
235.8755441386338	12.386849470454056	20.73078317283597	28.26924978113993
235.77937317927945	15.368149210439789	20.73078317283597	28.269249781139926
235.8755441386338	18.349448950425522	20.73078317283597	28.269249781139923
235.97171509798818	21.33074869041126	20.73078317283597	28.26924978113993
236.06788605734255	24.312048430396995	20.73078317283597	28.269249781139923
239.04918579732828	28.447399682635268	20.73078317283597	28.26924978113993
238.9530148379739	31.428699422621005	20.73078317283597	28.269249781139923
238.85684387861954	32.48657997551916	20.73078317283597	28.269249781139933
238.76067291926518	32.77509285358231	20.73078317283597	28.26924978113992
238.6645019599108	32.87126381293669	20.73078317283597	28.26924978113992
238.56833100055644	34.69851204066988	20.73078317283597	28.26924978113992
238.6645019599108	34.6023410813155	20.73078317283597	28.26924978113992
238.76067291926518	34.69851204066988	20.73078317283597	28.26924978113992
240.39557922828962	34.794683000024264	20.73078317283594	28.26924978113992
241.26111786247904	37.775982740009994	20.73078317283594	28.269249781139933
241.3572888218334	40.75728247999574	20.73078317283594	28.26924978113992
243.37687896827535	43.73858221998147	20.73078317283594	28.269249781139933
243.28070800892098	46.71988195996721	20.73078317283594	28.26924978113992
242.29671939903432	49.15328980657402	20.288692977463427	27.66639951472284
242.20259931435533	49.05916972189503	20.288692977463427	27.66639951472284
241.73199889096037	46.894407774278264	20.288692977463427	27.66639951472284
241.2613984675654	43.976685149229574	20.288692977463427	27.666399514722848
