119	35	103	108
119.08467482469757	35.08467482469756	103.0	108.00000000000001
119.5	34.669349649395116	103.0	108.0
119.91532517530243	34.254024474092674	103.0	107.99999999999999
120.33065035060486	33.83869929879023	103.0	108.0
119.91532517530243	33.42337412348779	103.0	108.00000000000001
119.5	33.00804894818535	103.0	108.0
119.08467482469757	32.592723772882906	103.0	107.99999999999999
118.66934964939514	32.17739859758046	103.0	108.0
118.25402447409272	31.76207342227802	103.0	108.00000000000001
118.66934964939514	32.17739859758046	103.0	108.0
118.25402447409272	31.76207342227802	103.0	108.00000000000001
117.83869929879029	32.17739859758046	103.0	108.0
118.25402447409272	31.76207342227802	103.0	108.00000000000001
118.66934964939514	32.17739859758046	103.0	108.0
118.25402447409272	31.76207342227802	103.0	108.00000000000001
118.66934964939514	32.17739859758046	103.0	108.0
118.25402447409272	31.76207342227802	103.0	108.00000000000001
117.83869929879029	32.17739859758046	103.0	108.0
117.42337412348786	31.76207342227802	103.0	108.00000000000001
117.83869929879029	32.17739859758046	103.0	108.0
117.42337412348786	31.76207342227802	103.0	108.00000000000001
117.83869929879029	31.34674824697558	103.0	108.0
118.25402447409272	31.76207342227802	103.0	108.00000000000001
118.66934964939514	32.17739859758046	103.0	108.0
118.25402447409272	32.592723772882906	103.0	107.99999999999999
118.66934964939514	33.00804894818535	103.0	108.0
118.25402447409272	33.42337412348779	103.0	108.00000000000001
118.66934964939514	33.83869929879023	103.0	108.0
118.25402447409272	34.254024474092674	103.0	107.99999999999999
118.66934964939514	34.669349649395116	103.0	108.0
118.25402447409272	35.08467482469756	103.0	108.00000000000001
118.66934964939514	35.5	103.0	108.0
118.25402447409272	35.91532517530244	103.0	107.99999999999999
118.66934964939514	35.5	103.0	108.0
118.25402447409272	35.08467482469756	103.0	108.00000000000001
118.66934964939514	34.669349649395116	103.0	108.0
119.08467482469757	34.254024474092674	103.0	107.99999999999999
118.66934964939514	33.83869929879023	103.0	108.0
119.08467482469757	33.42337412348779	103.0	108.00000000000001
119.5	33.00804894818535	103.0	108.0
119.91532517530243	20.132968513809715	103.0	108.0
119.5	20.548293689112157	103.0	107.99999999999999
119.08467482469757	20.9636188644146	103.0	108.0
118.66934964939514	21.37894403971704	103.0	108.00000000000001
119.36728923946507	22.93082372675554	100.80349397590362	105.69686746987952
120.05034505755401	24.449609112034302	98.65382910436927	103.44284993467846
107.71853937912778	24.84740929520934	98.65382910436927	103.44284993467846
108.11633956230281	25.245209478384375	98.65382910436927	103.44284993467846
108.51413974547785	25.64300966155941	98.65382910436927	103.44284993467846
108.91193992865288	26.040809844734447	98.65382910436927	103.44284993467846
109.30974011182792	26.438610027909483	98.65382910436927	103.44284993467846
109.70754029500296	26.83641021108452	98.65382910436927	103.44284993467846
110.105340478178	27.234210394259556	98.65382910436927	103.44284993467846
110.50314066135303	27.632010577434592	98.65382910436927	103.44284993467846
110.90094084452807	27.234210394259556	98.65382910436927	103.44284993467846
111.2987410277031	27.632010577434592	98.65382910436927	103.44284993467846
111.69654121087814	27.234210394259556	98.65382910436927	103.44284993467846
112.09434139405317	26.83641021108452	98.65382910436927	103.44284993467846
112.49214157722821	27.234210394259556	98.65382910436927	103.44284993467846
113.92747475085918	27.953763497129295	96.55000648370981	101.23690000233648
114.31679172530869	28.343080471578794	96.55000648370981	101.23690000233651
114.7061086997582	28.732397446028294	96.55000648370981	101.23690000233648
116.11083296113222	29.436605862246466	94.49104851411744	99.0779926167445
116.49184763383744	29.055591189541246	94.49104851411744	99.0779926167445
116.87286230654266	28.674576516836026	94.49104851411744	99.0779926167445
117.25387697924788	29.055591189541246	94.49104851411744	99.0779926167445
117.6348916519531	29.436605862246466	94.49104851411744	99.0779926167445
118.01590632465832	29.817620534951686	94.49104851411744	99.0779926167445
118.39692099736354	30.198635207656906	94.49104851411744	99.0779926167445
118.77793567006876	30.579649880362126	94.49104851411744	99.0779926167445
119.15895034277398	30.960664553067346	94.49104851411744	99.0779926167445
119.5399650154792	31.341679225772566	94.49104851411744	99.0779926167445
119.92097968818442	30.960664553067346	94.49104851411744	99.0779926167445
120.30199436088964	30.579649880362126	94.49104851411744	99.0779926167445
132.1134492147513	30.198635207656906	94.49104851411744	99.0779926167445
131.7324345420461	29.817620534951686	94.49104851411744	99.0779926167445
132.1134492147513	30.198635207656906	94.49104851411744	99.0779926167445
131.7324345420461	29.817620534951686	94.49104851411744	99.0779926167445
132.1134492147513	30.198635207656906	94.49104851411744	99.0779926167445
132.49446388745653	30.579649880362126	94.49104851411744	99.0779926167445
132.87547856016175	30.960664553067346	94.49104851411744	99.0779926167445
133.25649323286697	31.341679225772566	94.49104851411744	99.0779926167445
133.6375079055722	31.722693898477786	94.49104851411744	99.0779926167445
134.0185225782774	32.103708571183006	94.49104851411744	99.0779926167445
134.39953725098263	32.484723243888226	94.49104851411744	99.0779926167445
134.78055192368785	35.15182595282474	94.49104851411744	99.0779926167445
135.16156659639307	35.53284062552996	94.49104851411744	99.0779926167445
135.5425812690983	35.91385529823518	94.49104851411744	99.0779926167445
135.9235959418035	36.2948699709404	94.49104851411744	99.0779926167445
136.30461061450873	36.67588464364562	94.49104851411744	99.0779926167445
136.68562528721395	37.05689931635084	94.49104851411744	99.0779926167445
137.06663995991917	37.43791398905606	94.49104851411744	99.0779926167445
136.68562528721395	37.81892866176128	94.49104851411744	99.0779926167445
137.06663995991917	38.1999433344665	94.49104851411744	99.0779926167445
136.68562528721395	38.580958007171716	94.49104851411744	99.0779926167445
137.06663995991917	38.961972679876936	94.49104851411744	99.0779926167445
137.4476546326244	39.342987352582156	94.49104851411744	99.0779926167445
137.8286693053296	39.724002025287376	94.49104851411744	99.0779926167445
137.4476546326244	39.342987352582156	94.49104851411744	99.0779926167445
137.8286693053296	39.724002025287376	94.49104851411744	99.0779926167445
137.4476546326244	40.105016697992596	94.49104851411744	99.0779926167445
137.8286693053296	40.486031370697816	94.49104851411744	99.0779926167445
137.4476546326244	40.105016697992596	94.49104851411744	99.0779926167445
137.06663995991917	39.724002025287376	94.49104851411744	99.0779926167445
136.68562528721395	39.342987352582156	94.49104851411744	99.0779926167445
137.06663995991917	39.724002025287376	94.49104851411744	99.0779926167445
136.4166354586634	39.0232544548963	96.58166296249232	101.27009320338998
136.80608008100222	38.63380983255749	96.58166296249232	101.27009320338996
137.19552470334105	39.0232544548963	96.58166296249232	101.27009320338998
135.24830159164696	51.09603774739968	96.58166296249232	101.27009320338995
120.84625668779911	50.37978613701371	98.71853225553745	103.51069401551494
108.5063630649491	49.98172505240565	98.71853225553745	103.51069401551494
108.90442414955716	49.58366396779759	98.71853225553745	103.51069401551494
108.5063630649491	49.18560288318953	98.71853225553745	103.51069401551494
108.10830198034104	48.78754179858147	98.71853225553745	103.51069401551494
107.71024089573298	49.18560288318953	98.71853225553745	103.51069401551494
107.31217981112492	49.58366396779759	98.71853225553745	103.51069401551494
106.91411872651686	49.98172505240565	98.71853225553745	103.51069401551494
119.25401234936687	50.37978613701371	98.71853225553745	103.51069401551494
119.65207343397493	50.77784722162177	98.71853225553745	103.51069401551494
119.25401234936687	51.17590830622983	98.71853225553745	103.51069401551494
118.85595126475882	50.77784722162177	98.71853225553745	103.51069401551494
119.25401234936687	40.826320106420155	98.71853225553745	103.51069401551496
119.65207343397493	41.224381191028215	98.71853225553745	103.51069401551496
119.25401234936687	40.826320106420155	98.71853225553745	103.51069401551496
118.85595126475882	40.428259021812096	98.71853225553745	103.51069401551496
118.45789018015076	40.030197937204036	98.71853225553745	103.51069401551496
118.85595126475882	39.63213685259598	98.71853225553745	103.51069401551496
118.45789018015076	39.23407576798792	98.71853225553745	103.51069401551496
118.85595126475882	38.83601468337986	98.71853225553745	103.51069401551496
119.25401234936687	26.49612106052986	98.71853225553745	103.51069401551494
119.65207343397493	26.89418214513792	98.71853225553745	103.51069401551494
119.25401234936687	27.292243229745978	98.71853225553745	103.51069401551494
118.85595126475882	26.89418214513792	98.71853225553745	103.51069401551494
118.45789018015076	27.292243229745978	98.71853225553745	103.51069401551494
118.85595126475882	26.89418214513792	98.71853225553745	103.51069401551494
119.25401234936687	27.292243229745978	98.71853225553745	103.51069401551494
119.65207343397493	27.690304314354037	98.71853225553745	103.51069401551494
119.25401234936687	28.088365398962097	98.71853225553745	103.51069401551494
119.65207343397493	28.486426483570156	98.71853225553745	103.51069401551494
120.050134518583	28.088365398962097	98.71853225553745	103.51069401551494
120.44819560319105	27.690304314354037	98.71853225553745	103.51069401551494
120.84625668779911	27.292243229745978	98.71853225553745	103.51069401551494
121.24431777240717	26.89418214513792	98.71853225553745	103.51069401551494
121.64237885701523	27.292243229745978	98.71853225553745	103.51069401551494
122.04043994162329	27.690304314354037	98.71853225553745	103.51069401551494
122.43850102623135	28.088365398962097	98.71853225553745	103.51069401551494
122.83656211083941	28.486426483570156	98.71853225553745	103.51069401551494
123.23462319544747	28.884487568178216	98.71853225553745	103.51069401551494
123.63268428005553	29.282548652786275	98.71853225553745	103.51069401551494
124.03074536466359	28.884487568178216	98.71853225553745	103.51069401551494
123.63268428005553	29.282548652786275	98.71853225553745	103.51069401551494
124.03074536466359	29.680609737394335	98.71853225553745	103.51069401551494
123.63268428005553	30.078670822002394	98.71853225553745	103.51069401551494
124.03074536466359	30.476731906610453	98.71853225553745	103.51069401551494
123.63268428005553	30.078670822002394	98.71853225553745	103.51069401551494
124.03074536466359	30.476731906610453	98.71853225553745	103.51069401551494
124.42880644927165	30.078670822002394	98.71853225553745	103.51069401551494
124.03074536466359	30.476731906610453	98.71853225553745	103.51069401551494
123.63268428005553	30.078670822002394	98.71853225553745	103.51069401551494
124.03074536466359	30.476731906610453	98.71853225553745	103.51069401551494
124.42880644927165	30.874792991218513	98.71853225553745	103.51069401551494
124.03074536466359	31.272854075826572	98.71853225553745	103.51069401551494
123.63268428005553	30.874792991218513	98.71853225553745	103.51069401551494
124.03074536466359	31.272854075826572	98.71853225553745	103.51069401551494
124.42880644927165	31.67091516043463	98.71853225553745	103.51069401551494
124.8268675338797	32.06897624504269	98.71853225553745	103.51069401551494
125.22492861848777	32.46703732965075	98.71853225553745	103.51069401551494
125.62298970309583	32.86509841425881	98.71853225553745	103.51069401551494
126.02105078770389	42.02050336024429	98.71853225553745	103.51069401551494
126.41911187231194	41.62244227563623	98.71853225553745	103.51069401551494
136.3706389875136	29.282548652786232	98.71853225553741	103.51069401551496
140.7493109182023	28.884487568178173	98.71853225553741	103.51069401551496
142.7396163412426	28.486426483570114	98.71853225553747	103.51069401551496
155.0795099640926	28.088365398962054	98.71853225553747	103.51069401551496
155.47757104870067	26.89418214513786	98.71853225553747	103.51069401551494
167.81746467155068	26.496121060529802	98.71853225553747	103.51069401551494
167.41940358694262	14.156227437679803	98.71853225553747	103.51069401551496
167.02134250233456	13.758166353071744	98.71853225553747	103.51069401551496
166.6232814177265	13.360105268463684	98.71853225553747	103.51069401551496
168.05955596971202	14.080130297802064	96.61332982069044	101.3032972877142
168.4491282817929	13.690557985721185	96.61332982069044	101.30329728771422
168.83870059387377	13.300985673640305	96.61332982069044	101.30329728771423
