214.0	61.0	19.0	21.0	
213.3747107888414	60.17406297968546	19.095749420806808	21.311395208652897	
213.62576722896975	60.13802481704235	19.497756028568265	21.351569056443132	
213.65226691753364	60.75762642555075	19.580988077539914	21.367195182705686	
214.25858958702352	60.343181178684844	19.864734883363603	21.383529425071576	
214.33734890473468	60.53952199429745	19.805262525823714	21.27346426821045	
213.60984778843823	59.75674977149643	19.442757524115795	21.458499534166542	
214.0376933901404	60.34944371074998	19.59361116750491	21.46452300055114	
214.42406125361256	60.088232220879036	19.61197880561427	21.33283855329663	
213.81283776816954	60.682343186950966	19.269622809729526	21.546849698493034	
214.32821078074556	60.49645873792777	19.70781821874053	21.30642695130851	
213.7803842110772	60.192851435204645	19.792266102934484	21.613842024969127	
213.42654068142159	60.48880431725744	20.13010719215409	21.62557013436766	
213.59522145325067	59.93427347865715	20.093390392583807	21.752395564537203	
213.87981345860712	60.49850428781082	19.88504910464007	21.56884308071147	
212.78173202942517	60.68937381142251	19.661797553994248	21.786731729797374	
211.78038417356373	59.51594731286894	19.57034024024368	21.731145546923234	
211.3092232684781	60.73238729568633	19.49034944654559	21.62847384700701	
211.230653354607	59.93695581207932	19.650069730461063	21.742734354458833	
208.93273946828901	60.307397662686995	19.57829620445203	21.807145795437947	
207.62895612645545	60.92864501316626	19.70365641529365	21.820509786695766	
206.88941692765096	60.658284162427975	19.53611241238499	21.923022851861877	
204.53243215018475	60.36683933707125	19.56371554027688	22.060634432920025	
202.77693393487345	60.73585135455173	19.168076250467884	22.06063392649705	
201.30917399674496	60.641445968925936	18.689729718635757	22.024509008703355	
199.38597807376263	60.95769785271309	18.62797280710172	21.992648318571028	
195.56562115691972	61.39384302139631	18.545927340358947	21.642644709870808	
194.73779793991295	62.39783371721624	18.416882582190066	21.16311380007575	
193.41575098672593	62.09766373844163	18.6841258789363	21.019044473290776	
192.680507279669	62.06456019298464	18.906198804015897	20.941740916597357	
190.78157969139568	62.43933549597302	19.41204510192653	20.759213496442744	
190.69589430869277	62.207288309814935	19.35427467998287	20.89609464652783	
188.9048110782455	61.83077369434738	18.769189180033557	21.348941987037346	
184.21792258165357	61.41936160780578	18.692302303781304	20.959665264528585	
182.50575868860304	62.54214594130255	18.612304974460674	21.195207855640568	
179.26096888298412	61.31832076051314	19.116435138357737	20.773227919812527	
176.71141133672495	63.13396443764668	19.397267540312967	21.343269475338964	
174.74278645728742	63.72761539195864	19.287658818151392	21.847926706487943	
174.58170561068846	63.68784838385521	19.14010666602807	22.23041873063363	
174.02257399409223	64.17921909472904	19.16879275076528	22.258573484740072	
174.0613822685083	66.29538262927524	19.61711554093023	22.22247150282095	
174.5647658169393	65.87682748014988	19.611807317370697	22.140955632886946	
175.03422332652275	67.22137823590454	19.28498786487638	21.950738230408156	
173.34864063193967	66.99855483693189	19.24530525431582	21.654637116851656	
170.81531545131128	67.5588151593235	19.53731127247197	21.412078994836705	
167.58248607213608	66.20597837382508	19.403059603406092	21.712239140401564	
163.72341352064075	66.11730757284788	19.701849079460406	21.99860002079398	
160.77781339843202	65.21398022921932	19.509988922688528	22.196532498482114	
159.4188106311143	65.63084311867395	19.5682696970779	22.327133818284132	
156.89461408004243	65.89646675515975	19.434104080626064	22.52219883755282	
154.436283425198	64.6062761624609	19.349201638663267	22.714277482436636	
151.26095965353687	65.63632616752659	19.534242797091363	22.47541792726802	
148.82242784117045	65.93006104731242	19.700745680642942	22.329313919657352	
147.56856278066576	65.83798648674443	19.674756190643798	22.430946344606326	
145.07986419326593	66.28481567927186	19.84174408707308	22.34458160815418	
143.72478041401166	67.7553686429163	19.829369281534355	22.335560566107986	
140.85717297745578	68.1312802576173	19.992664679301956	21.946426374989212	
139.82103453794988	68.36890560333855	20.026952104917648	22.0942348388087	
138.5853469066408	69.40492658926465	19.841225685341378	22.099858641252197	
138.2884604400529	69.52160036201192	19.457990687498906	22.224857633188122	
138.0829577777063	69.54555882770615	19.390890033541734	22.549797945229013	
138.48182278945478	70.24426014535574	19.47179030091027	22.48567136543298	
138.6331806749343	70.017557945162	19.454006530685234	22.60444789010387	
138.9039705122549	69.78848737923721	19.26792892208472	22.56031136151846	
139.27427068557276	69.47294299850232	19.373027168638295	22.512450927052615	
139.90847123197713	69.84796888697575	19.350865732949966	22.62674710449867	
139.27269099252246	69.34984114597181	19.35362048625058	22.48208637800678	
140.07152746898106	69.99520343410363	19.417816279567067	22.29681974636793	
139.87844135441833	69.13857372363495	19.41102004395619	22.34719907958153	
140.14476287592387	69.54098833525592	19.263181865389075	22.526769493780336	
140.6526160536982	70.0824482490982	19.374718191530157	22.51246070699787	
140.73073665837651	69.78267490595196	19.583235177606092	22.445018140920578	
141.94179358413902	69.05687669296645	19.36613731797801	22.323038023622182	
143.00716852198676	69.53255925596446	19.246541027270624	21.894537664554008	
143.7388178342087	70.36684586853958	19.323590659946756	21.58181261229019	
144.86398165730697	69.44632561315261	19.543958346256723	21.014066172019177	
147.35137673836252	70.26883516760294	19.43486578144786	20.864467956943177	
151.6133661524877	69.86203697812155	19.45459553569576	21.00132169006652	
156.18219779893923	69.81500521348497	19.357360517566377	21.606217771337857	
160.1561441868349	68.20142627194534	18.9801993743838	22.066583928756316	
163.4260007084807	67.34967365604369	19.070035383341835	22.311465139421465	
166.76083191057242	65.99260774636554	18.740304156117194	22.454961271618615	
171.10787999619922	66.31622638176395	18.62335853430652	22.66425611662818	
174.5875603603513	65.04490981168895	18.39993509419594	22.53135215431859	
178.3220822535629	64.87622377944902	18.685060839886695	22.121222942644653	
182.22168006058936	65.1523996160675	18.49272941092596	22.41237959361017	
185.83059634747255	64.33528898972448	18.19634606460051	22.79113597720862	
188.80200140285848	64.60583424098598	18.26374836397222	22.957770064959522	
191.58247955562643	63.56520839040053	18.64798407098263	23.13356886042871	
195.37121738843052	62.752788041957075	18.544123776711327	23.061431217266737	
197.0606739460981	63.238752850649135	18.559511159722295	23.13146064597225	
200.0334483337353	63.277168105513276	18.15059968090293	23.003934434870686	
202.353691343885	63.42686818112879	18.270513557902312	22.965424414260344	
205.49798203927335	62.925000722694975	18.53345657355387	22.647855434738148	
207.3704438082778	63.13958538814674	18.320381007662544	22.548658876685863	
209.66396086592886	62.41261322611243	18.559175707408826	22.284681090884423	
212.50837003935027	62.09726493258189	18.98710165682278	22.17398743955656	
213.68793288818873	62.25857106848136	19.195354088747305	21.968168852380593	
215.8888605757966	62.62958018028516	18.997195623972985	21.65833738880249	
217.68302441219086	62.40233679761288	19.049923237823787	21.517721541617973	
220.32996220178035	62.43107325624547	18.587267589678934	21.813419794224394	
221.08817664688374	62.50913129079792	18.585698217722594	22.102084241069786	
223.05211448463365	61.64996341510273	18.208275519544024	22.351099296627925	
224.6066371511869	61.45787703176168	17.94388180799847	22.553216072631848	
225.63489404988653	61.233895742390075	18.630139911083255	22.235654350930677	
227.34814466024451	61.134890926901186	19.10969166780924	22.255387117556428	
227.81739081513263	61.52152324449323	19.681430848571672	22.24554380244875	
228.76766398539962	61.125437282074756	19.674234780392503	22.345586756373052	
229.50367714795854	59.79973116200118	19.59390361278998	22.93244414455787	
230.5876915613089	60.94993058248731	19.718182981691477	22.988252855430602	
231.27083932267124	60.80159555445	19.873353651308893	23.060034432384164	
231.92152117037986	60.24611204722512	19.760521712530267	23.43931040418626	
232.4027076665504	60.32643494794779	19.756283114080702	23.680871184353467	
233.75037223793737	60.695807585858574	19.973298233792615	23.546327602516644	
233.68153006502433	61.07012454296307	20.165454641034984	23.26140235979127	
234.54970574304127	60.31626365310325	20.363475687079035	23.476701161819385	
234.9745507913997	60.392488644551975	20.030529366551328	23.318187067231698	
235.40562493517928	60.9045391963844	19.769058008212276	23.486568729406184	
236.0002308738465	60.877187549449054	19.616272080207874	23.37603049451779	
235.85105451662818	61.914175939517996	19.591911216580556	23.054059661590355	
236.22396937542095	62.284866722867	19.285910415446246	22.818086563440158	
236.63461289058273	62.8376902695163	19.11763016415754	22.39468954542027	
236.96427684505426	62.81140241339753	19.160487831394516	22.160719289657123	
236.4887883376325	62.66721530916003	18.90620292408647	22.026579433617737	
237.52798884398052	63.074677559688006	18.858030675528376	21.939730566427713	
237.75402530463006	62.38519449397111	19.01292565016955	21.822161956498142	
236.7612634276237	62.16184211955621	18.983977918430192	22.206146748381336	
237.6509581226927	62.572531647700046	18.848437895199623	21.92545247893664	
237.42207631907095	62.96670420802589	19.0138377966415	21.49944973331241	
237.89957584278278	62.53795725280919	18.986943489663613	21.399922008195063	
238.62275144829488	63.016476252164885	19.11497314161205	21.21970100460486	
238.28694582311203	62.10585553904413	19.087867075598822	21.282336181873582	
238.4948185953398	62.20724042282279	19.01809193079512	21.53142368281643	
239.71292531310277	61.67310181198678	18.569359204855605	21.73125872694771	
240.9268959617901	60.99972569502137	18.672930790781965	21.644519105842704	
242.33133104238027	61.18043228721093	18.65044558716056	21.95202869869483	
243.18502959314014	60.81554999711195	18.523694500284527	22.26728777691964	
244.28091522860777	60.37274770601937	18.545311163074913	22.40633454882525	
245.80273625364498	59.49499033137902	18.454441773518916	22.6329994712453	
246.01463019498982	59.133250508950034	18.700394915662187	22.90474965358662	
247.5930499286316	58.34087147373297	18.627081255845884	22.813554430850314	
247.69776458594689	58.38857501370785	18.84174327095236	22.65560880082638	
248.21304161346012	57.862488346860104	19.042305725926806	22.60371521323702	
248.61140963732512	57.81289151710304	18.928152224729452	22.40059283062076	
248.50798338298992	57.75875016704238	18.84959113972464	22.400429093697603	
248.36261914201137	57.461020827466	18.93828615149647	22.322763070041837	
248.31901178506237	57.65553260642049	18.93860088642847	21.7301729431886	
248.410959394734	59.10750192444186	18.547381914603097	20.859692950112837	
247.88046731235704	59.66186463899945	18.368514135679764	19.91538479073663	
248.30487016222162	60.157485800657454	18.444856825317515	19.139774123624882	
248.069748745143	58.61259041250317	18.232775315173868	19.6075495810419	
248.08019917089132	57.668826561218594	18.39774306353137	19.952487570034357	
248.02942656274013	56.00580482971212	18.647311370046992	20.52783837972408	
247.09612404228838	55.71130694205992	18.820676823816086	20.587381922750204	
245.39367536474984	54.11435518340094	18.960810915952642	20.846677699949353	
246.26084961563146	53.12042203511565	18.647055718790433	21.174327330650463	
245.50464329261132	52.44194585972228	18.580395508811065	21.416116876391733	
245.29027071256448	51.13112426200385	18.536508362806195	21.454773498670406	
244.43544558138393	52.01619376519767	18.492584757460214	21.57238625573406	
244.6387836196837	51.632237333789405	18.35992526018535	21.72417082958996	
244.70924219826975	51.52932789172159	18.505915856784096	21.65515651862537	
244.3772701417525	51.98778588314444	18.66261436818817	21.642375871263994	
244.83056763590847	51.254270039319806	18.66624943738127	21.736548021443376	
245.35813005998187	51.65199770232956	18.622576212543134	21.95883945447604	
245.354848714371	51.79215105853071	18.455723900314126	22.041148121654874	
245.92045204166007	53.520526025168586	18.29859497175762	21.752203138348097	
245.6847957402464	56.73014329279883	18.354024162001615	21.449122535660273	
244.89167901023092	59.78250296105537	18.5534311686227	20.818435577677345	
242.88312132784597	62.47035544290151	18.0688086174695	20.49420886764699	
240.4812550795201	63.807705495352465	18.479123405517353	20.12330285350035	
239.1773788436993	66.04847769906107	18.066659134580043	20.735104678256583	
237.21930430737817	68.04299621799825	18.35888027472956	20.850508285505374	
236.10149707641432	70.60006880672378	18.768070974444726	21.677547752736018	
234.13260153637958	72.5623733942662	18.877255436892202	22.053118749307778	
231.8924766255586	75.14904376928001	18.75587589501136	22.46362774420869	
230.28343425347612	78.07823621740401	18.61211458842308	22.70980957985509	
227.55896855001848	80.48499296351578	18.72395071389235	22.77514815522674	
225.11986349196152	82.43656635523794	18.811823797890643	22.77769978577841	
222.36646199413698	84.83468214314645	18.690320462605044	23.010304287087727	
220.40638692126413	88.12580001731803	19.065279379500122	22.463599187348027	
218.27582427651782	89.62908513440205	19.307601792304567	23.26919879091958	
215.62905833772754	92.29059777190136	19.69116263531885	23.115967674765667	
213.11518901087646	94.48294671110494	19.747964315642044	23.172441679165736	
211.11078104810298	96.23836749249205	19.66578507322023	23.302139090239724	
208.64165612575852	99.09706379132967	19.706618996116873	23.655851790717236	
206.17773715176395	101.41833846386476	20.076817313849375	23.42560035792416	
203.28803422041875	103.69010547145191	19.973611440666772	23.61412140676876	
200.24211712375293	106.73382078928553	19.982596678923944	23.787369653251798	
197.26043762004286	108.74139051358027	20.103499082220125	23.664613070594832	
194.2336526471633	111.17201139179394	20.555411467099113	23.91657906300352	
190.97671303623065	113.17503532155082	20.845064028200124	24.368704699292685	
188.65885700963696	115.21463778771238	20.70045392546072	24.846093264926875	
185.78035764844495	116.81719032723711	20.934892425836075	25.368897111151636	
183.0045443918412	119.27390539133778	21.438327197722543	24.779396245362282	
179.8154116228347	121.29284284864433	21.497484774665416	24.921168818555564	
176.50488028173146	122.72377841900936	22.00107178850207	25.14619710974212	
173.5090299380992	125.26511054590149	21.793146731618627	25.326346671981042	
171.11609913816486	126.934093798929	22.02934604311497	25.507981260775438	
168.30963819684422	128.7661448662442	22.104582103259055	25.82395262259038	
165.40997447146242	130.77048082128235	22.413440001627738	26.041609031888008	
162.43724445711655	132.38095956772256	22.32265143758614	26.03844960827331	
159.6238511691942	134.11510706192882	22.525217141453915	26.002830863937625	
157.41703903484017	135.57372742045212	23.057421903399096	25.95699774966004	
154.97762601561988	137.12717822929696	23.024741896881814	26.393293331328803	
151.79018359239103	139.83418613103066	22.85504222206704	26.32919428104824	
149.81870509042432	141.61858650991906	23.363180134029122	26.932857217066385	
146.75928411628627	143.90565485204638	23.530280282923492	27.004337096741466	
145.8179416207854	145.73577836095296	24.078021701033684	26.836872819136538	
146.15329199490836	144.29949505290116	23.929055282192458	26.764333208914532	
147.8968983259171	142.04276209103148	23.647615596281046	26.818219456873805	
148.5692504676881	138.83370425074966	23.22056708200143	26.74510643358667	
150.1300412688137	132.91771072365586	22.70563774291576	26.40010573079818	
152.50268181552238	127.36560000055927	22.25722343566997	26.521232180454575	
154.28261953393962	122.20585169072709	21.957887150789134	26.294218207257412	
155.86993697605433	117.45703991474471	22.062559488878307	25.22129589645084	
157.04144508680227	112.38689897484075	21.15864445064249	25.214764555483413	
158.84965503592642	107.1479534748787	20.466096533324613	25.37705682778278	
160.29380311314736	102.6978334612328	20.41203868624438	24.953586128011608	
162.4608710928726	98.31151587774627	20.252790567680847	24.347076621064847	
162.28524659389626	93.90448725078825	19.98259998826132	23.752719629520527	
163.8078140681098	89.67255318452062	19.750838690082745	23.59302412497048	
164.82679125944668	84.88226702790683	19.801646486022534	23.39995050831576	
165.590193695428	80.39628749235816	20.00180366935599	23.130770701585753	
167.16874842414487	76.96076482344661	19.403091406820444	23.045094375028818	
168.05363246676077	73.07504842619726	18.964714739877497	23.193641322732457	
168.71682321683372	68.70902291245638	18.872099333516058	22.582548720174174	
169.81728181692884	66.64241462286978	18.75900099986884	21.610555377269932	
170.92797166661782	63.72157261521848	17.902332480253556	21.43833233659867	
171.85447702443292	62.89677230156709	17.42827834420028	21.044612239912066	
173.1547325936696	63.08770825061983	17.781474861992553	20.630559854913958	
175.92443830038155	62.21003775313284	17.692181497272244	20.293097815399616	
177.15009622547015	61.3815561654436	17.431196844104484	19.99919391143883	
176.21162474566557	61.75320867258026	17.404005848202665	19.740671986968543	
176.01362976354227	61.802132255430976	17.180901840751837	19.547434966900617	
176.16057708220217	62.12197747285832	17.233434999099405	19.40457131083334	
176.73021037576606	62.365587244007294	17.593509132637102	19.314591445568414	
176.15323354482604	62.188543650879964	17.351113230756063	19.004345164963183	
175.91426864435658	62.56077567467757	17.460878601025968	18.84307410436529	
175.69284409612717	62.90128512634381	17.344305200700664	18.831422072866452	
176.30275073368287	63.34088655724224	17.433991891372546	18.920986868368736	
176.3103768071343	62.23690038028225	17.13280305437307	19.11265645932158	
176.87479459872355	62.45933425792138	17.044253264735627	19.2356572880026	
177.88545280991022	62.33045229313565	17.047519260917372	19.31292182368815	
179.0393441135152	62.24975958264163	16.679094579878694	19.399721761433945	
179.31929475464213	61.79987895406862	16.532198888696122	19.224561837310205	
181.6724173121839	61.01561218061302	16.307488486354988	19.20094862904997	
182.9415978875034	60.073558815031994	16.607082769132088	19.51492387447159	
185.9163383994892	60.5793615917028	17.002887424800768	19.572286926010047	
190.75291738691672	59.50776967587598	17.591772700047837	20.027122167493665	
191.8428653940834	57.741673123685885	17.741485138832267	20.65835202378107	
194.95137090160378	57.18478876324754	17.8001558718232	21.01109657636602	
199.20205212635307	56.45361376816504	17.750278397022097	21.329350762140187	
201.06923212104778	54.58525187677368	17.80270236973778	21.704482267600646	
204.05214382493995	54.406627700454194	17.701840949898916	22.049576096250313	
207.06101687358387	53.63057486759212	17.73800873032422	22.021790342322213	
210.02971314849802	53.66715037754545	17.664261174845503	21.94376306573513	
210.75304771389753	52.24664836979341	17.841290532847374	21.728922275871355	
214.4404897463097	52.72507389039387	18.122844415961964	21.791815461948474	
216.64151814053892	52.453857000647574	18.35535635220312	21.663703438486415	
219.17004503933816	51.946475325025204	18.367924796028525	21.528177044265604	
220.7336681688423	51.67437764467051	18.275743827988663	21.424958210410196	
223.4888622239393	51.0898154201086	18.279661367219777	21.058840507378886	
224.26385740954166	50.73249937439226	18.644001312961976	21.078131108022767	
226.61839211019526	50.28473223135379	18.555555305780562	21.126017915737773	
228.8343493769866	50.17038966455441	18.44175143579878	21.34601020959155	
229.37229331401983	49.61277274715037	18.326817104875325	21.51275191337901	
231.96015753130573	49.07824927724068	18.163245675159395	21.444337957851673	
233.06396208712283	48.65213974288198	18.267273929570763	21.47123269939371	
234.11071801545637	48.31741614853024	18.190932928476546	21.396810428581457	
236.28727936201443	48.01358413534852	18.133861564781682	21.294765616430958	
238.0220050112659	47.19580471589134	18.148950161980334	21.228365255526732	
239.28325602270485	47.004576541441494	17.597585004925364	21.21234303999521	
240.18694151064523	47.210376668625344	17.309988057064725	21.22959440592623	
241.1979171278934	46.176607239816505	17.44956300140997	21.414933768479678	
242.8593169825053	46.547546522898884	17.397250020939772	21.387553606333235	
243.41061084632446	45.364606216058164	17.516893314150828	21.41489082744549	
243.54155668173587	44.81067832373601	17.712278422752213	21.422384013365836	
244.70491016921002	44.99831602975455	17.849164195441347	21.408643693790346	
244.9007052153896	44.37851052982954	18.136289661053603	21.2918012960059	
245.27326795804495	44.30106433775105	18.28368468518888	21.247427777887484	
246.1703785416142	43.472633480741095	18.21141080862545	21.452535767906525	
245.6909067446594	42.43938010759028	18.27841317379349	21.632412086910808	
246.194326980571	42.47750436548308	18.068725806836678	21.286434431373596	
246.42346994261027	42.90983859468751	18.389172661936204	21.262728538673972	
246.16985786235634	42.84302159175903	18.29130543197356	21.053869369782102	
245.98277044814478	42.800831801110746	18.32658178052481	20.858156542576744	
246.2915351580085	42.328423294136044	18.122780105120064	21.014169117201604	
246.7024701513302	41.83833010030655	17.793383904340104	21.020097017069403	
246.42045177295836	41.62365192145234	17.650294017732698	21.173590779893484	
244.90556544429108	45.614215234824556	17.652857249325017	21.04454509069504	
244.80577436450088	47.160621203373445	17.340140108570566	21.18460560651982	
244.540336149208	48.68440040243293	17.535178191384205	21.426747050888444	
242.83705827574425	50.36655910932877	17.898249714564543	21.540409119200095	
241.80794785467214	52.04062690821539	17.87606400302286	21.529396473421816	
240.90306302413003	53.557697698733364	17.707402183278376	21.595621366974573	
240.40372451928445	55.2773440320425	17.754615076528594	21.879243198115105	
239.8634655840948	56.583899152735995	17.785438965703452	21.86267736925408	
238.9353815650082	58.30517904431027	17.94201451823267	21.953080700420703	
238.10478901371985	59.25245987115247	18.188314334652947	21.91197418432063	
235.86591471835777	60.56524596064271	18.295611025479722	21.887808457460004	
235.64176452712553	61.65905056540636	18.333120596674306	22.04202845436879	
234.82887978026693	63.49283014699526	18.09646958299316	21.964347329431014	
234.5849110817443	64.95001875308334	17.765142850282533	22.014453667441593	
233.74372225239753	67.2971879135203	17.518380700240364	21.803636730980177	
233.00434370766678	67.90879861159112	17.881820401283782	21.943491531459976	
233.05375757191484	69.54344713308215	18.427898505508633	22.017900351390505	
231.35681354334804	69.1622935330549	18.947656207959433	22.569858618764822	
229.94325756000165	71.34172598559411	19.28143930837004	22.82028184045703	
229.08717055017198	72.33567061988666	19.31283039269858	23.086121519088685	
227.7961189489487	73.69209404458928	19.577940886049383	22.8265643230775	
226.24798803788696	74.84830729845764	19.474559419393383	23.251098478045147	
226.57891152431785	76.36360070051022	19.43352323116627	23.387196630681757	
224.91777306154208	77.39852076482606	19.358056547552817	23.089500464475346	
223.19682578152452	78.82188319108047	19.454576145641536	22.936753776904222	
222.57186405821994	80.87828651657779	19.557834377248394	22.967746091821372	
221.4250241749474	82.33891408457887	19.809491414251273	22.99339426345296	
219.7023697611082	83.4763937689306	20.392487993669945	23.047537682155053	
218.61262401803842	84.1770652723987	20.283844898034598	23.281748993371917	
217.5287432802353	84.86496552577819	20.143062281496576	23.699871565539063	
216.62482543978754	86.3483694129488	19.701557640685547	23.75662020105208	
215.73793664269263	88.0283333830886	19.66703945031392	23.584332170823757	
213.47262325738416	88.33204057905836	20.02655975230475	23.41083471579909	
213.02188968909869	89.94435499678318	19.63809672703791	23.56521330252627	
210.22597620481133	90.5670740105767	19.22848129828367	23.470930555939265	
209.5884953050425	91.79016176419641	19.206313196668248	23.47790551158061	
207.8451590668368	93.0177552950339	18.80688549650644	23.674008845847535	
206.8819552397798	94.08448061681074	18.70069873534194	24.124505309878234	
205.54566069080718	94.61506292627745	18.759596299825493	23.985582409373478	
205.62067254962815	97.04781820958948	18.436713349653946	23.6469833867565	
204.38417577999013	97.49317039439552	18.763796423749092	24.10885000344353	
202.7376714317785	96.9140050602262	19.53957588106286	24.47553980172481	
200.82919390323195	95.5958414392198	20.219643093895904	24.740217724093895	
202.2067187614513	95.48731185347856	20.659280200183357	24.647138333620294	
200.71883777392281	92.48299179127255	20.82106994627232	24.448280384840864	
201.09709054121387	90.17581625870605	20.697485440701964	24.426461577421954	
201.70022432128712	88.60530911311787	20.594465622243114	24.42150304757923	
201.22853505013939	86.9333598792214	20.733243865081036	23.868768629414102	
199.40288074744694	84.2073505591823	20.54136017770575	23.7103187230314	
199.61108321213803	82.30402675002284	20.326519418806914	23.834115761296907	
199.23588243220885	80.32050595742675	20.582779160543716	23.76277467967661	
198.27604999266347	78.72127573556145	20.77655172663672	23.75403472815613	
197.87947314809148	75.93532677096495	20.59723327119658	23.80049336534899	
197.3419348797815	74.94400101364047	20.329626619892014	23.326668074539835	
196.4050898116504	73.23502523937857	20.05107594534135	23.098183031380533	
195.52504321223654	71.58112030346712	19.808704177273206	22.648325273378887	
193.40381710478755	70.22171951266795	19.22510432078699	22.578401527216368	
191.38951500046687	68.72978276323101	18.643211559694837	22.401678187871553	
191.04665129376133	67.93448578333332	17.895102919991388	22.476050706878517	
189.60570650073544	66.34608631841859	17.234317245267114	22.22512792438632	
189.31158033269483	64.87670478101951	16.660474534571158	22.238961251691727	
188.57557502110546	63.84773087792786	16.181423780603524	22.279409162150525	
186.81108687996567	62.17671139690152	16.3429245664312	22.239360402988307	
186.14258450579837	60.92477024982652	16.932007070977928	21.9267026116001	
184.8895371404652	59.75649894635903	17.590210797824156	21.9185422896824	
182.39647751588583	57.92599426609317	18.10496801125766	21.783978121523468	
181.00773037777583	56.92760174109433	18.336730231154636	21.893768681371267	
179.3796586311448	55.79661335503596	18.570491389009774	21.873427344150763	
176.56574349875447	54.93565184573501	18.221573539839746	21.509563319946267	
175.69089792474108	54.52441126716488	17.74153326461035	21.33015423364236	
173.97958064515092	53.16835008036942	17.92602541232211	21.360026872109877	
172.38890488576152	53.506308944218105	17.833971115159436	21.235105549191356	
169.79184648667703	53.22632992811916	17.899207129274956	20.645005096497126	
168.3570277969219	52.982397879403706	18.18050419495998	20.398687322418354	
167.21058116590308	53.14051865474722	17.944962172775202	20.26277823713826	
165.24939333158156	52.601153875383254	18.315630871438586	20.085621374689655	
163.9867286530282	51.264040570618235	18.4782801516115	20.304775676380252	
161.3029359002243	52.29151177025646	18.69343908620442	19.80023678048964	
160.16237763509835	52.92788563963424	18.777899288891042	19.31216593610926	
160.06761718511282	53.71487948960071	18.81504039513468	18.728154653851803	
160.18612878368867	54.62408001380296	18.755526450209008	18.220075245062418	
160.9474438575475	55.377244207423296	18.551204578035325	17.605810455673137	
164.49776338825546	54.855659195406574	18.618417691655747	17.47619799974347	
170.32665862641403	54.850378341643356	18.835571661275715	17.746216014015577	
175.5595294441701	53.06261354593242	18.79187240405721	18.758980787050525	
181.01828745427287	52.54654686452681	19.042737629303957	19.974643862264003	
185.9967940257623	52.835905904446115	19.28042281193101	20.21848779350807	
191.65212717122435	54.12237695920997	19.36229212172386	20.502943823202543	
196.6600046146805	55.197378211397876	19.357368900133906	20.79374491752599	
202.0176524624936	55.35628003577786	19.084267085798736	21.10535083332909	
206.59791547794	56.5921126235917	18.651028779168257	21.421515831489963	
211.27883578141575	57.220295725260215	18.87633183338645	21.302722210958876	
214.7957768598696	57.877687485915345	19.14023315984965	20.749872609659725	
219.37378106431302	59.064042294176225	19.096174041264362	20.383592153119206	
224.31648944003015	60.17926418050353	18.736322398427067	20.49721573991592	
228.42183572602036	61.35088868228802	18.447304565897987	20.583409033216427	
233.24165626398133	61.63760016428281	18.401446043660165	20.704329951388004	
237.0128063833673	62.25909308659568	18.18513955340806	20.928530038269486	
240.7921635710585	62.43152561412107	17.865679753965637	21.34311603950084	
243.5722539774104	63.40123426470808	17.545392457475586	21.117466557887873	
243.13939088434373	65.33990352407693	17.64457407387072	20.924536333031277	
240.8829517198479	65.85893462363613	17.56666293073993	20.698711504640045	
238.08758124859258	67.3850259935017	17.40358306313766	20.73793526648096	
234.91115504669327	68.02799509945997	17.92017602708503	20.768820557044062	
232.40226082842696	67.17377374751675	18.366952541722068	21.39195230964021	
227.388206762201	68.29768840401653	18.790928648497545	21.660432799260995	
223.56045460476088	68.94335626816888	19.03374753563409	22.06684671102871	
219.62607287704006	69.91715173425956	18.839906259798905	22.454856947225124	
216.389403269121	70.7092558221877	18.70253742864565	22.46219525557309	
212.9875088036493	70.91209845187497	19.3449401601381	22.006671936710063	
209.05440480189645	71.72062278787247	19.47018298582082	22.197398734718302	
206.89080105273237	73.53540484060906	19.311107887495147	21.936810575973	
202.1491333570039	73.37165237742708	19.339002349504568	21.735941296621693	
199.21842121943513	74.16413928275591	19.36148155631743	21.487914910791638	
194.92269071474902	75.26890936901313	19.57223626740371	21.61744865342601	
190.7751365479456	75.83022476236252	19.098528217232563	22.162256284623513	
187.72821051899666	76.06160759420975	19.279715706850702	22.25654593947197	
184.34633639794546	76.3232963597712	19.043942041705478	22.379747043343247	
180.35448581626906	76.56397211259366	19.052922024331593	22.548195291304847	
177.23730622932894	77.64368462554927	19.32210773986027	22.74342105012031	
173.6934034567914	77.74590828300055	19.58654468721007	22.753632614412936	
169.89386860082377	78.85625872861996	19.741045780750934	22.89282530174404	
166.71843432441983	79.14269272101328	19.98623958166472	23.10498489092917	
162.6970800607889	79.4243876225175	19.95660490490534	23.008685936518336	
159.41639428997013	80.21321965518533	19.948548924336396	22.9334041289516	
155.3977117471534	80.69561880026612	19.980730632184596	23.260515899040104	
152.78158632137044	81.19675885112142	20.17546935863591	23.215992999079205	
149.27632797802397	81.03239582673251	20.479928033936126	23.07093654230163	
146.33257953191458	80.90569855599581	20.308955773309425	23.619758083585346	
147.2601621271068	82.15774110754157	20.505812735508833	23.27389831869545	
150.3940931756353	82.0564334709788	20.562562138077062	23.286769608256606	
154.3522267974762	80.91071798651267	20.178514680290498	23.362256918455163	
158.58161057704132	79.31839975342635	20.316069333653942	23.387525364815716	
161.6562266516717	79.3940171312965	19.912842759523038	23.484786715123672	
164.8324923674023	79.2376246003155	19.748131979350692	23.091501199929162	
168.64931031155677	78.78379462799897	19.226684910645563	22.86982757511339	
171.89917656674072	77.47246965816596	18.494619249026496	22.815426223778992	
175.71219329049273	77.31030431251226	17.671562700811506	22.783823892069496	
177.85963621409616	76.39809297890571	16.962046668456473	22.91704864920313	
179.67273798936654	76.87377298316734	16.509616868540775	22.948525681101355	
180.6409507105684	76.971769966223	16.476431792617106	22.523801158423744	
184.27933961233063	75.53140014827112	15.867949324317008	22.87612437802165	
183.94129017646935	75.28177056490917	16.33723007143472	23.04130935506522	
183.05869589614235	74.59820408918046	17.39125929350329	23.171280831475954	
183.57929920984412	74.75800081967797	17.928914794270277	23.105972578059433	
186.59949113463625	72.50012176013146	17.804020875169925	22.938638346278417	
188.674463887544	69.97260499039015	17.42558384654473	22.594196535201714	
191.11677386684653	63.947851250154955	17.07507351749825	22.403713491720772	
192.96795967186193	58.986856289038336	16.70367761589698	22.20086725313662	
196.196181738244	51.50667104950047	16.160247533308095	22.043961685199953	
198.84722890027626	43.80022293622685	15.789328082761052	22.011569879729976	
200.71241037400026	36.12631654236772	16.064587495428235	21.85176034527541	
203.6413476018623	28.390831169757075	16.017484250758045	21.5469914831528	
205.90730713085446	23.841367486949807	15.996166791221853	21.570701319117394	
208.19455844177165	19.130877238496954	15.717239125351833	22.278800219428767	
209.43030244344303	16.725990367786107	15.819076607532848	22.112015543853047	
210.6688162789352	16.12505402185067	16.061390966288663	22.443389455378394	
210.9496734892899	17.472839775135093	16.257992592786472	22.35192595039916	
212.33191774817382	18.539196303850638	16.105229266367644	22.151099368979512	
212.93497633705906	20.974984801482023	15.86312613185199	21.59665849974041	
213.0697878322266	22.788188393330657	15.697837914103989	21.381537287260002	
214.64580973303487	25.449890403907162	15.58786188635806	21.128767221233627	
214.8982577573227	27.44867042712792	15.530526432895574	20.970338904814362	
214.45835733772807	30.06283522461245	15.605384321208982	20.846975168104805	
215.48510127746783	32.64602929032969	15.515796498929248	20.678046660259902	
215.4294075975852	34.696152779176046	15.489004889223574	20.61549411738529	
215.95925727705747	35.115621412687155	15.482719594278507	20.82515070829864	
216.94215289172033	36.76197975976484	15.35041795006692	20.696927322942486	
217.6424286448295	38.27217167275456	15.157535430168563	20.808305423074984	
217.6628319914678	39.01178638240655	14.957891199455092	20.644591049124887	
218.7951062835533	39.9457662714261	14.761936647430597	20.67592549017452	
219.43686055123067	40.246080502459634	14.449122691816541	20.71279952163828	
220.04491625212881	40.48663625920966	14.620456101699789	20.699371731681076	
220.56291821563175	41.18216007585081	14.45984696258538	20.511300015625082	
221.17477574585814	42.07740858682109	14.228774162883006	20.442994993462296	
221.91031067835794	43.171781878198345	13.98144984156619	20.605333778127658	
222.07750459651194	44.266096207985505	14.01831325722894	20.482636237875738	
222.56235804530687	43.60237221344296	13.981379359284697	20.622416599266536	
222.08212250519813	44.670384380584444	13.871668660446375	20.57782764656753	
223.2229610924207	45.183198454176576	13.859258900998373	20.368339986288298	
223.02686118216158	44.6757193985995	13.741253478752892	20.47690244950461	
223.86149077990567	44.57853130727318	13.482831803663673	20.593473736816804	
224.3676998284516	43.40602837657945	13.443944946041043	20.701310811815603	
223.99215227177308	41.397231528987106	13.36800977693684	20.763051446297045	
225.31974711960754	38.434389743749584	13.379858916426475	20.88877559394294	
224.58292726685627	35.90938157003449	13.295022714870148	21.258615361398082	
225.88290888230767	32.91268865915878	13.737491194789888	21.244364339871947	
226.3597976897444	33.4156868233856	14.055942316094038	21.30933166326529	
226.14339420162156	36.98124680864446	14.027140052271744	21.025860893141846	
223.37228197802372	47.86422298814514	14.6920102781785	21.214653126560396	
222.80347271144544	55.17062115858147	15.589515631802211	20.939572505510174	
222.19574912469224	43.92995375047602	16.070334206991916	20.797875758183206	
221.26787040266152	41.0010348677431	16.654570437520384	20.77859377041395	
220.45753368509526	41.896135434492464	16.799060652596292	20.94469731092402	
220.4109703169056	45.89239169269118	17.046146449841288	21.984894007788938	
219.00004334226182	56.64638166482905	17.403878542559312	22.15765321488203	
217.52722449046433	50.095690923648746	18.048177081027134	22.306237421745386	
217.32223749946655	46.55697389353692	18.294012795391453	21.587104677312063	
216.84456932686868	46.60132582820131	18.159490595241632	21.5901589675253	
216.60140129414586	50.869039374866105	18.34414420713726	21.855530579781956	
215.6015507129313	57.683621473193305	18.657825928070274	21.586358636664855	
214.85242181634484	52.95411235090944	18.897653650777684	21.67524708061068	
214.59054100946156	50.59406604929363	18.853464474836542	21.807978885945708	
212.6679192979646	53.066267282161874	18.654350986545836	21.691730531478814	
212.37164145802495	60.35461798709575	18.64942414341596	21.786506127280344	
211.09585968440405	56.64800571497695	18.860675637407546	21.600068943159922	
209.93626602638426	55.63876727514969	18.992779493872145	21.524569232642982	
210.59532794925013	59.22092276587115	18.848783034366985	22.04280266558351	
208.665852711839	62.09566613494407	19.07672808083267	22.214364798326557	
208.83857638605838	59.37070323313799	19.14654901138063	22.009749034294167	
208.08419199248303	61.409079827129005	19.013180460557844	22.068238941465843	
206.92650833876866	64.89677858372812	19.073453343661882	22.040421328417814	
206.49552962981463	62.43802003703139	19.37110172087477	22.25547004085447	
205.03587632857696	64.23899765589476	19.07490330464624	22.200230749151004	
204.95479189964942	66.36436268330215	18.853091897661734	22.429422628007018	
205.12340796492848	64.13857544167583	19.01628549103077	22.425414639837594	
203.2884021020666	67.50217244478723	19.068015693045368	22.431827205335935	
202.4865457692783	65.89084527801967	19.136913026293833	22.58980736561587	
200.77782867849749	67.54923799625234	18.985334124467997	22.632757875387696	
201.12068056731627	67.31901622772664	19.10857071347422	22.650019656206105	
200.76248685728774	68.70702481371855	19.210840200112703	22.706142582989052	
199.27920407960045	67.73385668490687	19.692504641976925	23.078279001582025	
197.88289567271474	68.6689434292873	20.038070106228083	23.222670415524924	
196.38834557699582	69.82751483760738	20.387074505129263	23.40193325163249	
193.87111911220015	70.64421377021071	20.862098708365316	23.147803661165952	
192.84115107819994	71.02842381799057	20.668675795302484	22.986444610335404	
191.54653455670888	72.04355671727868	20.28321060083826	22.751854768265204	
191.0237086695307	72.41569038368971	19.766984036904333	22.84091431121074	
189.08114865113734	73.02177434219043	19.773460565932005	22.04096098819693	
188.86021386201847	72.98872221040658	20.14762762115755	21.511378091928293	
187.17835857252345	74.13636869251724	20.32878545812074	21.322229196643026	
185.06744957150482	74.86300529105205	20.257935701861204	21.327889975055186	
184.40542326238278	74.3470463955701	20.314432263925312	21.694752666186595	
183.67005587155901	74.51361749223756	19.961836992253023	22.001067204891413	
182.97813305447144	74.90573820542471	19.742766455570713	22.0895393954388	
182.3758333130403	75.56511145956514	19.983220846402567	22.268685782136444	
181.6018900496302	75.25810325860172	20.092538716983206	22.166724924178848	
179.61153287554802	75.73375310813199	19.831800740182707	22.054307757769074	
179.4572604216685	75.79578638204855	19.590235982772185	22.165875648027306	
178.9362865419574	75.75372576085465	19.099431672225442	22.676078522964847	
178.82538917114366	74.76494452667112	18.79096827918555	23.183101373227473	
178.46074249136825	75.23759770003973	18.113492919425394	23.345059569001943	
178.22959286992298	74.98129088227974	17.812421060946992	23.358100088259583	
178.91971803872516	75.31001249011484	17.149943581692543	23.340479406168292	
179.9892309432574	75.01912138407918	16.622249014041515	23.123608154595384	
178.88071601917855	75.1680591441953	16.639678569407852	22.788221542396744	
180.0484087434571	74.56176722232745	16.556379751421375	22.43247745393962	
180.82399704227146	74.75518348571555	16.55915592152931	22.3741910772367	
182.3096528666574	72.40024966885048	16.59840864839778	22.10622789357692	
183.32744786475254	68.8555935802257	16.478803499110022	21.92431781850277	
182.47113081932886	64.55074739266492	16.677809731309615	21.5125891463737	
183.58253984750374	61.82662047506868	17.01714865444517	21.437943629089208	
186.50417275775905	57.76715354631032	17.218199014662904	21.378111054918307	
189.75005121664782	54.811402928469505	17.083992644292014	21.33632601131575	
192.6523702928317	50.825201034406184	17.25669300709954	21.42417909502581	
195.8893937833763	47.97399473932907	17.23066707006873	21.02780552060702	
197.89688271671625	50.53938395159199	17.275619381520578	21.218330185058996	
200.33788137228854	57.65131016210562	17.49895871079757	21.064853477506297	
203.11234197789622	62.989462482628035	17.873835226132332	20.699242610724365	
203.54662560349166	54.89079952514919	18.128671419987874	20.50915169535987	
205.65222905634786	50.20930066237773	18.5764136071119	20.531001095164697	
206.88580123115713	50.72093175088635	19.021079149853325	20.837759273427807	
208.09975798154713	55.4943022919122	19.049776332958537	20.77460256471151	
209.6879976083892	62.68586327332177	18.91374679755966	20.922266708898604	
210.38497941019025	54.744003837736045	19.33052313594244	21.150835149857357	
211.52646308517419	53.033950049702376	19.625939368936567	21.461270203642417	
212.88419835628804	54.1766541172717	19.819184026152524	21.992780457279633	
213.93227062662876	58.983220489398846	19.561522668985663	22.850939975607616	
214.71894870365168	58.15388492414806	19.616364381485504	23.439874007365397	
215.62908342554613	54.41395061162934	19.63517890557112	23.114295772412067	
216.2592440878491	55.24264754905576	19.53965261958052	22.83887899847462	
217.66001890077143	59.3422136938493	19.566982886448486	23.4802510038343	
218.223795097932	57.607810775986685	19.457263501560856	23.917150705663023	
218.5004168518371	55.24061246657496	19.55460744827603	23.40561864611798	
219.20645884272574	58.089501791184404	18.97772551364411	23.85621157363692	
221.74361659053048	60.36186604900748	17.965084765902205	24.271034743318534	
217.77131686423985	59.72685257103363	18.368865793070306	23.94094189743931	
219.06512868773012	57.67843491935744	18.68760065732036	24.341994821521293	
204.9542796134678	57.508797365489656	19.68263188658605	23.874778621768826	
203.57049690045326	56.22947662111837	20.50403424521555	24.38986254176963	
203.59761704144134	54.146000350613676	21.065393942071815	24.871617109514034	
203.35604093811853	52.12602942613426	21.767121589102747	24.78145079190496	
203.72417723523884	48.76641248017717	22.292042383539044	25.22977965421144	
207.67564891767017	52.455471055248616	23.57589810879137	25.176477267386716	
207.32347353241556	51.05176487786956	24.655489656069427	25.157082652118582	
205.16670925138473	49.73441028467815	25.545874354031923	25.978580756070937	
204.05295350348828	48.91024611172875	26.688470821872563	26.586267002717868	
205.3851001645651	48.693464991424186	26.68649633794575	27.8297124558063	
201.8226392334998	44.6321766846168	27.645817174929526	27.93177464791468	
201.41218920852074	41.37015759413275	27.736876917845485	28.908297478058905	
199.1938598246433	40.80505775102723	28.76351640895976	28.819919781218857	
197.49408622165978	37.66043687749169	29.931370458163975	29.383577496879912	
196.68565176532178	34.94298973635214	30.475377896764385	30.300646592357623	
195.09024423304714	32.761721784364	31.191665919466615	30.839355707001175	
194.69009575364245	31.43486546440856	31.996304174903194	31.460036341588786	
194.58793101847152	29.876537526005855	32.73727744953101	31.803550022131617	
198.51329695879772	28.080620464259695	33.596766774057684	32.22706557660996	
199.98208969874094	26.644641063440794	34.61657198510969	32.64323703570089	
202.522740065673	27.64894429450283	34.923896533545715	33.23732217580717	
202.40187347887942	29.47695371024805	35.36297168508843	33.81873692957972	
204.780955266316	31.83405664078726	35.57265183148797	34.64487661195963	
205.18054396400606	33.99084957554561	36.242079528785275	35.597526093704204	
206.90584148312314	36.95975634861645	36.93039071761781	36.90288961297375	
206.23860118884372	37.608311068771336	37.6929566483048	38.23095944572462	
200.4351375175893	37.58177877338362	38.83103145326396	39.126479124652775	
197.5181156876529	36.92062917521504	39.27092108773172	40.28385677610328	
194.41376956130514	35.321287553696905	39.524741693702666	41.1931637101195	
190.35683791568698	35.09364773332775	39.451692407413105	42.517401612257245	
186.29453149494148	35.171087873133345	39.29657055122294	43.8026154015019	
181.90913970053822	35.18991738192672	38.514618278803624	44.116655155142695	
179.09696352207894	32.561342568745374	38.29398335634467	45.28797682277748	
176.41181361377016	32.38059179836969	37.49742487812347	45.71583555777126	
173.67569064117487	29.35757200190681	36.87806020063449	47.795435925362895	
169.49171938622797	29.964788498047906	36.42891079430585	47.95267467494333	
170.7016303194628	29.275356676343463	35.582029764026586	49.02256982891075	
169.0770864614081	31.99598401221077	35.960619792855624	48.6379487866017	
170.32376511803835	33.71450928788108	35.431618347997706	48.0960829452944	
165.06659557996718	28.727372978909052	34.688390402389494	49.75696976775083	
163.63074250732038	27.34432702977461	34.2703886086981	50.300292108510334	
163.2213008470254	29.201658037445085	34.188719296153764	49.927956869816285	
162.88495429909742	27.33583788237336	33.96053074073478	49.708067153176444	
162.9200414837273	28.50603188700121	34.09862030592396	49.51942621595878	
163.959993300791	27.24839010622417	33.48883169237787	49.273404025944956	
166.7390841583133	29.674377759780604	32.80289571025915	48.29910334946817	
164.90711619340198	26.57585223255674	33.09528010592972	47.28328667492086	
166.62913644562732	26.792484590698354	33.3621552715574	46.00446335274339	
168.04058209947456	25.777687348123678	33.676851780836714	44.678638515661774	
171.35222306795663	23.93359833026007	33.982325128436884	43.29492237140311	
176.30087800536933	20.6698055367577	33.8378266527995	43.051161803508236	
178.74500953136328	20.91668919786722	34.24463696359399	42.244266020890834	
183.0284064432485	20.587433977901927	35.25914374556341	41.11876925330497	
185.98350111279814	20.227027696091046	35.44163691651435	40.37428641088595	
190.6011942476992	20.73192662728084	35.67437875278501	39.07369131294714	
196.03781610191484	20.812994236858962	35.320480598431686	38.48226907762506	
199.5251591182144	22.081789695699648	35.58058282852672	37.95907312806146	
203.0112528352518	22.65289079466554	35.549592491232275	37.64884623404446	
