4.0	82.0	17.0	27.0	
5.7870918781851834	81.9216641572815	17.72489161271426	26.93377734466405	
8.096857062509391	81.74281745116554	18.106213744704878	26.366881186815544	
12.479438906616165	81.13150074341064	17.670676510389402	25.927221584005355	
15.724792042009842	80.90727816049562	17.176784691669816	25.779641336600992	
17.967849610502235	80.80827644616758	17.081101408315302	25.67877180803547	
21.0394181113372	80.19533416220918	16.915292686748025	25.593635314620087	
25.32839742520352	80.1370205508674	16.759344088177503	25.152396008532488	
27.68341305691891	80.354482977493	16.597825403147013	25.238872144898224	
30.71706084240991	80.83407577269861	16.63964437211805	24.45485414905715	
32.52395475922525	79.8831898520095	16.84166153380234	24.69000716055095	
35.35518329099601	79.48422064734144	16.357855664692515	24.83370995432403	
37.76342808043225	79.60928795895639	16.022812182194595	24.704012105428184	
40.087374409155935	79.49745597707567	16.5891065846204	24.568398621541355	
44.64249254019515	79.66566902264331	16.40627541162639	24.13134587602076	
48.35601519376552	79.89070089160688	15.637088085055078	24.08575592865425	
51.20886898359573	78.39297918119001	15.322552144331766	23.436449072860412	
53.21548000208096	78.32310608272007	15.549152442049165	22.308181934293387	
56.81535730724311	78.7249351397318	15.443568032277133	22.31142836635834	
57.51915089185881	78.50583617994025	15.57031246206002	23.000502572300377	
61.48432302332542	78.28546692393765	15.435266434352211	23.151524672763365	
64.05248369357112	78.0980061285184	15.28563816565357	23.519667619616854	
65.22232426561612	76.85799008228929	14.684074684898022	24.461439858563054	
66.75719382755862	76.56242832643917	14.312277259255987	25.137470276226612	
69.01979000040494	76.61924564713226	14.940214976590068	24.740450043546183	
72.8368924999114	77.69056977848379	14.852157916875221	24.799164894643226	
74.69623953821669	76.69241171348179	15.003902467783416	25.249425836845155	
77.13159017683263	76.8908646297122	14.867933349625314	25.41394524164273	
82.0584998981026	78.12690269078183	14.326542365960512	25.418487691237097	
84.12892344003882	77.4193237758935	14.297470009137768	25.79564861403891	
86.04321715643806	76.76355198443311	13.977671117296877	25.640612940538542	
87.10583120045992	76.06037025219455	14.786607139980955	24.976586209331032	
90.58671792272878	76.18121924623264	14.75896587611749	24.642237335990593	
92.79794393568382	76.17669188291005	14.670471376033387	23.817533933018172	
95.17164939743809	76.22205713695381	14.554742742437007	23.368457135887184	
96.2366949981835	76.05379794239077	14.903666927406755	22.52880030862301	
98.30305890742392	75.85378389052043	14.922806883513339	22.23428094969554	
99.39530475452663	76.00753909249144	15.72142871649722	22.071819873166056	
102.04113909793891	75.00134464774347	15.639692158317947	21.779768576811456	
104.82887497323085	75.11118381791259	15.432102900840427	21.397911896404416	
107.48490338768113	75.67970083263309	15.09219880344871	21.4218385983357	
109.21217376277853	75.68827214873099	15.15074840256614	21.988079457657726	
111.67400753320398	75.02861626595038	15.292788853138937	21.635698310850618	
112.89331152798559	75.1378914492604	15.409029218029483	22.31106925077718	
114.60196405640664	74.87066039859062	15.3567756093749	22.10342173308342	
117.42789538757329	74.24137350127526	15.425227975328925	22.065583900673385	
118.83575469565191	74.21766402485186	15.652596784506326	22.146490799823574	
120.63045784433544	74.22900303331033	16.157476148609646	22.024957218969135	
122.73265954403726	73.7146464282903	16.522112244265216	21.860559339344924	
124.30045831062162	73.61680874862991	16.41412903972757	21.571038380614226	
126.97056628857018	73.66302143288355	15.863130505594778	21.733249079770502	
128.4519417231505	72.84834632353878	15.70352188702265	21.508468780269318	
130.24562053948867	73.64021959940858	15.907339035671445	21.460640111831754	
132.222570991196	73.64154067781541	16.25491053598634	21.129552950799706	
134.02583184416923	73.05299898084944	16.412002304452006	20.869042037513374	
136.05611880170406	73.62018428347866	16.276629406318325	20.834391963091292	
137.21009588937727	72.64436863215431	16.080314681613658	21.217465920023596	
139.7464741042203	73.06971825200058	15.950246899252	21.08546683736862	
141.70246864948095	72.79082150599395	15.658481976316216	21.1027705621687	
143.62721774116525	72.08695784297788	15.517291075762373	21.238306771647842	
145.29732132129118	72.38575479472088	15.712458508980644	21.26755721008192	
146.45604828731436	71.73346735295664	16.099092595533136	21.30718578847982	
148.1968502771356	72.14882353751408	15.9284772106897	21.24744285326405	
150.16300964117943	72.1053411564091	15.90418818534083	21.000505140312004	
151.6064487546046	72.033344234115	15.530021770225158	21.28603582250356	
153.8731406290429	71.63327176023007	15.411543471670278	21.125227580415462	
155.0472779784645	71.55726507913752	15.749760461296773	21.1384528627635	
157.50436124787998	71.01714905512469	15.75683284038263	21.028482876777236	
158.9722399128102	71.47092952629087	15.877006858057708	20.791916645301598	
160.85977754110155	70.82001924982654	15.783969750519448	20.82290963268391	
162.44612909568846	71.09597832659551	15.632170440813045	21.24569674483091	
163.7376592672457	70.89462168299377	15.388922847902855	21.301539245610574	
166.4800192331723	70.11562990963021	15.266213841556073	20.845233144142863	
167.21114843428202	70.45615722786775	15.018250242492131	20.51643530218022	
168.722971844493	70.4915785474297	15.007923251817072	20.27910972276454	
171.09971875765015	70.72532924345516	15.23576849707053	20.22790296156145	
171.79031836766976	70.61913473789362	15.326918979692875	20.223345003697812	
174.65335225630804	70.4966073827299	15.144685512934773	20.21194448895954	
175.9543182783747	69.98848945344425	15.182183133212154	19.974214270328627	
177.139760059777	70.9726177346173	15.25597931179012	20.10883319937237	
178.39500133819695	70.55426182170068	15.486043045090348	20.03514419792949	
179.73441951339748	69.95858052775365	15.438885017925077	19.898768401510004	
181.60901617018993	69.9417285086114	15.222941352547338	19.93737497800462	
182.0832326356576	70.26573238376983	15.211038097991022	20.31125198099688	
183.82573596348846	70.03351719416105	15.208436943075068	19.903043916614852	
185.52994411161845	70.15738633706624	15.151830357055896	20.08465420472015	
186.8964357762408	69.74596432427242	15.269541046325333	19.87548782319122	
188.79544337908195	69.71452018783908	15.082031259289742	20.265494362968496	
190.17583413390963	69.215068180023	15.105504222319679	20.40829025276145	
191.01133163903503	69.85874266247582	14.78155380006022	20.591255922844027	
193.33176092400814	68.9514634803273	14.407875129026605	20.17833530059726	
193.8009644838212	69.2256470558483	14.292730605181342	20.177770839760345	
195.9082860844376	69.45803517025784	14.212407521277601	19.842164647973313	
196.61109526829273	68.47413227108741	14.413264015093038	19.937088581739232	
197.83255989340046	68.82230469559755	14.753944265379456	19.36615691162372	
198.94327039175334	68.53845176537361	15.067446549854555	19.40407292157253	
200.68893354987335	68.80195976086543	15.008424575981	19.723338516777996	
201.40115132264856	68.09807673540645	14.891896376099504	20.19607668069813	
203.47824885108747	67.87336924069723	14.818101371879521	20.206484720932277	
204.400931296777	68.72993868446758	14.825240992891686	20.169393848021848	
205.551186279666	67.58895408641483	14.377707756688864	20.497771584094163	
206.77542499409077	68.15218313764115	14.287262399056399	20.412566343508196	
207.7379579966417	67.80252634290949	14.179877934970602	20.600623484823476	
209.40233678017074	67.16670223324692	14.09156262611203	20.010930136741823	
210.30962561946538	67.15631928157894	14.22241053535903	19.86013239841809	
211.1166195994207	67.34081633212705	14.492500229891425	19.43511035558572	
212.93971537180647	67.31995940672736	14.449075284169014	18.919515724725898	
214.60354680012335	67.46835677340016	14.054435286828227	18.6917478004246	
215.41203392960875	67.94833418059773	13.834541486962912	18.563921868878115	
216.74735159181142	68.02357107299166	13.798927668426527	18.406610512506717	
217.37196387293525	67.32750288102523	13.761769136583847	18.55273690563976	
218.8156878808594	67.13781133865741	13.800143049561395	18.41259566552827	
219.13950340243176	67.57616677852661	13.578104936046397	18.41364152186226	
221.26968154568544	67.52615041675881	13.495272757368017	18.32174162182084	
221.019164462314	67.3915378040011	13.803596923053355	18.166100129169045	
222.86755376908985	67.70086097456485	13.841362402703714	18.344015390115068	
224.5791302143272	67.81235739720603	13.886766218191294	18.470491116840435	
224.61410164409085	67.46423166953555	13.590333518902625	18.824965374365178	
226.59090582913254	67.40243596960198	13.801447236475141	19.169206782881847	
227.17797024351972	67.54652721092488	13.807081051532556	19.55347848524065	
227.89787737898524	67.4343399297964	13.69163834233823	19.935743507550264	
228.38898042735534	67.36992083422938	13.715101593938705	20.322133066965353	
229.05364730316572	67.33797236332744	13.50501807883927	21.383576268154293	
230.33410956874437	65.87440251741234	13.790535884056164	20.874164697579303	
231.3424777689491	66.39306612797556	14.000650902766845	20.696902768699744	
232.0861233478727	65.77119718646823	14.07371142871455	20.55999264859946	
233.17842266328245	65.93154351979022	13.973926087601944	20.25414290054337	
233.48181771545862	65.66449957355744	13.918481460884852	20.659234442619994	
235.4260243554176	66.14815532202809	13.806351974421261	20.824258225754157	
236.02537194967107	65.21116563271086	13.951314327585798	20.319919148609134	
236.58565255763492	66.523958011275	13.96546506326748	20.79185858559341	
