96.0	83.0	16.0	16.0	
95.67274657658636	83.00811471834176	16.250968345658475	15.991633044861784	
96.06436910184857	82.57428411369904	16.233488725203795	15.888445700321997	
95.75686323648563	82.53798174641418	16.421551598846698	15.894292248440152	
96.01204144742606	83.0951998775411	16.46067543723451	15.973704647064913	
96.36521992998846	82.58338170668097	16.580328638802644	15.982992915040377	
95.56902456491225	82.0787263521843	16.680434026378727	15.922496464644725	
95.92399320623389	82.6421541432764	16.617550769528854	15.970385983482755	
96.21375186783314	82.1250021917092	16.57152917154428	16.009915410944743	
96.62287896638504	82.65839684215027	16.522912745699937	16.124205663338127	
96.46259920561758	82.71027211538913	16.483574381353417	16.02115330603077	
95.69377678053941	82.22771178036602	16.536651442169408	15.969751247812424	
95.94104826032819	83.02662587352442	16.602146026405535	15.935387362880217	
96.10735961390299	82.58856829639403	16.634663752391635	16.03291381490802	
95.97575309215566	82.77090211732062	16.805109812715997	15.953627418198051	
95.54489783746271	83.07185154355048	17.20415853859586	16.037768944888846	
95.78686041607364	82.71250255303543	17.25690161035898	16.18951574323187	
96.27748887418448	82.95254561395956	17.116044447379306	16.456554864715482	
95.79136774438551	83.62747556477143	17.072170847544946	16.25901049396517	
95.98735727934036	83.7326928617655	16.8774077471544	16.430784484314056	
96.29195426029902	84.2524511014914	16.790733043270336	16.51095998993893	
95.99851431453149	84.34534238432032	16.587110654174282	16.84937284362206	
96.5744351753267	84.40188477920152	16.395902829568183	17.04400674054093	
95.82990121936906	84.91769570862259	16.531069193402196	16.937263048776575	
96.23896402666666	85.8555447170365	16.41634158602187	16.581650376004728	
95.64542110646272	85.32098568931237	16.340377070613233	16.44324368891161	
95.73860223622381	86.2133800643647	16.406773222056692	16.245937737275483	
95.30378850008485	85.5243417591206	16.52602923324079	16.111274940899257	
94.63523196751322	85.96420413140137	16.591109366752065	15.78028703620032	
93.53826302280662	86.41016319057061	16.41417193395414	15.331409206311271	
91.75053652509797	86.53143812971905	16.56759919568522	14.85627859307742	
89.63781172191308	88.46263927956389	16.737807685502993	14.604843286220415	
87.59296889544191	89.97506900077023	17.14630397557581	14.670420445507627	
94.75555618292641	94.6667094733345	17.00597677028292	14.99848032073694	
96.57732762694317	94.5863464862286	16.15095173873545	15.387416481005094	
96.57466412238634	94.69472056000106	15.578454073890939	15.424785168110713	
96.88902416494912	94.41535901684088	15.130339802250077	15.767231253907354	
97.16353072606964	94.1305117373362	14.858983491439975	15.953436137156611	
97.30511290514869	93.87582762617937	14.668060567032281	15.950920895765329	
96.92883762909015	94.17789325858709	14.743430558677954	15.816213281630521	
97.44778015741505	94.40224569605031	14.854908506202797	15.724818731880045	
97.13371015578234	94.54080944616965	14.791940089393655	15.638900077330518	
96.80535047822217	94.54975411160326	14.727024580082691	15.59852727587334	
97.43392628648087	94.6391623936722	14.728286723337586	15.44841393384614	
97.16751327230656	94.75690176867275	14.667478069512818	15.438698104898394	
97.38565681359592	94.08784454954898	14.52295352910214	15.639626653206264	
97.13840511475598	94.51634861505981	14.453610051262107	15.33234610430725	
96.90819834006098	94.31317310249943	14.674394778827935	15.029168002317284	
86.74277357357764	93.17325917997827	14.856782489530012	14.737405644856786	
87.73251756778055	90.68388116805481	15.313099857739587	14.917833834215667	
89.04687488626733	90.95867496530737	15.694726312535277	14.77342956290899	
89.37098894871676	91.44508057681523	16.446494846347633	15.143437038424679	
90.02907974308202	91.02192788019809	17.108447644207587	15.57689406784258	
92.3595916463397	91.92033765865618	17.45098649816046	16.008485116169616	
93.74050780727472	91.8760186612022	17.99189740814636	15.993637968013356	
94.23394964184502	92.77068858617226	18.501598581313385	15.99782223510893	
94.01302483886141	93.7173873806398	18.631376277725124	16.018946060705964	
92.65366720111179	95.8118352084916	18.615921542689136	15.793936721601215	
91.72216718444756	97.00951670015586	18.72399759504321	16.13571025522321	
91.76044800781328	98.26410722504885	18.608737415639574	16.002189476598765	
92.87885863159686	99.70166432740764	18.623634014793357	15.694315275753114	
93.94795484631797	99.67804661601356	18.529025167358757	15.66004999228785	
95.54657154565407	99.97391996839795	18.138792391362344	15.743607071767382	
97.23484297978233	100.55993875033964	17.671433957726318	15.868211833868413	
98.35326991801793	100.79861394945584	17.37836413129507	15.777438753812229	
99.13961142702331	99.73909802699195	17.47924398245558	15.458890958531729	
101.01401688494195	100.32041667360127	17.459629577489167	15.256991737647471	
101.73909083140246	100.6610991647059	17.53800546513168	15.293364116412796	
101.78934776916275	99.6614698115297	17.73401486891955	15.494909417230385	
102.34745115721235	100.0362230372805	18.120674948654123	15.229557185116896	
104.08246760515493	99.33469199975859	17.755782092166836	15.39005724042499	
103.77659556664759	99.6847065917633	17.67363521935936	15.07134267487493	
103.84481270694268	99.01309387837411	17.434427320246495	15.035534914164213	
103.47194676205748	99.0639856653903	17.446779175595765	14.621537036745142	
103.24670141872619	98.72830561518944	17.231091307488413	14.6144203810356	
102.64974204163596	97.49099069213747	17.45013204014326	14.726946841025441	
103.14426662988299	96.91090753114374	17.076769009774	14.954625248632086	
100.57779901631824	95.77055640370156	17.5739608516515	14.994208681641595	
99.61030107894788	95.36893136837871	17.17623375363083	15.087699205514165	
97.55425959352037	94.25430165538306	17.063312032011716	15.037446025797781	
95.38711843517862	94.16200713145443	17.537113154476646	14.941627264833471	
92.90175955711977	93.28732146348521	18.283268807339873	14.988656552864695	
90.77057506724262	93.2749418975902	18.87641256699371	15.057911283581959	
88.31191742693699	93.28794159937483	18.540402067951796	15.218901156116464	
88.38728184192175	92.86885233857542	19.3347989500255	15.23920975303156	
85.8414526742622	91.47197157128625	18.66274331066167	15.492291835768473	
86.4295542693039	91.04255802348298	18.11070911303083	15.371904435088378	
86.88563132248386	89.86193852985932	17.340259006132253	15.472554817653206	
87.22808082747758	90.08777744914747	16.797483298266012	15.149645418767827	
87.6129998445339	90.19781052285266	16.613528533642842	14.948098579753546	
87.74664150717535	89.85814947455192	16.415082286971092	14.9890526543824	
87.72428459705971	90.44615806788126	16.22558256525597	14.860178445603754	
88.17801549333905	90.52000070967274	16.188580468450915	14.97813430874964	
88.4985042758417	90.17196612131578	16.034911716688253	14.89783013941781	
88.84016236004203	90.59629514048329	16.071368465217972	15.003337465753548	
90.98749193425076	90.62227052255889	16.280284390118553	15.098786963455314	
91.82375442843066	91.62235730699004	16.53712028651978	15.20097942764015	
92.16993529641498	92.10701495070492	16.57260482557644	15.095646783660126	
92.50589835956357	92.89586943783142	16.93204921501038	14.932928037585121	
93.584003099544	93.31172034271162	17.33391293582436	14.750450409856597	
93.94393453936576	93.75971073092201	17.526737375130242	14.565928318809162	
95.66627150644074	93.0565940481893	17.662541688837177	14.463551210096332	
96.52670684846312	93.11458912874936	17.49138580543943	14.383317556014422	
97.31226744205748	93.32684721580141	17.076304668557256	14.2749991936022	
98.81108949541013	94.01983834883264	16.848862034675225	14.142379969095394	
100.48559830119183	93.46891602679061	16.76581570905218	13.953598967108809	
102.67125697514608	94.32876250170014	16.977476428987618	13.89321084748801	
103.85885741563467	94.67781316994098	16.714931555759975	14.09444331741831	
105.88975903771106	95.28658633636279	16.57700724239119	13.882689011650456	
108.08061993354315	95.45904236765345	16.597150178398028	13.785698163095475	
109.70889156299847	95.75915750750346	16.591385510471945	13.760193902576717	
110.8198527468025	94.73497569817566	16.819214378094593	14.013630571569962	
111.43253004157269	95.34444625772636	16.9631370800171	14.06869076112022	
113.22784993810403	95.14068143847821	17.26438806794356	14.105508491145182	
113.54587245967771	95.87339844587984	17.432439165599295	14.268140577488907	
113.90958799814645	94.92494702114477	17.495475312243848	14.466018629834526	
115.98241106121513	95.46046633359205	17.715641888285482	14.902966367414898	
116.45607424596216	95.48755768433783	17.465263226455203	15.135355304937885	
118.46205407543944	95.6617174046385	17.27857879271133	14.842502851985714	
118.5837118338811	95.74804965191564	17.141185112447545	14.74277019337258	
120.06807276676666	95.75060183781211	16.848545120772968	14.615452415985883	
122.08444047089822	96.73480270522175	16.841105976106114	14.713674436603137	
122.07973517531579	96.43069761317014	16.681339503464713	14.568970241932396	
124.7507963968443	96.57583489149745	16.717633216389018	14.29953152740425	
125.56246277925128	97.32610989722671	16.917830495358277	14.289265375297568	
127.86450549394904	98.14837242455437	17.37516759435372	14.238608475442165	
129.91434314673026	97.87988884970962	17.816754688440017	14.31598301470444	
132.88691040291616	97.3964049534207	17.837515437319308	14.476424408202062	
134.2865889597129	96.79194113650648	17.523455299364446	14.710958988721632	
135.1938765837157	96.5689801896156	17.462009115412386	14.871565714419337	
134.76258966156513	96.18346812872096	17.452931004355683	14.969051801959218	
134.30079405942104	95.50539312194974	17.43877932169022	15.110006353131627	
133.38536927611443	96.08072981944095	17.51334279200988	15.221718640050442	
132.80228464243712	96.30683018288475	17.89887019377389	15.161334945916188	
132.42179903793226	96.57956998702353	17.993337260474433	15.206697018576467	
132.39560227801874	97.02476250952927	18.509137833465218	15.234019437265022	
130.56133407970418	97.38396323797653	18.787763467933956	15.331558736824448	
130.27936831062073	95.87186636745191	18.964586116547792	15.476968707102998	
130.2167448886507	95.78897932969377	19.214051768781076	15.675401001265051	
128.81951351402316	96.66514438982497	19.38846841869273	15.638622098495361	
127.75537741094492	96.22797839544452	19.239156669965343	15.908100614742857	
127.78895613929363	95.88558621468029	19.600368440930346	16.135369547169155	
128.09964627341517	96.92858768288183	19.478648710517323	16.34282567639852	
127.6414615741839	96.07320686121341	19.673151048038463	16.490421141121928	
128.01787944115392	96.88389927004081	19.618077818666897	16.525902275676643	
127.47254198046902	96.90031348197756	20.014404393512415	16.42396783259715	
125.98338438155702	97.42845292526268	19.990136982279466	16.386854943416488	
130.42185447083568	96.82310325896088	20.66495896040061	16.752866647834622	
134.1824750314835	95.80148967458375	20.22803512333602	17.058113399455134	
