211.5	76.5	34	40	
207.8322324244941	75.93694469530524	34.94018803263411	39.61400037608264	
206.5415649257959	75.74652218348844	35.78504017137265	39.37383110270772	
204.33274813749932	76.04186974154604	36.22351558489514	39.356285310055966	
202.43075997716267	75.75308427088521	36.61903009641014	39.53277132167295	
200.16351468408303	75.06386689577594	37.06970987629499	39.72088057331055	
197.78859746853814	75.45293592832323	37.36165856519727	39.78927521066198	
196.01121847233327	75.31326515136438	37.39988723593652	39.72446085694876	
193.22076609199544	74.69872874865708	37.42991537918051	39.811372054621046	
191.58618385061462	73.65411078811658	37.684693208042	39.72379651902175	
190.2639061149928	73.19955105542773	37.603298915033896	39.804217110879534	
188.41844028877557	73.13835787186403	37.728167640222296	39.752829861454586	
187.6165250771595	73.66149566315524	37.775011612305434	39.670735761664076	
186.2518017686371	74.12655422720516	37.82396153669279	39.76648681097818	
186.17720975328368	74.19654925626836	37.899578795355936	39.66996907641844	
185.60645644333414	74.11559269957434	37.88043420828481	39.69948333114006	
185.8452192775382	75.01226852916673	37.91752949963543	39.90404467492313	
185.96608792220786	74.90919463916477	38.18231903810829	40.03351997541673	
185.86296695538283	74.35612374910957	38.24540956928493	40.081019606555586	
185.7951185456298	74.95778360869059	38.218181145413276	40.311425840495644	
186.06404116073602	74.04894380748647	38.45251903545152	40.40713476552811	
185.47075319370316	74.04973622745177	38.60288514781621	40.668551635773966	
185.27253743648174	74.32142964733505	38.658486514992646	40.99305282939744	
185.77638344111557	74.42213371558714	38.58116990293035	41.150073171134245	
185.33518956934398	74.39823025810469	38.60364268799653	41.101412814651965	
185.9213812725344	74.35799893727204	38.567543990592405	41.220171440585446	
185.53357865616312	74.33982368696923	38.69206611157197	41.245791275082624	
185.97200247627092	74.37159968042255	38.798675023385016	41.099079237962655	
185.86759485139422	74.51610911913086	39.05316245885746	40.98131667923442	
186.66933331621408	74.34834627637393	39.16490609978199	40.82099189110593	
186.80438977778692	73.76661589836817	39.18778034447158	40.73415021314987	
186.6498645352649	73.74111947043504	39.10916323317545	40.76258239059367	
186.268149058476	73.0426413912178	39.20405049034968	40.58744637354445	
186.45838521126035	73.24949480691164	39.297924137053414	40.546406169325415	
186.09067552406924	72.99256566880831	39.3950500663253	40.68769837139917	
186.3203607581422	73.08071102170652	39.286681099262786	40.70076600431641	
186.25084635411693	73.28366257071796	39.294854913254724	40.703228066520325	
186.30054072241379	72.88770468868643	39.297714159878225	40.515581369207204	
186.75252397219668	72.44210411226112	39.271618875655946	40.52418394312791	
186.19127366242404	72.979524208989	39.409549886036004	40.51288146653768	
185.91077865146775	72.86405696594758	39.50862310363492	40.69698102184297	
185.65476326971913	73.06241116836786	39.559843742258096	40.724897536893785	
185.97644940116476	73.45484526082694	39.64361274046759	40.853205173279946	
185.87605675382034	73.31853887770455	39.73074702774254	40.94139161694534	
185.9084326238251	73.17572777583881	39.719734585868096	40.97131785181049	
185.97451832977066	73.01830200934086	39.67869436195237	41.244315178333764	
185.58994039184984	72.75613577592945	39.752187500901314	41.421263251941376	
185.85970860031858	73.15602635731496	39.78951151182027	41.46189440787688	
185.40101241369413	73.21600490783189	39.86735160178209	41.51093894573232	
184.94175431185178	73.30941460047981	39.93235021351353	41.54118268938471	
184.85599198022427	72.8137968451469	40.01574084130045	41.56755597261064	
184.2993289434083	73.49552048430982	40.16459068717205	41.77148411580883	
183.84107136983766	73.82286645623567	40.125501161881374	42.18843921995367	
183.189632940307	73.62008661006551	40.16020718735507	42.12394014330633	
182.06962949870717	73.40647966088109	40.11299240040399	42.21752672829971	
181.39498313555788	72.70099487813835	40.17816563989378	42.071896915199375	
182.08647191136788	72.43830692945764	40.29451086029984	42.00124138517738	
182.00927366374586	72.24293875914887	40.26821933197672	42.29342530505955	
182.83336803344542	72.1936922754276	40.12885303367865	42.49842172933307	
184.8685627289229	71.61985736478209	40.1840897299124	42.62717828158112	
186.42551570929479	71.77444936996244	40.04059101671195	42.754920814933044	
188.04574648316586	72.06174875592185	39.79313951306772	42.87532620818678	
189.30774140988984	71.91496289572117	39.559924481854836	42.99346900164342	
189.73602880278224	71.85664218234655	39.38920705166471	43.10782049733563	
190.77410268846313	71.9126428883304	39.36385936537067	42.97024698471371	
191.87057689329126	71.96531677410279	39.24187481527251	42.88568045452624	
192.79550213776164	72.29869186574967	39.27908186913267	43.07177230414185	
193.45245299535063	72.5273301582557	39.1828167391903	42.87913593118884	
194.31746543177633	72.4292904149628	39.188470539129426	42.89430830243441	
194.8898182013859	72.23585326288213	39.35364692549316	42.80237608112691	
195.3500413606735	72.73728041617493	39.57211113891565	42.52957406688827	
196.2898501928925	72.90715839568676	39.56108871697798	42.6518952486727	
197.02758070998416	72.92981476164567	39.40456724940684	42.76489462884787	
197.50339505779024	73.14483013567762	39.252229568466	43.03476283899013	
197.77049876696483	73.12083522442761	39.22389761837094	42.821608738684375	
198.7412862915139	72.63619465387725	39.24699418105869	42.72649182947687	
198.9400771440909	72.61148422718152	39.23547277339382	42.69963587389119	
198.4468443624415	72.87069887158573	39.06978103002148	42.59665969124771	
198.97102659196517	72.95484950969401	39.17206695301611	42.5442495885131	
198.9548141704904	72.75639825549172	38.951526703306655	42.42214757316354	
198.93424733897336	73.03238071712013	38.80819376592265	42.60229285221918	
199.6720696163094	72.92789852047508	38.82705962346675	42.43351859089581	
200.70926534252374	72.72097243409718	39.11180451404037	42.339524706236595	
201.57480183477435	73.09099534388366	39.320465630834654	42.281629250585766	
202.90756197118043	72.40504964561498	39.32057569859863	42.22621566398408	
204.79018814894934	73.11985172395954	39.27655075051626	42.10625227248507	
206.6430276871648	73.89041378255111	39.24465712215969	41.78228420789136	
208.38385007304424	74.7355559507741	39.1740137942637	41.51065455169746	
210.2835200717286	74.80535032675215	39.36109490514088	41.39219554200609	
211.80883457543186	74.57368527417268	39.419111813719454	41.378301446201085	
213.0421685518662	74.4113431681153	39.24063374885121	41.72662596498233	
213.95309935205313	74.8136721432742	38.990308927881095	41.95828965467917	
215.1823591027814	74.8080662794099	39.14812267265565	42.076486161646486	
215.99389111385813	75.36034614291785	39.192367934712394	42.10403488456649	
216.94226463828116	76.43164312902249	39.295034614580274	42.29368125545109	
218.03832010970535	76.75245398755729	39.2264824314212	42.33710150243559	
219.04656765482267	77.31161927782595	39.15223413588725	42.35455149478949	
219.8453870151269	77.524835465226	39.07150274960644	42.4973522990818	
220.48004518919802	77.89262637303041	38.93275764761138	42.53167938850228	
221.38164540768253	77.8652041806722	39.064325887400166	42.577650655131066	
222.45349431280596	78.39361492835957	38.95434070265682	42.626924235363624	
223.74544493216024	79.39689002891743	38.72055047163871	42.63964469274096	
223.70815971928226	79.36873456606224	38.55051054309037	42.721224713305894	
224.1395096749469	79.57167337545098	38.4782826027961	42.821802992813325	
224.4891363039867	79.6015545443581	38.4240051857619	42.93794850526463	
224.1541898350965	79.75142283696587	38.02976567153114	43.00656641938911	
223.8650493795176	79.7535762723451	37.866477778901746	43.14946634682649	
222.79088434047577	79.23981925581923	37.774015820928845	43.132341626940935	
221.58137572826817	78.66212023345864	37.801090305857386	43.09468380351331	
221.311874508503	78.47690476537383	37.889221605622915	42.86567666843199	
219.4030591389452	78.40001202145635	38.03902450011879	43.211080166668694	
218.26469912660707	77.5007558648478	38.23100650866647	42.899448579968194	
217.08804574066068	76.8234047210608	38.343310720897406	42.784117937168034	
215.6688512017655	76.39967643427822	38.404689596279944	42.89299070755632	
214.14162289666695	75.73871116438184	38.52637261638915	42.81430507837326	
212.86794941684926	75.10420218600031	38.309280946874125	42.4385123585616	
211.50070581520484	75.22025901309253	38.3011774843457	42.02750001224613	
210.36790730573384	76.04922947190448	38.20143164783423	41.90881674022922	
209.78587623670128	75.37362212026402	38.414356421988636	41.46340416041382	
208.67122098245233	74.93375916272417	38.39275187998	41.13614877418585	
207.32566102160794	75.83955602660491	38.32254739599858	41.01978827224682	
206.21128645412423	76.26246134271614	38.39887767911356	40.816941466680696	
204.65962337695964	75.82353909137711	38.4726613873063	40.60234953652029	
203.02931219243408	75.88622291287483	38.52141284762027	40.56888788227772	
201.74552897098303	75.51218433897257	38.71410016874195	40.67741249645567	
200.0194712983918	74.98240389519796	38.7843898284233	40.77550188599235	
198.65010582913135	75.1719002646656	38.86750329143457	40.68009308613257	
197.1910539433655	75.08139888951379	38.81942173162168	40.628956874882604	
196.40561157549945	74.69099962382055	38.88637029582209	40.80763590086366	
195.68734892788265	74.08667317432692	38.8003090069645	40.98096589526413	
193.8967827155727	74.40618305927168	38.76402433449273	41.06629157100754	
192.81794660164167	75.00726391709168	38.798347372596474	41.266854359838355	
192.10757389607653	74.66191014404387	39.107096729077426	41.115902062012324	
190.6439112947681	74.77447989518723	39.20510173935725	41.34555038030324	
190.00498334634463	74.69556420628267	39.206959282246025	41.46520997129742	
189.2448744394517	75.31404199497416	39.45124096932288	41.507711247781	
188.15446760692066	75.29314055410755	39.62566215544213	41.550853675802585	
186.77376574295562	75.52485980114258	39.82859587261478	41.76872768316305	
185.8911610769184	75.39150499386335	39.939787041008174	41.84796683182298	
184.20125441532178	75.53192316474463	40.12460496091161	42.038149936910244	
183.16835597765035	74.85206736573491	40.496842428066586	41.7710418051247	
181.87900046786817	74.74515995502387	40.577744991210054	41.837201243794354	
180.62527564914524	74.65588768227852	40.69147614759207	41.82680794643915	
180.2064315368295	74.93781052691797	40.580703316467904	42.05160359074026	
179.21889843891353	75.3244256952898	40.507932731751765	42.13390888040803	
179.03350602154615	75.14836075824154	40.55197190737361	42.13508902005517	
178.39978677201654	75.24985942093576	40.52050896771975	42.229733925654266	
177.5113584565987	75.63418620598169	40.673356823798	42.14916895142957	
177.2310666054411	75.91501429074034	40.720557376012536	42.251723459059185	
176.87378211132278	76.09504981488881	40.794724404829964	42.179774468676975	
176.9292524040053	75.77956572939115	40.855157976536034	42.14977475322439	
177.29658510376896	75.47083330510272	41.026892244271735	41.96542397279583	
177.09622136508682	75.65065261915217	41.011027630314075	42.11509356365292	
176.83740448256967	75.30935442229251	41.15284463290099	42.28218601440577	
177.40853321455702	75.13186431937639	41.065945936435746	42.495481255938806	
178.48558419373742	74.43732827667787	40.91393943896668	42.475798158115936	
178.78273484603065	73.86579089855613	40.85446792974081	42.45403173928007	
178.97730763676878	73.14788264177533	40.661372172621526	42.454977771350606	
179.71219919156587	72.64950938642713	40.356442278244984	42.540045967838	
179.93133454148716	72.55815303653887	40.27404888844003	42.46028511419542	
180.47138720392874	72.2899098513571	40.12293005332962	42.37170395249644	
181.23802165523765	71.99561253040656	39.789110570687114	42.22528373853584	
181.78274802063228	72.07752732356602	39.84095220005866	42.35916179930211	
181.7035871121817	72.07814165495661	39.8282075241639	42.719808700380874	
182.15861073973662	71.43624599368054	39.81296921709407	42.86184658779811	
182.27246396244252	71.35554979691103	39.579163682633464	43.13825821337181	
182.3385677663452	71.00242726433692	39.52201995163578	43.099157268788765	
182.4156573320728	70.5712736905168	39.64824312292255	42.9500717038359	
182.67566560629047	69.55850303507528	39.577208425826626	42.9295658040256	
182.99938082989513	69.59437993293042	39.54292434330614	42.8670979612112	
183.29620025834564	69.06438134593631	39.540083745186585	42.601610978590834	
183.51195114961743	69.0888747456645	39.451790126619656	42.39501887382039	
183.83899094649516	69.14354832618574	39.23184543343409	42.31350074889451	
183.76126541270298	68.64845699322223	39.1356352301616	42.30644012964239	
183.6888545278917	68.77635916156538	39.09647289896553	42.099934161350454	
183.94979543456506	68.25497210418	39.08468072146782	41.93296203455171	
184.18964190110347	68.27897089844495	38.992799359750634	41.963345135046715	
183.81690598579283	68.70447560374343	39.07590420409718	41.89158324680388	
184.05400554276486	68.30541815624268	39.01897452865833	41.760573190442784	
184.12795664799268	68.01894478895659	38.918230660057446	41.73843609227419	
183.97975371632444	68.42912162144768	38.99998738255913	41.66612888505948	
183.82559998827648	68.23630130576369	39.01494199632414	41.66707026119942	
183.655872352123	67.81363531277819	39.05490774069032	41.568456660489055	
183.5581021614541	67.83159796115498	38.872888937000106	41.566325085083534	
184.04877884620316	68.0499968751147	38.87085716650857	41.535246656616295	
183.93680211962032	68.18964067405537	38.82804240258746	41.448665360543316	
184.10819881093684	68.02606611559492	38.83888862261559	41.51351970817711	
183.71058878545938	67.97043812843225	38.84402526521481	41.60056167554206	
183.42156818792003	68.3386022937833	38.69623471323845	41.583734422968774	
183.39444201589512	68.35382284804257	38.59968299957093	41.73089538203999	
183.19921136622563	68.37078264720554	38.50663642728209	41.85737386465905	
183.68071793777892	68.6112418746961	38.53996469147457	41.56625483766409	
183.70868797918675	68.99485732372585	38.48978247322356	41.47223676585657	
183.68489183669516	69.0930024533162	38.451195986055296	41.47606503349223	
183.6515249595187	69.0240749173783	38.400775678613925	41.45977069225923	
183.7617560951722	69.3326991926815	38.43491223347689	41.42117929192135	
183.9995078491132	69.2440418136866	38.41635071763932	41.57789176404921	
184.11346028585865	70.01516288403765	38.36226408967854	41.51927551217156	
183.74164019193103	70.55065863900921	38.47102969524314	41.46269592849795	
183.7291072809654	71.20574220353078	38.40447041531006	41.509920156876724	
183.6688939262519	71.57408904648153	38.317497428625366	41.60847291472366	
183.5261312173855	71.75949380089912	38.17983219303401	41.71008359169285	
183.61695471040235	71.70005343348261	38.20855306541024	41.90308253094073	
183.51169799856768	71.57020722696541	38.18142169747646	42.21432589855546	
183.22599319119377	71.66843347369932	38.259760352179434	42.41062736378971	
183.33549607391353	71.7688989281806	38.19935284583127	42.4299772809189	
183.43813711731744	72.02178232813418	38.20708926578886	42.52470117028941	
183.5853886270477	71.38591390801955	38.21955794532771	42.718439968412056	
183.5937812745836	71.1823067582748	38.24734469441991	42.855317043894864	
183.3766810694647	70.79965389079871	38.4493607690683	43.031573737575854	
183.31633369285888	70.35316606756979	38.47804311688441	42.921356482422354	
183.2680652701059	70.25535732013581	38.47041322370145	42.816051643096124	
182.87293566776773	69.76113831626677	38.77771220422611	42.78265611182515	
182.82999139332964	69.32117031446539	39.02663230136398	42.826502921606924	
183.3354520511561	68.96850088648105	39.05656436686797	42.8269107568389	
183.34390622883336	69.23509642599618	39.131934067360135	42.77412950861732	
183.84076431697883	69.15482195776812	39.101541841836735	42.71712156614903	
184.4624255393334	69.23432704995383	39.134051096498936	42.48787066812166	
184.14989193941244	69.93676953363433	39.10629043741598	42.4751175061806	
184.77057883738036	70.35172200269719	39.214349229103725	42.50000975252222	
184.52055268682412	70.97789849932431	39.31736807722853	42.43960922623268	
184.28254169344729	71.02056101474429	39.479386268596826	42.42300639876662	
184.51221555441452	71.63729928634433	39.58765536699773	42.422394235449346	
184.89443297652403	71.64295004178294	39.72914174355814	42.34122074014995	
184.67430801103842	71.25699696025582	39.70545737219938	42.284711092142324	
184.21604960313135	71.46181383901603	39.65527715079349	42.32701810953951	
185.32499509136468	71.14676240399581	39.61359729302496	42.379588211330415	
185.8066709080249	71.79853723456574	39.46338986670524	42.47822863941634	
185.7371331933279	71.33797079073065	39.556071584979364	42.28919533503178	
186.35884801864134	71.86723058273333	39.468695954280484	42.28547471171215	
187.28490392116242	70.70624425926019	39.751107540961925	42.30403015284786	
188.718886732081	70.91247136116637	39.82579342936347	42.40041203960023	
189.7111589731238	71.03361199450033	39.851806360379065	42.358899690731306	
190.83938681837412	70.72573125695362	39.84184234048688	42.39370160733778	
192.04810612506398	70.35860170947875	39.93194752936851	42.45734365831553	
193.09486803943412	70.70295039328849	39.87624547034258	42.570211639798046	
194.43513843792556	71.71892310155482	39.83433196408543	42.85065512020753	
196.05648492473134	71.33143369696266	39.819293447566174	42.98312381329155	
197.29121205455763	71.97785593879618	39.81009266501011	42.953203881588315	
198.4492897112712	72.82399568615622	39.737560608266335	43.01713995922542	
199.84817467471703	73.45992087474843	39.655512050164354	43.05679740312405	
200.75861563093773	73.95295216109025	39.50205445889757	43.1253211217536	
201.35293811127355	72.97390397780876	39.351670673381605	42.98075325606254	
201.46961891262112	73.03878379456316	39.28489213190473	42.731943671119595	
202.787835939581	73.83203944872304	39.16006000288121	42.67640317464372	
203.84158255685975	74.27031215673462	39.090117217695045	42.6029590598138	
204.05824978572787	74.26274779962657	39.002921684319084	42.640711374468125	
204.5033328998305	74.46362127296885	38.973536529684054	42.56280388362653	
205.03495849935462	74.39644092861948	38.82551590285948	42.78053443833881	
204.77977887303953	74.83456635761657	38.701394857924186	42.706571337741345	
204.43716053985543	74.75150678677163	38.68672171804087	42.556909571561874	
204.35145681348172	75.23990501964606	38.73612530256605	42.58133237842653	
204.3936334631182	74.88427592206965	38.793496992111244	42.61333264425425	
204.67663590919037	74.43766261556522	38.81487244960299	42.57869047378915	
203.37116090200539	74.23247026157986	38.8236343536214	42.807471511639605	
203.58267989955618	73.21595320014607	39.11436710570453	42.82274583454992	
202.72867897515624	72.1682252650734	39.16025349983069	42.78071238584762	
202.5877300831559	70.78096222652938	39.40869144162633	42.98905728007433	
201.36006987672832	69.62561159777725	39.569560856175215	43.162681444454186	
200.9702196016506	68.77288920887668	39.65709120359853	43.35527558005104	
200.8562893055271	68.50668405425627	39.74473122826153	43.56474136738788	
201.2295838345488	67.06431578572887	40.03883771827567	43.639161818627244	
201.26616640544623	66.25324169596112	40.04340624218556	43.930209057458384	
201.24911428991496	65.22717302093878	40.162793380137984	44.23394369277378	
201.33335167523288	64.91019323732294	40.076977280344806	44.637155306948166	
201.53923329233692	64.67486676163591	40.0693447731894	44.85248440125321	
200.78595878415908	63.26152439138781	40.36407199503521	45.38013073156265	
201.09433542645002	62.34624862510228	40.342918719417845	45.71331273631694	
200.57038144882952	61.276736108935054	40.440348180491526	46.12807898817195	
200.62802435892675	60.97158899618377	40.521860520969234	46.25276886787603	
200.96966097991185	60.40336997076878	40.59102129427313	46.39869228266628	
200.55719746114076	59.161730770114445	40.72271239803463	46.43194560234041	
201.02132551092427	58.21323473732057	40.81733184587666	46.51176597507997	
200.44862908767874	57.554128638301684	40.82798672392287	46.760767524581055	
200.415664756487	57.193575392101295	40.73613046239529	47.08250257180285	
200.39130238821684	56.26361818994969	40.80077645264657	47.39068515123118	
200.81390120995033	55.65461900720662	40.82140660802296	47.627501001096135	
200.9193793046843	54.9476230937494	40.83655885037117	47.91807926523592	
201.3862304212137	54.033394480132046	40.72715511832706	48.290695904854665	
201.36143881272827	53.293559986088816	40.65334804068647	48.5859156970793	
201.20932628696497	53.022917372455865	40.64818204068225	48.77914818424816	
200.54955977621873	52.83386516851453	40.764213480029	49.077029605492285	
201.30978598094896	52.468016979822345	40.91859508355381	49.020200341912144	
201.17604271668756	52.406332277274885	40.915570789542045	49.30787236431854	
200.9969810624795	51.6773525700852	40.821291893683004	49.81199676816935	
200.79537609570636	50.678914845341325	40.90221972154499	50.009179467679985	
200.06694858258328	50.51443916108943	41.03537753843294	50.27837057113146	
199.45032136287713	49.88178299136571	41.13551907043559	50.4171689526016	
199.31533220558958	49.69479343104695	41.34224340115546	50.296211249394204	
198.83241870691265	49.269067887877796	41.508320130049974	50.29332565675074	
198.5609124114462	49.0899421357351	41.615395793187474	50.48872296639501	
198.2641240727099	49.57496981550623	41.687036292452675	50.50727018549274	
198.16020816564017	49.63043591717019	41.651787863123836	50.60530151044031	
198.01514442475997	49.19316304836881	41.63459400503862	50.76681184336091	
197.3433958281968	48.5654336284984	41.70235772724818	50.98075878982934	
197.10923590324228	48.47387073692602	41.88545349707145	50.90844210266198	
196.76713106340458	48.71312036854353	42.07308752319385	50.8770798078012	
196.95971400631	48.38990551524222	42.291594439831286	50.85352702148009	
196.72353812058105	48.81689557041622	42.31981966490627	51.02468445481036	
196.3926179760183	49.79523390799083	42.429773097475874	51.15361816937063	
195.85005392712392	50.08193174281226	42.56320974657611	51.27325029408889	
195.65937803966602	50.17549823689444	42.590124021253494	51.22402436392509	
196.14072059120488	50.78121699283405	42.84630431276804	50.951079209776736	
195.8722226779985	50.93317828115774	42.89077003168262	51.15623602985405	
195.54439650318145	50.90778784132185	42.831354041015246	51.103665346310585	
195.90738060145154	50.980889527213535	42.81819391704205	51.01837765699205	
195.45264354341757	51.72109420119992	42.76380150126106	51.08925631770915	
195.81452822570637	52.26328520873646	42.81636284614088	50.709975315819655	
195.90395550779024	52.4670916592307	42.793132463005314	50.78441551589397	
195.76797079886296	52.85100945864288	42.84480280084563	50.851516893502406	
195.3840001595163	53.35831419294182	42.70578496308008	50.81487134931248	
195.29839164283482	53.79674037843058	42.67190657119485	50.791701853968206	
195.42974347385316	54.977581094063545	42.796676432774966	50.567993492846924	
195.59195621940785	55.840911970612595	42.741280797393784	50.53668596300016	
196.01871303934664	56.43937364495803	42.61469908710451	50.66224615389059	
196.43237017338143	56.60128920186581	42.589413415436105	50.780041737853736	
196.35544866233954	57.75717158568969	42.460191684702764	50.82987426978179	
196.26128739755734	58.26225588598881	42.47938025306646	50.94394940545064	
196.26299462883742	58.83831396429621	42.45488107023745	50.88480826924446	
197.3531421418555	59.7998691637664	42.26553042972982	50.87826495747754	
197.43541680249643	60.97779660989913	42.26703827788539	50.68125572828276	
197.2630802130011	62.160353738273294	42.217390372853544	50.017088040977185	
198.00834048111474	63.58905926224605	42.13731218892115	49.62812372459905	
197.73961031420913	64.82493376227015	41.8161617734877	49.368266852541566	
198.13839169876195	66.06179388261077	41.992933780783595	49.14782963569456	
197.44346582093218	67.40198147466981	41.84670171896115	48.907425183311716	
198.36494698490122	69.09318214504208	41.7508873087705	48.62919106554388	
199.38507095257688	70.50145529937691	41.71801962053533	48.31789878710184	
199.31402731059052	71.92221415627778	41.59827651500834	48.09247876197506	
199.8659628978344	72.62919071428072	41.62172884878323	47.597122628925085	
200.3968704030052	73.56596979483506	41.598132098253	47.266502819447595	
200.77530976826128	74.1548751305617	41.30546825893616	46.88529362227942	
201.41538296871425	75.42861556192351	41.1498027015742	46.52706585136796	
202.1379141996485	75.81653939843727	40.92508168372123	46.11772517211101	
202.6062174190883	76.83487333720784	40.65088198741444	45.93879650469868	
203.22410776335892	76.79690890776735	40.43266964871145	45.50775656732645	
204.19428697494178	76.35513917465308	40.43174217761786	45.08664346187683	
204.15597496083268	76.70106562921153	40.15254546060636	45.061989985609806	
204.24056117493643	75.534343852214	39.84189473230421	44.64849411890481	
204.42200150103417	75.02735576785237	39.59090666854537	44.51999313289631	
205.42701861746562	74.06275637681414	39.52600361835306	44.426073657450196	
205.94060468665865	73.44615024289656	39.38878098052777	44.39267494525146	
205.95655115620553	72.64934683403536	39.137061462340085	44.11525143231593	
206.4541516434735	72.63302294978187	39.02576440845465	43.90833156337934	
206.65063652857054	72.31556593497551	38.971418251379625	43.55028549758649	
206.2648805572343	71.9954653802121	38.982574065836346	43.34196901039166	
206.59625206306953	72.33844497858576	38.862115185215984	43.165977319576214	
206.49287815189797	72.2196313722455	38.756130430235196	42.99390407897531	
206.38121917198333	72.0102063530049	38.799802658019296	42.808424114194935	
205.9822881523472	71.51848866024733	38.79313038122866	42.79051779915618	
205.18146060858172	72.10616506515484	38.752679293336946	42.615512365210925	
204.64583206757078	71.75395631993067	38.82362321255515	42.71352501471307	
203.31092332353342	71.61276760725914	38.973437143424675	42.6045216829627	
202.8165694449786	72.28670875576312	38.83847634908934	42.65031268669785	
201.2645154830552	71.79622705410613	39.00401138933018	42.691869039402235	
200.75133962983892	71.53146012001113	38.975219143393026	42.67125936768667	
199.45930436144303	72.00182440180204	39.005808101357886	42.707349842495965	
199.23077033469525	71.81095549086791	39.12582321353114	42.62110459732856	
198.10139667969537	71.0601817068216	39.22740141990846	42.39578699303502	
196.98343700041596	70.7570500158788	39.37828831539353	42.42287251847527	
196.03122282905994	70.79956597418675	39.35937216519331	42.39811695745381	
196.09405448071863	71.45125695586387	39.38012196462191	42.60814842335981	
195.90459869478732	71.41291552714554	39.263318782618335	42.627842419384635	
195.83087543161926	70.89339583398495	39.322644379057614	42.97633028631189	
196.90402897573497	70.6599426168125	39.38447814089335	43.01272986540741	
197.84174464271763	70.803122361286	39.43044342004907	43.007293385379164	
198.64971347269181	71.1276458379723	39.52857929888089	43.131906018913	
200.1048078780554	71.28098379108494	39.53516643000251	43.34639804662861	
201.8987519487598	71.25696238282025	39.41522148012198	43.34800316753555	
203.50937916404717	71.00386161876017	39.15232795996292	43.42032707853495	
205.60052533700093	71.50734433439246	39.03331476597194	43.5242731358034	
207.96647865407436	71.16753260482622	38.95029958079964	43.195809198314166	
210.9615424389796	70.91889775004142	38.9106624856901	43.391586395657654	
213.51614768816415	71.7722667135273	39.04853374391279	43.20126752176362	
216.6007833497935	72.13346095869207	39.302266571044754	43.194813546433465	
219.2008414757188	72.61557547816277	39.29958998975687	43.37460303833771	
222.0746793485697	72.51389327000447	39.525898008703514	43.37809288964898	
224.31058675425058	71.69801740885816	39.73206886552415	43.11367959862831	
226.38832239087068	71.0547912443547	39.87889041607544	42.61898385157781	
228.5017173933662	70.44385066237979	40.16026100220987	42.39382171585266	
230.23277075469736	70.76129284890574	40.48467714484296	41.93925134722198	
231.6409384577638	71.00544123363899	40.53462992382967	41.71206980092481	
232.8169282170467	71.15378346746543	40.48604663023952	41.62218741831393	
234.38979214958977	70.95700716022905	40.253302421082914	41.41012012540753	
235.02829484956672	70.73610620954535	39.95498931429613	41.47291704168086	
235.15006898101316	70.73920595031612	39.77615445498585	41.32119714125697	
235.48761634981133	70.68398042004316	39.67558090135705	41.147580898860625	
235.15250929370504	71.14004191234167	39.43152836766132	41.202843087107496	
235.15891138833922	71.86234078771054	39.18992163153417	41.128198015050195	
234.14693250680895	72.21492808809359	39.23498754507689	41.02392412391315	
233.06453217219592	70.91307829092987	39.44962449226466	40.79588619993004	
231.5448420215253	71.65354564489904	39.664347115001746	40.59930558268232	
230.28133500156272	71.48718333718895	39.60145827711933	40.71201540244154	
228.43560749866268	71.06053125096149	39.583255137014866	40.461008704725856	
226.4842880732468	71.57810790926172	39.38917758388546	40.92039452978038	
224.67788709177273	72.79546280642005	39.22472901849804	41.32078467099533	
222.15572313414052	73.19911362105873	38.91059984529197	42.34047209639784	
219.23578137041855	73.03448406453151	38.865750649499816	42.82201732176076	
216.69336560179755	73.09274915365187	38.83486763672351	43.10375465107316	
213.53790681987178	72.73437478100944	38.841342318037235	42.91582117732955	
210.60342391459497	72.89705390969877	38.70334058403515	42.899796959638984	
207.14077252875146	73.41483494658168	38.62668975388503	42.72454460591254	
203.4976571901999	73.44631723817282	38.6348161257208	42.46583167866648	
200.07397643433598	73.52743263310451	38.82234563671624	42.42844963456643	
197.42234604471676	73.70246632290473	38.9325135929261	42.323157013781746	
193.59974239070158	73.90378283357956	38.964076777879086	42.14866586650702	
190.22624463839784	74.71349015160143	39.31107171028198	41.96826602290561	
186.96345360492285	75.41634460434096	39.50099999534108	41.79616154857888	
183.9322641212348	75.81700481725926	39.731149348459404	41.92087861311016	
181.5193391633983	75.4500425075187	39.893813667666265	41.64840491239322	
178.93600322744624	75.30756339688747	40.07958191408218	41.491722130762255	
177.26712942183067	75.03129384183575	40.13646290238847	41.283594155218125	
174.783259340352	75.40428010159243	40.04440959305576	41.47492225816795	
173.56837084471638	75.22922892150227	39.90837328133322	41.27437694235724	
171.79878605794562	75.4901858695161	39.93766564997976	41.52221006514368	
171.34700746414507	74.72760389904805	39.85893149675289	41.62023686962042	
170.86478384914446	74.31061717341014	39.85227088621612	41.61472056288156	
172.4895363222081	74.59912218332984	39.824129007715754	41.893780167466126	
174.27445257918856	74.48246618651868	39.6670484068255	42.204850458412636	
177.15086923097527	74.31111868191158	39.56339074717299	42.28869882703998	
180.16973156462726	74.51985213395983	39.48281129394986	42.51871205313908	
184.09793283585637	74.48928765132415	39.47225397396475	42.732516915293466	
187.66082340096517	74.31377868495449	39.47293434963706	43.056823216466526	
191.6504173889024	75.11069363501048	39.58297595750279	43.304681234063885	
195.40992573819798	74.86348007120293	39.649747032043976	43.56442550368871	
198.25522369052132	75.27682028239147	39.971107342302105	43.559094761735366	
201.19695697525708	74.59001323554041	40.21164561368139	43.298887368010725	
204.40276023223217	74.21759489350725	40.40552596954325	43.03697382605622	
206.87067102892297	74.94973386943019	40.67171643823437	42.535351597305294	
208.270987119544	74.99775450087898	40.487676425800316	42.38665952884497	
209.5295641477512	74.98218824789615	40.45465799713252	42.127139074271774	
210.9758398855523	74.8025043474164	40.36092129508991	41.945402260496635	
210.9598655923471	74.93072849608748	40.10155885588082	41.88995974981181	
211.14385023814785	74.83682125523765	40.013968144372654	41.75105995424399	
210.08050136862286	75.18354075363192	39.69772469461036	41.69496001299365	
209.21714179084194	73.635011962493	39.48699618305036	41.6688281459612	
207.62620754766587	74.05660896540492	39.03301781614625	41.92637707627168	
205.88596569230558	73.7598504675849	38.72907364562601	42.10747004399197	
203.74836146557047	73.36904629575957	38.355573755590356	42.10567058029244	
202.14041192342125	72.91360102356768	38.438601688918304	42.3831182459531	
199.67381486078065	72.87296947691382	38.84407822386747	42.43986970581996	
197.34425341586908	73.91647657373377	39.19550667857099	42.143315145053585	
195.14285548836966	74.47599907716697	39.49880759948782	41.825097045345075	
193.15361469426364	74.9436265896466	39.95533632019192	41.3464938570195	
191.3246523813196	75.47464912207629	40.55171009044342	41.18788724106608	
189.1093510720226	76.43289289808538	41.23341372603568	41.122612309783065	
187.21503626542224	77.40890337588098	41.71646153114621	41.0160589216357	
185.34914335611373	77.14775422252144	41.9247862463239	40.88412842185911	
183.5736259759949	77.67788823471099	42.40552853372218	41.168517341754935	
182.0124104420645	77.5414394819033	42.803653256597016	41.5161335238778	
180.68445895423943	77.79679234994921	43.30834663942795	41.58328522253554	
180.2096119477721	77.26271590720395	43.46162276038343	41.53362344795374	
179.59186200860816	77.63625322875825	43.55447811413702	41.63451136311464	
179.76620083584942	76.96726294958741	43.51772235420479	41.668071688683504	
180.0922615096921	77.39225183847962	43.55536425448621	41.89496876307956	
181.61152714329958	76.26903898486472	43.378592411480824	41.7662752610198	
182.9945646288675	75.40828296114215	43.02687534096453	41.887395920525506	
184.6492273999731	74.91002210173038	43.01425766732933	42.091399917696066	
186.17822618703042	74.68236720027116	42.72938693380618	42.25200179648691	
188.11977205261076	73.11637639070021	42.422012413415146	42.59751610186233	
190.51837892840265	72.67791939051065	42.17498195803497	42.85108430994789	
192.27920431272457	72.16311809630086	41.69991126560873	43.1564441515375	
194.4503041280359	71.87485706618709	41.4828484872505	43.453130749194855	
196.10340794544226	71.28715683910937	41.13754068230232	43.84364299543785	
198.02980602558262	71.40601991365065	40.92643382255868	44.13984160478959	
201.46943537086312	72.03209006088537	40.57696887131652	44.25379160801912	
203.7374962457682	71.55024717452282	40.19378930213992	44.12189489554524	
205.74426363110584	71.317825267157	39.90312964972028	44.16991869079332	
206.45703313065044	71.86304677403466	39.558840960575196	43.83398339750843	
207.47769946517886	71.623730160656	39.35569145611494	43.720485546022495	
208.55008174029385	72.1540753870651	39.11529995562097	43.70508007970025	
209.02861955226254	72.05046397095657	38.919225739783734	43.30926245514547	
209.65505517078606	72.33097224017135	38.86326488405385	43.05369036590223	
209.10565258827495	72.70827577421322	38.85590440156933	42.77685410317738	
208.9946572062043	72.49826801393854	38.75788593414322	42.665925812786966	
208.28547779226335	72.81021999690381	38.60757317789579	42.680985546197235	
207.80287119054483	73.25225219834094	38.463258793442215	42.6404826734362	
207.68558752491657	72.8186015320723	38.49899967756946	42.34316563305631	
207.65756694264573	72.71369197400148	38.61140420120485	42.36737198126316	
206.89556413458118	72.19452467724037	38.34873674833368	42.5263960860845	
206.46841099180915	72.9149981277447	38.1585335038103	42.40377720803271	
206.1615494556067	72.54530645105785	38.03354241768022	42.483559290253886	
205.35453679091154	72.55052360469394	37.92973744673938	42.3301322331715	
205.7694264965257	72.32454388534052	38.08482620434194	42.26338874762677	
205.1076315950514	73.01200604684668	37.97253153158256	42.466520521645094	
204.37042837134854	72.20328651867693	37.8918111927563	42.46108496040798	
204.96614034914106	73.08907041325007	38.02290451298146	42.48653236138623	
205.0904397999656	72.68213069595383	38.03590044327592	42.41351840436952	
204.18846113135083	73.11371396882186	37.854244672824166	42.44262874175876	
204.67971362842798	73.24292289014451	37.91475909261796	42.45364752673986	
204.15971774730917	73.0898456830972	37.794505555516224	42.325398908770055	
204.54164601109403	73.11806494476807	37.87367328179175	42.231202187792924	
204.8965872409145	73.29397794392321	37.93090975296748	42.191116736901236	
204.36260132969488	73.21766145155041	37.739750620664296	42.265549537838	
204.73515865484904	73.55720455792235	37.818299205066644	42.214714937280576	
204.45767864141712	72.85067439659072	37.63742707717966	42.248260446520675	
204.55475933930842	73.27835636242672	37.62548836065446	42.33836857648273	
204.7981922289843	73.3064650078311	37.708857356845904	42.2033139431137	
204.86435088130324	73.17591798719234	37.7622264765826	42.07614192761517	
204.99672417670735	72.95373605821777	37.73492507632332	41.89587074480425	
205.14700985626013	73.12077210436068	37.77846262658623	41.885444512475175	
204.36925687641593	72.32726936154312	37.96167952472834	41.794203857630265	
204.04019016743783	72.23888611947392	38.36906806343877	41.873685227539944	
203.94739996948704	71.72540727651321	38.713861465836786	41.94041423189704	
203.13591913349913	71.9187325117746	38.884710939936596	41.82790301665948	
202.5202963423784	70.724314729313	38.72025165672242	41.86103403560797	
201.99729716718235	70.03911692988888	38.80297105785384	41.741537270907926	
201.12342774331557	69.63105592008739	38.731944742165744	41.79461695976903	
200.9993074736157	69.36102610429054	38.608931761315205	41.499784020390265	
201.28056714566492	69.5956723610038	38.76273024968666	41.486970251709025	
200.93268890879102	69.91436096693963	38.83210270358282	41.36679738410998	
201.24575670450972	69.52572353001763	39.02222870167251	41.16080554671893	
201.29066358699134	70.07992615803497	39.271144348072866	40.977745532707736	
201.4481311179374	70.1324322113087	39.40472440334919	40.93478708795373	
201.45212404542767	69.96390860209429	39.66632117757246	40.83923172202051	
201.76708713089062	70.43223598302345	39.749419682492686	40.76171974046616	
202.3266891891889	71.0520197238717	39.86324218962198	40.708589984790486	
202.36779181868326	70.63593729211892	40.096185999465675	40.72885506706891	
202.73695338851647	70.1177003026773	40.33521780355154	40.691534442604365	
203.1149053085764	70.43170983848734	40.16829773761687	40.96691948761486	
203.6321051838568	69.90477211913165	40.30409785811928	41.103282867114494	
204.02603461438028	69.43981081869939	40.11912078627977	41.400722343246066	
204.0419277443521	69.54213987101761	40.00975892469876	41.54385024792127	
203.994020589734	69.63992911227264	39.90742145177995	41.72509715765747	
204.44220244041884	70.077157137753	40.000032858080104	41.811943923564556	
204.8935481078333	69.98241226506617	40.11922417648752	41.87365202447469	
204.74519638604352	69.80571099465772	40.06669002903894	41.72334733520051	
204.72239937264902	69.34715924527944	39.95848814296606	41.61799657217728	
204.89721880864496	69.16706642306423	39.83501157048801	41.66591315480388	
205.0063290029434	69.2898091354787	39.96060478004708	41.62698174048537	
205.31316932659607	69.52550720013811	39.87540895406136	41.68272724181614	
204.84176423738145	69.55962155987231	39.69638926512759	41.654932629532155	
205.02647650971255	69.72475227678959	39.74651171205208	41.536920117091924	
204.80780236635619	70.31548481083972	39.905036831679176	41.63426936478756	
204.75968631542787	69.98120082345733	40.05638867151859	41.62698492160649	
204.9342515284752	70.36355982922905	40.00316985555044	41.47793776987676	
204.9279423868282	69.7031847061199	40.02204525144806	41.38811965958106	
205.1774043093053	69.59541486652829	39.7943335372788	41.52842789094839	
204.80310507961985	69.21888738820851	39.55967631227398	41.65501311625706	
204.8617290268854	69.5004835095215	39.20056542033016	41.95340565623148	
205.86308037331446	70.31747904464078	38.63258217079331	42.22089847938742	
205.51406930388978	70.25532846242243	38.54055398186478	42.296882047507786	
205.73554507655064	70.52653332244307	38.62040997505245	42.23146874928045	
205.8429105895536	71.16057433886878	38.51114930092131	42.20472902256611	
205.76721396561624	70.76484711807286	38.525857490321535	41.92364496909416	
206.04042756005248	72.118324914543	38.20543216016026	41.952121285715066	
206.79003320233082	72.26193835990938	38.156667719704544	41.83322475146099	
206.684434888597	72.13208277365698	38.09844962425275	41.72356930795512	
207.0312520933336	72.88499175813666	38.383684056904514	41.37977130702858	
206.97942576660552	73.14222257695627	38.69041216399964	40.69061015428508	
207.52635023312416	73.63319591286144	38.925132881612384	40.347006399440225	
207.40693832177158	73.85862639643096	39.44887686031959	39.744476287670736	
207.18925131375948	74.01928710948471	39.77604927573261	39.69402840816362	
206.50665673412786	74.92118381243608	39.96837769338053	40.0293443753535	
206.71231918291485	74.86185922333735	39.84794286362233	40.35199356463745	
205.91669711472872	74.90894142567498	39.60695762415538	40.61680799769066	
205.32611919802943	75.03299502658172	39.49974940478145	41.14668601106426	
204.76896907718876	75.1463459979493	39.58840784748971	41.25978317445018	
204.2385052398262	75.47060548687823	39.50334455446425	41.46440651770208	
204.18630360718265	75.91604846827576	39.542941820353136	41.737477673895064	
204.164331995419	75.94829876856122	39.62346699600529	41.80442029072087	
204.2538360535239	76.28545056053561	39.63932140943088	41.869274621887456	
203.18547011134478	76.2612199193648	39.48932228907418	41.92808236904181	
203.0690413603957	76.467672523504	39.73375805282463	42.07569363739458	
202.63101293229465	76.50124257593068	39.761797276065394	42.23534463125512	
202.27564341176367	76.24967686437917	39.6793323671991	42.59749709217514	
201.75568723661755	76.25215829068756	39.86607515705891	42.817494983939284	
201.798734624056	76.55747166881616	40.218138268448655	43.040687915048586	
201.92842464183556	75.895289602239	40.2805832603554	43.41995770120277	
201.52210115725066	75.73987248859856	40.20546088805638	43.47434276552361	
200.7902593314703	75.52318585915262	40.30256417252876	43.47589309860943	
200.7118632661817	75.40786830846305	40.464365372213486	43.54030540414451	
200.60633159569844	75.36387064648858	40.76198829940692	43.46061691809781	
200.89125439832392	75.38508525355574	41.002345590750984	43.365377787526796	
200.64647448720785	74.98365659478695	40.96476074249664	43.38031284191894	
200.10364731592188	74.90303000795052	41.01905088256923	43.29734237622279	
200.2411708130697	74.2526511922339	41.28570025792156	43.0540147434501	
200.08851099765678	74.36251093231736	41.46210438512629	42.93089501350394	
200.33482765476495	74.36092360522613	41.551393304014674	42.68744497441191	
200.41928198829103	74.00517021408439	41.31636176979547	42.3957538482939	
201.13991734588922	73.76210513528106	41.245205619494726	41.980727818843064	
201.5841631938042	74.1086987814166	41.20210668727947	41.517236040416456	
202.0559404923575	73.85869283477965	41.1042815604258	40.942510623280825	
201.75528543848756	74.02962855635732	41.11453973201611	40.551616095783004	
202.04494482495113	74.05682528413935	41.08695051898732	40.01913497656843	
201.9740639426152	74.35645345352337	41.2251828139438	39.548001876483134	
202.55469359270043	74.63831588984586	41.20527735936963	39.31312515719091	
202.36291302992277	74.1037495770925	41.10397013728015	39.013488017797414	
202.4010891281812	73.92271810763705	41.02627561948286	39.013521940690396	
202.32600670826668	74.13191385741479	40.65895192009302	39.054541108554375	
202.58959040984297	73.36289541212017	40.265300381551114	39.22783560088157	
202.33231327943037	73.38153400833362	40.1637343039364	39.277870428816094	
202.1633765677335	72.84489451443596	39.635355901043816	39.484753823921885	
202.03673960431615	72.86785066455602	39.12193975248101	39.85832128122916	
201.65849213249496	72.89739059036233	38.69607964985113	40.22099131946713	
201.27495453751789	71.98122873867985	38.52105359964716	40.442369917279436	
201.5940669704431	71.88538259534648	38.7937382076928	40.48538893777377	
201.4796200731954	72.00746415227763	38.92881955887218	40.44314445570352	
201.1505785354071	71.92426043247957	39.054416493720815	40.57179603342125	
201.02565053988587	71.2626832440272	39.14417403636752	40.71763732095527	
200.54360851304065	71.41354263342646	39.16314043764176	40.84189645768221	
200.47346633166063	70.36985503110346	39.00046386814701	41.03753300914522	
200.03191336734673	69.6237301437171	39.21858264992039	41.122696053914595	
199.69715015868616	69.42870645798469	39.11731503323733	41.1977671504122	
199.9314076116222	69.046253940933	39.13152369127475	41.16079742770253	
200.6491550591694	68.4172092963928	39.15895458792079	40.90627508920419	
201.04769331764572	68.9371941438857	39.282941613334195	40.66609541897578	
200.8631908799096	69.30638205450701	39.29341212291396	40.3687381195189	
201.2319098720596	69.39064169754742	39.408776474830006	40.40258719717614	
201.82780253610753	69.54553523362438	39.60881849162853	40.32189115836171	
201.89761213814572	69.3597613927276	39.67495267357282	40.23364631557908	
202.19396673956828	69.90297334242578	39.70456942754916	40.13206704117893	
202.3952468444178	70.03450202079642	39.558533423057916	40.069675575608116	
202.51831319491262	69.91489423734461	39.56118453399514	40.02356528749506	
202.6286788171231	69.95109093404045	39.71570738417481	40.09763686779149	
202.95574945232073	70.26609408567498	39.705386399576724	40.175661086392104	
203.24849187843705	69.78999840509485	39.780666599185814	40.34576005510776	
203.13148252254976	69.97150300149465	39.71412272059975	40.513549357123956	
203.06596922144985	69.78266418213582	39.47173903828036	40.62597655142942	
202.7351645803093	69.49907716650378	39.254001055794795	40.54469985046233	
202.6566935722987	69.65604990618314	39.01934922811743	40.60747238558231	
202.5034319997541	70.2955918978494	38.79000438414341	40.725045511510324	
202.8292675730803	70.81714225387266	38.52792555721792	40.811672401468826	
202.9212201821649	71.58128436926592	38.55537435630648	41.0392079681982	
202.50494935897171	72.23305262031576	38.55598047775234	41.100828235851	
202.85653225587933	73.08772692769497	38.46559406282808	41.27020538822819	
202.89491900244346	73.05476694341064	38.43786564815623	41.229920198861244	
202.8146322630393	73.32241225605277	38.63229977687811	41.459554457419436	
203.11468193837777	73.45060880716558	38.56382522020749	41.74042749040959	
203.37293790048642	73.6953397703102	38.714321457535	42.007666854727816	
203.73597921512732	74.21836085945759	38.6862994004006	41.96494346305411	
203.3075780124534	74.42085833899483	38.82434667974893	41.876058429488126	
204.1121378880131	74.38957266799625	38.77323083106482	42.370581592335654	
204.89442644918145	73.75460429492948	38.6928206885179	42.66507884958142	
204.42053985265665	74.00919540533873	38.71038960929729	42.58321976151629	
205.03240348815723	75.05702490497521	38.651153395692056	42.748269809560824	
205.60840979748022	75.07702878045316	38.55589047854604	42.740534531582554	
206.19980835544268	75.59452883913382	38.502964373401404	42.71782930271766	
206.8988242598807	75.71284803170253	38.52351941469168	42.409216237752524	
206.94334981703838	75.80533889670617	38.52798883739516	42.17281801006769	
206.59304389448073	76.72698015188112	38.46355116535571	41.96787716498573	
207.27140446056538	77.14146659258952	38.53408411395886	41.62333513312109	
207.11390931001893	77.2772215948425	38.98791257210951	40.93779603701854	
207.05299650878283	77.50759080558392	39.20288463284987	40.440467207001895	
207.06602003769942	77.93060343208734	39.36862407284805	40.221588674881275	
207.40018753441638	77.69789907972242	39.61172378943988	39.917432274172874	
206.8492790678402	78.13489075156778	39.78528403209009	39.68413854191708	
206.91650096706962	78.39375496756992	39.932926814623016	39.3933739279861	
206.815694436044	78.43547346067788	40.133870818203725	39.13132839014872	
206.46770958275806	78.17810610217482	40.2454352813788	38.90006687035369	
206.40555671505456	78.20986124108839	40.30572247670146	38.61821324521553	
206.6066593367945	78.67735930322576	40.22191538104299	38.277774704272886	
206.59267442839663	78.57982792555401	40.164820220431274	38.132862132363	
206.68676354994767	78.7695294026006	40.044350298244936	37.964940585554594	
206.89772636354246	79.0298039822887	39.73907463401703	37.98536145362513	
207.3701928903821	78.6074464070519	39.76377235817358	37.85634443065588	
206.8999939690617	78.85035821662008	39.616630170334936	37.98238782211293	
206.66277068273678	79.2538365262887	39.46084488568497	38.005837987787004	
206.6604405828357	79.20432253214088	39.48483531509737	38.258056141840754	
206.15941442210183	78.60683317644634	39.50581574716461	38.538759207020135	
205.55678994495253	78.24949593216964	39.42128265419149	39.039925238628115	
205.64808159957346	77.68535458451356	39.160285955326444	39.382189264335	
205.44030091630935	77.89604575815622	39.07876863490206	39.743671130039516	
205.94175453149876	78.24828483842134	38.98786825953428	40.09475820750822	
205.99106843889174	77.54587966015276	38.92566935077178	40.60569767390484	
205.66157128866504	77.07762572514926	39.08516450905522	41.12824872294703	
205.2249010111779	75.54548970397904	38.77041318990692	41.54536548040587	
204.4209290632503	75.39965581157792	38.40668610054027	41.787581697975526	
205.43331931888764	75.61725097860563	37.996774110955926	41.93286138945951	
206.6251067460272	75.78361000072006	37.706416629571066	42.438546391361776	
206.4890264319692	75.11223659085357	37.34395456462528	43.022356388680336	
206.17933716401768	73.80863989872496	37.10355094119987	43.35294297476557	
206.0150605904712	73.46442002296747	36.87966928623745	43.68082865699992	
205.60834964043838	73.30015150061189	36.67967644574066	43.99530025724165	
205.8631861469582	72.74597187881429	36.89745279021061	44.06611966109229	
205.61915310213874	72.43258597224127	37.010268361527544	44.00353836583224	
205.40420608796214	72.87857550763748	37.00088804901276	44.14582982001846	
205.29340307615922	72.56359799751465	37.0073529550458	44.078939964451585	
205.0788989401373	72.30160673760543	37.203547138625886	44.143077537408786	
205.06332925228344	72.76721164191554	37.39885421653164	44.185638049204044	
205.45843906050513	72.85968804104579	37.652241835043085	44.32702571768131	
205.56415845658506	72.61615861668506	37.80069854044373	44.47948170380624	
205.6855461915591	72.19862388912014	37.89552687794499	44.7851348958326	
205.46605137669945	72.22513659583686	37.968312782326265	44.83613169472569	
206.0602146827249	72.05225932063112	38.064777043802934	44.816905189877446	
205.72792565034956	72.19561276101018	37.99332011919659	44.88342735498725	
205.52404649120555	71.99835587407634	38.00177020303143	44.65165140355127	
206.42260858979057	72.27507196744239	38.17889656089981	44.48933953141726	
206.47522484265372	72.34223131563661	38.082385133919566	44.43416599832647	
206.86620408638348	72.56281170031022	38.08773408769464	44.20476870034422	
207.30276658003942	72.54840082310962	38.09465177254004	44.32890537469402	
207.72827984929287	72.78391034549966	38.109316955472465	44.30232258203107	
209.01476247865378	73.07188157848078	37.847026364109055	44.217255986058234	
210.07196987682062	73.49000209373725	37.89317694405713	43.850713891292465	
210.77153133086117	72.82020718857102	37.9335213468815	43.68527807639603	
212.7810951207668	73.14248673572227	38.02853570814078	43.619018981330576	
214.1572995532478	74.10647865959331	38.11728547164248	43.32101534007806	
215.27073419243325	74.75039945988465	38.274177360797886	43.16455155569565	
216.23633567781738	75.00153127443483	38.586202348708795	43.16303834907301	
216.90611657283324	75.38263389342005	38.77759408517395	42.842787694032175	
217.1473519696932	75.49890200045972	38.865648699245156	42.76931019982627	
217.6213519933799	75.82075182979395	38.93077836302292	42.832381199650854	
217.6238554018566	75.31098302412364	38.94286250181867	43.12481283584041	
218.06013803724542	75.2154385299489	39.0043910640107	43.067650833083846	
217.49420905536397	75.2011526527041	38.92450686506916	43.03564338450426	
217.6955618553272	75.06499763129682	38.877690496109196	43.19953332353043	
217.7556658789776	74.6103706797511	38.93661020158936	43.22170780891635	
217.28676348378602	75.11846104359265	38.81315059625873	43.26491953347323	
216.59497593953006	74.21241756860996	38.71889765895273	43.36696281469164	
215.8791827836593	74.1186207281126	38.78794384484742	43.442368283112835	
215.71318234014439	73.9640051074628	38.65058575122157	43.4136300126651	
214.92734233203095	73.37717797705486	38.461267756813044	43.330759353017406	
214.12752518570056	72.48053742187346	38.254263331822465	43.04239950459417	
213.79687722244142	73.32053871319111	37.98346158492459	43.12450500949856	
212.73342240695817	73.14610819485482	37.99176131064819	43.064706468801454	
211.9696495926731	72.61749005714981	38.2680957728365	42.69918261523655	
211.6483272498907	73.04606606051422	38.33197864237653	42.95610936865482	
210.97348001012054	72.50622042405946	38.40311904000005	42.91656655648134	
210.65987526642047	72.59117085396414	38.41881670088496	43.09977711277345	
210.45694328249687	72.28381039147907	38.44808189334536	43.333576673913036	
210.37384979715603	72.92779800857228	38.32151421391108	43.4865855696323	
209.890273127391	72.92708228633927	38.268290990368946	43.76030801875606	
209.59915351018088	72.67698996673184	38.28760101174212	43.96330193216757	
209.05260587756098	72.67983276125851	38.238211492855676	44.20425932011349	
208.93010541596612	72.99932698922369	38.226836954228574	44.39566757600946	
208.92293092994078	72.88701978698363	38.19372320585533	44.46416333422551	
208.71531430017404	72.99519626099135	38.076951036120946	44.61388050773678	
209.63795483251673	73.09590438474568	38.01736659714511	44.54399251855178	
209.6132567359062	73.52965304705758	37.67869882313825	44.39251929470848	
210.13278385236643	73.47530170086651	37.534117606479825	44.52143617407192	
209.7847202000203	73.64952198704978	37.32166627690997	44.538824533037044	
210.62514946060847	73.86292962481212	37.308204777980976	44.588367939429524	
210.8083899633606	74.6532548834121	37.08957795162057	44.664897731525215	
210.46794488098442	75.28546172932599	37.15055954512965	44.418444349679746	
210.2667754038768	75.2945047796241	37.162945273493875	44.11639385356046	
210.10050731310486	75.03479244113987	37.57762611777558	43.679811705558684	
209.52042436588528	74.81549670533339	38.05240559291847	43.28366617432206	
209.13145828698552	75.09155531989006	38.4909906564206	42.96439522018067	
209.31612196611482	75.7700491921708	38.75651660159448	42.936326528696895	
209.34532318909802	76.01953959964854	38.8886141617077	43.06975457108699	
209.19638660529742	76.19924434340513	39.03826705843681	43.11352586160041	
209.01868530817652	76.83054809183507	39.14336811278073	42.795677495218435	
209.02146976364395	78.21984992746314	39.067636763989626	42.75502939418324	
209.3428779547263	78.41856538799496	39.003744739716026	42.560291354346134	
210.14024684683804	78.62213237398907	39.03595435844663	42.47388836656886	
210.5768365663196	78.90202990723455	39.05358558795202	42.43152652618647	
210.333660868266	79.16924874981181	39.42518586861785	42.327730670999436	
210.1586343863153	79.23398358894784	39.79273605352722	41.979388907513744	
210.1208755656505	79.5357491695259	39.8698705425582	41.95277217602222	
210.43415965574297	79.206374450379	39.76041795532979	42.152309072735825	
211.06634868404805	79.88136919437447	39.88674345764146	41.862095652478644	
210.56994701076863	80.30709055053647	39.9759555885898	41.74946419465599	
210.74384095506048	79.82954928822784	40.02055056018982	41.73328497954242	
210.68418063187534	80.0087355700904	40.18219776866671	41.653832291439095	
210.3675747898366	80.00546174336382	40.252889067955664	41.67083973117323	
210.46441013578908	79.77132370695635	40.317357151876216	41.67215287044784	
209.79111938168518	79.78922866289986	40.45906927055	41.860763029209	
209.17394952799285	80.15643969064443	40.69037224049265	41.814546513900076	
209.21520735025615	79.80267533691958	40.873312527391136	41.72932033281524	
209.34861887592086	80.10668496549972	40.83294903884019	41.53328194304081	
209.25880163365596	80.7026273251074	40.876606121040545	41.30392122065543	
208.9081836377252	80.38337279562784	40.926787730577864	41.233939609887244	
208.84163911499465	80.08041490666353	40.977735100983914	41.12759871781767	
208.78245387294245	79.61907362597135	41.0850654144113	40.998623840923834	
208.8944425315633	79.76211612348528	40.92860064662956	41.03091496980115	
208.63727772345575	79.4131445554842	40.81248847798594	41.051828972960315	
208.64345412404268	79.55846239677498	40.80775115086484	41.0653925985357	
208.68832995884466	79.79736150794085	40.74258701376623	41.00969000279661	
208.60363051968065	78.88625098604408	40.546130973137494	41.175227840031944	
209.12849202098556	78.54263729865285	40.46182315025712	41.34313252146646	
209.46126964134203	79.16593568421423	40.38288281633211	41.24151856513251	
209.66205157903818	79.57708859556969	40.26281439286696	41.38893900689837	
210.04649171527507	78.63216373058728	40.45478239223994	41.505052498383584	
209.7961391417527	78.76396491500955	40.309397687428465	41.73386362054971	
209.0201128136991	77.52121100491719	40.21037617246944	41.812627675857094	
208.16732086987287	77.2739989604028	39.97810612774114	41.90909858242699	
207.46211954176593	77.0412228155391	39.54688833870359	42.16129132251279	
206.985651360658	76.30420800964312	39.40047567900778	42.13573614026027	
207.30317267903217	75.82432816852963	39.259575455398796	41.97449553257025	
207.36135540154973	75.58106390461637	39.141663495444696	41.91338355794392	
207.51566162460347	75.37829276791602	39.0481285985563	42.082979384687434	
207.77163726735222	75.50765754074743	39.06074700328633	42.114932095246374	
208.42489828059507	74.65984535669243	38.848058065675446	42.206197671051406	
208.16693041158499	74.78494705258925	38.79362402363196	42.06362649904917	
208.39327957082696	74.58310362831165	38.67502288193828	42.010974643972006	
209.47609244492077	74.33196770873482	38.5628212537	42.06669095806121	
209.86035703453229	74.19037537690596	38.46390740278886	42.21594675652461	
209.18862109120462	74.3777062581872	38.586732669647475	42.06250357993015	
209.8783010594685	74.28845057690887	38.62106830692649	42.1491064801412	
209.8889010933655	74.14654831540268	38.56917034205587	42.36609100751186	
210.76819134590522	74.33171352641642	38.61639456643806	42.27190818947303	
210.81411044923053	74.76958407143488	38.47613612427286	42.285793065985054	
210.20233601917732	75.1048296700899	38.520563132458136	42.10199271774079	
210.65222768733412	74.50351391367856	38.59275846054276	42.095306307971306	
211.35722832591895	74.71989047125827	38.634027048409095	42.188866497713015	
210.96479557747284	74.95512773290662	38.82503740270792	42.05425097509913	
210.83682050330958	74.35850360820332	38.784799613774794	42.098557946048096	
210.7427760295566	74.30908190823277	38.68106195548393	42.183448957561055	
210.7185787948212	74.36571757296495	38.63228662336187	42.17256527989778	
210.10673890771852	74.29160608482906	38.624987551017256	42.060266456843635	
210.46831296948284	74.08448965404074	38.60536473228295	42.12796846371829	
210.712909866837	74.29737580748426	38.6379406996138	41.97297144517468	
210.0108226043532	74.13583732468064	38.63329054234573	41.77560187185674	
210.1506639744839	74.3284908271342	38.623858569553725	41.68620406308799	
210.65743559665918	74.88605786472728	38.70774245494862	41.74551251758019	
209.96307442281778	75.33976152942716	38.675934483417535	41.56827061014316	
210.10544047403639	75.70894515647724	38.679568162287566	41.288352958170066	
209.88062949542135	75.8290701783458	38.494262787116405	41.3824735275311	
208.89713327369458	75.15943794152322	38.32228080239304	41.250870605775255	
208.3802711176309	75.29489248819365	38.177459520305	40.945898094969884	
209.17478635090077	74.7757951711347	38.120666941147746	40.3068510460815	
208.6357537853553	74.36034392330376	37.92936139715172	39.44478374270166	
207.98953506436195	74.58769279355722	37.72749382452813	38.34097878440602	
208.33225633535397	74.526710507876	37.711882677693296	37.41500143262698	
207.9174073723024	74.67215208407889	37.615819738585024	36.2880075691235	
208.09026330266528	75.30338576290748	37.6714122122613	35.35086644556854	
208.3143699835128	75.67965318527419	37.7360952095331	34.531252094020644	
207.79784312534574	75.637059624093	37.90104661377921	33.62102102542693	
207.634133240255	75.72242736591353	37.88262780740541	32.93789749122968	
207.59832351629328	76.63300703930715	37.56117235541699	32.393045012041945	
207.35382843071204	77.09274930266639	37.170741650076465	32.05020729013303	
206.50767297798302	77.5827427651359	36.59633369109363	31.92221374717107	
206.13198536230985	78.3047395310242	35.953470688873686	31.74314307267904	
205.71487186890104	79.25102787229352	35.407820346818575	31.51174378691468	
205.36044520942247	80.15400457991883	34.564629870190096	31.31407460666467	
204.9069931837906	77.19726860386186	33.804081109259	31.229582653444137	
204.02004663895988	77.71221591851817	32.878245948416904	31.199265486804702	
203.60694624417283	79.09703903888224	31.81705922387662	31.27696698243519	
202.7063334179898	79.91925477417172	30.93178098906614	31.399642521743957	
202.58487706497004	79.59447466119852	29.80633651355666	31.67495355759826	
202.9798986553301	80.07522822651545	28.883253083488874	31.681783485985388	
203.2126394074055	80.05176123531982	28.160866500450098	31.690513193305044	
202.84687800137436	80.21984478580464	27.56316663337421	31.397243491850297	
203.0213805512637	80.65313040341893	27.081536952139317	31.097751025828735	
203.04727848641133	80.73299802266732	26.669038984428127	30.79073861095179	
203.38611000576273	81.57533555269175	26.251366280236134	30.458926266624047	
203.03513627394233	81.86906979994151	26.035614108848083	30.291808055508863	
203.07315195345285	81.26026785418516	25.79831229530111	30.032204167137216	
203.31885235573893	81.55962645271794	25.500104181339843	29.723834576015335	
203.15891555859244	82.0021348440387	25.315974608480424	29.43869187260129	
203.27403079280725	81.74782498416384	25.103790159649623	29.291866195450798	
203.56684655798247	81.71771089498336	25.054600789905603	29.106448046077794	
204.20073914117089	81.8555471834928	24.884105304963388	28.87693428199902	
203.93365753493924	81.83100803490207	24.760957793168235	28.636457297779806	
204.3168819924782	81.96309579417616	24.60781385073898	28.662615646304694	
204.74084022314742	81.7818375419339	24.506857552516955	28.476013393541265	
204.81719220381657	81.98537594924719	24.52468192853809	28.111931916311555	
205.00639298581032	82.13635249849521	24.620899961747174	27.78038829680773	
206.11477637870115	82.50654503403229	24.79895076667902	27.491882607867066	
207.2813680157381	82.66932377642718	25.1276532309779	26.77273196077908	
208.6739168329135	82.96297957996178	25.73748333672414	26.250234705208943	
209.9481017554905	82.97680459745109	26.62422429898894	25.653375690623697	
211.41747691528585	82.38636199493698	27.427632392331667	25.641595676344988	
212.59777536560875	82.77388999156935	28.266480977754547	25.964877810216464	
213.41278306112758	83.25550104720291	29.41882757096982	26.578036905461794	
213.93734324650038	82.79699224222888	30.407065245802222	27.65899180095235	
213.7340227805174	82.35706581823261	31.194276619252655	29.111307267295878	
214.0036528513668	81.7091819790315	32.12539559170484	30.107409673462236	
213.62588211970862	81.02368482567074	32.83237930786576	31.258506233143947	
213.53154863835815	80.4386554031647	33.37783481641368	32.30886976488116	
213.28356393356637	80.19428749444498	33.88357325404988	33.4305916510462	
213.04178632431191	80.19916203841134	34.55947145425496	34.336096977195034	
213.5149891986199	79.84034907605985	35.272779689174754	34.8162726598555	
213.34412272391995	78.51252366213039	35.69111459088899	35.526712792447675	
213.64727432709435	78.42642632525153	35.850755627017605	36.21431103495007	
214.09965242437104	78.94180672430906	36.09449451055109	36.24873149217558	
214.0357653433445	79.00434757879192	36.489109100718096	36.10311101168483	
215.02594781428047	78.56825307375414	36.846543469530374	35.9743315654921	
215.85554960051059	77.50057772080598	37.35591589919114	35.961903521922466	
215.79783698644368	77.67073275810849	37.44939184727155	36.08521825252947	
215.40596232026402	77.23301261755675	37.67440527255307	36.713913081348124	
215.53232804513613	77.33449596861733	38.29182802479332	37.466535137218756	
215.43562524589376	77.48335915329767	39.05617340255965	38.23943526512677	
215.16834232659855	77.36410868561407	39.854208937195004	38.801726869935166	
214.77472431947336	78.29878859374153	40.64971824470955	39.30092021530133	
214.7199436438102	74.22366859042214	41.099972712223945	39.88766649330244	
214.60077912836147	74.59579126179375	41.51850449547314	40.8788493646324	
213.96888696467744	70.27471359266106	41.54350903959232	41.549510028215174	
213.716818517395	70.99741721619431	41.82189773791291	42.281865289541	
213.58332682226498	71.40085459179326	41.958037682514295	42.946361592992446	
213.1513459046089	71.46431200593153	42.28652521744196	43.87804277969242	
213.02891842898484	71.55642065673823	42.64607955475031	44.632433290006816	
212.72361245695174	71.89329314336551	42.969141734898606	45.4334076027172	
212.3337466393879	67.97812883830856	43.037736254070936	45.558488333802785	
212.05233508668152	69.19211734403409	43.14739996760365	45.74218896898869	
211.83608739207168	69.72727996608478	43.20128713004721	46.34808020800346	
211.61520915819463	70.17193064053419	43.46976686046897	46.875291586842096	
211.35562343716882	70.3089439884618	43.63473537636168	47.41154050524848	
210.75361630872476	70.24100646557582	43.80937408011867	47.94120472319298	
210.7577639732752	66.9800478086077	43.83689859442926	47.55169596977694	
210.42646632458928	68.52963408554153	43.82512264927786	47.6020409520726	
210.36469631971653	69.95795981276522	43.94837298772572	47.565181529867026	
210.31288682202924	66.91329312975671	43.93588790927784	47.04669247767116	
210.21970867547034	68.63187233204204	43.849048041602316	46.82608108542963	
210.32243636315178	70.24225539670613	43.81530801519839	46.89081619778541	
210.00133345471312	71.2794158864783	43.8292193641497	47.10110382076484	
210.0276825957188	68.13058326615443	43.64978621444635	46.68659798368433	
209.99118155024908	69.8485620278808	43.48691146205256	46.67692143557336	
213.109364468482	71.33846033144987	42.82970250119706	46.876361002065	
211.76327830080663	68.49448048207557	42.41934030400078	46.624622481514294	
211.61204270993034	69.84059681774191	42.238364112840046	46.52637799034213	
211.08402509942317	71.04695757836768	42.04256422605099	46.60447091649354	
213.93875226783416	72.07525274087814	41.581780944069116	46.647753657421106	
212.60354892950375	69.16028651212442	41.429606091112646	46.37939233364805	
211.90379564293494	70.531250963389	41.418854371098384	46.258173327206535	
211.16133282384035	71.69998259212447	41.39260676099654	46.2815382309752	
210.86104712454488	68.60400919540771	41.42105701624643	45.65034583373488	
210.90446203753652	70.27783808914273	41.38128025541416	45.464731856155595	
210.60948020876035	71.67163806032063	41.31567316749833	45.62406566013769	
210.43788426294796	72.34126914151693	41.47524056802756	45.78976832623631	
209.89096501157357	69.00875285825134	41.311388760298136	45.33263378232435	
209.8223960965887	70.53648802341006	41.22521944264576	45.045796340800884	
212.79515939742674	71.90000326614636	40.735863876736296	45.0258083110015	
211.87749537454073	69.09681556685922	40.51303781636818	44.42350212617123	
211.74382487364178	70.80671694369535	40.408350824963875	44.1282883388686	
211.85710484382878	71.99289935739162	40.39264809713333	44.18029999920799	
211.15060137126892	69.05297059972224	40.24780003222043	43.69790480229699	
211.31502822895712	70.63403121471063	40.163179388648054	43.24310545456813	
210.8583454665074	71.84239721806387	40.105705949562065	43.00741039701939	
210.79629400918753	72.80249838717647	40.060567867960245	42.92458179231469	
210.27242587918596	73.6742874632815	40.178007349284485	42.43839354317315	
209.75981948566067	74.57895542781634	40.215165324380564	41.97393759895914	
209.5129899694741	74.19195558498043	40.31631722088564	41.55862578026692	
208.98892066150188	73.83649875631244	40.2143972097015	41.04027517826455	
209.26556425507312	73.99866245560105	40.01255098868829	40.46563786533683	
209.1850457267054	73.76610072825166	39.40057886440108	39.94376609985128	
209.0627945003683	73.8123987822832	39.04103521073675	39.412389594611454	
208.88410185577783	74.17522359051291	38.890319930669534	39.10399189289162	
209.11708572142254	74.27980676462684	38.610127032344046	38.94591951788316	
209.26746376535988	74.60681525638631	38.600591698854394	38.54626836597775	
208.89321144844925	74.6424647939662	38.38546291459245	38.184806310261514	
209.56413182650635	74.45092684648559	38.15375997872209	37.62575700399745	
209.71765089992473	74.87338045355341	37.9919907638702	37.13105252910055	
209.80386855905584	75.12259149328685	37.89035458027969	36.721536327998706	
209.61575532530645	76.32468029789669	37.76260994792493	36.3167052134537	
209.3945625734873	75.87015878968762	37.910661635988646	35.80581038082703	
209.3803336811193	75.50529503638377	37.91204619385545	35.347006607870846	
209.1203059238491	75.85702743636159	37.99959350798889	34.827439869429085	
208.96932553084253	76.00501264327568	38.02288097299336	34.228387376905644	
208.97947384019207	76.07862366313296	38.00676181008458	34.10188824050232	
208.58181408198172	76.32137168135533	38.174101690312945	33.84803827990234	
208.37983206244758	72.66857131832035	38.16075918698469	33.49480597908632	
208.45675626174167	73.16019149415825	38.12070125577799	33.20460242207298	
208.25951110304123	69.79575922311659	37.99721898463977	32.9093289903709	
208.30409444535968	70.2697175769801	37.95623068594602	32.61660549229203	
207.82108146379272	66.97519300805381	37.6083210116059	32.15904761262752	
207.73668270004572	67.38450265634162	37.49909717369574	31.59255110567323	
208.17859170115776	67.46810210293532	37.26682040453442	31.085692968663754	
208.28679412091384	67.25265626696572	37.23054573381785	30.680542355637453	
208.36362847607325	67.13562090382939	37.050545677017	30.399033858277264	
208.57673601922062	67.1209919641636	36.8438846126768	30.170647829346628	
208.65232797805322	67.63126030761413	36.69308236863955	29.89745033149812	
209.0272633626208	67.90411953575827	36.42216093770212	29.681885906724972	
209.2065303857785	68.26563662589459	36.16218750776073	29.555204363266462	
209.2379123562202	68.70461356737019	35.92574181598375	29.35089162554459	
209.4322890156323	68.76700975673187	35.70892444290885	29.102266283414192	
209.40879461950382	69.06111642082085	35.60687199971888	28.918664810981543	
209.0941706127802	69.33712400309852	35.57000168936315	28.754872340823177	
209.11884155920237	69.70900557490016	35.48008453808501	28.66179593809514	
209.38580566663728	70.3347641132406	35.144877553245244	28.607508246790253	
209.9394401817288	71.08199138109889	35.10542489974828	28.717816503660952	
209.8160266114379	72.05364143614294	35.1112321208154	28.68557636919692	
210.00942571693022	72.92597305612107	35.06338996785614	28.804753232390095	
210.08482768666994	73.44768393431691	35.220832432309294	28.80397323491716	
210.00984993719604	73.87372241918064	35.35637639055511	28.68121333424334	
209.57861367017745	70.27359957720103	35.32785050149278	28.5692427363117	
209.1237219748673	70.60450450199708	35.362200029903754	28.472576829552537	
209.1175771241411	67.72372060648739	35.21632104293969	28.514493875180083	
209.0585930845935	67.77138614001642	35.18433149497684	28.303523784639236	
206.75251527328467	67.01406943669089	35.35486390668753	28.136841769232184	
207.85168830985603	66.95588551582347	35.339782327487036	27.969546755341867	
208.1639058208517	67.34674270020508	35.32074917908429	27.677345545376863	
208.9430443669658	67.59209937651987	35.2644191321823	27.55270389379708	
209.39952587991297	67.98568072630657	35.3498572116919	27.4400519712203	
207.02500836628784	65.07622161793903	35.44182064851857	27.218638824277406	
208.02683920227747	65.62457887396587	35.39342986296049	27.00544551145009	
208.4031229159156	65.89398622643978	35.35572812019354	26.872635920819228	
208.7573974220916	66.19204762994225	35.27508751648334	26.793923094111364	
209.1227330355465	66.42582225170347	35.167425732856614	26.79619318771852	
209.50283513625024	66.91471145389802	35.04903445201949	26.79874840959972	
207.550296491259	66.54337932425379	35.086817668897126	26.811602252189715	
208.15813839136072	66.50402042995333	34.942725365161266	26.958936147896843	
208.80119170639117	66.96632124480844	35.0369414298788	26.994359471075104	
209.08920753612932	67.0242672534539	34.84634123888932	27.06710715419694	
209.25486832502872	67.11495974670689	34.73667617728484	27.107572056254124	
209.20121121823414	67.07274793416718	34.73324312803851	27.035191224026672	
209.1741738593978	67.24011301933203	34.65447673548167	27.10188873991144	
209.28652769053724	67.62021865636744	34.5205946383621	27.169646122857348	
209.0602155954438	67.7508223020132	34.439966946949596	27.329385757444356	
209.2031895699492	67.96053356593517	34.342929482252785	27.36910794109488	
209.75173992276325	68.32987964042763	34.18302574661063	27.591499383094288	
210.0678748242788	68.98401819188183	34.037235076947056	27.88394220892735	
209.79442095339598	69.99465536355787	33.88269211318443	28.377663917363613	
209.9027205126604	71.35617229400415	33.97914302631755	28.619481674284142	
209.97659862023892	71.98458316190789	34.180305696153155	28.665699250839346	
209.62170178620585	73.05371653541236	34.4407096979004	28.705771985184146	
209.47522344848636	74.18170860413547	34.69052792891567	28.81654547903982	
209.4733730795098	74.76923883219317	34.98880423888266	28.669510292432797	
209.6176425990371	75.27145839713504	35.30031117885103	28.729056629506147	
209.5728991102322	75.77675270875721	35.46583642019895	28.65143453658481	
209.84371352512315	75.94263822087636	35.52367212613031	28.643704968330635	
209.5873506562658	76.26592744094152	35.51277243040002	28.59651715415398	
210.07968927938145	76.0148023089697	35.64466446479312	28.586773175429478	
210.10213650747886	76.17107956672572	35.50587996003481	28.65873913101347	
210.05736560241405	75.72354451790008	35.55156452725234	28.586958947903042	
209.72871735202492	75.78244553422402	35.31313476450753	28.555646168001246	
209.9394856858078	75.06547628428694	34.934411595468596	28.923230035497795	
209.9570235254711	74.42814908113651	34.42118736634683	29.283255518859374	
210.14015560641812	74.27024581587116	33.95036241945724	29.423973166943775	
210.2125743542628	74.45059314041023	33.67677245375136	29.40730621590565	
210.18897118019126	75.30075297654957	33.49316205017595	29.327416178674852	
210.0103751469684	76.02337421861873	33.43271095699373	29.354546464846017	
209.73304309791487	76.17034608292326	33.311714742925076	29.35481403446424	
209.09661642731135	76.39055232699204	33.28848463381473	29.273736074772888	
208.83627365443206	76.3141437571346	33.379148863760236	29.356901364919885	
208.41904097805246	76.31209287938894	33.18794845647916	29.690372635591796	
207.3953114909825	75.8320473934913	33.11718877026446	29.81179049261048	
207.65729064831083	75.77247484155373	33.19025596925678	29.973107547868956	
207.53872421970158	76.1216397568179	33.26586798773782	30.11483830903832	
207.22268129523624	76.22912015668928	33.461025773037406	30.39649595898352	
207.0640499843998	76.0946801248596	33.60986779679944	30.81013917941452	
205.98440601028364	76.40885846520425	34.01119935941925	30.86854018247918	
206.15265745132686	76.24157163771577	34.28906741944859	31.077154947733334	
206.0541526594636	75.99646183524729	34.70769936590803	31.168510790053187	
205.87639601454254	75.65690277962406	34.746492080655884	31.115727196034587	
205.2097585535584	75.66314967464803	34.62988151506775	31.24927213195883	
204.6922165469761	75.97621007077717	34.470607417804416	31.482037164380856	
204.52887588783528	75.93420042622657	34.3465122186949	31.721291520492002	
204.46202524024895	75.84379442971706	34.24681041230409	31.88791167552965	
204.44616307658447	76.0986002425463	34.13237902464434	31.92254535254836	
204.14512516812687	75.81771858157303	33.986075313037055	32.054691478173396	
204.4125886280886	75.32064763613089	34.02292633291006	32.15094476823142	
204.72192682988987	75.39347589192708	34.063381694673126	32.078786058658146	
203.92342821438152	75.19537236749734	34.09156214464582	31.951785562237173	
204.17928180004594	75.20513204460015	34.092971392632336	31.734482708075426	
203.94141605397198	74.90686498059249	34.14616737590918	31.610425410195063	
203.59924047096797	75.32735358372018	34.34365325985844	31.464330894846192	
203.978881460254	75.1625186926894	34.427602840086166	31.33224844101833	
203.77832245957245	76.33777888622127	34.57813695434899	31.48346517172191	
203.91216130640265	75.87971201304815	34.519486565934045	31.713228008854145	
204.11822931229273	75.53138422477171	34.78726061789747	31.834289815856685	
204.11315468451124	75.62036375300565	34.936680506919494	32.13590344296158	
203.78064618707754	75.7411828936178	35.16772025550246	32.34144662497887	
204.07839315521645	75.78287764219262	35.45786086073614	32.628496359224954	
204.43984834193347	76.0609942410779	35.65729541032152	32.85576323679464	
204.54874935958958	76.6091712691574	35.74406071204546	33.29513441657467	
205.42807857859313	77.27277978193655	35.770851659681334	33.68250221843947	
205.37106704910366	77.16892868917444	35.740107300156495	33.956217993465074	
205.58695605198008	77.35486674748924	35.657953749378784	33.85446386846986	
205.4352449025508	77.0418446943037	35.633527703196066	33.265114431597496	
205.86688618654895	76.66191562285134	35.79802316464161	32.891537682801506	
203.2690969552617	76.98081553715546	35.76765090929014	32.81041936797956	
204.55097102487463	73.43448757216966	35.79299025633131	32.64332350122877	
206.0322785596181	69.35022422690074	35.7216534537511	32.12223875683009	
207.62814189320704	69.76354735572491	35.789543161542746	31.62227715294073	
208.43437362545018	70.64512098952801	35.60540964166707	31.515342692036207	
209.00809447594133	71.37022722151195	35.4534639157023	31.490280384089434	
209.32429077738692	68.3289684278271	35.346124456312374	31.141044812889774	
210.09787199147263	69.14911463155654	35.46307078134533	30.852970794942035	
210.3308522403557	69.725894604419	35.471994972433365	30.73990779459829	
210.3498050841799	66.53742632024381	35.478060752548174	30.512910551760925	
210.28623002178617	66.98359554610482	35.54870574486908	30.25763041770018	
210.19267180565055	67.41237089221116	35.57339263579091	30.07925289700774	
211.01734519933322	67.85041565887852	35.53558723884457	29.931142368056094	
211.2552730440936	68.82647942292529	35.516686624587805	30.16253181918008	
211.37899150224737	70.00988281354678	35.354360715374625	30.46927921998971	
211.67012630439186	71.19603162517201	35.21540187849785	30.63154561498876	
212.2471567994022	72.70667293657907	34.929582615829304	30.890859963686502	
213.12703866019834	73.87939637522527	34.81773866829254	31.000047037581222	
213.75089781201135	75.56514248100916	34.62424259080937	31.441136126748916	
213.95445042854024	76.93792920723557	34.551912507573824	32.15624673534652	
214.42811984475264	78.16099637657584	34.71086544608407	33.11242467541353	
214.34962838813286	78.851781331701	35.07982309935204	33.86240603087977	
214.1717368163108	78.87952880971604	35.236728476267714	34.59744044515761	
214.0400971565645	79.12643787876826	35.49609425722984	35.23847602771816	
213.72987961293364	78.9361706814868	35.768243907861375	35.979025635770604	
213.38064486657055	78.81815916634653	35.98782679627846	36.69285836344075	
213.3810521571153	78.88106042118062	36.210018642477	37.2705142225508	
213.28066586263262	78.12302430874527	36.608187167097014	37.822889490786956	
212.45079486113553	77.77007901957344	36.707280371148634	38.50899670824702	
212.25772696569362	77.5604977839364	37.048470858681746	38.87621418608478	
211.8836370935867	78.14357561174724	37.12226976402455	39.05528744090927	
211.64392303528808	77.5396848784184	37.25619589149562	39.30354618341533	
210.96315161193274	77.32662144929336	37.27121831431712	39.507288618647905	
210.22874617533517	77.30001693535891	37.57952377350319	39.62295722339178	
209.69587259039827	77.21973475390882	37.83290237161875	39.64403592907684	
208.8169798924742	76.63704869720483	38.07131232400829	39.478008959347314	
208.0841355920594	76.59522639649241	38.357806951296666	39.04996550716422	
207.95008137148983	76.57357214453586	38.69827257762073	38.52368922418538	
208.8535316636292	76.32079184038227	38.908191470423276	38.33693389640399	
209.15881188274818	76.2202682204099	38.69405472965694	38.02185027172851	
209.39064921235902	75.47261925279284	38.452197742687936	37.94049913717659	
209.3283845213551	75.69654880517638	38.095544042830454	38.28573502504713	
210.07311963060008	75.82375639297392	37.9846379436795	38.771063082179104	
209.91204415246642	76.33749375684035	37.824420430708514	39.07823529467756	
210.40696823345615	76.74528087510956	37.873951150183544	39.3000859801286	
210.49317784063024	76.14904925861777	37.821443681026	39.38053849572019	
210.59494391959433	76.09414311617721	37.7469970638693	39.36482801806433	
210.50349417574705	75.7858647475776	37.69955231566681	39.36782056201478	
209.80504431509337	76.19683042560116	37.61071268665525	39.256490833794345	
209.94558285653497	76.18570727525706	37.67120127235495	39.29535301513581	
209.9443469030915	76.31875058060267	37.74752854207441	39.17415374749365	
209.54341268962108	76.87510820468061	37.73509833925455	39.32313316906126	
208.84513576081574	76.26545495640417	37.86081035993591	39.61006942015747	
208.35011786586495	76.43500583394616	38.07281295291135	39.70948836481293	
208.00536502926477	76.12856122247203	38.243150070375165	39.95215865513256	
207.8994537903682	76.22504551092409	38.2383759298736	40.292924995869136	
206.928556191084	76.2830210410512	38.05373155706139	40.619396295796726	
207.10869586949494	76.3988984911603	38.29522200519405	40.85207783723845	
206.4435782803157	76.66319477424699	38.52279438180992	41.0323192635463	
205.43898162390866	76.41383659481957	38.61764922511871	41.02294536475648	
