205.5	1.5	53	156	
205.01091814021368	4.755692916517276	54.119244575895905	155.28308543085095	
204.8233011644026	4.55636673276571	54.628144372316115	155.31863759746258	
204.63572005619937	4.946166177743109	55.50872655828131	154.95992948581093	
203.34117660462502	3.558527451293145	56.28083178818934	155.06956992241447	
202.9018899203098	2.9365691620924252	57.219411216526	153.9090630255504	
201.4125836614881	3.8183117115363103	57.80209678180735	153.11394162895985	
200.15367312702233	4.297005805861517	58.517865114456555	152.49413245222655	
200.3813069866229	4.49290453213132	58.79485130436642	152.05365390071915	
200.37142485668178	5.057626817892242	58.74799865653284	151.1742865172123	
200.29977956874052	5.481779850599011	58.86295487370831	149.8082431823972	
200.28739610244656	7.0933846849371776	59.097581237086175	148.2512178198656	
200.10907941942432	5.8838062097434545	59.06308379811511	147.35477342137608	
199.88091842499162	7.991672895104344	59.133968685854754	146.42395621314515	
200.235707090545	7.7762054656418655	58.73653122348431	145.78689373568247	
199.5777402019032	6.265668185002568	58.88355008663674	144.61118523116517	
198.41723697285823	6.970517910394889	58.8457139334138	144.0809223329051	
198.34520452934018	5.742317639678419	58.75475235658365	144.01643025425136	
198.27031576585077	6.696005919011043	58.87342905163659	144.16584881582537	
198.48648431005228	7.411811893484185	58.62075159806217	144.5425339049574	
199.04144603990363	7.575328883965668	58.10927444792593	145.18487964706648	
198.3085832902135	6.319305520248534	58.12322427725459	144.71671177870607	
198.6133681530672	8.17401701364436	58.320217332881185	144.20888242938085	
198.07836318590225	7.865091640154191	58.42036450809774	143.17947024549113	
197.46403283596177	9.948086236332614	58.84424150608204	141.41489616276868	
197.07908843144074	11.1214368000295	58.485261139213165	140.02561109296158	
197.4433648568703	10.54083246606777	58.07032387868799	139.16900655516605	
196.99153700077986	9.122315158097024	57.643215893244644	138.57749402717138	
196.805102056036	10.714446195891213	57.19994334289018	137.69188293157873	
196.24407777822734	8.301660351713025	56.844777204484345	137.2942371325999	
196.2932486294128	9.91010203247184	56.54843890065102	137.48744421755444	
195.4499212286284	8.55539312958777	57.173450697802394	136.9640510492015	
194.30871130446448	11.17557751910465	56.84818688753042	136.82819448482837	
194.32918423880034	10.714653943294053	57.58017462119176	136.75799349210905	
194.63849128329676	10.533743175759923	57.927735492335344	136.49298790639637	
195.07844334623235	12.321168214562007	57.06874912853503	136.1800129813801	
195.8480762269368	12.583495021391329	56.18443529717221	136.13955302058972	
196.6958501249674	11.929672416934864	55.67719848190785	135.4193199450483	
197.4576687171838	12.813822174561679	54.79954731804009	135.18279626197088	
198.78940424178668	14.312731160029145	54.54693561522407	134.36588792467242	
199.05090383170494	14.59261411098791	54.29913355390829	133.61602756667827	
199.37782678798456	13.899184866269437	54.20880401975175	131.90691995542247	
199.45343603097407	14.390689221230076	54.05236268748452	130.6665951627852	
199.3818981132843	14.664216015523792	53.76415710525576	130.51997168727493	
198.8544142082636	13.498748331792342	53.38404069154995	130.73385831435087	
198.86541869738505	12.688867207446464	53.958833947956705	130.61930326033877	
199.2778243719798	12.972587355116943	53.56346858074658	130.78591657675318	
199.67332228474032	15.163764933702765	53.397177891047846	129.82040054235375	
200.08872622939373	14.516558575349336	53.33324300379334	128.97611897271418	
200.53628509815124	15.786495055278607	53.32484318181328	127.55970463674174	
200.49099832456278	15.735501580397994	53.51067206664575	126.71428708268064	
200.7688786196199	15.517252920420077	53.297945088305966	126.34295824125189	
201.1469829508487	16.12338965839743	52.94497347065957	125.72120711417796	
201.09511669352509	17.476730084738875	53.19157901918801	124.45781208436341	
202.04091493383152	16.530689311765016	52.60660969292544	124.64262121991837	
201.56853039781893	16.262310606055536	52.00759605392154	124.97042924426381	
201.653573894786	15.848313558602456	51.50326820620089	125.41985761050557	
201.58588929186516	15.191228909664758	51.287464398593926	125.58167970131157	
202.60284229829955	16.481370401600955	51.09685264861119	124.94511598528433	
203.33898066787143	15.947161196863178	50.60726409802028	125.23202076341605	
203.2819213225051	15.405663684780379	50.35401331577243	124.08047103355332	
203.46581122292838	16.326090374824446	50.322932374855895	123.64267189083091	
203.16178286841148	15.644726747543203	50.084505316857076	123.46895865371707	
203.20274923233222	15.508818386510768	50.36640166530573	122.9276596598014	
203.91737612574187	17.54262291542819	49.72715040333918	122.6792561245038	
204.92667624469868	17.165963078002235	49.24976475072984	123.27665214968701	
204.84601828662647	16.610598589631465	49.0590427602275	123.74277548983187	
205.16493081248683	16.33482184582863	48.78680947295686	124.10931264338069	
205.17400299877974	15.26157861951296	48.85581793907799	124.83583859720221	
205.37118824607006	15.970756168647966	49.35622188144808	124.55381028878816	
205.26440066380448	15.290246083682362	49.48813459971878	124.79646445568287	
205.40615755743113	15.723968513997285	49.5141674917238	125.23081972685081	
205.0069018658176	15.019523224961105	49.79546946428346	124.78961014527809	
204.8462550505264	15.987657090307835	50.04246211280778	124.67524409362363	
204.4152050227269	16.55025184693943	50.542603426265075	124.42394885459521	
203.8247782336367	16.469003706055148	50.96004440965026	123.38774232416895	
203.2886205253048	16.896767682788628	51.44416283343995	122.59514093879291	
203.15996003155698	17.16645922718272	51.46686147656091	122.2459800388351	
203.7877660598469	17.978113203863217	51.53410370045289	122.09180355520067	
203.86854526855728	17.926623486633595	51.43727887768808	121.54746987167896	
203.66855342578611	17.361125854038605	51.28907006216232	121.61888099609135	
203.3787960302203	16.874933867032013	51.14864872086292	121.75523895720704	
203.12807913820262	16.607627507285116	50.71510121837251	121.76537264513803	
202.838589183162	18.009102581177522	50.40643636069255	121.63746798761811	
202.79831186277514	16.592160025679703	50.158680720427995	122.1348765342064	
203.06914114263662	16.702609210840606	50.118067924197604	121.8535267457232	
203.5100164558396	15.278117924382634	49.859848102902575	120.88999882822166	
203.540523723559	17.92729546861414	49.940522242152085	119.46613614660374	
203.31500838994066	19.306455004136517	49.774250908866165	119.00314402372489	
203.3999548164895	19.150356207420188	49.7003057013731	118.31474175601252	
203.76283259350063	18.927681445683646	49.274714578684396	118.18723729703703	
204.11825721220936	19.14695875356159	49.43261782082017	117.64891494419055	
204.22619664744073	20.1180548200863	49.10958067689892	118.04871733514321	
203.8303993197146	19.295560630479656	49.113836360259526	117.9848308926936	
203.8574166162032	19.19270672803036	49.203747923188	118.19012291631216	
203.49093564537367	18.203212325185312	49.58861894797506	118.7127735548117	
204.02769184675384	17.024338005718803	49.692090259318455	118.75417268736655	
203.56887744152095	17.529360874084617	49.72144994336895	118.9365190614595	
203.1620257168195	18.09104695508197	49.687263313750414	118.05393886101551	
202.69847046229185	18.016416922953354	49.94260849535211	118.02039639712982	
203.01135714505642	19.480833127658855	49.81309735235139	118.57113294600128	
204.04319874749717	18.71590104976663	49.398784102532765	119.07973242950638	
204.35658011497327	18.852837503813085	49.58494950774397	119.37486161329808	
204.54694144432787	18.642910878685583	49.64925974364617	119.44469645167831	
204.5230292521431	19.356646087375374	49.46340970610926	119.92076545347292	
203.940586969082	18.960381401667775	49.56064288120204	120.1958612411517	
204.19096755948036	17.90803260782713	49.72409273518013	119.50742247057188	
202.93497707241832	18.276713466052115	49.83314344959961	119.33830723792471	
202.34074979864513	17.788849127494004	49.63834203858885	118.9366268145084	
202.30561874954967	17.881466796102877	49.1398732460289	117.95142168492463	
202.39397673676632	18.20343801314302	48.43955168649735	117.34863264080487	
202.50707606298306	18.45980816072391	48.61510437349943	115.95554414007668	
203.35670359942642	19.423153073129583	48.470077606429335	114.65447587250105	
203.3447725679463	19.565687267439927	48.234681101102694	113.48909134561285	
203.63703860062253	19.871652251977196	48.045231092272644	112.99503414368871	
203.33124044947047	20.276588232113625	47.99289149484224	112.1523470623016	
203.52578961448958	19.93430501104767	47.8286151197696	111.59182743055808	
203.20902359304404	18.228218668484047	49.06492130587968	111.0060369256066	
202.16708798925328	17.47912786659525	50.71664438471329	109.80419249407535	
201.43321316655215	18.73303430333729	52.28974941953175	108.54356461242782	
201.5171849953748	18.183590842900173	53.555152510238486	107.97499657534001	
201.11620895532764	18.65802952822491	54.55871488729747	106.91435714297542	
200.79383867792873	18.65938828316382	55.296056316698056	106.15010416738028	
200.59547817307475	19.141283884590223	55.73475399807191	105.49456699785458	
200.6778723623657	19.401231354303206	55.940940011188914	105.14204637130626	
200.95621542016994	19.611522066658324	56.235497689544786	104.9035008994025	
201.1376209764947	18.982502350822166	56.67865307336285	105.10223204059325	
201.52836487237883	18.960056054253926	56.98328505259832	105.05754464918402	
201.18303501209274	19.79068180320199	57.248944373819356	104.43678628197179	
201.24742699564752	19.72822890340626	57.43292967069263	104.14939009415366	
201.33579383159162	19.367108243364243	57.56106082262263	103.87102749997683	
201.47332583592254	19.45100560181225	57.41210273344106	103.86862126290966	
201.43872552967213	19.944942422505335	57.20904521324576	103.8842155389658	
201.08964129550407	21.333001153298447	56.86633395517197	103.56866555174481	
200.75922909647213	20.270896845883883	56.8179074262644	103.57575628479904	
200.69470925254905	19.62129039938246	56.73813858771385	103.67038803633002	
200.76894054125074	19.836170859527464	56.722719284593865	103.23322651393774	
200.10759499251398	19.624746708232735	56.58042918375651	102.6952108090542	
200.39076948842012	19.91836158314566	56.21371629366692	101.9086863729109	
200.52835928833207	19.878285248519262	56.07204059282128	101.06423444745622	
200.6757979455167	19.52796962091856	55.95487832664597	100.42067737009994	
200.59708083682577	19.55240170916307	55.73687760893491	100.08432965045334	
201.11902710375372	19.365195307858535	55.269044356904985	99.83741523166883	
200.89195012158814	19.343479559977027	55.14076867379049	99.27074872309072	
201.10865186976787	20.907561957720738	55.03181146816246	98.72873671958023	
201.06209025909135	22.332207576583492	54.960113347881716	98.05705778654222	
200.5669608723133	23.237892022317524	54.58193411599039	97.87116930851104	
200.9181023861656	21.90876936813647	54.26426177101172	98.2068621743225	
200.95163484698358	21.621154732534023	54.14557724887111	98.0909137793401	
200.93692451590468	21.267101235837636	53.91631300764566	98.27816713408389	
201.28699476394502	21.07174264696429	53.87999867914848	98.46376833788115	
201.22782608187794	20.342941629068584	53.937436677589304	98.78385792822273	
201.63197198759792	20.890866728192975	54.134857613723184	98.71997894617573	
201.8719216460207	21.806827118757433	54.6598595868175	98.34914956423962	
201.79308561918816	21.70003113842919	55.04604640121525	98.13211608620593	
202.0353536450609	22.033612721445287	55.40489676113663	97.80243289897355	
202.2216516976726	22.14415847689807	55.73061067349896	97.69457980468013	
201.624677105966	22.118260344156454	55.90681293155821	97.95715616919767	
200.70086209767652	22.135565425958674	56.106163996492235	98.04064927135556	
200.82682211401095	22.174386585783168	55.98715785132413	98.37221322287814	
200.7854148942141	22.077307806267527	56.02178022198336	98.50604355002542	
200.31585901725256	22.40566331973013	56.339973225143524	98.28273225998147	
200.45775271079236	21.725609049105927	56.338625189145795	98.17919283961336	
198.68049683029616	21.23357086255026	59.77243949652014	95.14986388969614	
197.83220901374278	21.549885986624638	62.519597419322594	92.57424321929854	
196.98487727552975	22.34966251483676	64.48872744013843	90.51107316587074	
196.0798539732068	23.22383048610765	65.83902717736599	88.78212255370796	
195.58627676284306	23.96550074737449	66.94618432977438	87.51382684254227	
195.3063366579625	24.636380422213747	67.62862433282893	86.69058409299575	
195.1079052645367	25.10813938115956	67.99113271979088	86.22298053419684	
194.88193837448736	24.940671261058398	68.28972422307794	85.92881323302495	
194.7844619333337	25.692318977640205	68.70571549161099	85.65886152029744	
194.90763686006113	25.311153203726874	68.81639525498883	85.86595756302003	
194.5069000909667	25.133155695625703	69.10449196116934	85.74683361431187	
194.1603625165221	25.038341831454034	69.45465443610834	85.69756400414565	
193.85924061159437	25.008739721709617	69.6278521515462	85.87391619830441	
193.46168166398195	25.041645684435615	69.96375798202804	86.02429657794046	
194.04882870109077	24.17163754617023	70.49153736266726	86.50798629826548	
193.91245251691998	24.498011684868686	70.9967013987134	86.63329273507145	
193.37516127365288	24.57932804964357	71.5085202539038	86.76559097023001	
192.66735244067047	24.78443893682767	72.06832119795237	86.79584761015892	
192.0638556407679	25.255244220824885	72.30758290469493	86.88610347340075	
192.03034111937214	24.96690547827064	72.7074111735321	87.15598741779307	
192.34274743765445	24.60986898748928	73.16463252878108	87.39731295424929	
192.54770685890932	24.788476768750847	73.25372299747055	87.81291232121147	
192.51529893030798	25.06536006222869	73.55808180089268	88.12198936695384	
192.59149713883056	24.78784930524067	73.83672182636576	88.57579462431138	
192.29431429084264	23.97690860016641	73.79566821320236	88.93684706259711	
191.98667535676182	23.77311255562931	74.04098461099846	89.01139575519838	
191.69161571293517	22.995951868754254	74.05670865929858	89.07218494816236	
191.97093267028652	23.034284217315403	74.06266698683677	88.80359913611849	
191.68163528706964	23.207930578560195	74.39223760051483	88.70422716520056	
191.945699950632	23.41582715964394	74.30203149617031	88.50161314431611	
191.59949741639775	23.168730679385597	74.55569392700457	88.4185178944408	
191.57497517012177	23.291511748736944	74.68898829599605	88.36696047022708	
191.9246172638055	23.68703845860906	74.78154424467984	88.2686743725463	
191.2381875935908	24.090879981263853	75.121455210361	88.01820743508202	
191.37748239083697	23.411197516403213	75.21559742071635	88.25637776374434	
191.73941624390906	22.836233842496917	75.36721322745059	88.2321442734298	
191.37387699923863	22.696671265832173	75.42021938345556	88.43207923960308	
190.77912980355356	22.79665259314889	75.53674553027308	88.70494446654428	
191.12309325666425	22.925985391604385	75.7422684073769	88.87702491832218	
190.94167851809618	23.255775545176903	75.8518393581878	89.34225900231331	
191.90964933683924	23.48493824472952	76.02717148626569	89.45398420039893	
191.46740699743282	23.62258901583735	76.11884077782953	89.86045840691298	
191.6162343153809	24.121698111109403	76.15221505042449	90.17673828327104	
191.15297838157989	24.55369293590482	76.14648219995169	90.36870952731118	
192.0470635080063	24.333386568807875	76.31744032692069	90.42705702155108	
191.35150943614906	23.80881476004766	76.15900866617652	90.89139646178727	
190.85808944391573	23.678361529780794	76.28796448201834	90.98714319021765	
191.2332835970983	24.117813839428976	76.51606682630697	90.98921673797832	
191.49650705089115	23.397650096227878	76.5863698800975	91.20238472425845	
191.17397536629431	23.859837109149566	76.89219850974919	91.27791205272797	
190.89998945097602	23.341519535832617	76.85253500207935	91.37615062629516	
191.35176944453178	22.45589788269381	77.02304022340287	91.45548724197523	
190.484986227369	22.51564743804778	77.18416758321209	91.402799067003	
190.55831728036821	22.550313271773824	77.35513365223395	91.25447764791393	
190.6600022228806	22.51927191950228	77.53485131284249	91.21769557358071	
189.83533512195027	22.60603744116169	77.74745834852732	91.06449504688337	
190.0846868847514	22.318457557837462	77.76376494140953	91.11816143823046	
189.93958427365573	22.42806535639221	77.5043274815254	91.19312086992193	
190.11780574699713	22.25895197378926	77.42104800248819	91.17916149172954	
189.95493447187093	22.443577261893125	77.46490078628591	91.32110603871746	
190.1660305217269	22.002064848555214	77.54192870019247	91.41725829964697	
190.18107036515147	22.51780674970003	77.52829055227326	91.40692913946245	
190.59941426361598	22.363637042646573	77.68765156344206	91.47959301002268	
190.9403427921689	21.928061011920683	77.51988903787233	91.85176583081856	
190.64586480953218	21.786514755576093	77.61201218535284	92.00674909701536	
190.13564611513115	22.188358658759107	77.56521028963952	92.06039876547233	
190.9003715507152	21.845227773446275	77.78154262827215	91.97496569709729	
190.86932796476714	22.37604902787531	77.75844689497116	91.97185184996712	
191.00537582629448	22.25288328717984	77.91513825435017	91.96093558536731	
191.30662146318713	22.18582078703507	77.99190771130829	91.97358941159555	
191.17686584601228	21.3304808098352	78.1070734684346	92.0592475506953	
191.1649777666753	22.025902561812288	77.88164835915083	92.20552939578593	
191.03027510840758	22.299977071186007	77.8984356310715	92.24343285439826	
190.85917829378866	22.513287707297515	77.78478643751919	92.24448462399577	
190.5900874739815	22.58356684304963	77.88104526347955	92.0412386723663	
190.23862908716993	22.362510783512363	78.0102659006281	91.97304789017284	
189.6639505588677	22.18904910651608	78.14308147621448	91.96942065221975	
189.36801957324263	21.48783323867439	78.04099291359775	92.20293282460968	
190.0221904942739	20.805280155539094	78.27556558130844	92.34950285234572	
189.84104557860786	21.060939203239172	78.1208918115282	92.43002359361549	
189.17465785392793	20.86225899755427	78.18191514182371	92.21437061825891	
189.57218315503027	20.704355242417236	78.45479178094438	92.39064803605518	
189.71345619221015	20.58357197050608	78.3299197062518	92.32868564516032	
189.86557745996566	20.588235009672985	78.29873713492077	92.30520869213728	
189.5593675366236	20.846738697318834	78.13840076269469	92.42006538773792	
189.07841076201134	20.696216601480913	78.22873293632026	92.29411167940461	
189.15995837329132	20.521630188698417	78.09741669380688	92.20627484257984	
189.5274444293552	20.442859413610627	78.39263111560699	92.36984847361065	
189.6264094629559	20.574489032808287	78.41163401571077	92.2781286014606	
189.89004333035945	20.729378428652325	78.34172011124124	92.08814371658042	
189.4131435512795	20.76904558809302	78.31262608324236	92.41707856464544	
189.53148371890492	20.97114443385547	78.5331927966079	92.26809827629398	
189.1849495925004	20.908735121539337	78.86732119312617	92.20141458314004	
188.64538322967593	20.941326238119878	79.05779706414555	92.59102812777665	
188.42871114291017	21.289018539028497	79.10899222678037	92.58269172275202	
188.24635329843693	21.67849417738072	79.99385208028914	92.40568775363424	
188.4567388513168	21.91014668441987	80.2709831771356	92.61522029496442	
188.47115453733727	21.814483254928803	80.39174687199967	92.91563012844006	
188.62169800893764	21.679621138111358	80.70872951793692	93.3698489319726	
188.4805684761954	21.813466273596035	80.87026376382083	93.50355621706976	
187.4807520090887	21.974150853856287	80.91949753764916	93.83577600718326	
186.8599749215207	21.24482107261391	80.89391168192421	93.98635728063603	
186.53170399852047	21.470340980945927	81.1409236333343	93.79679675231161	
186.3226380829097	21.43782900092117	81.1683575978776	93.66993124750593	
186.09487823128245	21.429468719155942	81.19626878133954	93.53598402443818	
185.787803291828	21.298107976469687	81.15658199271074	93.44100814214254	
185.42403364950366	20.416754389995972	81.12795112374161	93.60024677775934	
186.241610751586	20.359170690875132	81.37382771753526	93.24525619508213	
187.19337627524402	19.840227472409282	81.54473118903329	93.16969079352049	
187.1132560455905	20.077136558444323	81.53343661833301	93.28165199032782	
187.0113200535295	20.583214427124908	81.26372758639134	93.23681723160816	
187.19157984287807	20.422578640127682	81.31710075366581	93.19579866163593	
187.4686068585776	20.113667109843774	81.27420101628076	93.06989374015953	
187.97792833623961	20.500983383697324	81.12097464735581	93.12587969316196	
188.06760831119402	20.42077686032372	80.5588297347929	93.34437132696438	
188.25671101616382	21.022407671921357	80.38826677578194	93.20667493223132	
188.39305983713768	21.106979804591695	79.93952659197268	93.26243028670838	
187.63910532469225	21.272223970277714	80.09972524584612	93.07006926740051	
186.83767769773002	21.404588261877812	80.27146224987739	92.91842383071283	
186.17459289461593	21.526783106578996	80.47286240687158	92.71250157461405	
186.84416501985203	21.101182472873987	80.70482912022081	92.42676939609359	
187.25098384417097	21.4084425038749	80.84684805966042	92.40175560259304	
186.69510943213908	21.832324882947688	80.99904721827318	92.37299859877334	
186.851867556426	21.964283740139606	80.86379393359039	92.51545638196907	
186.7652040504904	22.012092956571855	80.85517906368571	92.62955561024692	
186.81889614449221	21.820497792716978	80.9567237438566	92.74602772916685	
186.89301423974342	21.709406684871013	80.98742866909117	92.89983841051125	
186.48218846336368	21.69517138685658	81.15980217715	93.14395052000695	
186.17498393315552	21.566207155002175	81.43785364402997	93.39500581380187	
185.98287511670705	21.25938001689724	81.63852857830517	93.59622366432586	
186.0666216245428	20.73743742441478	81.71914664673724	93.8960445182361	
186.2246001150294	20.236785106943124	81.88549000689333	94.10466781677651	
185.95584676547324	20.1403925010991	81.81801999234831	94.24008990576291	
185.56224316303155	20.02787302704214	81.87597932917058	94.2865375428989	
186.03664382808245	19.655657495617028	82.1867118812099	94.3606357567234	
186.3595923705373	19.178443856110434	82.05556038937121	94.51895860458424	
186.9345160632769	19.28999047856314	81.86531828047663	94.63597271122035	
186.69294107187807	19.04600606707713	81.88698699010004	94.66476532164316	
186.3662944378001	18.9943271130982	82.09146380980586	94.69683960602485	
187.1166902013219	19.051371168864705	81.90372934777236	94.72985182389095	
186.87960746576343	19.380762918216888	81.78214293728986	94.62272528662763	
186.96032313842514	19.79426352350047	81.98970871878412	94.4043086588661	
186.9187994301434	20.43841334557314	82.18761393565254	94.29171730863555	
186.95868878505092	21.751864997439895	81.86212439097663	93.99630118370453	
186.4386662576372	21.707642310515872	81.81758270626398	93.9530658603499	
186.25347689064472	21.833510080775092	82.08427138225599	93.82112296749123	
186.22525017986254	22.01198782169891	82.35185549737525	93.75175781052229	
185.83467218042995	22.808374990717937	82.5762633444613	93.4704365765034	
185.59331403272805	22.282947761059148	82.88248712763898	93.45581128041937	
184.75465907614165	22.238253428339206	83.29048060595153	93.43672188400441	
185.16709684797843	21.9803531904889	83.57473067644425	93.32909955821043	
185.30480240123498	22.100159277520774	83.65700078474053	93.53494934279345	
184.0630878255057	22.73492709991273	83.88801046445838	93.53651326542287	
184.14977603548846	21.7461016076832	84.27499018462959	93.93564991234226	
184.0308251415822	21.838940196471576	84.74174558558032	93.9759954253001	
184.4245753707856	21.112100695156414	84.72986469361408	94.17483023924024	
184.22831684536945	20.809680552845407	85.12343336584154	94.51822795198382	
183.71472742191668	21.05257167136174	85.16244087371206	94.9231563668257	
183.3796541744063	20.52666210829829	85.34461692715294	95.64029040574862	
182.77710702837274	19.96692156925714	85.50064276829237	96.42864178388547	
182.7596840145005	18.90581211260971	85.90937749723736	96.96259444370895	
183.26982093682295	17.801826475405846	85.9288712755401	97.71571409076682	
182.95570446651132	17.859557625853448	86.27886699253821	98.10659032661097	
183.43831462831565	17.498548952817266	86.60701155139873	98.704560862712	
182.7835382779943	17.136295418394496	86.67916670050485	99.33195552923763	
182.96588598841228	16.69670686788772	86.97374359278689	99.65466092481448	
182.75826469868844	16.138939028991572	86.84521067336756	100.02076463487148	
183.03073848975185	15.207631542149208	86.79233910075267	100.35695651189941	
183.5749278582321	15.424080959957692	86.73690623514534	100.13830701896242	
184.3562059425281	14.642609859033314	86.48953167952175	100.34330616279726	
184.26537957766837	14.234453775135904	86.8149900471969	100.0894460207166	
183.57036378671765	13.719664054130824	87.21851761079158	100.6573484180967	
183.24112622936784	13.912338359316962	87.62664147531956	100.76578238762326	
183.20539681981722	13.498791448203043	87.88090447659263	100.8417706628998	
183.00402930530652	12.742439854607959	87.71991612027998	101.44729371960825	
183.43140139816236	11.543943163921021	88.08179857870283	102.03915828819221	
183.7547345224989	10.322864945506119	88.34565890368773	102.24549872312993	
184.8173889529873	9.586366506686616	88.36131836546487	102.38817619616688	
184.080823927736	9.078362265269377	88.24549778196476	102.93428973337987	
183.9129859291018	8.033261142516388	88.46821290419885	103.18645031571599	
184.52920071952326	7.700298073397363	88.833023771354	103.22670345790988	
184.77973483356547	7.687074790117123	89.11174922298375	103.17886922603515	
183.90954919683514	7.728692542269151	89.17972395580261	103.24454320111074	
183.99681385795208	7.578437928168128	89.42568591174032	103.35240109788808	
183.21875574413065	8.114999234052348	89.55608788500385	103.76440641199244	
183.57982768471527	8.653264813412278	90.08399729038703	103.53330836923175	
183.2190942235382	8.141372855093195	90.06489176019605	103.95893046927293	
183.01722015685917	7.629618333061416	90.04760850789393	104.2651433302272	
183.04396099188563	7.891485359721827	90.3470826560173	104.25403443473948	
183.07811693438018	7.386547386671907	90.71784844637072	104.09269448900125	
182.8367967550242	6.761227618954209	90.90412467649305	104.6875785045697	
182.80794414452072	6.125684900079527	90.92483077246641	105.10691476057163	
181.91733410478656	5.241615832799766	91.00459251701196	105.44331225353721	
181.91645539185026	4.05116048092615	91.43949650903713	105.87604168573141	
181.66134011917626	3.825618775421404	91.4994069595613	106.25325499665993	
181.80494647621776	4.016328700045065	91.44183465482868	106.40570179131825	
181.23276144146007	3.2381374318251375	91.35794969085097	106.84628704649285	
181.26604993492913	2.803057449611906	91.97613035381139	106.95146574108288	
181.58895769233345	3.0531797799119715	91.88654860269753	107.1921770293124	
181.8152978549425	3.3990779701143623	91.93289111893303	107.25761593752762	
181.26429027170798	3.4038082496800612	92.09708775818035	107.2054634547183	
181.38513758507432	3.4544139857869425	92.40884103365026	107.35886502438228	
181.42043193956712	3.271824440477957	92.07102771481283	107.51508925920058	
181.30878545498385	3.0184907307598507	91.86113406350553	107.66370734554124	
181.364073715919	3.1025922261807466	92.12590104320306	107.72035699115594	
181.6263291232236	3.384197236665372	92.16374836953929	107.952089766417	
181.0483769021214	3.255074282421674	92.2971053282995	107.89791146221023	
181.05000664469912	3.592309086387843	92.57614506370604	108.10931880787973	
180.98659525349447	4.06426853711195	92.43761500092336	108.07914173344263	
180.76031546632422	3.9602801345580474	92.52824459236325	108.22177172385841	
180.5790830499226	3.930714853502785	92.486269677833	108.24875361556379	
180.1294075074043	3.216070861739041	92.65994976954146	108.69568350106118	
180.45284384124767	2.372065483034376	92.41204016581	109.17343744351385	
180.63574406616522	2.039463895365003	92.70767472402396	109.35090680771253	
180.44427308733947	1.7887005635706856	93.07776459498984	109.3414941712409	
180.35453353720126	1.4680702381059092	93.3405245044899	109.50660907784672	
180.27511006426255	1.9118403092150231	94.15777383369485	109.07288639258917	
180.27022285988835	2.3314554427116576	94.726923945778	108.80692298941884	
179.56172003900932	2.827380048824679	94.86427579992318	109.05597786998149	
179.85191459142249	2.5445367540016264	94.76110988278182	109.42143165580603	
180.08916701288803	2.2081380170906186	94.75840894343051	109.69530242450605	
179.24048061902226	2.243359273611489	94.71101370767109	109.88090951468811	
179.33601513189262	2.0892568272466576	94.75957041900143	110.20725337114692	
179.25775571652395	2.0710819347577	94.76423661220937	110.21087914071012	
179.22232850680638	1.7542820538162687	94.75396463230626	110.24308538176092	
179.01661987755125	1.3684305034296713	94.8671581569146	110.39690825735254	
178.84270963575298	2.095836161348842	95.33620323015697	110.30657696012992	
178.32028942917003	2.4063332631103123	95.35417148527236	110.44595479926292	
178.1920317067011	1.8053382458814724	95.31759715297899	110.82822247930852	
178.95388694836444	1.0640091933007056	95.34677041389209	110.9837202260411	
178.71947008064836	1.7490734535807348	95.98832034967597	110.78627410999917	
178.02877634085894	1.8677581110692643	96.31006539513461	110.84155847486983	
177.67071944155705	1.442555911414047	96.42681330371231	110.9960537912907	
