209	65	37	46	
209	65	37	46	
209	64	37	46	
209	64	37	46	
209	64	37	46	
209	64	37	46	
209	65	37	46	
209	65	37	46	
209	64	37	46	
207	63	38	47	
207	63	38	47	
209	64	37	46	
209	64	37	46	
207	64	38	47	
207	64	38	47	
209	64	37	46	
207	64	38	47	
209	64	37	46	
207	64	38	47	
209	64	37	46	
209	64	37	46	
207	64	38	47	
209	64	37	46	
211	65	37	46	
212	65	37	46	
213	65	37	46	
214	65	37	46	
214	64	37	46	
214	64	37	46	
213	64	37	46	
213	64	37	46	
211	64	37	46	
210	64	37	46	
210	65	37	46	
210	65	37	46	
208	64	38	47	
209	63	38	48	
210	63	39	48	
210	62	39	49	
210	62	39	48	
210	62	39	48	
210	62	39	48	
209	62	40	49	
210	62	39	49	
210	61	40	50	
210	61	40	49	
211	61	39	49	
212	61	38	48	
213	61	39	49	
212	60	40	50	
212	60	41	51	
212	60	40	50	
212	60	40	50	
212	60	40	50	
212	60	41	51	
212	60	40	50	
212	60	40	50	
212	60	40	50	
211	61	40	49	
211	60	40	50	
211	60	40	50	
210	60	40	50	
210	60	41	51	
209	60	41	51	
208	60	41	51	
207	60	41	51	
205	58	42	52	
204	59	42	52	
204	60	41	51	
202	60	41	51	
199	58	42	52	
199	60	41	51	
198	60	41	51	
196	59	41	51	
194	58	42	52	
194	59	41	51	
192	59	41	51	
190	59	41	51	
188	57	42	52	
186	57	42	53	
185	57	42	52	
183	57	42	52	
184	58	41	51	
183	58	41	51	
183	58	41	51	
183	59	40	50	
183	59	40	50	
183	59	40	50	
183	59	40	50	
184	59	41	51	
183	57	42	52	
183	57	42	53	
183	57	42	53	
184	58	42	52	
185	59	41	51	
185	58	42	52	
187	60	41	51	
187	60	40	50	
188	60	40	50	
189	61	40	49	
191	61	40	49	
193	60	40	50	
194	60	41	51	
194	59	42	52	
197	60	41	51	
199	60	41	51	
199	60	41	51	
199	59	42	52	
201	59	42	53	
202	59	42	52	
205	61	41	51	
206	59	42	52	
208	59	42	52	
209	59	42	52	
210	59	42	52	
211	59	42	53	
212	59	42	52	
213	59	42	52	
216	60	41	51	
216	59	42	52	
218	60	41	51	
218	59	42	52	
219	59	42	52	
220	59	42	52	
221	59	42	52	
222	58	42	52	
225	59	41	51	
226	60	41	51	
227	59	41	51	
227	57	42	52	
228	57	42	53	
230	57	42	52	
230	57	42	52	
230	57	42	52	
232	58	41	51	
231	57	42	52	
232	59	41	51	
232	59	41	51	
231	59	41	51	
231	58	41	51	
231	58	40	50	
230	58	40	50	
229	58	40	50	
229	58	41	51	
227	56	42	52	
227	56	42	52	
228	57	41	51	
228	58	41	51	
228	58	40	50	
227	59	40	49	
228	59	39	48	
228	59	39	48	
228	60	38	47	
227	59	39	48	
227	60	38	48	
228	60	38	48	
227	61	38	47	
227	60	38	48	
227	61	38	47	
228	62	37	46	
227	62	37	46	
227	62	37	46	
227	63	36	45	
226	63	36	45	
228	63	35	44	
228	63	35	44	
228	64	35	44	
227	64	36	45	
228	64	35	44	
227	64	36	45	
228	64	35	44	
228	64	35	44	
228	65	34	43	
229	66	34	42	
229	67	33	41	
229	67	32	40	
229	67	32	40	
229	67	32	40	
229	67	32	40	
230	69	31	39	
230	69	31	39	
230	69	31	38	
230	69	30	38	
230	70	30	37	
230	69	30	38	
230	69	31	38	
230	69	30	38	
230	69	31	38	
229	69	30	38	
229	69	30	38	
229	69	30	38	
228	69	30	38	
227	70	30	37	
227	70	30	37	
227	70	30	38	
226	70	30	38	
226	70	30	38	
225	71	30	37	
224	70	30	38	
224	70	30	38	
223	70	31	38	
222	70	30	38	
221	70	30	38	
220	70	30	38	
219	70	30	38	
218	72	30	37	
218	73	29	36	
215	72	30	37	
216	73	29	36	
214	73	28	35	
212	74	28	35	
211	74	28	35	
210	74	28	35	
209	73	29	36	
206	74	28	35	
205	73	29	36	
202	73	29	36	
200	74	28	35	
199	74	28	35	
198	74	28	35	
196	74	28	35	
195	73	29	36	
194	73	28	35	
193	73	28	35	
194	73	28	35	
194	73	28	35	
195	72	29	36	
197	72	29	36	
196	72	30	37	
197	71	30	37	
199	71	30	38	
201	70	31	38	
203	70	31	39	
204	70	31	38	
206	69	31	39	
206	67	32	40	
207	67	33	41	
208	65	33	42	
208	65	34	42	
209	65	35	43	
210	64	35	44	
211	63	36	45	
213	63	36	45	
213	62	37	46	
212	61	38	47	
213	61	38	47	
214	61	38	47	
214	60	38	48	
214	60	39	48	
214	61	38	47	
214	60	39	48	
212	60	40	49	
213	60	39	49	
212	59	40	49	
211	59	40	49	
210	59	40	49	
210	58	40	50	
210	58	41	51	
209	57	41	51	
208	55	42	52	
208	55	43	53	
207	53	44	55	
207	52	45	56	
207	51	45	56	
205	51	46	57	
206	50	46	58	
205	49	47	59	
205	49	47	58	
205	48	47	58	
205	49	46	58	
205	48	47	58	
205	48	47	58	
204	47	47	59	
205	48	46	58	
204	47	47	59	
205	47	46	58	
205	47	47	59	
204	46	47	58	
204	45	48	60	
205	45	47	58	
204	44	48	60	
205	44	48	60	
205	44	48	60	
204	44	48	60	
204	43	49	61	
204	42	50	62	
205	44	49	61	
205	44	49	61	
206	43	49	62	
207	43	49	62	
208	43	50	63	
210	42	51	63	
212	41	52	65	
215	42	51	63	
217	41	51	63	
219	39	52	65	
222	38	51	64	
224	40	50	63	
225	40	50	63	
226	39	51	63	
226	37	52	65	
229	39	51	63	
229	38	50	62	
231	39	49	62	
230	39	50	63	
229	39	51	63	
228	37	52	65	
227	37	52	65	
227	37	51	64	
226	39	51	63	
224	39	50	62	
224	41	49	61	
223	40	49	62	
220	40	50	62	
219	40	50	62	
218	41	49	62	
215	41	50	63	
214	41	50	63	
213	40	51	64	
212	40	51	64	
212	42	50	63	
211	43	50	62	
211	45	49	61	
211	47	48	60	
211	49	47	59	
211	50	46	58	
210	52	46	57	
210	52	46	57	
211	53	45	56	
211	54	44	55	
210	54	44	55	
209	53	44	55	
211	55	43	53	
211	54	43	53	
210	54	42	53	
211	53	43	54	
210	54	42	53	
210	56	43	53	
223	50	43	53	
223	50	42	52	
222	50	43	53	
220	48	44	55	
219	48	44	55	
218	48	44	55	
219	47	45	56	
217	46	46	57	
218	47	46	57	
217	46	46	57	
218	46	46	57	
218	46	46	57	
217	46	46	57	
219	46	45	56	
217	45	46	57	
218	46	45	56	
216	45	46	57	
216	44	46	58	
215	45	46	57	
215	44	46	58	
213	43	47	59	
212	42	48	60	
213	42	49	62	
212	42	49	61	
213	42	49	62	
211	42	50	62	
212	42	50	62	
212	42	50	62	
214	43	50	63	
216	44	49	62	
214	43	50	62	
216	45	49	61	
216	43	50	62	
217	44	50	63	
218	43	51	63	
219	44	50	63	
219	43	50	62	
219	43	50	62	
219	43	51	63	
219	42	50	62	
219	43	50	63	
218	42	51	63	
217	41	50	62	
219	42	49	62	
221	42	49	62	
220	42	50	63	
221	42	51	63	
221	41	52	65	
221	41	51	64	
221	42	51	63	
221	42	51	63	
221	42	51	63	
220	42	50	63	
219	42	51	63	
218	40	51	64	
217	41	52	65	
216	40	51	64	
216	41	51	63	
215	41	50	62	
215	41	50	62	
215	42	51	63	
214	40	51	64	
214	41	50	63	
214	40	51	64	
213	40	52	65	
213	40	52	65	
213	40	51	64	
211	40	52	65	
209	39	54	67	
208	40	54	67	
206	40	54	67	
206	40	54	67	
206	40	54	67	
207	40	54	67	
206	39	55	69	
207	40	54	67	
207	40	54	67	
207	39	54	67	
207	38	55	68	
205	38	56	69	
206	37	57	71	
205	38	56	69	
207	38	55	69	
207	38	55	69	
208	38	55	69	
209	38	55	69	
209	38	55	68	
209	38	55	68	
210	38	55	68	
210	39	54	67	
210	38	55	68	
210	38	55	69	
210	38	55	68	
210	38	55	68	
211	38	55	68	
211	39	54	67	
211	38	55	68	
211	38	55	69	
211	38	55	68	
210	38	56	69	
210	38	55	68	
208	38	56	69	
208	38	56	69	
208	37	57	71	
208	37	57	71	
208	37	57	71	
209	37	56	70	
209	38	57	71	
209	38	57	71	
209	39	56	69	
209	38	56	70	
210	38	56	70	
212	38	55	69	
212	38	55	69	
211	38	56	69	
212	38	56	69	
213	38	56	70	
214	39	55	69	
215	40	55	69	
215	40	55	69	
215	40	56	70	
214	39	57	71	
213	39	59	73	
213	39	59	74	
212	39	60	75	
213	40	60	74	
213	40	60	74	
213	39	61	76	
212	39	62	77	
212	40	62	77	
212	40	62	77	
212	40	62	77	
212	41	60	75	
212	40	61	76	
210	40	62	77	
210	40	62	77	
209	40	62	77	
208	38	63	79	
207	38	65	81	
207	37	65	81	
206	36	65	81	
207	36	64	80	
207	36	63	78	
208	37	62	77	
209	37	60	75	
210	37	59	74	
210	38	59	73	
210	38	59	73	
211	38	58	72	
213	39	57	71	
213	38	57	71	
214	38	57	71	
215	38	56	70	
215	39	56	69	
215	39	56	69	
216	39	55	69	
216	40	54	67	
216	39	55	68	
217	38	55	68	
217	39	54	67	
218	38	55	68	
219	39	54	67	
220	39	54	67	
221	39	54	67	
225	40	53	66	
227	41	53	66	
228	41	54	67	
231	42	53	66	
230	42	54	67	
229	39	55	68	
228	39	54	67	
227	38	54	67	
225	37	54	67	
223	36	54	67	
222	34	54	67	
221	33	54	67	
221	30	54	67	
223	29	53	66	
223	29	52	65	
223	27	53	66	
222	28	54	67	
222	30	54	67	
223	34	53	66	
225	37	53	66	
227	39	53	66	
226	40	54	67	
228	41	55	68	
228	43	56	69	
231	42	57	71	
231	41	58	72	
232	39	59	74	
231	40	60	74	
231	40	60	74	
231	39	60	74	
231	38	60	74	
230	36	61	76	
231	37	60	74	
230	37	61	76	
229	37	62	77	
229	36	62	77	
229	35	62	77	
228	35	62	77	
228	34	62	77	
227	32	63	79	
225	30	65	81	
223	27	66	82	
224	27	65	81	
225	27	64	80	
224	27	63	78	
224	25	64	80	
224	25	65	81	
224	25	65	81	
223	24	65	81	
223	25	64	80	
224	26	65	81	
224	26	65	81	
224	27	65	81	
222	27	66	82	
222	27	67	84	
221	27	68	85	
221	26	69	86	
220	26	70	87	
219	26	72	89	
221	27	71	88	
221	27	71	88	
222	27	71	88	
222	28	71	88	
220	26	72	90	
222	27	71	88	
223	27	70	87	
222	26	72	89	
223	25	71	88	
222	24	72	89	
223	24	72	89	
223	23	73	91	
223	23	72	89	
224	21	71	88	
223	18	72	89	
223	15	72	90	
223	14	71	88	
224	13	69	86	
226	12	68	85	
228	11	67	83	
231	8	67	84	
230	5	68	85	
233	2	69	86	
233	0	70	87	
234	-3	72	89	
235	-6	73	91	
234	-7	74	93	
233	-9	76	95	
231	-10	78	97	
233	-10	77	96	
231	-8	78	97	
230	-7	78	97	
231	-7	79	98	
229	-7	81	100	
228	-7	82	102	
226	-9	84	105	
225	-9	86	107	
225	-10	87	109	
225	-9	87	109	
225	-10	87	108	
225	-10	87	108	
225	-9	86	107	
224	-9	86	107	
226	-9	85	106	
224	-9	86	107	
226	-8	84	105	
224	-9	86	107	
226	-8	84	105	
224	-9	86	107	
226	-9	85	106	
224	-10	87	108	
226	-9	85	106	
224	-9	86	107	
225	-8	84	105	
227	-7	83	104	
225	-8	84	105	
224	-8	86	107	
226	-7	85	106	
224	-9	87	108	
225	-8	85	106	
227	-7	83	104	
225	-7	84	105	
225	-8	85	106	
226	-7	83	104	
227	-6	82	102	
226	-6	82	102	
224	-4	82	101	
224	-3	82	101	
223	-3	83	104	
222	0	82	102	
221	0	83	104	
219	1	84	105	
219	2	84	105	
217	3	86	107	
218	6	84	105	
220	8	83	104	
219	10	84	105	
220	12	83	104	
220	13	83	104	
220	17	82	101	
222	19	80	99	
221	20	81	100	
222	22	79	98	
220	22	80	99	
221	24	78	97	
221	23	79	98	
220	24	78	97	
220	24	78	97	
220	23	77	96	
221	24	75	94	
221	24	75	94	
219	22	77	96	
219	23	76	95	
220	22	75	94	
220	23	74	93	
220	22	74	92	
221	23	72	90	
220	22	72	90	
221	23	71	88	
221	23	71	88	
222	24	69	86	
221	25	68	85	
222	26	67	84	
220	26	68	85	
221	27	67	83	
221	27	67	83	
220	27	67	83	
220	27	67	83	
220	27	67	83	
219	26	68	85	
219	25	69	86	
219	25	68	85	
219	26	67	83	
219	25	67	83	
220	26	65	81	
220	27	64	80	
220	27	64	80	
220	26	64	80	
220	26	64	80	
220	26	64	80	
221	27	63	79	
221	27	63	79	
221	27	63	79	
221	27	63	79	
221	27	63	79	
221	26	65	81	
221	27	63	79	
221	27	63	79	
221	28	62	77	
220	26	63	78	
220	28	62	77	
220	27	62	77	
220	27	62	77	
220	26	62	77	
220	24	61	76	
220	23	60	75	
221	21	59	74	
221	21	58	72	
222	20	57	71	
221	19	56	70	
222	20	55	69	
221	20	54	67	
220	19	53	66	
219	21	52	65	
220	23	53	66	
222	28	54	67	
224	30	55	68	
227	28	55	69	
227	26	56	69	
229	23	57	71	
229	23	57	71	
227	22	59	73	
224	20	60	74	
222	20	59	73	
218	19	58	72	
214	17	57	71	
197	6	59	73	
193	1	59	73	
191	-1	59	73	
190	-3	59	74	
190	-3	59	73	
190	-2	59	73	
189	-3	59	74	
188	-3	59	73	
187	-4	60	74	
187	-4	59	73	
188	-5	57	71	
189	-6	56	70	
190	-7	55	69	
190	-11	56	70	
