114	182	11	39	
114	182	10	38	
116	183	10	38	
116	182	10	38	
116	182	11	39	
117	182	10	38	
118	182	10	38	
120	182	11	39	
120	182	11	39	
122	182	11	39	
123	182	10	38	
123	182	10	38	
124	182	11	39	
124	182	11	39	
125	182	11	39	
126	183	11	39	
127	183	10	38	
127	183	10	38	
127	184	10	37	
128	184	10	36	
129	185	10	37	
130	185	10	37	
130	185	10	37	
131	185	10	36	
131	185	10	36	
132	186	10	37	
133	185	10	37	
133	184	10	38	
135	186	10	37	
135	185	10	37	
136	186	10	37	
136	185	10	36	
137	185	10	36	
138	186	10	37	
139	186	10	37	
140	186	10	37	
141	185	10	36	
143	186	10	35	
144	186	9	34	
146	187	9	34	
146	187	9	33	
146	186	9	34	
147	186	9	34	
147	187	9	33	
149	186	9	34	
149	186	9	34	
150	186	9	34	
150	186	9	34	
150	185	9	34	
150	186	9	33	
151	186	9	34	
151	186	9	34	
151	186	9	34	
151	187	9	34	
151	186	10	35	
151	185	10	36	
151	185	10	36	
151	185	10	36	
151	185	10	37	
150	185	10	36	
150	184	10	37	
151	185	10	37	
151	184	10	36	
151	185	10	36	
151	185	10	36	
152	185	10	37	
151	184	10	36	
152	185	10	36	
151	185	10	36	
152	185	10	36	
152	186	10	35	
152	184	10	36	
153	186	10	35	
153	186	9	35	
154	186	9	35	
154	186	10	35	
155	185	10	36	
156	185	10	36	
157	185	10	37	
157	185	10	37	
157	185	10	37	
159	185	10	37	
159	185	10	37	
159	185	10	37	
160	184	10	37	
160	184	10	37	
161	184	10	36	
161	184	10	36	
161	185	10	36	
162	184	10	36	
162	184	10	36	
162	184	10	36	
163	186	10	35	
162	184	10	36	
162	184	10	36	
163	185	10	36	
163	185	10	36	
163	185	10	36	
162	185	10	36	
163	185	10	36	
162	184	10	36	
162	185	10	36	
163	185	10	36	
162	184	10	36	
162	185	10	36	
162	185	10	36	
163	186	10	35	
163	185	10	36	
163	185	10	37	
163	185	10	37	
163	184	10	38	
164	185	10	37	
164	184	10	38	
164	183	10	38	
165	185	10	37	
165	184	10	38	
166	183	10	38	
166	184	10	37	
167	184	10	36	
167	184	10	36	
168	184	10	36	
168	184	10	36	
169	184	10	36	
169	184	10	36	
170	184	10	36	
171	185	10	37	
171	184	10	36	
172	184	10	36	
172	184	10	36	
173	184	10	36	
174	184	10	36	
176	184	10	36	
176	184	10	36	
178	184	10	37	
178	184	10	37	
179	183	10	38	
180	184	10	37	
181	184	10	37	
182	184	10	37	
183	184	10	37	
184	184	10	37	
185	184	10	37	
186	184	10	37	
187	184	10	37	
188	184	10	36	
189	184	10	36	
191	184	9	35	
192	184	9	35	
193	185	9	34	
194	184	9	34	
195	184	9	35	
196	184	9	35	
196	183	10	36	
197	183	10	36	
197	183	10	36	
198	183	10	37	
199	183	10	36	
201	183	10	37	
202	183	10	37	
204	183	10	37	
205	183	10	36	
207	183	10	37	
207	183	10	37	
208	182	10	37	
209	182	10	36	
211	183	10	36	
211	182	10	36	
212	182	10	36	
214	183	10	36	
215	184	10	35	
217	184	9	34	
217	184	10	35	
219	183	9	35	
220	183	9	35	
222	183	9	34	
222	183	9	35	
223	183	10	35	
224	182	9	35	
225	182	9	35	
227	183	9	34	
228	183	9	34	
229	183	9	34	
230	183	9	34	
232	184	9	34	
232	183	10	35	
234	183	10	35	
235	182	9	35	
236	182	9	34	
237	182	9	34	
238	182	9	34	
240	183	9	33	
240	182	9	34	
241	183	9	33	
242	182	9	34	
244	183	9	34	
245	183	9	33	
247	183	9	33	
248	182	9	34	
249	182	9	34	
249	182	9	34	
251	182	9	34	
251	181	9	34	
252	182	9	33	
254	181	9	34	
255	182	9	33	
256	182	9	34	
258	182	9	34	
259	182	9	34	
261	182	9	35	
262	182	9	34	
263	182	9	34	
263	181	9	34	
264	181	9	35	
265	181	9	34	
266	181	9	34	
268	181	9	35	
269	181	9	34	
270	181	9	34	
271	181	9	34	
272	181	9	34	
273	182	9	34	
275	182	9	33	
276	182	9	33	
277	182	9	33	
278	181	9	34	
279	182	9	33	
280	181	9	34	
281	181	9	34	
282	181	9	33	
282	182	9	33	
284	182	9	33	
285	182	9	32	
286	182	9	32	
287	183	9	31	
288	182	9	32	
290	182	9	32	
292	182	9	32	
292	181	9	32	
294	182	9	32	
295	181	9	33	
296	181	9	33	
297	181	9	32	
297	182	9	33	
298	181	9	33	
300	182	9	33	
301	182	9	32	
302	182	9	32	
303	182	9	32	
304	182	9	33	
305	182	9	32	
306	181	9	32	
307	181	9	32	
308	181	9	32	
309	181	9	32	
310	182	9	31	
311	181	9	32	
312	181	9	32	
312	181	9	32	
314	182	9	31	
315	183	9	31	
317	182	9	32	
318	181	9	32	
320	181	9	32	
320	182	9	33	
320	182	9	33	
321	182	9	34	
321	183	9	33	
321	175	9	34	
321	175	9	33	
321	174	9	33	
321	173	9	33	
321	171	9	33	
321	172	9	33	
321	172	9	33	
321	171	9	34	
321	171	9	35	
321	171	9	34	
321	171	9	35	
320	172	10	36	
321	172	9	35	
321	172	9	35	
321	172	9	35	
321	171	9	35	
321	172	9	35	
321	172	9	34	
321	173	9	33	
321	173	9	33	
321	172	9	34	
321	173	9	33	
321	172	9	34	
321	172	9	35	
320	171	10	36	
320	171	10	36	
320	172	10	37	
320	172	10	36	
320	172	10	36	
320	171	10	36	
320	171	10	36	
320	171	10	36	
320	171	10	36	
320	171	10	36	
320	171	10	36	
320	171	10	36	
320	171	10	36	
321	172	9	35	
320	171	10	36	
320	171	10	36	
320	171	10	36	
321	172	9	35	
321	172	9	35	
320	171	10	36	
321	172	9	35	
320	171	10	36	
320	171	10	36	
321	172	9	35	
320	171	10	36	
320	171	10	36	
321	172	9	35	
321	172	9	35	
320	171	10	36	
320	171	10	36	
320	171	10	36	
320	171	10	36	
320	171	10	36	
320	171	10	36	
320	171	10	36	
321	172	9	35	
321	172	9	34	
321	173	9	33	
321	172	9	34	
321	172	9	35	
320	171	10	36	
321	172	9	35	
320	171	10	36	
320	171	10	36	
320	171	10	36	
321	172	9	35	
321	172	9	35	
320	171	10	36	
321	172	9	35	
320	171	10	36	
320	171	10	36	
320	171	10	36	
320	171	10	36	
320	171	10	36	
320	171	10	36	
320	171	10	36	
321	172	9	35	
321	172	9	35	
321	172	9	34	
321	172	9	34	
321	172	9	35	
320	171	10	36	
321	172	9	35	
320	171	10	36	
320	171	10	36	
321	172	9	35	
320	171	10	36	
321	172	9	35	
320	171	10	36	
320	171	10	36	
321	172	9	35	
320	171	10	36	
