338	186	18	20	
339	187	17	19	
339	187	17	19	
339	187	17	19	
339	187	17	19	
337	186	18	20	
338	187	17	19	
337	186	18	20	
337	186	18	20	
337	186	18	20	
336	186	18	20	
336	186	18	20	
336	186	18	20	
336	186	18	20	
336	186	18	20	
336	186	19	21	
336	186	19	21	
335	185	19	22	
335	186	19	21	
335	186	19	21	
335	186	19	21	
335	186	19	21	
334	186	19	21	
334	186	19	21	
334	186	19	21	
334	186	19	21	
333	186	18	20	
333	186	19	21	
333	186	19	21	
333	186	19	21	
333	186	19	21	
332	186	19	21	
332	186	19	21	
332	186	19	21	
332	186	18	20	
331	186	19	21	
331	186	19	21	
331	185	19	22	
330	185	20	22	
330	185	20	22	
331	185	19	22	
330	185	19	21	
329	184	20	22	
329	184	20	22	
328	184	20	22	
328	184	20	22	
328	184	20	22	
328	184	20	22	
327	184	20	22	
327	184	20	23	
327	184	20	23	
327	184	21	23	
326	184	20	23	
326	184	20	23	
326	184	20	23	
326	184	21	23	
326	184	21	23	
326	183	21	24	
326	184	21	23	
326	183	21	24	
325	183	21	24	
325	183	21	24	
323	183	22	24	
323	183	22	24	
324	183	21	24	
324	183	21	24	
323	184	21	23	
323	183	21	24	
322	183	22	24	
322	183	21	24	
321	183	22	24	
321	183	22	24	
320	183	22	24	
321	183	21	24	
321	183	21	24	
320	183	21	23	
319	183	21	23	
319	183	21	23	
319	183	21	23	
318	182	21	24	
317	182	22	24	
316	182	22	24	
316	182	22	25	
316	182	23	25	
315	182	22	25	
315	182	23	25	
314	182	22	25	
314	182	22	25	
313	182	23	25	
313	182	22	25	
312	181	23	25	
312	181	23	25	
312	181	23	26	
311	181	23	26	
309	181	24	26	
310	181	23	26	
309	182	23	25	
308	180	23	26	
307	181	24	26	
306	181	24	26	
306	181	24	26	
305	181	24	26	
306	180	23	26	
306	180	23	26	
306	181	23	25	
306	181	22	25	
305	179	23	25	
303	180	22	25	
302	180	23	25	
301	180	22	25	
297	181	22	25	
297	180	23	25	
297	180	22	25	
297	180	23	25	
297	180	23	26	
295	179	24	26	
294	179	24	27	
293	179	24	27	
293	179	24	27	
292	179	24	27	
292	178	25	28	
290	178	25	28	
290	178	25	28	
288	178	26	29	
287	178	26	29	
286	177	27	30	
285	177	27	30	
284	177	27	30	
284	177	27	30	
283	177	28	31	
281	177	28	31	
280	176	29	32	
280	176	29	32	
279	176	29	32	
278	176	29	32	
276	176	30	33	
274	176	30	33	
274	176	30	33	
273	175	31	34	
272	175	31	34	
270	174	31	35	
269	174	32	35	
267	174	32	35	
267	173	32	36	
266	173	33	36	
265	173	32	36	
264	173	32	36	
263	173	33	37	
260	172	34	37	
260	172	33	37	
258	171	34	38	
256	171	34	38	
255	171	35	39	
253	170	36	40	
252	170	36	40	
250	170	36	40	
249	170	37	41	
247	169	37	42	
245	169	38	43	
244	168	37	42	
243	169	37	41	
240	168	38	42	
238	168	38	43	
236	167	39	43	
235	166	39	44	
233	166	39	44	
231	166	40	45	
228	165	41	46	
228	165	41	46	
224	165	42	47	
222	164	43	48	
220	165	42	47	
218	165	42	47	
215	164	41	46	
214	164	42	47	
209	163	43	48	
206	162	44	48	
203	162	44	49	
202	162	44	49	
197	161	45	50	
195	161	45	50	
190	161	46	51	
188	159	47	53	
182	159	48	53	
181	159	49	54	
176	159	48	54	
173	158	49	54	
168	157	49	55	
165	157	49	55	
160	157	50	55	
156	156	51	56	
150	155	51	56	
145	155	50	56	
142	155	51	57	
135	155	52	57	
131	153	53	59	
123	152	54	60	
118	152	54	60	
111	151	54	60	
107	150	55	62	
97	149	57	63	
93	149	57	63	
83	148	57	64	
78	147	58	64	
66	146	59	66	
62	145	60	66	
52	145	58	65	
45	144	58	64	
32	142	58	64	
26	144	58	65	
18	141	60	66	
3	139	61	68	
-5	138	61	68	
-20	134	60	67	
-29	132	60	67	
-47	128	60	67	
-28	121	61	68	
-17	112	62	69	
-27	106	62	69	
-44	109	63	70	
-39	138	64	71	
