393	179	12	12
393	177	11	11
392	175	11	11
393	175	12	12
394	173	12	12
394	174	12	12
394	174	12	12
395	174	12	12
396	175	12	12
396	175	12	12
394	175	12	12
393	175	12	12
393	174	12	12
393	175	11	11
391	173	11	11
391	174	11	11
388	173	11	11
389	172	11	11
388	171	11	11
388	170	11	11
388	170	11	11
388	170	11	11
387	170	11	11
387	170	12	12
387	170	11	11
387	171	11	11
387	170	11	11
387	171	12	12
387	171	12	12
386	171	12	12
387	172	12	12
387	172	12	12
387	173	12	12
387	173	12	12
388	174	12	12
388	172	12	12
387	173	12	12
387	173	12	12
388	172	12	12
389	171	12	12
389	172	12	12
391	173	12	12
393	175	12	12
392	178	12	12
394	184	12	12
396	194	11	11
398	203	11	11
400	214	11	11
401	210	11	11
401	199	11	11
403	194	11	11
402	191	11	11
403	191	11	11
400	196	10	10
400	195	10	10
400	195	10	10
399	195	10	10
400	195	10	10
400	194	10	10
400	194	10	10
401	194	11	11
401	194	11	11
400	195	11	11
402	191	11	11
403	196	11	11
400	195	10	10
400	194	11	11
413	197	10	10
415	192	10	10
416	187	10	10
416	181	10	10
400	194	10	10
401	195	10	10
401	195	10	10
401	195	10	10
401	195	10	10
401	195	10	10
401	195	10	10
401	195	10	10
401	195	10	10
404	176	10	10
401	190	10	10
401	194	10	10
401	195	10	10
401	195	10	10
402	197	10	10
402	195	10	10
401	189	10	10
401	195	10	10
400	194	10	10
401	195	10	10
401	195	10	10
400	195	10	10
400	195	10	10
400	195	10	10
400	195	10	10
400	195	10	10
400	195	10	10
400	195	10	10
400	195	10	10
400	195	10	10
401	195	10	10
400	195	10	10
400	195	10	10
400	195	10	10
400	195	10	10
400	195	10	10
400	195	10	10
400	195	10	10
400	195	10	10
400	195	10	10
400	195	10	10
400	195	10	10
400	195	10	10
400	195	10	10
398	194	10	10
394	197	10	10
379	187	10	10
373	188	10	10
371	193	10	10
371	193	10	10
371	193	10	10
371	193	9	9
370	192	9	9
371	193	9	9
370	192	10	10
368	189	10	10
368	189	9	9
368	189	9	9
369	191	9	9
370	189	9	9
369	189	10	10
369	189	10	10
369	189	10	10
369	189	10	10
369	189	10	10
369	189	10	10
369	189	10	10
369	189	10	10
369	189	10	10
369	189	10	10
369	189	10	10
369	189	10	10
369	189	10	10
370	189	9	9
370	189	9	9
369	189	10	10
369	189	10	10
369	189	10	10
369	189	9	9
369	189	10	10
369	189	9	9
369	189	10	10
369	189	10	10
369	189	10	10
370	189	9	9
369	189	9	9
369	189	10	10
369	189	10	10
370	189	9	9
369	189	10	10
369	189	10	10
369	189	10	10
369	189	10	10
369	189	10	10
369	189	9	9
369	189	10	10
369	189	10	10
369	189	10	10
369	189	10	10
369	189	10	10
369	189	9	9
367	192	10	10
365	190	10	10
364	190	10	10
350	191	10	10
345	192	10	10
345	193	10	10
344	192	10	10
344	192	10	10
344	192	10	10
344	192	10	10
344	192	10	10
344	192	10	10
344	192	10	10
344	192	11	11
