46	12	67	73
46	11	66	73
46	11	66	73
46	11	66	72
46	12	66	72
46	12	65	71
47	12	64	70
47	12	64	70
47	12	64	70
48	12	63	69
48	12	63	69
49	13	62	68
49	13	62	68
49	13	62	68
50	14	61	67
50	14	61	67
50	14	60	66
51	14	60	66
51	15	59	65
52	15	59	65
52	15	58	64
53	16	57	63
53	17	57	62
53	17	56	62
53	17	56	62
53	17	56	62
53	18	56	61
53	18	55	61
54	18	54	60
54	19	54	59
54	19	53	59
54	20	53	58
55	20	53	58
55	21	52	57
55	21	52	57
55	21	52	57
55	22	51	57
55	22	51	56
55	23	51	56
55	23	50	55
55	23	50	55
55	24	49	54
55	25	49	54
55	25	49	54
55	25	49	54
55	25	48	53
55	26	48	53
56	26	47	52
56	27	47	52
56	27	47	51
56	28	46	51
55	28	46	51
55	28	46	50
56	29	45	50
55	29	45	50
55	29	45	50
55	29	45	50
55	30	45	49
55	30	44	48
55	31	43	48
55	31	43	48
55	31	43	48
55	31	43	48
55	32	43	47
55	32	42	47
55	32	42	46
55	33	41	46
54	33	41	45
54	34	41	45
54	34	41	45
54	34	41	45
54	34	40	44
54	35	40	44
53	35	40	44
53	35	39	44
53	36	39	43
53	36	39	43
53	36	39	43
52	36	39	43
52	36	38	42
52	36	38	42
51	36	38	42
51	37	38	42
51	37	38	42
51	37	38	41
51	37	37	41
51	37	37	41
50	37	37	41
50	37	37	41
50	37	37	41
49	37	37	41
49	37	37	41
49	38	36	40
49	38	36	40
49	38	36	40
49	38	36	40
48	38	36	40
48	39	36	39
48	39	36	39
47	39	35	39
47	39	35	39
47	39	35	39
47	39	35	39
46	39	35	38
46	39	35	38
46	39	35	38
46	40	34	38
46	40	34	38
45	40	34	38
45	40	34	38
45	40	34	37
45	40	34	37
45	40	33	37
44	40	33	37
44	40	33	37
44	40	33	37
44	40	33	36
43	40	33	36
43	40	33	36
43	41	33	36
43	41	32	36
43	41	32	36
42	41	32	36
42	41	32	35
42	41	32	35
42	41	32	35
42	41	32	35
41	41	32	35
41	41	32	35
41	41	31	35
41	41	31	35
41	41	31	35
41	41	31	35
40	41	31	35
40	41	31	34
40	41	31	34
40	41	31	34
40	41	31	34
39	42	31	34
39	42	31	34
39	42	30	33
39	42	30	33
39	42	30	33
39	42	30	33
39	42	30	33
39	42	30	33
38	42	30	33
38	42	30	33
38	42	30	33
38	42	30	33
38	42	30	33
37	42	30	33
37	42	30	33
37	42	30	33
37	42	30	33
37	43	30	33
36	43	29	32
36	43	29	32
36	43	29	32
36	43	29	32
36	43	29	32
36	43	29	32
36	43	29	32
36	43	29	32
36	43	29	32
35	43	29	32
35	43	29	32
35	43	29	32
35	43	29	32
35	43	29	32
34	43	29	32
34	43	28	31
34	43	28	31
34	43	28	31
34	43	28	31
34	43	28	31
34	44	28	31
34	43	28	31
34	43	28	31
33	43	28	31
33	43	28	31
33	43	28	31
33	43	28	31
33	43	28	31
33	43	28	31
33	43	28	31
33	44	27	30
32	44	27	30
32	44	27	30
32	44	27	30
32	44	27	30
32	44	27	30
31	44	27	30
31	44	27	30
31	44	27	30
31	44	27	30
31	44	27	30
31	44	27	30
31	44	27	30
31	44	27	30
31	44	27	30
31	44	27	30
31	44	27	30
30	44	27	29
30	44	26	29
30	44	26	29
30	44	26	29
30	44	26	29
30	44	27	29
30	44	27	29
30	44	26	29
29	44	26	29
29	44	26	29
29	44	26	29
29	44	26	29
29	44	26	29
29	44	26	29
29	44	26	29
29	44	26	29
29	44	26	29
29	44	26	29
28	44	26	29
28	45	26	29
28	45	26	29
28	45	26	29
28	45	26	29
28	45	26	29
28	45	26	29
28	45	26	29
28	45	26	29
28	45	26	28
27	45	26	28
27	45	26	28
27	45	26	28
27	45	26	28
27	45	25	28
27	45	25	28
27	45	25	28
27	45	25	28
27	45	25	28
27	45	25	28
27	45	25	28
26	45	26	28
26	45	26	28
26	45	26	28
26	45	25	28
26	45	25	28
26	45	25	28
26	45	25	28
26	45	25	28
26	45	25	28
26	45	25	28
26	45	25	28
26	45	25	28
26	45	25	28
26	45	25	28
26	45	25	28
26	45	25	28
26	45	25	28
26	45	25	28
26	45	25	28
26	45	25	28
26	45	25	28
26	45	25	28
26	45	25	28
26	45	25	28
26	45	25	28
26	45	25	27
26	45	25	28
26	45	25	27
26	45	25	27
26	45	25	27
26	45	25	27
26	45	25	27
26	45	25	27
26	45	25	27
26	45	25	27
26	45	25	27
26	45	25	27
26	45	25	27
26	45	25	27
26	45	25	27
26	45	25	27
26	45	25	27
26	45	25	27
26	45	25	27
25	45	25	27
25	45	25	27
25	45	25	27
25	45	25	28
25	45	25	28
25	45	25	27
25	45	25	27
25	45	25	27
25	45	25	27
25	45	25	28
25	45	25	27
25	45	25	27
25	45	25	27
25	45	25	27
25	45	25	27
25	45	25	27
25	45	25	27
25	45	25	27
24	46	25	27
24	46	25	27
24	45	25	27
24	46	25	27
24	46	25	27
24	46	25	27
24	46	25	27
24	46	25	27
24	46	25	27
24	46	25	27
24	46	25	27
23	46	25	27
23	46	25	27
23	46	24	27
23	46	24	27
23	46	24	27
23	46	24	27
23	46	24	27
23	46	24	27
23	46	24	27
22	46	24	27
22	46	24	27
