114	182	11	39
114	182	10	39
114	182	10	39
115	182	10	39
115	182	10	38
118	181	10	39
119	182	10	39
114	182	10	38
114	182	11	39
114	182	10	39
114	182	10	39
114	182	10	39
114	182	10	38
113	182	10	39
113	182	10	39
113	182	10	39
113	182	10	39
114	182	10	38
114	182	11	39
114	182	10	39
114	182	10	39
113	182	11	39
113	182	11	39
113	182	11	39
113	182	10	39
113	182	11	39
113	182	10	39
113	182	11	39
113	181	11	39
113	182	11	39
113	181	11	39
113	181	11	39
113	181	11	39
113	181	11	39
113	181	11	39
113	181	11	39
113	181	11	39
113	181	11	40
113	181	11	40
113	181	11	40
113	181	11	40
113	181	11	40
113	181	11	40
113	181	11	40
113	181	11	40
113	181	11	40
113	181	11	40
113	181	11	40
113	181	11	40
113	181	11	40
113	181	11	40
113	181	11	40
113	181	11	40
113	181	11	40
113	181	11	40
113	181	11	40
113	181	11	40
113	181	11	40
113	181	11	40
113	181	11	40
113	181	11	40
113	181	11	40
113	181	11	40
113	181	11	40
113	181	11	40
113	181	11	40
114	181	11	40
114	181	11	40
114	181	11	40
114	181	11	40
114	181	11	40
114	181	11	40
114	181	11	40
113	181	11	40
113	181	11	40
113	181	11	40
114	181	11	40
114	181	11	40
114	181	11	40
114	181	11	40
114	181	11	40
114	181	11	40
114	181	11	40
114	181	11	40
114	181	11	40
114	181	11	40
114	181	11	40
113	181	11	40
113	181	11	40
114	181	11	40
114	181	11	40
114	181	11	40
114	181	11	40
114	181	11	40
114	181	11	40
114	181	11	40
114	181	11	40
114	181	11	40
114	181	11	40
114	181	11	40
114	181	11	40
113	181	11	40
113	181	11	40
113	181	11	40
113	181	11	40
113	181	11	40
113	181	11	40
113	181	11	40
113	181	11	40
114	181	11	40
114	181	11	40
114	181	11	40
114	181	11	40
114	181	11	40
114	181	11	40
113	181	11	40
114	181	11	40
114	181	11	40
114	181	11	40
114	181	11	40
114	181	11	40
114	181	11	40
114	181	11	40
114	181	11	40
114	181	11	40
114	181	11	40
114	181	11	40
114	181	11	40
114	181	11	40
114	181	11	40
114	181	11	40
114	181	11	40
114	181	11	40
114	181	11	40
114	181	11	40
114	181	11	40
114	181	11	40
114	181	11	39
114	181	11	40
114	181	11	40
114	181	11	40
114	181	11	40
114	181	11	40
114	181	11	40
114	181	11	40
114	181	11	39
114	181	11	40
114	181	11	40
114	181	11	40
114	181	11	40
114	181	11	40
114	181	11	40
114	181	11	39
114	181	11	40
114	181	11	40
114	181	11	40
114	181	11	40
114	181	11	39
114	181	11	39
114	181	11	39
114	181	11	39
114	181	11	39
114	181	11	39
114	181	11	39
114	181	11	40
114	181	11	39
114	181	11	39
114	181	11	40
114	181	11	39
114	181	11	39
114	181	11	40
114	181	11	40
114	181	11	40
114	181	11	40
114	181	11	40
114	181	11	40
114	181	11	40
114	181	11	40
114	181	11	40
114	181	11	40
114	181	11	40
114	181	11	40
113	181	11	40
113	181	11	40
114	181	11	40
114	181	11	40
114	181	11	40
114	181	11	40
114	181	11	40
114	181	11	40
114	181	11	40
114	181	11	40
113	181	11	40
114	181	11	40
114	181	11	40
114	181	11	40
114	181	11	40
114	181	11	40
114	181	11	40
113	181	11	40
114	181	11	40
114	181	11	40
114	181	11	40
114	181	11	40
114	181	11	40
114	181	11	40
114	181	11	40
114	181	11	40
114	181	11	40
114	181	11	39
114	181	11	39
114	181	11	39
114	181	11	39
114	181	11	39
114	181	11	39
114	181	11	39
114	181	11	39
114	181	11	39
114	181	11	39
114	181	11	39
114	181	11	39
114	181	11	39
114	181	11	39
114	181	11	39
114	181	11	39
114	181	11	39
114	181	11	39
114	181	11	39
114	181	11	39
114	181	11	39
114	181	11	39
114	181	11	39
114	181	11	39
114	181	11	39
114	181	11	39
114	181	11	39
114	181	11	39
114	181	11	40
114	181	11	40
114	181	11	40
114	181	11	40
114	181	11	40
114	181	11	40
114	181	11	40
114	181	11	40
114	181	11	40
114	181	11	40
114	181	11	40
114	181	11	40
114	181	11	40
114	181	11	40
114	181	11	40
114	181	11	40
114	181	11	40
114	181	11	40
114	181	11	40
114	181	11	40
114	181	11	40
114	181	11	39
114	181	11	40
114	181	11	39
114	181	11	39
114	181	11	39
114	181	11	39
114	181	11	39
114	181	11	39
114	181	11	39
114	181	11	39
114	181	11	39
114	181	11	39
114	181	11	39
114	181	11	39
114	181	11	39
114	181	11	39
114	181	11	39
114	181	11	39
114	181	11	39
114	182	11	39
114	181	11	39
114	181	11	39
114	181	11	39
114	181	11	39
114	181	11	39
114	181	11	39
114	181	11	39
114	181	11	39
114	181	11	39
114	181	11	39
114	181	11	39
114	181	11	39
114	181	11	39
114	181	11	39
114	181	11	39
114	181	11	39
114	181	11	39
114	182	11	39
114	182	11	39
114	181	11	39
114	181	11	39
114	181	11	39
114	181	11	39
114	181	11	39
114	181	11	39
114	181	11	39
114	181	11	39
114	181	11	39
114	181	11	39
114	181	11	39
114	181	11	39
114	181	11	39
114	181	11	39
114	181	11	39
114	181	11	39
114	181	11	39
114	181	11	39
114	181	11	39
114	181	11	39
114	181	11	39
114	181	11	39
114	181	11	39
114	181	11	39
114	181	11	39
114	181	11	39
114	181	11	39
114	181	11	39
114	181	11	39
114	181	11	40
114	181	11	40
114	181	11	40
114	181	11	40
114	181	11	40
114	181	11	39
114	181	11	40
114	181	11	40
114	181	11	40
114	181	11	40
114	181	11	40
114	181	11	40
114	181	11	39
114	181	11	39
114	181	11	39
114	181	11	39
114	181	11	39
114	181	11	39
114	181	11	39
114	181	11	39
114	181	11	39
114	181	11	39
114	181	11	39
114	181	11	39
114	181	11	39
114	181	11	39
114	181	11	39
114	181	11	39
114	181	11	39
114	181	11	39
114	181	11	39
114	181	11	39
114	181	11	39
114	181	11	39
114	181	11	39
114	181	11	39
114	181	11	39
