80	167	84	132
84	167	83	130
97	168	80	126
106	169	78	122
111	170	77	121
123	170	73	115
127	171	72	113
135	172	71	111
140	173	69	108
149	173	66	103
153	173	65	102
160	174	63	100
168	175	62	97
172	176	60	94
178	176	59	93
182	175	58	91
188	176	56	89
191	177	55	87
197	178	54	85
201	179	52	82
206	180	51	80
212	179	50	78
215	180	48	76
220	181	47	75
222	182	46	73
225	182	45	71
228	183	44	70
233	182	43	69
233	182	43	67
238	183	42	65
242	184	41	64
243	184	40	63
247	185	38	61
249	185	38	60
251	184	37	59
253	184	37	58
256	185	36	57
259	185	35	56
260	186	35	55
263	186	34	54
264	186	34	53
267	187	33	52
267	187	32	51
270	187	32	50
271	187	31	50
273	187	31	48
274	187	30	48
276	188	30	47
276	188	30	47
278	188	29	46
280	188	29	45
281	188	28	44
283	188	28	44
283	188	28	43
285	188	27	42
286	189	27	42
287	189	26	42
289	189	26	41
289	189	26	41
291	189	25	39
291	190	25	39
292	190	24	39
293	190	24	38
294	190	24	38
295	190	23	37
296	190	23	37
297	190	23	36
297	190	23	36
298	190	22	35
299	190	22	35
300	190	22	35
301	191	22	34
301	191	21	34
302	191	21	34
303	191	21	33
304	190	21	33
304	190	21	33
305	190	20	32
305	191	20	32
306	191	20	32
307	191	20	31
308	191	19	31
308	191	19	30
309	191	19	30
310	192	19	30
310	192	18	29
311	192	18	29
311	192	18	29
312	192	18	28
312	192	18	28
313	192	18	28
313	192	17	28
314	192	17	27
314	192	17	27
315	192	17	27
316	192	17	27
316	192	17	26
317	192	16	26
317	192	16	26
318	192	16	26
318	192	16	25
319	192	16	25
319	192	16	25
320	192	16	25
320	193	15	24
321	193	15	24
321	193	15	24
322	193	15	24
322	192	15	24
323	193	15	24
323	193	15	23
323	193	15	23
324	193	14	23
324	193	14	23
325	193	14	22
325	193	14	22
325	193	14	22
326	193	14	22
326	193	14	22
327	193	14	22
327	193	14	22
328	193	13	21
328	193	13	21
328	194	13	21
328	194	13	21
329	194	13	20
329	194	13	20
329	194	13	20
330	194	13	20
330	194	13	20
331	194	12	20
331	194	12	20
331	194	12	19
331	194	12	19
332	194	12	19
332	194	12	19
332	194	12	19
333	194	12	19
333	194	12	19
333	194	12	19
334	194	12	18
334	194	11	18
334	194	11	18
335	194	11	18
335	194	11	18
335	194	11	18
335	194	11	18
335	194	11	18
336	194	11	18
336	194	11	18
336	194	11	18
337	194	11	18
337	194	11	17
337	194	11	17
337	194	11	17
337	194	11	17
338	194	11	17
338	194	11	17
338	194	11	17
338	194	11	17
339	194	11	17
339	194	10	17
339	194	10	17
339	194	10	17
339	194	10	16
340	194	10	17
340	194	10	16
340	194	10	16
340	194	10	16
341	195	10	16
341	195	10	16
341	195	10	16
341	195	10	16
341	194	10	16
341	194	10	16
341	194	10	16
342	194	10	16
342	194	10	16
342	194	10	16
342	194	10	16
342	194	10	16
342	195	9	15
343	195	9	15
343	195	9	15
343	195	9	15
343	195	9	15
343	195	9	15
344	195	9	15
344	195	9	15
344	195	9	15
344	195	9	15
344	195	9	15
344	195	9	15
345	195	9	14
345	195	9	14
345	195	9	14
345	195	9	14
345	195	9	14
346	195	9	14
346	196	8	14
346	196	8	13
346	196	8	13
346	196	8	13
346	195	8	13
346	195	8	13
346	195	8	13
347	195	8	13
347	195	8	13
347	195	8	13
347	195	8	13
347	195	8	13
347	195	8	13
347	195	8	13
347	195	8	13
347	195	8	13
347	195	8	13
347	195	8	13
348	195	8	13
348	195	8	13
348	195	8	13
348	195	8	13
348	195	8	13
348	195	8	13
348	195	8	13
348	195	8	13
349	195	8	13
349	195	8	13
349	195	8	13
349	196	8	13
349	196	8	12
349	196	8	12
349	196	7	12
349	196	7	12
350	196	7	12
350	196	7	12
350	196	7	12
350	196	7	12
350	196	7	12
350	196	7	12
351	195	7	12
351	195	7	12
351	195	7	12
351	195	7	12
351	195	7	12
352	195	7	12
352	195	7	12
352	195	7	12
352	195	7	12
352	196	7	12
352	196	7	12
353	196	7	12
353	195	7	12
353	196	7	12
354	196	7	12
354	196	7	12
354	196	7	12
354	196	7	12
354	196	7	12
355	196	7	12
355	196	7	11
355	196	7	11
356	196	7	11
356	196	7	11
356	196	7	11
356	196	7	11
356	196	7	11
357	196	7	11
357	196	7	11
357	196	7	11
357	196	7	11
358	196	7	11
358	196	7	11
358	196	7	11
358	196	7	11
359	196	6	10
359	196	6	10
359	196	6	10
360	196	6	10
360	196	6	10
360	196	7	11
360	196	7	11
361	196	6	10
361	196	6	10
361	195	7	11
361	195	7	11
362	195	6	10
362	195	6	10
362	195	6	10
362	195	6	10
363	196	6	10
363	196	6	10
364	196	6	10
364	195	6	10
364	195	6	10
365	196	6	10
365	195	6	10
365	195	6	10
365	195	6	10
366	195	6	10
366	195	6	10
366	195	6	10
367	196	6	10
367	196	6	10
368	196	6	10
368	196	6	10
369	196	6	10
369	196	6	10
369	196	6	10
369	196	6	10
370	196	6	10
370	196	6	10
370	196	6	10
371	196	6	10
371	196	6	10
371	196	6	10
371	196	6	10
372	196	6	10
372	196	6	10
372	196	6	9
372	196	6	9
372	196	6	9
372	196	6	9
372	196	6	9
372	196	6	9
372	196	6	9
372	196	6	9
372	196	6	9
372	196	6	9
372	196	6	9
372	196	6	9
372	196	6	9
372	196	6	9
372	196	6	9
372	196	6	9
372	196	6	9
372	196	6	9
