49.000000 58.000000 8.000000 25.000000 
50.179905 59.030663 9.000000 26.000000 
50.616432 59.050568 9.000000 26.000000 
50.646584 59.117554 9.000000 26.000000 
50.768009 59.205322 9.000000 26.000000 
51.158146 59.223549 9.000000 26.000000 
52.248569 59.119057 9.000000 26.000000 
53.229092 58.974854 9.000000 26.000000 
53.374115 59.795799 9.000000 26.000000 
53.767624 59.590485 9.000000 26.000000 
53.543201 59.282280 9.000000 26.000000 
53.467125 58.964409 9.000000 26.000000 
54.744499 59.781441 9.000000 26.000000 
54.543137 59.710388 9.000000 26.000000 
54.638161 59.747993 9.000000 26.000000 
55.009842 59.683022 9.000000 26.000000 
55.694637 59.599945 9.000000 26.000000 
55.905666 59.520218 9.000000 26.000000 
56.390316 59.823509 9.000000 26.000000 
57.423370 59.906219 9.000000 26.000000 
57.709255 60.114258 9.000000 26.000000 
57.814377 59.376785 9.000000 26.000000 
58.411705 59.507896 9.000000 26.000000 
59.564995 59.683464 9.000000 26.000000 
58.920563 59.878304 9.000000 26.000000 
59.523056 60.076141 9.000000 26.000000 
59.161064 58.011585 9.180000 26.520000 
60.882683 58.517624 9.000000 26.000000 
60.808029 59.153625 9.000000 26.000000 
61.395309 59.035820 9.000000 26.000000 
62.069298 58.694771 9.000000 26.000000 
62.031311 59.676056 9.000000 26.000000 
62.192154 59.539307 9.000000 26.000000 
63.091591 59.363853 9.000000 26.000000 
63.076584 59.227409 9.000000 26.000000 
63.319435 59.034386 9.000000 26.000000 
65.215584 60.050682 9.000000 26.000000 
64.253746 58.997429 9.000000 26.000000 
65.235779 59.282028 9.000000 26.000000 
65.026848 58.900993 9.000000 26.000000 
64.893250 59.401978 9.000000 26.000000 
65.550209 59.207527 9.000000 26.000000 
65.468788 58.646896 9.000000 26.000000 
67.107132 58.869919 9.000000 26.000000 
66.734299 59.219635 9.000000 26.000000 
66.864098 58.631409 9.000000 26.000000 
67.029953 59.615677 9.000000 26.000000 
67.749977 58.924347 9.000000 26.000000 
67.781631 59.129852 9.000000 26.000000 
68.126518 58.768204 9.000000 26.000000 
68.932045 59.267334 9.000000 26.000000 
69.182999 58.837982 9.000000 26.000000 
69.609367 59.280869 9.000000 26.000000 
69.819893 59.189201 9.000000 26.000000 
70.276413 59.038162 9.000000 26.000000 
71.239571 58.733994 9.000000 26.000000 
71.409561 59.117378 9.000000 26.000000 
73.012154 58.067154 9.000000 26.000000 
72.872154 58.095253 9.000000 26.000000 
73.845665 58.956680 9.000000 26.000000 
74.090622 59.572769 9.000000 26.000000 
74.896729 59.660530 9.000000 26.000000 
75.087372 59.491020 9.000000 26.000000 
75.885773 59.637260 9.000000 26.000000 
76.149086 59.720940 9.000000 26.000000 
76.853912 59.917831 9.000000 26.000000 
76.928459 60.000198 9.000000 26.000000 
77.071404 58.970619 9.000000 26.000000 
76.198486 58.353943 9.000000 26.000000 
76.724609 58.064926 9.000000 26.000000 
76.555313 57.799355 9.000000 26.000000 
76.710304 58.326447 9.000000 26.000000 
77.140228 58.057899 9.000000 26.000000 
78.028137 57.746696 9.000000 26.000000 
78.207642 58.444832 9.000000 26.000000 
78.743553 58.245804 9.000000 26.000000 
78.758385 58.204613 9.000000 26.000000 
78.981102 58.493042 9.000000 26.000000 
79.640244 58.700455 9.000000 26.000000 
79.637703 58.938461 9.000000 26.000000 
80.020370 59.115677 9.000000 26.000000 
80.792221 58.005791 9.000000 26.000000 
80.890434 57.800285 9.000000 26.000000 
81.449417 58.222252 9.000000 26.000000 
82.462326 57.794456 9.000000 26.000000 
82.910019 58.222755 9.000000 26.000000 
82.508850 57.014877 9.000000 26.000000 
83.823502 56.906044 9.000000 26.000000 
84.487671 58.068268 9.000000 26.000000 
85.679398 57.305595 9.000000 26.000000 
85.308609 57.490425 9.000000 26.000000 
86.065834 57.875816 9.000000 26.000000 
86.154755 57.928810 9.000000 26.000000 
86.700577 58.148232 9.000000 26.000000 
86.606537 57.513588 9.000000 26.000000 
87.360565 58.129608 9.000000 26.000000 
88.103638 57.217133 9.000000 26.000000 
88.220299 57.190346 9.000000 26.000000 
88.721275 57.614754 9.000000 26.000000 
88.267426 57.565849 9.000000 26.000000 
88.943420 57.150459 9.000000 26.000000 
88.812065 56.524094 9.000000 26.000000 
88.948387 56.831978 9.000000 26.000000 
89.356422 57.235794 9.000000 26.000000 
90.190804 56.407043 9.000000 26.000000 
90.321495 56.841217 9.000000 26.000000 
91.008804 57.295647 9.000000 26.000000 
90.950516 56.525360 9.000000 26.000000 
91.235672 57.081963 9.000000 26.000000 
91.942146 56.809723 9.000000 26.000000 
92.057838 57.312492 9.000000 26.000000 
92.830566 57.386261 9.000000 26.000000 
92.696396 56.876541 9.000000 26.000000 
92.936234 57.447357 9.000000 26.000000 
93.493462 56.982750 9.000000 26.000000 
94.852570 57.256279 9.000000 26.000000 
94.466499 56.281433 9.000000 26.000000 
95.790520 56.266357 9.000000 26.000000 
95.484772 56.262581 9.000000 26.000000 
96.738655 56.226959 9.000000 26.000000 
96.386749 56.539124 9.000000 26.000000 
97.159225 56.795815 9.000000 26.000000 
97.511002 56.949188 9.000000 26.000000 
97.265244 57.187531 9.000000 26.000000 
98.306206 56.413483 9.000000 26.000000 
98.861572 56.736778 9.000000 26.000000 
98.738205 56.912117 9.000000 26.000000 
99.139122 57.332298 9.000000 26.000000 
99.949173 56.975769 9.000000 26.000000 
99.809441 57.498230 9.000000 26.000000 
99.651909 56.849571 9.000000 26.000000 
99.734909 57.032135 9.000000 26.000000 
100.117035 56.177551 9.000000 26.000000 
100.624207 56.275352 9.000000 26.000000 
100.499405 56.475296 9.000000 26.000000 
101.538216 56.787262 9.000000 26.000000 
100.952408 57.185867 9.000000 26.000000 
101.404091 56.618103 9.000000 26.000000 
102.182213 56.980713 9.000000 26.000000 
102.168182 57.535400 9.000000 26.000000 
102.578712 56.989822 9.000000 26.000000 
102.348625 57.225861 9.000000 26.000000 
103.472404 56.495377 9.000000 26.000000 
103.876060 56.749855 9.000000 26.000000 
103.782219 56.916237 9.000000 26.000000 
104.112381 57.026703 9.000000 26.000000 
104.905991 55.906578 9.000000 26.000000 
105.165291 56.705643 9.000000 26.000000 
106.100090 56.362717 9.000000 26.000000 
106.496170 56.081001 9.000000 26.000000 
106.976738 55.926704 9.000000 26.000000 
106.810410 56.813049 9.000000 26.000000 
106.890160 56.872147 9.000000 26.000000 
107.314201 57.026993 9.000000 26.000000 
108.234138 56.571419 9.000000 26.000000 
109.005707 57.443901 9.000000 26.000000 
109.221291 57.358620 9.000000 26.000000 
110.041901 57.482903 9.000000 26.000000 
110.214531 57.574059 9.000000 26.000000 
110.526443 57.689301 9.000000 26.000000 
110.102760 57.771927 9.000000 26.000000 
110.660805 57.747070 9.000000 26.000000 
110.308304 57.706772 9.000000 26.000000 
111.070824 57.605667 9.000000 26.000000 
111.041649 57.387459 9.000000 26.000000 
111.300095 57.213020 9.000000 26.000000 
111.791557 57.124397 9.000000 26.000000 
111.573494 57.118233 9.000000 26.000000 
111.498489 57.230835 9.000000 26.000000 
112.691589 57.445625 9.000000 26.000000 
112.431747 57.614082 9.000000 26.000000 
113.402931 57.781769 9.000000 26.000000 
113.966286 57.895309 9.000000 26.000000 
113.817787 58.032539 9.000000 26.000000 
114.339790 57.081665 9.000000 26.000000 
115.050758 57.118599 9.000000 26.000000 
115.389481 57.133888 9.000000 26.000000 
116.356636 57.051071 9.000000 26.000000 
116.789581 56.984528 9.000000 26.000000 
116.500755 57.911858 9.000000 26.000000 
116.378700 57.869553 9.000000 26.000000 
117.533150 57.849716 9.000000 26.000000 
117.213509 57.860970 9.000000 26.000000 
118.107750 57.882133 9.000000 26.000000 
118.346954 57.901321 9.000000 26.000000 
119.085899 57.942421 9.000000 26.000000 
119.257874 58.065239 9.000000 26.000000 
119.668930 57.148445 9.000000 26.000000 
119.278336 57.352722 9.000000 26.000000 
119.967690 57.347641 9.000000 26.000000 
119.773094 57.428078 9.000000 26.000000 
119.724487 57.618248 9.000000 26.000000 
119.820168 57.753006 9.000000 26.000000 
119.992142 57.813454 9.000000 26.000000 
120.195747 57.883141 9.000000 26.000000 
120.398857 57.982780 9.000000 26.000000 
120.719765 58.067200 9.000000 26.000000 
120.741310 57.672699 9.000000 26.000000 
120.765968 58.154922 9.000000 26.000000 
120.866730 57.581932 9.000000 26.000000 
120.915070 57.929291 9.000000 26.000000 
121.052719 58.124863 9.000000 26.000000 
121.479797 57.354828 9.000000 26.000000 
122.128006 57.709282 9.000000 26.000000 
122.179367 57.972466 9.000000 26.000000 
122.372459 58.148247 9.000000 26.000000 
122.793350 57.579460 9.000000 26.000000 
122.602798 57.683479 9.000000 26.000000 
122.616310 57.865456 9.000000 26.000000 
122.687744 58.104340 9.000000 26.000000 
122.987404 57.404816 9.000000 26.000000 
123.334297 57.674362 9.000000 26.000000 
123.726974 58.104439 9.000000 26.000000 
123.238258 57.900749 9.000000 26.000000 
123.880478 58.400612 9.000000 26.000000 
123.849731 57.875443 9.000000 26.000000 
124.108307 58.246719 9.000000 26.000000 
124.326752 57.592194 9.000000 26.000000 
124.614243 57.957520 9.000000 26.000000 
123.898743 58.212349 9.000000 26.000000 
124.179565 57.642380 9.000000 26.000000 
124.410294 58.056686 9.000000 26.000000 
124.926071 57.597496 9.000000 26.000000 
124.663467 58.073387 9.000000 26.000000 
124.470795 57.631210 9.000000 26.000000 
125.237000 58.192993 9.000000 26.000000 
125.020493 57.760338 9.000000 26.000000 
124.958282 58.190132 9.000000 26.000000 
125.049271 57.739075 9.000000 26.000000 
125.300354 58.326279 9.000000 26.000000 
125.867416 57.874840 9.000000 26.000000 
125.679062 58.221298 9.000000 26.000000 
125.729919 57.592453 9.000000 26.000000 
125.829773 57.916077 9.000000 26.000000 
126.182632 58.158417 9.000000 26.000000 
126.865936 57.331070 9.000000 26.000000 
126.724655 57.488770 9.000000 26.000000 
126.931564 57.640701 9.000000 26.000000 
127.162170 57.764275 9.000000 26.000000 
127.436020 58.063843 9.000000 26.000000 
128.038376 57.504150 9.000000 26.000000 
127.717102 57.894745 9.000000 26.000000 
127.686508 58.271706 9.000000 26.000000 
127.889587 57.734604 9.000000 26.000000 
128.201294 58.255257 9.000000 26.000000 
128.498337 57.730423 9.000000 26.000000 
128.820145 58.039345 9.000000 26.000000 
128.178955 57.400787 9.000000 26.000000 
128.489563 57.775238 9.000000 26.000000 
128.871002 58.317810 9.000000 26.000000 
128.455048 57.909744 9.000000 26.000000 
129.035553 58.571869 9.000000 26.000000 
128.744720 58.325371 9.000000 26.000000 
128.562790 58.074303 9.000000 26.000000 
128.346344 57.908073 9.000000 26.000000 
129.091476 58.756531 9.000000 26.000000 
129.010605 58.574448 9.000000 26.000000 
128.949295 58.374901 9.000000 26.000000 
129.171600 58.081978 9.000000 26.000000 
129.428986 57.748390 9.000000 26.000000 
129.853561 58.365807 9.000000 26.000000 
129.617142 57.753868 9.000000 26.000000 
129.456711 58.122513 9.000000 26.000000 
130.387344 57.386925 9.000000 26.000000 
130.591782 57.736687 9.000000 26.000000 
129.866821 58.107857 9.000000 26.000000 
130.256332 57.484283 9.000000 26.000000 
130.677322 57.949280 9.000000 26.000000 
130.054077 58.591209 9.000000 26.000000 
130.376251 58.197487 9.000000 26.000000 
130.582779 57.951622 9.000000 26.000000 
129.901260 58.706535 9.000000 26.000000 
130.199188 58.416557 9.000000 26.000000 
130.417725 58.099823 9.000000 26.000000 
130.714218 57.692673 9.000000 26.000000 
130.098816 58.215797 9.000000 26.000000 
130.450027 57.748398 9.000000 26.000000 
130.687836 58.283585 9.000000 26.000000 
129.971283 57.856949 9.000000 26.000000 
130.193970 58.499466 9.000000 26.000000 
130.380753 58.221657 9.000000 26.000000 
130.603836 57.960899 9.000000 26.000000 
129.951904 58.656776 9.000000 26.000000 
130.267776 58.373978 9.000000 26.000000 
130.564026 58.139404 9.000000 26.000000 
129.856552 57.911545 9.000000 26.000000 
130.153992 58.674484 9.000000 26.000000 
130.424042 58.448959 9.000000 26.000000 
130.738861 58.166855 9.000000 26.000000 
130.118225 57.856812 9.000000 26.000000 
130.738800 58.261581 9.000000 26.000000 
130.481552 57.803101 9.000000 26.000000 
131.365723 58.254913 9.000000 26.000000 
131.173141 57.681946 9.000000 26.000000 
131.114822 58.081795 9.000000 26.000000 
131.105774 57.633698 9.000000 26.000000 
131.015427 58.121666 9.000000 26.000000 
130.794876 57.845222 9.000000 26.000000 
130.603027 58.519897 9.000000 26.000000 
130.427917 58.249550 9.000000 26.000000 
131.232269 57.977737 9.000000 26.000000 
131.006302 58.695404 9.000000 26.000000 
130.785233 58.342857 9.000000 26.000000 
130.421158 57.894646 9.000000 26.000000 
131.052689 58.406143 9.000000 26.000000 
130.778992 58.043732 9.000000 26.000000 
