153.000000 161.000000 38.000000 101.000000 
157.889099 161.129517 39.000000 102.000000 
162.658691 158.686539 39.000000 102.000000 
166.686798 157.458527 37.485584 98.039215 
171.558441 155.666473 36.750572 96.116875 
175.819946 152.736099 39.000000 102.000000 
179.829407 152.558517 39.779999 104.040001 
183.943176 151.925674 42.214855 110.408081 
189.436630 153.908051 43.059151 112.616241 
193.363586 153.297485 45.694717 119.509254 
198.237961 151.040192 47.540783 124.337433 
202.888855 149.829666 47.540783 124.337433 
208.234390 148.385788 47.540783 124.337433 
212.595581 142.910095 47.540783 124.337433 
219.038437 136.584335 47.540783 124.337433 
226.452774 132.357071 48.491596 126.824181 
232.723602 135.094070 47.540783 124.337433 
238.598770 138.616196 48.491596 126.824181 
246.436554 141.996536 47.540783 124.337433 
252.142822 146.087845 47.540783 124.337433 
258.474701 146.446518 47.540783 124.337433 
263.132294 145.948212 47.540783 124.337433 
268.869385 141.427505 47.540783 124.337433 
273.654572 139.503372 46.608612 121.899445 
281.487000 136.434296 47.540783 124.337433 
287.849213 136.835770 47.540783 124.337433 
294.544556 136.129547 48.491596 126.824181 
302.318085 139.563950 47.540783 124.337433 
308.759155 142.650452 47.540783 124.337433 
316.426941 142.948853 47.540783 124.337433 
322.639587 141.734253 47.540783 124.337433 
326.949860 136.385529 48.491596 126.824181 
333.240509 135.105927 47.540783 124.337433 
339.579590 134.185226 46.608612 121.899445 
346.811676 135.063431 45.694717 119.509254 
353.757782 138.480484 44.798740 117.165939 
360.306671 138.229202 45.694717 119.509254 
367.540161 141.228760 45.694717 119.509254 
373.696259 141.706940 45.694717 119.509254 
379.660675 139.662247 45.694717 119.509254 
384.732086 138.121292 45.694717 119.509254 
389.482788 136.215042 45.694717 119.509254 
394.440948 134.187302 45.694717 119.509254 
399.685486 133.624939 45.694717 119.509254 
405.867004 135.027374 44.798740 117.165939 
411.080872 136.912491 44.798740 117.165939 
416.214783 138.608109 44.798740 117.165939 
421.363708 138.822525 44.798740 117.165939 
426.649841 140.821579 43.920334 114.868568 
429.006561 134.165039 44.798740 117.165939 
433.335999 134.481033 44.798740 117.165939 
438.467773 132.481674 44.798740 117.165939 
442.199432 132.355820 44.798740 117.165939 
445.838593 133.762177 44.798740 117.165939 
450.380951 135.708557 43.920334 114.868568 
454.887329 136.733017 43.920334 114.868568 
458.825500 138.943237 43.059151 112.616241 
461.004944 136.678909 43.059151 112.616241 
462.637939 135.449783 43.059151 112.616241 
463.141113 131.891937 43.059151 112.616241 
467.051910 132.848267 43.059151 112.616241 
468.069580 128.720535 43.059151 112.616241 
471.039459 131.213226 43.059151 112.616241 
474.123413 131.194046 42.214855 110.408081 
475.303833 133.541901 42.214855 110.408081 
479.453125 138.620453 42.214855 110.408081 
480.623444 136.232330 42.214855 110.408081 
481.852905 134.682022 42.214855 110.408081 
483.261627 133.602661 42.214855 110.408081 
483.665527 132.271378 42.214855 110.408081 
485.003754 130.721741 42.214855 110.408081 
485.192780 132.458344 41.387112 108.243217 
486.381927 132.294998 41.387112 108.243217 
487.086212 135.155182 40.575600 106.120796 
487.692139 135.858215 40.575600 106.120796 
489.156281 138.234558 39.779999 104.040001 
489.018707 138.372452 39.779999 104.040001 
489.930756 136.055603 39.779999 104.040001 
489.871735 134.688278 39.779999 104.040001 
489.754761 134.704498 39.000000 102.000000 
489.918457 135.750671 38.235294 100.000000 
489.864960 135.824707 38.235294 100.000000 
490.789948 137.277924 37.485584 98.039215 
490.535889 138.345428 37.485584 98.039215 
490.512817 139.047226 37.485584 98.039215 
490.681946 137.747040 37.485584 98.039215 
491.567627 137.988922 36.750572 96.116875 
491.369293 135.418839 36.750572 96.116875 
491.707458 135.775879 36.029972 94.232231 
491.738617 136.745132 35.323502 92.384544 
491.466217 137.533691 35.323502 92.384544 
491.424957 138.559738 35.323502 92.384544 
491.555603 139.788773 35.323502 92.384544 
491.645844 140.584839 35.323502 92.384544 
491.482330 140.421661 35.323502 92.384544 
490.934082 139.306763 35.323502 92.384544 
490.736816 137.671066 35.323502 92.384544 
490.742981 138.094879 34.630882 90.573082 
489.599274 136.396759 35.323502 92.384544 
489.086517 136.472290 35.323502 92.384544 
489.744476 138.389023 34.630882 90.573082 
488.942810 140.182449 34.630882 90.573082 
488.597198 141.317978 34.630882 90.573082 
488.471466 141.491974 34.630882 90.573082 
487.783569 140.861542 34.630882 90.573082 
484.129791 136.358353 35.323502 92.384544 
484.411987 136.407440 35.323502 92.384544 
483.633881 137.401871 34.630882 90.573082 
483.389008 137.884048 33.951847 88.797142 
481.764282 138.288559 33.951847 88.797142 
481.246674 140.190536 33.286125 87.056015 
480.713470 141.967957 32.633457 85.349037 
479.272125 143.796417 31.993584 83.675529 
477.038940 142.360687 32.633457 85.349037 
475.622833 140.646866 32.633457 85.349037 
474.536835 141.096176 31.993584 83.675529 
471.567657 140.120316 31.993584 83.675529 
470.025177 141.696426 31.366259 82.034828 
468.234802 141.549438 31.993584 83.675529 
465.775635 141.802032 31.993584 83.675529 
464.908081 144.399719 31.366259 82.034828 
462.720428 143.833252 31.366259 82.034828 
460.152191 143.964050 30.751234 80.426308 
458.057312 142.246094 30.751234 80.426308 
455.378754 141.775299 30.751234 80.426308 
453.213043 142.367661 30.148268 78.849319 
450.101563 142.320877 30.148268 78.849319 
447.710388 142.829147 30.148268 78.849319 
446.137695 144.086288 30.148268 78.849319 
442.962921 145.117172 30.148268 78.849319 
440.613586 146.141739 29.557125 77.303253 
438.119751 145.586304 29.557125 77.303253 
435.739319 143.914917 29.557125 77.303253 
432.222321 143.355331 29.557125 77.303253 
428.776367 142.227448 29.557125 77.303253 
425.887146 142.877213 29.557125 77.303253 
423.110352 143.451736 29.557125 77.303253 
420.785889 144.146057 29.557125 77.303253 
418.136475 146.129837 29.557125 77.303253 
415.862915 147.115356 28.977575 75.787506 
412.496033 145.949631 28.977575 75.787506 
409.635620 146.160522 28.409388 74.301476 
406.468658 145.030243 28.409388 74.301476 
402.936554 144.622772 28.409388 74.301476 
399.556641 145.681000 27.852341 72.844582 
396.246887 145.368896 28.409388 74.301476 
393.346680 147.349930 27.852341 72.844582 
390.332886 148.682388 27.306215 71.416260 
388.106384 148.084732 27.306215 71.416260 
384.949432 148.004684 27.306215 71.416260 
381.682007 146.913666 27.306215 71.416260 
377.824707 145.380859 27.852341 72.844582 
374.711029 144.969849 27.852341 72.844582 
370.938690 144.316101 28.409388 74.301476 
367.131104 145.196457 28.409388 74.301476 
363.862091 146.285858 28.409388 74.301476 
360.653351 148.087845 27.852341 72.844582 
357.930847 148.473450 27.852341 72.844582 
355.276428 149.092056 27.306215 71.416260 
351.975525 148.566101 27.306215 71.416260 
348.260437 147.298538 27.306215 71.416260 
344.871521 146.520355 27.306215 71.416260 
341.767303 147.712921 26.770800 70.015938 
337.979401 148.747482 26.770800 70.015938 
334.578949 149.892731 26.770800 70.015938 
331.626801 151.103516 26.770800 70.015938 
327.594025 151.007965 26.770800 70.015938 
325.029114 150.795761 26.770800 70.015938 
321.453674 150.907730 26.770800 70.015938 
317.538452 149.269089 27.306215 71.416260 
312.937042 148.737411 27.306215 71.416260 
309.373199 147.781342 27.306215 71.416260 
304.931305 148.095459 27.306215 71.416260 
301.569885 149.198990 27.306215 71.416260 
297.716461 150.556747 27.306215 71.416260 
294.106506 150.678970 27.306215 71.416260 
291.755981 151.673325 26.770800 70.015938 
281.481445 164.097504 26.770800 70.015938 
285.426117 163.474503 27.306215 71.416260 
288.966949 165.368500 27.306215 71.416260 
294.054413 165.417313 27.306215 71.416260 
297.963959 165.483582 27.306215 71.416260 
302.009583 165.190201 27.306215 71.416260 
305.872559 164.910690 27.306215 71.416260 
309.743225 163.580109 27.306215 71.416260 
313.725464 162.239456 27.306215 71.416260 
318.426300 162.734177 27.306215 71.416260 
322.524780 163.160690 27.306215 71.416260 
327.081421 165.938202 27.306215 71.416260 
331.719940 165.844986 27.306215 71.416260 
335.435547 165.242126 27.306215 71.416260 
339.189148 164.793518 27.306215 71.416260 
343.728973 162.641617 27.306215 71.416260 
347.312958 160.980789 27.306215 71.416260 
352.755524 161.146713 26.770800 70.015938 
356.275635 160.712006 26.770800 70.015938 
361.363647 162.827789 26.245882 68.643074 
365.105408 163.022064 26.770800 70.015938 
368.898865 163.025757 26.770800 70.015938 
372.714935 163.649872 26.245882 68.643074 
376.571838 163.987778 25.731256 67.297134 
379.815094 162.545898 25.731256 67.297134 
383.636292 161.044388 25.731256 67.297134 
387.408112 161.313263 25.226723 65.977585 
390.878998 160.990906 25.226723 65.977585 
396.047546 164.367233 24.732080 64.683907 
398.944855 164.570358 25.226723 65.977585 
402.610992 164.393677 25.226723 65.977585 
405.678314 163.971893 25.226723 65.977585 
408.934357 163.397034 25.226723 65.977585 
412.199097 160.914474 25.226723 65.977585 
416.175171 160.884750 24.732080 64.683907 
418.466370 158.455582 25.226723 65.977585 
422.005341 159.803299 24.732080 64.683907 
425.687164 160.774307 24.732080 64.683907 
428.492126 161.955109 24.732080 64.683907 
431.971283 162.196716 24.732080 64.683907 
433.853821 162.349960 24.247139 63.415592 
436.997894 160.558670 24.247139 63.415592 
439.487579 160.742767 23.771704 62.172150 
442.340576 160.078094 23.771704 62.172150 
443.799194 157.570572 24.247139 63.415592 
447.687378 158.801727 23.771704 62.172150 
450.153900 161.488007 23.305592 60.953087 
453.036499 163.506195 23.305592 60.953087 
455.334656 163.761414 23.305592 60.953087 
457.891205 162.862839 23.771704 62.172150 
459.977753 162.692139 23.771704 62.172150 
460.830658 159.350281 24.247139 63.415592 
463.522766 158.336349 23.771704 62.172150 
464.551300 157.700851 23.305592 60.953087 
467.296570 158.799667 22.848619 59.757927 
469.795380 160.460724 22.848619 59.757927 
470.609497 160.481674 23.305592 60.953087 
473.114746 162.330948 22.848619 59.757927 
473.767395 160.637726 23.305592 60.953087 
474.894226 159.703796 23.305592 60.953087 
476.314972 158.380173 23.305592 60.953087 
478.722412 158.926804 22.848619 59.757927 
478.933594 158.018463 22.848619 59.757927 
480.443085 157.950348 22.848619 59.757927 
482.425873 158.989792 22.848619 59.757927 
483.542175 160.977264 22.848619 59.757927 
484.719818 161.422852 22.848619 59.757927 
484.135040 160.283691 23.305592 60.953087 
486.356049 160.686646 22.848619 59.757927 
486.844177 158.927551 22.848619 59.757927 
487.040588 158.049759 22.400608 58.586205 
487.497162 156.809387 22.400608 58.586205 
489.509033 157.452438 21.961380 57.437454 
489.903015 158.176865 21.961380 57.437454 
490.613312 160.334930 21.530766 56.311230 
490.971924 160.756760 21.530766 56.311230 
492.693481 161.738220 21.108593 55.207088 
491.862244 159.630661 21.530766 56.311230 
492.904083 159.897842 21.108593 55.207088 
492.435425 157.293076 21.530766 56.311230 
492.809204 157.408371 21.108593 55.207088 
493.100952 156.940002 21.108593 55.207088 
493.405884 157.868149 20.694698 54.124596 
494.382690 160.948654 20.288921 53.063332 
494.062439 160.528473 21.108593 55.207088 
494.127747 160.371918 21.108593 55.207088 
494.091675 160.619537 20.694698 54.124596 
493.882385 159.250458 20.694698 54.124596 
493.449493 157.660019 20.694698 54.124596 
494.482727 158.529755 19.891098 52.022873 
494.230530 158.357513 19.891098 52.022873 
493.946564 158.603348 19.891098 52.022873 
494.470703 160.235977 19.891098 52.022873 
493.938354 160.259109 20.288921 53.063332 
493.606873 161.316635 19.891098 52.022873 
493.584869 160.733826 19.891098 52.022873 
492.705200 159.900620 19.501078 51.002815 
491.869659 158.515411 19.501078 51.002815 
491.038361 157.450745 19.501078 51.002815 
491.041565 158.987137 18.743826 49.022316 
490.018372 159.282288 18.743826 49.022316 
489.495514 160.976135 18.743826 49.022316 
488.692352 160.971283 19.118702 50.002762 
488.131226 162.409409 18.743826 49.022316 
487.658905 162.062225 18.743826 49.022316 
485.140930 159.711533 19.118702 50.002762 
485.625610 160.263367 18.376301 48.061092 
484.457611 158.955551 18.743826 49.022316 
483.064880 158.402740 18.743826 49.022316 
481.577209 159.206512 18.376301 48.061092 
481.209656 159.575073 18.376301 48.061092 
479.330994 161.254318 18.015980 47.118717 
478.263672 162.050171 18.015980 47.118717 
477.518646 161.827408 18.376301 48.061092 
476.426636 161.610901 18.376301 48.061092 
474.368896 159.594711 18.743826 49.022316 
472.842346 157.794510 18.743826 49.022316 
471.051361 158.186691 18.376301 48.061092 
469.475677 158.286713 18.376301 48.061092 
468.652924 159.268829 18.376301 48.061092 
467.675507 161.211090 18.376301 48.061092 
466.050903 160.848572 18.743826 49.022316 
464.663849 161.606903 18.376301 48.061092 
463.411560 161.546021 18.015980 47.118717 
461.305603 160.130188 18.015980 47.118717 
460.032654 160.553513 17.316399 45.289040 
458.381836 159.364624 17.316399 45.289040 
456.892059 159.781052 16.976862 44.401020 
455.962006 161.738998 16.643982 43.530415 
453.993256 161.821075 16.976862 44.401020 
451.967133 161.939804 17.316399 45.289040 
451.167023 163.645157 16.976862 44.401020 
449.366760 163.675537 16.976862 44.401020 
447.715424 163.154419 16.976862 44.401020 
444.570221 160.812622 17.316399 45.289040 
442.890869 161.163422 16.976862 44.401020 
441.002289 160.820099 16.976862 44.401020 
439.135651 160.796738 16.976862 44.401020 
437.648712 163.227264 16.643982 43.530415 
436.296844 164.099716 16.976862 44.401020 
434.454681 163.810364 16.976862 44.401020 
432.932709 163.449234 16.976862 44.401020 
430.902832 163.742920 16.643982 43.530415 
428.671326 162.644943 16.643982 43.530415 
427.138885 161.796951 16.643982 43.530415 
424.651917 161.428955 16.643982 43.530415 
422.848969 161.040421 16.643982 43.530415 
420.514618 162.781754 16.317629 42.676876 
418.709045 162.970703 16.643982 43.530415 
416.273438 164.938858 16.643982 43.530415 
414.643066 164.743774 16.643982 43.530415 
413.164551 164.329712 16.643982 43.530415 
410.686829 163.327484 16.643982 43.530415 
408.078186 162.496292 16.643982 43.530415 
406.053406 161.968475 16.643982 43.530415 
403.757355 162.228027 16.643982 43.530415 
401.328552 162.839935 16.643982 43.530415 
399.591278 163.429443 16.643982 43.530415 
397.768555 163.983932 16.643982 43.530415 
395.481995 165.323273 16.317629 42.676876 
393.954407 165.205429 16.317629 42.676876 
391.565033 164.574265 16.317629 42.676876 
389.743103 164.051453 16.317629 42.676876 
387.357483 162.177521 16.643982 43.530415 
385.120117 162.789642 16.317629 42.676876 
382.300903 161.864441 16.643982 43.530415 
380.488190 163.216721 16.317629 42.676876 
378.385773 164.755432 16.317629 42.676876 
376.079285 164.765488 16.317629 42.676876 
373.690002 164.843384 16.317629 42.676876 
371.924164 164.557907 16.317629 42.676876 
368.908081 164.558472 16.317629 42.676876 
366.500916 163.858429 16.317629 42.676876 
364.363464 162.234390 16.643982 43.530415 
362.071320 163.542892 16.317629 42.676876 
359.104340 164.200378 16.317629 42.676876 
356.816437 164.867050 16.317629 42.676876 
354.993500 165.093948 16.317629 42.676876 
352.220245 165.242935 16.317629 42.676876 
350.226135 165.143890 16.317629 42.676876 
348.041260 164.575195 16.317629 42.676876 
345.630127 164.829269 15.997675 41.840073 
343.310272 163.945297 16.317629 42.676876 
340.672028 163.464005 16.317629 42.676876 
338.740997 164.680801 15.997675 41.840073 
336.364105 165.583557 15.997675 41.840073 
333.457306 166.741226 15.997675 41.840073 
331.404327 166.693069 16.317629 42.676876 
329.092865 165.268372 16.643982 43.530415 
326.581665 164.686783 16.643982 43.530415 
324.726990 164.628937 16.317629 42.676876 
322.332764 164.460754 16.317629 42.676876 
319.516144 163.953140 16.317629 42.676876 
313.806702 178.637619 16.317629 42.676876 
319.288391 177.427475 16.317629 42.676876 
325.657745 177.253906 16.643982 43.530415 
331.974823 177.703186 16.643982 43.530415 
337.995483 179.971313 16.976862 44.401020 
344.801819 181.170990 16.976862 44.401020 
348.685242 181.307175 16.976862 44.401020 
355.589325 180.710129 16.976862 44.401020 
362.321014 180.414093 16.643982 43.530415 
369.061066 176.830719 16.643982 43.530415 
375.220306 175.474380 16.643982 43.530415 
381.989777 174.727676 16.643982 43.530415 
388.311920 175.993988 16.643982 43.530415 
394.517395 177.339584 16.643982 43.530415 
400.000580 176.830536 16.643982 43.530415 
404.880035 176.973465 16.643982 43.530415 
410.070221 175.110260 16.643982 43.530415 
416.004730 173.268906 16.643982 43.530415 
421.914246 170.902969 16.317629 42.676876 
427.045929 170.601166 16.317629 42.676876 
432.605469 172.862335 16.317629 42.676876 
438.784454 174.030640 16.317629 42.676876 
442.202759 174.231400 16.317629 42.676876 
446.698944 173.985550 16.317629 42.676876 
452.280487 173.722275 16.317629 42.676876 
456.073547 172.068268 16.317629 42.676876 
459.794189 170.587418 16.317629 42.676876 
464.187042 168.489014 16.317629 42.676876 
467.807434 168.355087 16.317629 42.676876 
471.995850 168.490768 16.317629 42.676876 
475.091644 169.693665 16.317629 42.676876 
477.602570 169.732559 16.317629 42.676876 
482.077942 169.591232 16.317629 42.676876 
484.334473 169.423920 16.317629 42.676876 
487.170319 167.206604 16.317629 42.676876 
489.079224 165.625320 16.317629 42.676876 
491.596069 166.134262 16.317629 42.676876 
494.746063 166.681091 16.317629 42.676876 
497.814178 168.710190 16.317629 42.676876 
498.493683 168.544891 16.317629 42.676876 
500.110382 169.123596 16.317629 42.676876 
500.987854 167.039658 16.317629 42.676876 
501.305634 165.340927 16.317629 42.676876 
502.972900 165.164063 16.317629 42.676876 
502.921631 163.334961 16.317629 42.676876 
503.840149 162.953125 16.317629 42.676876 
505.505249 163.396652 16.317629 42.676876 
505.670471 165.353195 16.317629 42.676876 
506.257996 166.674088 16.317629 42.676876 
505.777344 166.469742 16.317629 42.676876 
506.388367 165.621384 16.317629 42.676876 
505.477295 164.514435 16.317629 42.676876 
505.155945 163.239243 16.317629 42.676876 
504.616272 162.534241 16.317629 42.676876 
504.170837 162.985703 16.317629 42.676876 
502.614532 162.250168 16.317629 42.676876 
502.979279 163.827713 16.317629 42.676876 
501.320496 164.277191 16.317629 42.676876 
500.946564 164.909912 16.317629 42.676876 
498.935822 163.156952 16.317629 42.676876 
496.771912 161.595261 16.317629 42.676876 
496.090485 161.197754 16.317629 42.676876 
492.715088 159.159317 16.317629 42.676876 
491.480194 159.962677 15.997675 41.840073 
489.841553 161.894882 15.997675 41.840073 
488.956421 163.539902 15.997675 41.840073 
486.694763 163.950378 15.997675 41.840073 
484.076660 164.370605 15.997675 41.840073 
480.611084 162.562119 15.997675 41.840073 
477.805603 161.701767 15.997675 41.840073 
474.745239 160.888824 15.997675 41.840073 
471.777832 160.886688 15.997675 41.840073 
469.288696 161.634705 15.997675 41.840073 
466.412445 162.914566 15.997675 41.840073 
464.127014 163.946075 15.997675 41.840073 
461.004242 164.361542 15.683995 41.019680 
458.957092 163.995651 15.683995 41.019680 
454.712891 161.967117 15.997675 41.840073 
451.039246 161.581284 15.683995 41.019680 
447.066345 159.850983 15.997675 41.840073 
442.837616 161.161621 15.997675 41.840073 
440.073730 161.639038 15.997675 41.840073 
436.189240 163.192062 15.997675 41.840073 
432.841248 163.094955 15.997675 41.840073 
430.048950 163.587646 15.683995 41.019680 
426.114044 163.119080 15.683995 41.019680 
422.198608 163.216080 15.376466 40.215374 
417.719360 161.643814 15.683995 41.019680 
413.246948 161.302353 15.683995 41.019680 
409.209656 162.679062 15.376466 40.215374 
406.110138 164.060471 15.376466 40.215374 
402.544952 164.365295 15.376466 40.215374 
398.862732 165.152008 15.074966 39.426838 
395.464111 165.889618 14.489588 37.895844 
391.541687 165.372238 14.489588 37.895844 
386.951569 163.567444 14.779379 38.653759 
382.255585 163.863159 14.489588 37.895844 
378.106232 163.992569 14.489588 37.895844 
373.703522 165.133804 14.489588 37.895844 
370.051147 165.747162 14.489588 37.895844 
365.653320 167.367477 14.489588 37.895844 
362.345001 167.032761 14.489588 37.895844 
358.233246 167.524582 14.205478 37.152790 
353.296082 166.291824 14.205478 37.152790 
348.762115 166.154694 14.205478 37.152790 
344.494965 164.783768 14.489588 37.895844 
339.603760 164.759735 14.489588 37.895844 
335.485138 164.996796 14.489588 37.895844 
331.148376 166.691299 14.205478 37.152790 
326.837097 167.229401 14.205478 37.152790 
323.235931 168.606110 14.205478 37.152790 
319.146576 167.548584 14.205478 37.152790 
314.625488 166.977463 14.205478 37.152790 
310.588776 166.453537 14.205478 37.152790 
305.665710 165.321976 14.205478 37.152790 
301.854797 166.066620 14.205478 37.152790 
297.692047 166.634613 14.205478 37.152790 
292.796234 167.730026 14.205478 37.152790 
288.446533 168.892654 14.205478 37.152790 
275.611847 179.231049 14.205478 37.152790 
279.205048 180.556244 13.926939 36.424301 
284.480560 179.287689 13.926939 36.424301 
290.806213 177.616562 13.653862 35.710098 
297.317047 176.814362 13.653862 35.710098 
301.763336 176.436142 13.926939 36.424301 
307.564453 177.506714 13.653862 35.710098 
313.037903 178.978149 13.653862 35.710098 
319.148315 179.342499 13.926939 36.424301 
323.885468 177.531998 13.926939 36.424301 
329.826385 175.997101 13.926939 36.424301 
335.428497 173.093094 13.926939 36.424301 
340.869965 171.392090 13.926939 36.424301 
346.769989 172.179108 13.926939 36.424301 
351.598541 173.334656 13.926939 36.424301 
357.041321 175.043060 13.926939 36.424301 
361.617249 175.555847 14.205478 37.152790 
367.223785 175.550781 14.205478 37.152790 
371.031494 175.422684 14.205478 37.152790 
375.711334 175.137054 14.205478 37.152790 
381.321014 173.345413 14.205478 37.152790 
386.153839 172.041412 14.205478 37.152790 
390.968506 171.324356 14.205478 37.152790 
395.977509 172.302444 14.205478 37.152790 
400.981110 174.140854 14.205478 37.152790 
405.609283 175.769073 14.205478 37.152790 
410.732208 174.840759 14.205478 37.152790 
414.732147 174.124557 14.205478 37.152790 
419.210999 172.894089 14.205478 37.152790 
422.296722 170.568817 14.205478 37.152790 
426.314240 169.095734 14.205478 37.152790 
430.473694 170.021927 14.205478 37.152790 
434.121948 171.169876 14.205478 37.152790 
438.258728 173.035309 14.205478 37.152790 
441.876099 173.787308 14.205478 37.152790 
444.934082 173.549301 14.205478 37.152790 
446.386780 172.239960 14.205478 37.152790 
448.417725 171.893341 14.205478 37.152790 
450.129883 169.570740 14.205478 37.152790 
451.616913 167.609283 14.205478 37.152790 
453.653687 167.175781 14.205478 37.152790 
455.535645 168.688278 14.205478 37.152790 
457.508881 170.170517 14.205478 37.152790 
459.338226 172.656433 14.205478 37.152790 
459.752228 172.415131 14.205478 37.152790 
460.482483 172.585068 14.205478 37.152790 
460.231781 170.469727 14.205478 37.152790 
460.014435 168.540390 14.205478 37.152790 
459.589111 167.131485 14.205478 37.152790 
459.653992 167.315964 14.205478 37.152790 
459.369781 168.359802 14.205478 37.152790 
459.091125 169.791641 14.205478 37.152790 
458.963440 170.516785 14.205478 37.152790 
458.260284 170.490341 14.205478 37.152790 
457.748779 170.063858 14.205478 37.152790 
457.077728 169.369202 14.205478 37.152790 
455.304962 168.125443 14.205478 37.152790 
454.041840 166.777054 14.205478 37.152790 
452.305756 166.235077 14.205478 37.152790 
451.860107 167.106293 14.205478 37.152790 
451.228821 168.517715 14.205478 37.152790 
449.676636 169.621704 14.205478 37.152790 
448.643646 169.970413 14.205478 37.152790 
446.949127 169.813248 14.205478 37.152790 
444.838745 168.505585 14.205478 37.152790 
443.674133 167.004044 14.205478 37.152790 
441.113007 166.096619 14.205478 37.152790 
438.330505 165.567566 14.205478 37.152790 
436.513763 165.524460 14.205478 37.152790 
434.679810 166.895523 14.205478 37.152790 
433.117035 168.884094 14.205478 37.152790 
430.921051 169.695908 14.205478 37.152790 
428.714050 169.574677 14.205478 37.152790 
426.935730 168.783920 14.205478 37.152790 
423.737488 167.686508 14.205478 37.152790 
421.789124 166.417694 14.205478 37.152790 
419.176025 166.601639 14.205478 37.152790 
415.960968 166.618210 14.205478 37.152790 
413.549500 167.799850 14.205478 37.152790 
411.931213 169.479370 14.205478 37.152790 
409.038788 169.328278 14.205478 37.152790 
406.724762 169.378525 14.205478 37.152790 
404.636780 168.855911 14.205478 37.152790 
401.671112 167.350266 14.205478 37.152790 
398.461945 167.107849 14.205478 37.152790 
395.319031 166.551407 14.205478 37.152790 
392.708649 166.495377 14.205478 37.152790 
390.327271 167.967911 14.205478 37.152790 
387.743500 169.876602 14.205478 37.152790 
385.506592 170.183090 14.205478 37.152790 
382.418762 170.235672 14.205478 37.152790 
379.256470 169.318207 14.205478 37.152790 
376.401581 168.196991 14.205478 37.152790 
373.077698 167.551422 14.205478 37.152790 
369.707245 166.965073 14.205478 37.152790 
367.318878 168.033936 14.205478 37.152790 
363.788757 169.567429 14.205478 37.152790 
361.574493 169.787491 14.205478 37.152790 
358.427185 170.138580 14.205478 37.152790 
355.700043 170.169708 14.205478 37.152790 
352.713623 169.543503 14.205478 37.152790 
349.491638 168.027344 14.205478 37.152790 
345.861877 167.616150 14.205478 37.152790 
342.805573 166.814560 14.205478 37.152790 
339.733337 167.350723 14.205478 37.152790 
336.350708 169.222565 14.205478 37.152790 
332.776947 170.791840 14.205478 37.152790 
330.524567 170.364456 14.205478 37.152790 
327.826508 170.530334 14.205478 37.152790 
324.890991 169.472763 14.205478 37.152790 
321.760986 168.348923 14.205478 37.152790 
318.548157 168.301254 14.205478 37.152790 
315.084442 168.146973 14.205478 37.152790 
311.384918 168.878159 14.205478 37.152790 
308.240265 170.309555 14.205478 37.152790 
305.160034 171.883423 14.205478 37.152790 
303.009796 172.118668 14.205478 37.152790 
299.121490 172.423386 14.205478 37.152790 
295.971039 171.373795 14.205478 37.152790 
293.039093 170.952164 14.205478 37.152790 
289.721283 169.403641 14.205478 37.152790 
283.346558 178.600296 14.205478 37.152790 
289.301788 176.817673 14.205478 37.152790 
294.822754 176.130249 14.205478 37.152790 
300.955383 176.061600 14.205478 37.152790 
306.094635 176.785156 14.205478 37.152790 
311.940887 177.448349 14.205478 37.152790 
316.623474 177.122375 14.205478 37.152790 
322.819885 176.868362 14.205478 37.152790 
328.597412 174.907669 14.205478 37.152790 
334.039032 172.832993 14.205478 37.152790 
339.058441 171.167267 14.205478 37.152790 
344.949066 170.849365 14.205478 37.152790 
350.596375 171.175598 14.205478 37.152790 
357.106201 173.052109 14.205478 37.152790 
361.954590 175.166351 14.205478 37.152790 
367.095490 175.664398 14.205478 37.152790 
372.332123 175.188553 14.205478 37.152790 
377.305786 174.802444 14.205478 37.152790 
382.376221 173.048798 14.205478 37.152790 
387.980621 171.740311 14.205478 37.152790 
393.281189 170.483322 14.205478 37.152790 
398.925659 170.111496 14.205478 37.152790 
404.039795 171.658752 14.205478 37.152790 
409.095306 172.457108 14.205478 37.152790 
413.826477 172.775726 14.205478 37.152790 
419.396027 172.048477 14.205478 37.152790 
423.322662 170.527039 14.205478 37.152790 
428.375824 168.574387 14.205478 37.152790 
432.782959 166.722549 14.205478 37.152790 
438.401672 166.713989 14.205478 37.152790 
442.795898 166.848526 14.205478 37.152790 
448.358490 168.963867 14.205478 37.152790 
452.449219 170.782410 14.205478 37.152790 
456.578491 171.262375 14.205478 37.152790 
460.403564 171.935608 14.205478 37.152790 
462.956116 170.170151 14.205478 37.152790 
465.509216 168.344940 14.205478 37.152790 
468.870911 167.080154 14.205478 37.152790 
472.670776 165.083755 14.205478 37.152790 
475.968872 165.284363 14.205478 37.152790 
478.168579 165.101028 14.205478 37.152790 
481.878662 167.135757 14.205478 37.152790 
485.730377 169.199234 14.205478 37.152790 
488.142303 169.312057 14.205478 37.152790 
490.278442 169.149582 14.205478 37.152790 
491.856842 167.621338 14.205478 37.152790 
493.917694 165.616364 14.205478 37.152790 
494.171936 164.548950 14.205478 37.152790 
496.290100 164.879898 14.205478 37.152790 
498.416046 166.413055 14.205478 37.152790 
500.151093 168.611450 14.205478 37.152790 
499.913513 167.508102 14.205478 37.152790 
501.022858 167.508530 14.205478 37.152790 
500.961395 166.091064 14.205478 37.152790 
500.689301 165.548660 14.205478 37.152790 
500.494659 162.947418 14.205478 37.152790 
498.925812 161.747803 14.205478 37.152790 
498.138672 162.217484 14.205478 37.152790 
497.979156 163.241730 14.205478 37.152790 
497.319519 164.898209 14.205478 37.152790 
496.611267 165.577377 14.205478 37.152790 
495.981567 165.638016 14.205478 37.152790 
493.809570 164.963318 14.205478 37.152790 
492.935486 164.388763 14.205478 37.152790 
490.652161 163.472046 14.205478 37.152790 
488.974548 161.601074 14.205478 37.152790 
486.644562 161.506714 14.205478 37.152790 
485.300476 161.814972 14.205478 37.152790 
483.600800 163.379242 14.205478 37.152790 
482.150665 165.634369 14.205478 37.152790 
480.071320 165.693863 14.205478 37.152790 
478.051422 165.620941 14.205478 37.152790 
475.878754 165.002869 14.205478 37.152790 
473.855072 164.161530 14.205478 37.152790 
471.350769 163.339661 14.205478 37.152790 
467.942230 162.596924 14.205478 37.152790 
465.115753 162.431992 14.205478 37.152790 
462.826477 163.059998 14.205478 37.152790 
461.312805 164.926926 14.205478 37.152790 
458.744202 165.019043 14.205478 37.152790 
456.759125 164.692001 14.205478 37.152790 
454.369568 163.296173 14.205478 37.152790 
451.608093 162.923706 14.205478 37.152790 
449.518066 161.580383 14.205478 37.152790 
447.184387 160.667374 14.205478 37.152790 
443.960022 160.817917 14.205478 37.152790 
441.538422 161.950638 14.205478 37.152790 
439.664001 163.830109 14.205478 37.152790 
437.762024 165.064545 14.205478 37.152790 
435.751099 165.390015 14.205478 37.152790 
433.402618 165.451508 14.205478 37.152790 
430.300995 163.681915 14.205478 37.152790 
427.386383 162.921356 14.205478 37.152790 
424.649170 162.856827 14.205478 37.152790 
422.276886 162.952072 14.205478 37.152790 
419.164886 164.407944 14.205478 37.152790 
416.621155 165.803284 14.205478 37.152790 
414.558929 165.446381 14.205478 37.152790 
411.924255 164.510803 14.205478 37.152790 
408.222565 163.927750 14.205478 37.152790 
405.614258 163.578888 14.205478 37.152790 
402.587006 162.496613 14.205478 37.152790 
399.396515 162.329544 14.205478 37.152790 
396.135681 163.746933 14.205478 37.152790 
393.132324 164.314636 14.205478 37.152790 
390.498627 166.237595 14.205478 37.152790 
388.261200 166.301468 14.205478 37.152790 
385.182404 166.115540 14.205478 37.152790 
382.168335 164.918198 14.205478 37.152790 
378.816742 163.694077 14.205478 37.152790 
376.227844 162.615234 14.205478 37.152790 
372.343079 162.576096 14.205478 37.152790 
369.221893 163.100113 14.205478 37.152790 
365.943176 164.924026 14.205478 37.152790 
362.702087 165.615829 14.205478 37.152790 
360.648132 165.661026 14.205478 37.152790 
357.713013 165.583237 14.205478 37.152790 
354.825012 165.071838 14.205478 37.152790 
351.557465 164.853073 14.205478 37.152790 
347.711487 164.446075 14.205478 37.152790 
344.304688 163.827011 14.205478 37.152790 
340.964111 164.401260 14.205478 37.152790 
337.491547 165.981598 14.205478 37.152790 
335.554108 166.915405 14.205478 37.152790 
332.866730 167.167557 14.205478 37.152790 
330.473480 167.422211 14.205478 37.152790 
326.905853 167.327362 14.205478 37.152790 
323.167938 166.333054 14.205478 37.152790 
319.945038 165.575546 14.205478 37.152790 
316.488007 164.281830 14.205478 37.152790 
313.612732 165.580490 14.205478 37.152790 
310.675110 165.747482 14.205478 37.152790 
307.297516 167.094116 14.205478 37.152790 
304.146149 167.588486 14.205478 37.152790 
300.919189 166.930435 14.205478 37.152790 
297.659698 166.910202 14.205478 37.152790 
295.151886 166.351364 14.205478 37.152790 
291.343842 166.241867 14.205478 37.152790 
287.819427 165.763657 14.205478 37.152790 
284.956177 165.835373 14.205478 37.152790 
280.983063 166.738419 14.205478 37.152790 
277.553772 168.065460 14.205478 37.152790 
275.276093 169.504700 14.205478 37.152790 
272.058990 169.146439 14.205478 37.152790 
269.348755 169.058792 14.205478 37.152790 
266.498718 168.965103 14.205478 37.152790 
264.038910 167.647705 14.205478 37.152790 
260.161682 166.880188 14.205478 37.152790 
256.906464 166.898834 14.205478 37.152790 
253.393173 167.622711 14.205478 37.152790 
250.460281 167.862961 14.205478 37.152790 
247.858917 169.159271 14.205478 37.152790 
244.986069 168.914322 14.205478 37.152790 
241.960892 169.309402 14.205478 37.152790 
238.874130 169.194229 14.205478 37.152790 
237.053879 167.965042 14.205478 37.152790 
233.123032 167.457932 14.205478 37.152790 
230.596344 166.471603 14.205478 37.152790 
228.377167 166.622604 14.205478 37.152790 
224.683929 169.785156 14.205478 37.152790 
226.494293 168.127899 14.205478 37.152790 
226.912689 174.444290 14.205478 37.152790 
229.133591 191.182632 14.205478 37.152790 
230.612045 186.712677 14.205478 37.152790 
232.701584 180.803101 14.205478 37.152790 
235.331650 177.054962 13.926939 36.424301 
236.304413 173.256897 14.205478 37.152790 
236.877579 171.684769 14.205478 37.152790 
238.528229 170.886383 14.205478 37.152790 
240.617340 172.479919 14.205478 37.152790 
242.563522 174.438873 14.205478 37.152790 
243.772568 177.955872 14.205478 37.152790 
244.924591 182.971252 14.205478 37.152790 
247.375778 187.672104 14.205478 37.152790 
249.412888 189.548447 14.205478 37.152790 
251.466721 189.608627 14.205478 37.152790 
252.833694 189.256012 14.205478 37.152790 
254.276260 189.387497 14.205478 37.152790 
253.909927 189.394501 14.205478 37.152790 
253.884201 189.607513 14.205478 37.152790 
253.986496 191.974197 14.205478 37.152790 
253.498093 192.063049 14.205478 37.152790 
254.656570 192.020813 14.205478 37.152790 
254.558609 193.328094 14.205478 37.152790 
256.603088 193.189743 14.205478 37.152790 
258.263672 193.869156 14.205478 37.152790 
258.506073 195.041000 14.205478 37.152790 
260.480408 194.974548 14.205478 37.152790 
260.003174 194.174469 14.205478 37.152790 
259.708893 192.987122 14.205478 37.152790 
