220.000000 74.000000 30.000000 33.000000 
221.076889 74.981575 31.000000 34.000000 
221.719666 76.669785 30.392157 33.333332 
221.383774 75.542374 31.000000 34.000000 
221.413513 75.503113 31.000000 34.000000 
221.448105 75.518379 31.000000 34.000000 
221.521423 75.551910 31.000000 34.000000 
220.932388 75.627129 31.620001 34.680000 
221.898621 76.278824 31.000000 34.000000 
222.285416 76.069893 31.620001 34.680000 
221.924301 75.896713 32.252399 35.373600 
221.850098 76.044441 32.252399 35.373600 
222.813644 76.449066 31.620001 34.680000 
222.528259 76.191353 32.252399 35.373600 
222.605408 76.253700 32.252399 35.373600 
223.183395 76.600365 31.620001 34.680000 
223.420334 76.659592 31.000000 34.000000 
223.298859 76.299301 31.000000 34.000000 
223.253281 75.982544 31.000000 34.000000 
223.841766 77.270432 30.392157 33.333332 
222.975861 76.784836 31.620001 34.680000 
223.351517 75.843369 31.000000 34.000000 
223.878494 76.896233 30.392157 33.333332 
222.611328 76.096008 31.000000 34.000000 
222.253418 75.472290 31.000000 34.000000 
222.588120 75.656960 31.000000 34.000000 
222.371246 75.708168 31.000000 34.000000 
222.981857 75.689003 31.000000 34.000000 
222.949097 75.677734 31.000000 34.000000 
223.168610 75.721252 31.000000 34.000000 
223.383072 75.786247 31.000000 34.000000 
223.310425 75.791565 31.000000 34.000000 
222.695526 75.612190 31.000000 34.000000 
221.763641 75.252060 31.620001 34.680000 
220.743256 74.643967 32.252399 35.373600 
219.219940 73.401253 32.897449 36.081074 
218.689529 73.615662 32.252399 35.373600 
217.238068 72.965233 32.252399 35.373600 
215.276855 72.828934 32.252399 35.373600 
215.081390 73.126701 31.620001 34.680000 
214.582718 73.106552 31.620001 34.680000 
212.246613 72.502274 32.252399 35.373600 
210.359283 71.836411 32.252399 35.373600 
209.407135 72.250854 31.620001 34.680000 
207.950562 72.167816 31.620001 34.680000 
207.533188 71.811089 31.620001 34.680000 
205.362686 71.025742 32.252399 35.373600 
204.461090 71.579865 31.620001 34.680000 
202.372696 71.542259 31.620001 34.680000 
201.535629 71.546219 31.620001 34.680000 
200.908890 71.573227 31.620001 34.680000 
200.228775 71.510757 31.620001 34.680000 
197.741470 71.183174 32.252399 35.373600 
197.788361 71.237717 32.252399 35.373600 
197.380768 71.652016 31.620001 34.680000 
195.069931 71.340561 32.252399 35.373600 
193.527603 69.738472 32.897449 36.081074 
194.096939 70.745811 32.252399 35.373600 
192.969131 70.567329 32.252399 35.373600 
192.210510 69.623932 32.897449 36.081074 
193.403473 70.529823 32.252399 35.373600 
194.030945 70.318390 32.252399 35.373600 
194.779526 70.086884 32.252399 35.373600 
197.490250 71.027306 31.620001 34.680000 
197.974243 70.634964 32.252399 35.373600 
199.907867 70.574028 32.252399 35.373600 
201.094513 70.587494 32.252399 35.373600 
202.528824 70.579735 32.252399 35.373600 
204.958832 70.736526 32.252399 35.373600 
206.100891 70.816605 32.252399 35.373600 
209.234375 71.270996 31.620001 34.680000 
211.834549 71.221863 31.620001 34.680000 
215.024841 71.179665 31.620001 34.680000 
217.902145 71.245232 31.620001 34.680000 
219.706558 71.387222 31.620001 34.680000 
221.383026 71.524658 31.620001 34.680000 
222.347610 71.425026 31.620001 34.680000 
223.430878 71.380676 31.620001 34.680000 
224.774551 71.490540 31.620001 34.680000 
226.313370 71.895828 31.620001 34.680000 
226.663971 71.274467 32.252399 35.373600 
228.943771 72.465775 31.620001 34.680000 
229.256729 72.120110 32.252399 35.373600 
229.568970 72.317924 32.252399 35.373600 
229.316528 71.067421 32.897449 36.081074 
229.804581 71.912643 32.252399 35.373600 
229.660950 72.313416 32.252399 35.373600 
229.234360 71.895302 32.252399 35.373600 
228.353333 72.185768 32.252399 35.373600 
227.781830 72.498245 32.252399 35.373600 
227.345016 71.126579 32.897449 36.081074 
227.666809 71.523270 32.252399 35.373600 
227.365067 71.531418 32.252399 35.373600 
226.207047 70.721489 32.897449 36.081074 
226.489899 71.654556 32.252399 35.373600 
225.515823 71.088196 32.897449 36.081074 
225.422546 70.974670 32.897449 36.081074 
225.130814 71.053596 32.897449 36.081074 
225.479309 72.078094 32.252399 35.373600 
225.654114 72.860626 32.252399 35.373600 
225.108917 72.036934 32.897449 36.081074 
224.893829 71.840324 32.897449 36.081074 
225.447464 73.945412 32.252399 35.373600 
224.703354 73.253220 32.897449 36.081074 
224.224899 73.150856 32.897449 36.081074 
224.627472 73.437141 32.897449 36.081074 
224.463196 74.258926 32.897449 36.081074 
225.152374 74.158943 32.897449 36.081074 
224.901047 74.291344 32.897449 36.081074 
224.538727 74.299217 32.897449 36.081074 
224.876389 74.315331 32.897449 36.081074 
224.398331 74.452576 32.897449 36.081074 
224.885513 74.760880 32.897449 36.081074 
224.463943 75.097023 32.897449 36.081074 
225.086060 74.974876 32.897449 36.081074 
224.994415 75.346779 33.555397 36.802692 
225.122833 76.197823 33.555397 36.802692 
224.774612 76.280258 34.226505 37.538746 
223.839569 76.278809 35.609257 39.055313 
223.670761 77.679115 34.911034 38.289524 
222.945084 78.280617 34.911034 38.289524 
222.922256 78.308357 35.609257 39.055313 
223.111847 79.081772 35.609257 39.055313 
222.365860 78.261787 36.321442 39.836418 
221.955963 77.940346 36.321442 39.836418 
222.404678 79.310341 35.609257 39.055313 
221.651367 78.757263 36.321442 39.836418 
222.061279 78.606247 36.321442 39.836418 
221.580475 78.303436 36.321442 39.836418 
221.968781 78.105125 36.321442 39.836418 
221.408112 77.726646 36.321442 39.836418 
222.404587 78.686745 34.911034 38.289524 
222.564865 78.800003 34.911034 38.289524 
221.860367 78.746513 34.911034 38.289524 
221.814575 78.639297 34.911034 38.289524 
221.781082 78.536392 34.911034 38.289524 
221.786484 78.416565 34.911034 38.289524 
221.788177 78.193626 34.911034 38.289524 
221.689209 77.769600 34.911034 38.289524 
221.506836 77.631088 34.911034 38.289524 
222.052536 77.045540 34.911034 38.289524 
221.718094 76.298058 35.609257 39.055313 
221.629288 76.338875 34.911034 38.289524 
221.258560 75.918724 35.609257 39.055313 
221.220535 75.504753 35.609257 39.055313 
220.526276 73.952652 36.321442 39.836418 
221.613373 74.767792 34.911034 38.289524 
221.232590 74.094276 34.911034 38.289524 
221.827103 72.960022 35.609257 39.055313 
222.033905 72.236618 34.911034 38.289524 
221.881134 71.814728 34.911034 38.289524 
222.835175 72.891823 33.555397 36.802692 
222.858093 72.372345 34.226505 37.538746 
222.390060 71.751259 34.911034 38.289524 
223.335205 73.401283 33.555397 36.802692 
222.173996 73.170204 34.226505 37.538746 
222.358597 73.376770 33.555397 36.802692 
222.011887 72.961761 33.555397 36.802692 
222.145477 71.984703 34.226505 37.538746 
222.243820 72.150063 33.555397 36.802692 
221.594345 71.302948 34.226505 37.538746 
221.092697 69.894867 34.911034 38.289524 
221.186646 70.201767 34.226505 37.538746 
221.141815 70.863655 33.555397 36.802692 
221.066162 69.770363 34.226505 37.538746 
220.514999 69.721237 34.226505 37.538746 
220.656769 69.758461 34.226505 37.538746 
220.761581 69.763542 34.226505 37.538746 
220.864929 69.703575 34.226505 37.538746 
220.930222 69.444405 34.226505 37.538746 
220.106720 68.975517 34.226505 37.538746 
220.547348 69.516258 33.555397 36.802692 
220.849609 69.779083 33.555397 36.802692 
221.080231 68.812622 34.226505 37.538746 
221.392593 69.210976 33.555397 36.802692 
221.501450 69.084282 33.555397 36.802692 
221.769424 68.985542 33.555397 36.802692 
222.427704 68.369415 33.555397 36.802692 
222.278976 68.200439 32.897449 36.081074 
222.423004 67.524376 32.897449 36.081074 
223.448730 68.165977 31.620001 34.680000 
223.049057 68.009590 31.620001 34.680000 
223.383820 67.322990 31.620001 34.680000 
223.006104 67.239388 31.620001 34.680000 
223.557373 66.412163 31.000000 34.000000 
222.804520 66.014717 31.000000 34.000000 
222.942108 65.159988 31.000000 34.000000 
223.482239 65.391190 30.392157 33.333332 
223.838791 65.047867 30.392157 33.333332 
222.434143 64.813896 31.000000 34.000000 
224.488846 65.291199 30.392157 33.333332 
224.371063 64.520531 30.392157 33.333332 
224.263565 63.524738 30.392157 33.333332 
224.252991 63.292263 30.392157 33.333332 
224.131149 63.644436 30.392157 33.333332 
224.233093 63.045124 30.392157 33.333332 
223.992569 63.171467 30.392157 33.333332 
223.757736 63.279705 30.392157 33.333332 
224.367813 63.045368 30.392157 33.333332 
224.297546 62.801823 30.392157 33.333332 
224.504105 62.341885 30.392157 33.333332 
224.711624 61.505283 30.392157 33.333332 
224.736679 61.334728 30.392157 33.333332 
224.882187 60.973385 30.392157 33.333332 
223.261688 60.707474 31.000000 34.000000 
223.852356 59.965904 31.000000 34.000000 
223.483978 59.726219 31.000000 34.000000 
223.859314 59.252838 31.000000 34.000000 
223.593201 58.773384 31.000000 34.000000 
223.211990 58.795891 31.000000 34.000000 
223.544754 58.605324 31.000000 34.000000 
223.053696 58.175095 31.000000 34.000000 
224.132492 58.099277 30.392157 33.333332 
224.003555 57.574993 30.392157 33.333332 
223.885483 56.369823 30.392157 33.333332 
223.783691 55.534985 30.392157 33.333332 
223.932510 55.322147 30.392157 33.333332 
223.388962 55.676128 30.392157 33.333332 
223.436203 54.865795 30.392157 33.333332 
223.222839 54.538891 30.392157 33.333332 
223.139633 54.060116 30.392157 33.333332 
222.965973 54.459713 30.392157 33.333332 
222.724960 53.909000 30.392157 33.333332 
223.405197 54.383694 29.796232 32.679737 
223.045212 54.566517 29.796232 32.679737 
223.460297 54.669827 29.796232 32.679737 
222.849319 53.646519 30.392157 33.333332 
222.537537 53.852848 30.392157 33.333332 
223.396530 54.446194 29.796232 32.679737 
223.278580 54.937763 29.796232 32.679737 
222.958450 54.401691 30.392157 33.333332 
223.093506 54.599995 30.392157 33.333332 
223.252731 55.286793 30.392157 33.333332 
223.517776 57.032955 30.392157 33.333332 
223.796921 57.951923 30.392157 33.333332 
223.762054 59.697025 30.392157 33.333332 
223.524780 61.185917 30.392157 33.333332 
222.909119 62.634296 30.392157 33.333332 
220.238510 61.534012 31.000000 34.000000 
220.161819 61.686478 31.000000 34.000000 
219.824249 62.422203 31.000000 34.000000 
219.659622 62.514771 31.000000 34.000000 
219.774628 62.392059 31.000000 34.000000 
220.283997 62.010735 31.000000 34.000000 
221.401657 61.798622 31.000000 34.000000 
221.962204 62.464157 31.000000 34.000000 
221.655441 62.507080 31.000000 34.000000 
220.170593 62.505226 31.000000 34.000000 
219.898682 61.833755 31.000000 34.000000 
219.477814 59.167900 31.000000 34.000000 
215.973022 53.761383 31.000000 34.000000 
214.545242 53.231117 31.000000 34.000000 
209.816193 52.975136 31.000000 34.000000 
209.889450 53.203190 30.392157 33.333332 
209.207870 52.476521 30.392157 33.333332 
209.135468 52.054569 30.392157 33.333332 
209.452057 52.134342 30.392157 33.333332 
209.633438 51.838680 30.392157 33.333332 
209.824768 51.527073 30.392157 33.333332 
209.839279 51.252995 30.392157 33.333332 
211.705734 51.385807 30.392157 33.333332 
214.895462 51.588154 30.392157 33.333332 
216.280472 52.996136 30.392157 33.333332 
219.282501 53.861614 30.392157 33.333332 
221.511963 54.738651 30.392157 33.333332 
222.724533 55.472004 30.392157 33.333332 
222.935181 55.532360 30.392157 33.333332 
222.555710 55.939495 30.392157 33.333332 
223.135178 56.566822 30.392157 33.333332 
223.155090 55.930264 30.392157 33.333332 
223.565887 56.129124 30.392157 33.333332 
223.719757 56.904606 30.392157 33.333332 
222.938721 56.262138 31.000000 34.000000 
222.084137 56.401031 31.000000 34.000000 
221.685181 56.628387 31.000000 34.000000 
221.435257 56.744438 31.000000 34.000000 
222.049683 56.589668 31.000000 34.000000 
221.561264 56.247498 31.000000 34.000000 
220.477661 55.276939 31.000000 34.000000 
220.840820 53.256073 31.000000 34.000000 
218.859604 52.135742 31.000000 34.000000 
218.525101 51.672302 31.000000 34.000000 
218.538773 52.232750 31.000000 34.000000 
217.764435 51.219734 31.000000 34.000000 
218.062302 51.359631 30.392157 33.333332 
217.974731 50.794498 30.392157 33.333332 
218.370178 50.745441 30.392157 33.333332 
220.980576 51.013264 30.392157 33.333332 
222.259659 51.487461 30.392157 33.333332 
222.598984 50.739037 31.000000 34.000000 
222.530029 51.449036 31.000000 34.000000 
222.420074 51.598343 31.000000 34.000000 
222.232941 51.519714 31.000000 34.000000 
220.588455 51.562492 31.000000 34.000000 
219.476257 51.870850 31.000000 34.000000 
219.969589 52.484718 31.000000 34.000000 
219.901978 52.480347 31.000000 34.000000 
220.653687 53.230942 31.000000 34.000000 
221.294418 53.608780 31.000000 34.000000 
223.314819 54.780548 31.000000 34.000000 
224.839020 56.081497 31.000000 34.000000 
224.576370 55.841362 31.000000 34.000000 
224.053391 56.455513 31.000000 34.000000 
223.826065 56.160553 31.000000 34.000000 
223.080338 55.888084 31.000000 34.000000 
222.652939 56.370895 31.000000 34.000000 
220.226181 56.569855 31.000000 34.000000 
218.468903 57.699448 31.000000 34.000000 
216.370804 58.328377 31.000000 34.000000 
216.490021 57.516617 31.000000 34.000000 
218.149292 56.264282 31.000000 34.000000 
218.261032 55.392342 31.000000 34.000000 
217.417786 55.239502 31.000000 34.000000 
216.330322 55.230621 31.000000 34.000000 
216.493057 55.050690 31.000000 34.000000 
216.731323 55.254410 31.000000 34.000000 
216.733994 55.966011 31.000000 34.000000 
217.476532 56.855873 31.000000 34.000000 
218.675034 56.919418 31.000000 34.000000 
218.519379 57.028824 31.000000 34.000000 
218.403091 56.049500 31.000000 34.000000 
219.445190 55.718842 31.000000 34.000000 
220.174850 56.158844 31.000000 34.000000 
220.444290 55.739685 31.000000 34.000000 
221.970078 55.692131 31.000000 34.000000 
221.529068 55.139397 31.000000 34.000000 
221.007233 54.481262 31.000000 34.000000 
218.441406 55.948776 31.000000 34.000000 
216.899765 56.867378 31.000000 34.000000 
216.392593 56.542923 31.000000 34.000000 
217.221603 56.428116 31.000000 34.000000 
217.650574 56.089516 31.000000 34.000000 
218.266937 55.635155 31.000000 34.000000 
221.206192 55.609299 31.000000 34.000000 
222.204071 55.859543 31.000000 34.000000 
222.908890 55.881477 31.000000 34.000000 
223.358490 55.188553 31.000000 34.000000 
223.510178 54.029167 31.000000 34.000000 
221.802155 53.627342 31.000000 34.000000 
221.262589 53.860428 31.000000 34.000000 
221.100952 54.150642 31.000000 34.000000 
220.584122 53.917915 31.000000 34.000000 
220.302979 55.230019 31.000000 34.000000 
220.944901 54.959709 31.000000 34.000000 
220.900848 55.880981 31.000000 34.000000 
218.494492 55.886597 31.000000 34.000000 
216.226624 55.373543 31.000000 34.000000 
214.131165 53.848190 31.000000 34.000000 
214.772095 54.213024 30.392157 33.333332 
213.940308 52.631016 30.392157 33.333332 
212.058121 51.275723 30.392157 33.333332 
212.054810 52.912006 30.392157 33.333332 
212.084518 52.746914 30.392157 33.333332 
212.197464 52.788448 30.392157 33.333332 
212.991852 53.123066 30.392157 33.333332 
215.107407 54.034519 30.392157 33.333332 
217.916153 55.029835 30.392157 33.333332 
221.110550 56.021198 30.392157 33.333332 
224.523865 56.700863 30.392157 33.333332 
226.624390 57.141476 30.392157 33.333332 
226.424438 57.494862 30.392157 33.333332 
225.410873 56.865734 30.392157 33.333332 
224.807678 57.118145 30.392157 33.333332 
222.491058 57.941265 30.392157 33.333332 
220.052582 58.074062 30.392157 33.333332 
215.272614 57.038284 31.000000 34.000000 
214.553085 56.399323 31.000000 34.000000 
212.800110 57.223572 31.000000 34.000000 
212.813034 57.322433 31.000000 34.000000 
212.070892 57.427826 31.000000 34.000000 
211.286057 57.938667 31.000000 34.000000 
210.843185 58.770447 31.000000 34.000000 
209.593155 58.853416 31.000000 34.000000 
208.416565 59.280647 31.000000 34.000000 
207.316605 59.460869 31.000000 34.000000 
206.082428 59.878258 31.000000 34.000000 
204.739166 60.169365 31.000000 34.000000 
203.418045 59.606613 31.000000 34.000000 
203.883575 59.771606 31.000000 34.000000 
203.794693 59.703323 31.000000 34.000000 
204.216034 59.148743 31.000000 34.000000 
205.895065 58.170456 31.000000 34.000000 
207.194702 58.023201 31.000000 34.000000 
208.374451 57.922020 31.000000 34.000000 
209.663620 58.026604 31.000000 34.000000 
209.873596 57.031197 31.000000 34.000000 
210.760345 56.610153 31.000000 34.000000 
211.198959 56.907516 31.000000 34.000000 
212.047882 57.104782 31.000000 34.000000 
212.521469 56.593948 31.000000 34.000000 
212.705292 57.016678 31.000000 34.000000 
213.199997 56.451080 31.000000 34.000000 
213.450836 56.468330 31.000000 34.000000 
212.331070 56.483391 31.000000 34.000000 
203.109192 57.249451 31.000000 34.000000 
201.586594 56.827797 31.000000 34.000000 
201.026932 56.620338 31.000000 34.000000 
201.200272 56.365932 31.620001 34.680000 
200.425964 56.321301 31.620001 34.680000 
200.243698 55.701771 31.620001 34.680000 
200.119492 54.864048 31.620001 34.680000 
200.581970 54.578190 31.620001 34.680000 
200.055603 54.852474 31.620001 34.680000 
200.001938 54.312019 31.000000 34.000000 
200.608078 55.269516 31.000000 34.000000 
201.106033 55.836540 31.000000 34.000000 
201.869385 56.427727 31.000000 34.000000 
202.439987 56.297302 31.000000 34.000000 
204.356369 56.160320 31.620001 34.680000 
204.335983 56.061817 31.620001 34.680000 
205.152512 55.391155 31.620001 34.680000 
207.423218 54.822910 31.620001 34.680000 
207.182938 54.199024 31.620001 34.680000 
208.077866 54.363850 31.620001 34.680000 
208.323914 54.138092 32.252399 35.373600 
208.408310 54.826820 32.252399 35.373600 
208.300781 54.882637 32.252399 35.373600 
209.454712 54.403404 32.897449 36.081074 
207.638245 54.697311 32.897449 36.081074 
208.420868 55.159142 32.897449 36.081074 
208.072266 55.210129 32.897449 36.081074 
210.105087 54.042820 33.555397 36.802692 
212.321625 53.733395 33.555397 36.802692 
211.662491 53.891708 32.897449 36.081074 
212.639404 55.391090 32.252399 35.373600 
213.023743 54.717888 32.252399 35.373600 
213.358444 54.454750 32.252399 35.373600 
213.719131 54.132141 32.252399 35.373600 
214.146667 54.255852 32.252399 35.373600 
213.620789 54.190720 32.252399 35.373600 
213.925232 54.022003 32.252399 35.373600 
214.346344 53.608871 32.252399 35.373600 
214.854507 52.824852 32.252399 35.373600 
215.786804 52.730545 32.252399 35.373600 
216.272064 52.561447 32.252399 35.373600 
216.566681 52.522736 32.252399 35.373600 
218.683456 52.706207 32.252399 35.373600 
218.747574 52.762978 32.252399 35.373600 
218.201004 52.899841 32.252399 35.373600 
217.375671 53.848610 32.252399 35.373600 
218.486252 53.879181 32.252399 35.373600 
220.166122 54.249069 32.252399 35.373600 
219.328049 53.940903 32.252399 35.373600 
218.302582 53.734993 32.252399 35.373600 
218.541122 53.634254 32.252399 35.373600 
220.938644 53.914078 32.252399 35.373600 
221.279770 54.171341 32.252399 35.373600 
221.085083 53.853172 32.252399 35.373600 
219.585358 53.005501 32.252399 35.373600 
217.811478 52.599617 32.252399 35.373600 
215.539902 51.590874 32.252399 35.373600 
215.173035 51.648926 32.252399 35.373600 
215.050919 51.473671 32.252399 35.373600 
215.981659 51.948349 32.252399 35.373600 
216.782486 53.680771 32.252399 35.373600 
217.688660 53.758789 32.252399 35.373600 
217.387833 53.926735 32.252399 35.373600 
217.106964 54.694275 32.252399 35.373600 
216.528351 54.749756 32.252399 35.373600 
216.785065 54.538231 32.252399 35.373600 
217.601410 54.397720 32.252399 35.373600 
217.618103 54.562408 32.252399 35.373600 
217.901733 55.156006 32.252399 35.373600 
217.318115 56.250633 32.252399 35.373600 
217.510284 56.275085 32.252399 35.373600 
217.540192 56.975647 32.252399 35.373600 
217.782211 56.889839 32.252399 35.373600 
217.722656 56.268883 32.252399 35.373600 
217.079407 56.227020 32.252399 35.373600 
216.510162 55.585190 32.252399 35.373600 
216.940384 54.389168 32.252399 35.373600 
215.151657 51.867310 32.897449 36.081074 
214.795456 51.755753 32.897449 36.081074 
213.110550 50.686996 32.897449 36.081074 
212.402039 50.257858 32.897449 36.081074 
212.349609 49.763428 32.897449 36.081074 
212.031876 50.163109 32.897449 36.081074 
211.005951 50.180672 32.897449 36.081074 
210.924805 50.899132 32.897449 36.081074 
211.524170 52.148178 32.897449 36.081074 
212.992630 52.242699 32.897449 36.081074 
212.849899 52.165993 32.897449 36.081074 
212.385330 50.691490 32.897449 36.081074 
212.812775 51.462990 32.897449 36.081074 
213.228165 53.181381 32.252399 35.373600 
212.674820 53.681389 32.252399 35.373600 
211.077209 52.715073 32.252399 35.373600 
208.394470 51.406250 32.897449 36.081074 
209.386017 51.524475 32.897449 36.081074 
210.133240 51.708389 32.897449 36.081074 
209.869888 51.667114 32.897449 36.081074 
210.256958 51.682373 32.897449 36.081074 
212.800064 52.192497 32.897449 36.081074 
213.039215 53.283951 32.897449 36.081074 
213.459091 53.682510 32.897449 36.081074 
213.363724 54.372025 32.897449 36.081074 
212.652359 53.498283 32.897449 36.081074 
211.802460 52.985039 32.897449 36.081074 
211.854477 52.580139 32.897449 36.081074 
212.021393 53.932388 32.897449 36.081074 
212.364365 54.875633 32.897449 36.081074 
212.678497 55.122353 32.897449 36.081074 
212.028442 55.044975 32.897449 36.081074 
211.856461 55.103699 32.897449 36.081074 
211.140030 55.029411 32.897449 36.081074 
211.013657 55.063400 32.897449 36.081074 
211.995728 55.518890 32.897449 36.081074 
212.964188 54.870430 32.897449 36.081074 
213.023605 54.413025 32.897449 36.081074 
212.951828 53.660629 32.897449 36.081074 
212.898666 53.984673 32.897449 36.081074 
212.619507 54.018120 32.897449 36.081074 
212.060074 53.902100 32.897449 36.081074 
212.265762 55.128059 32.897449 36.081074 
212.694611 54.803375 32.897449 36.081074 
212.768250 55.438713 32.897449 36.081074 
212.989288 55.377205 32.897449 36.081074 
212.897263 55.326622 32.897449 36.081074 
212.673294 55.086563 32.897449 36.081074 
212.412704 54.843651 32.897449 36.081074 
212.731384 55.792053 32.897449 36.081074 
212.128693 56.341286 32.897449 36.081074 
212.018951 56.388657 32.897449 36.081074 
212.151657 57.116447 32.897449 36.081074 
212.360825 57.457840 32.897449 36.081074 
212.541824 58.266167 32.897449 36.081074 
