32	21	36	48	
33	23	34	48	
34	25	29	50	
34	26	29	53	
34	28	28	52	
34	30	27	49	
30	31	33	50	
29	33	34	48	
30	36	34	45	
30	36	35	46	
31	36	34	45	
32	37	33	46	
33	40	32	44	
32	42	33	44	
34	41	34	45	
36	42	32	47	
36	42	33	45	
38	43	34	45	
40	41	33	46	
41	42	34	43	
43	40	35	46	
46	39	35	44	
48	38	33	43	
51	38	35	44	
54	36	33	45	
55	36	35	42	
57	34	31	47	
57	35	33	46	
58	35	30	47	
56	36	31	46	
56	37	31	47	
54	37	32	46	
54	38	32	45	
54	40	33	43	
53	41	34	44	
54	41	32	44	
53	41	34	46	
54	43	33	43	
54	44	33	42	
55	44	33	44	
56	45	32	46	
55	46	32	45	
55	47	32	44	
54	48	33	44	
55	49	32	42	
54	49	33	45	
54	50	33	43	
54	52	34	43	
54	52	34	44	
55	53	32	43	
55	55	32	43	
54	56	34	44	
56	58	31	42	
56	61	32	40	
56	62	33	40	
58	62	31	40	
55	62	35	41	
58	64	32	41	
57	64	32	41	
57	64	33	43	
56	66	32	40	
56	64	32	43	
57	64	32	43	
55	64	32	40	
54	65	33	40	
54	65	33	39	
54	64	31	41	
52	64	32	41	
53	64	32	40	
53	63	31	41	
52	62	33	42	
53	62	31	41	
53	61	31	40	
53	60	32	41	
52	60	32	42	
52	59	33	44	
51	59	33	43	
51	57	33	42	
51	59	33	41	
51	58	32	43	
50	60	33	44	
51	59	32	42	
51	60	33	41	
52	60	33	42	
53	60	31	43	
53	61	33	42	
53	60	32	43	
53	61	33	41	
53	61	32	43	
54	60	32	44	
52	60	34	43	
53	60	32	45	
53	60	34	45	
54	59	33	44	
54	59	32	44	
55	60	33	44	
55	60	33	43	
56	60	33	43	
57	62	33	41	
57	60	34	43	
59	62	33	42	
59	61	34	42	
61	62	35	44	
62	63	35	40	
64	63	35	44	
63	63	36	42	
65	64	34	44	
66	64	34	43	
66	63	33	43	
68	63	31	44	
67	63	33	43	
68	63	34	44	
68	64	34	41	
68	63	36	42	
69	62	34	44	
69	61	34	43	
70	61	33	42	
70	61	34	43	
70	61	34	43	
71	60	32	44	
72	61	33	43	
73	61	31	43	
74	60	32	43	
77	60	29	44	
76	61	32	43	
78	61	32	42	
80	60	32	44	
80	61	34	45	
83	65	33	41	
85	63	33	42	
87	63	33	43	
89	63	33	44	
91	63	33	44	
93	66	30	44	
94	66	30	43	
95	64	30	45	
95	65	32	44	
97	65	34	44	
99	64	31	42	
98	64	32	43	
99	65	32	42	
98	65	34	40	
100	64	32	42	
100	63	33	43	
100	63	33	42	
100	64	31	41	
101	65	34	42	
102	66	30	41	
102	64	31	42	
102	65	32	42	
102	65	34	39	
104	66	33	39	
106	65	31	41	
106	65	33	41	
107	63	33	41	
108	62	30	42	
110	62	30	41	
110	62	32	41	
110	62	33	39	
110	60	33	41	
111	58	32	41	
111	59	35	40	
111	57	34	44	
112	60	33	39	
110	58	33	39	
111	57	34	44	
109	59	33	42	
109	58	35	43	
110	58	34	42	
109	58	37	44	
111	59	33	43	
112	58	33	42	
113	58	34	43	
114	58	32	42	
116	56	33	44	
118	60	32	41	
120	59	33	42	
120	58	33	43	
123	57	32	46	
122	59	33	42	
126	58	31	42	
125	57	36	44	
127	57	33	43	
127	57	35	45	
127	54	36	46	
128	56	33	44	
127	56	37	43	
128	56	34	43	
127	55	35	44	
129	54	34	47	
129	57	33	45	
128	56	34	46	
129	56	32	47	
128	58	33	43	
129	55	32	45	
129	54	34	47	
131	55	34	47	
129	56	34	44	
129	55	35	45	
132	55	34	43	
135	56	30	41	
134	56	32	44	
135	56	33	42	
137	55	35	42	
137	57	35	42	
137	56	35	42	
139	57	33	41	
140	59	34	42	
138	59	37	42	
140	59	34	42	
139	60	34	42	
140	58	32	43	
141	57	33	46	
139	58	32	42	
141	57	31	41	
142	59	31	40	
141	57	33	41	
143	59	32	39	
144	57	32	45	
143	58	35	41	
145	57	36	42	
147	59	34	42	
147	58	35	42	
149	59	33	43	
149	59	34	41	
148	59	36	42	
148	61	35	40	
149	59	34	44	
148	62	34	41	
147	61	34	42	
148	61	32	42	
146	60	34	41	
141	56	34	42	
144	54	33	44	
142	57	34	43	
143	58	34	44	
143	57	33	44	
142	55	37	45	
143	58	36	43	
143	58	35	43	
143	58	36	43	
143	57	36	43	
143	57	37	44	
144	55	36	45	
145	55	34	43	
145	54	35	43	
145	53	37	43	
147	53	34	45	
149	52	35	44	
148	52	35	45	
149	52	35	45	
152	53	35	44	
155	57	34	43	
155	55	36	45	
155	57	33	44	
157	59	33	42	
156	59	33	44	
156	60	35	42	
157	61	33	41	
157	60	34	44	
157	62	34	41	
157	62	35	45	
157	62	34	44	
156	64	35	42	
158	65	32	43	
156	67	36	41	
156	68	33	43	
156	68	33	44	
154	68	37	46	
154	65	35	46	
152	65	37	44	
153	64	35	45	
152	64	37	44	
154	64	37	44	
156	65	36	45	
159	64	32	47	
156	64	36	47	
157	64	36	48	
150	55	34	47	
149	52	34	46	
152	53	33	43	
150	50	35	48	
152	54	35	44	
150	55	36	45	
151	56	35	45	
146	54	38	50	
145	59	37	46	
142	59	35	47	
138	59	35	46	
134	59	34	44	
130	56	32	45	
126	55	35	45	
126	57	32	43	
129	55	32	43	
129	54	33	47	
130	55	34	41	
132	52	32	47	
133	50	31	44	
131	54	31	39	
130	51	32	43	
127	53	34	42	
127	51	34	42	
128	55	34	40	
128	54	33	43	
129	55	34	42	
130	55	32	40	
128	56	35	42	
131	53	34	47	
131	54	33	42	
135	53	31	43	
135	53	31	43	
136	54	33	43	
136	54	32	39	
138	54	33	44	
138	51	31	42	
138	50	35	45	
138	51	33	47	
140	52	33	44	
142	50	33	47	
142	50	32	45	
144	49	31	45	
142	50	30	42	
141	50	32	44	
141	52	32	42	
143	49	31	43	
140	50	34	43	
144	50	31	42	
141	49	32	44	
141	51	34	46	
143	53	35	41	
145	54	33	40	
144	51	35	46	
148	55	31	43	
147	54	33	41	
147	52	33	42	
146	53	34	41	
145	52	33	41	
144	51	35	42	
145	48	33	45	
144	47	35	48	
145	50	32	42	
144	46	34	45	
144	45	33	45	
144	49	35	43	
145	47	34	46	
149	48	31	45	
148	50	34	44	
150	48	36	47	
151	47	33	46	
151	49	34	44	
152	48	33	48	
151	47	37	51	
151	46	40	50	
150	49	38	46	
150	48	37	48	
150	50	39	47	
152	46	36	47	
152	47	36	48	
152	49	36	46	
152	49	39	47	
153	47	38	46	
152	48	38	46	
152	49	39	46	
154	49	34	45	
152	49	35	47	
152	49	36	45	
153	47	38	45	
151	50	38	44	
151	49	40	46	
152	49	37	44	
150	49	38	44	
150	49	37	44	
150	50	38	42	
148	51	35	44	
152	49	32	43	
150	52	31	42	
149	49	32	46	
146	52	32	43	
144	52	33	42	
145	52	30	43	
143	52	31	43	
141	53	33	44	
140	55	31	41	
139	54	32	42	
136	53	36	43	
137	55	34	46	
134	55	34	47	
132	56	35	46	
131	57	35	44	
128	56	36	45	
131	60	33	41	
129	57	33	44	
129	60	33	41	
127	58	35	45	
127	58	35	46	
127	59	36	44	
126	59	36	43	
124	60	36	45	
124	60	36	41	
124	59	36	43	
123	58	33	44	
123	59	32	41	
121	58	32	41	
120	58	34	43	
118	58	33	40	
118	57	32	42	
117	58	31	42	
115	57	34	44	
116	57	31	41	
112	57	32	41	
112	55	32	44	
109	57	33	41	
110	57	31	40	
108	57	33	42	
109	56	31	43	
109	56	29	40	
107	56	33	40	
110	56	30	40	
108	57	31	41	
107	57	31	40	
109	58	29	38	
107	57	31	40	
106	58	32	38	
107	56	33	45	
107	55	33	47	
108	56	30	45	
110	56	27	45	
109	56	28	47	
109	55	26	48	
109	55	27	48	
109	57	25	44	
110	56	25	45	
110	56	25	45	
108	54	27	48	
109	55	26	48	
109	55	26	48	
109	58	27	45	
109	56	28	47	
108	57	28	45	
110	56	26	47	
110	55	25	46	
109	56	27	49	
110	56	25	50	
111	57	24	48	
112	56	24	47	
114	55	21	52	
115	55	18	50	
117	57	15	47	
118	57	13	50	
119	55	14	54	
121	57	11	48	
120	59	14	49	
122	58	14	50	
123	63	12	43	
123	63	12	43	
124	65	12	43	
125	64	12	41	
126	65	10	40	
125	67	10	39	
124	66	11	41	
123	67	11	39	
122	62	12	44	
121	66	12	41	
120	66	12	42	
117	62	14	43	
113	58	18	50	
112	57	20	50	
111	57	22	49	
111	57	22	49	
107	56	26	49	
108	58	26	48	
109	57	25	46	
110	57	25	46	
109	59	26	43	
111	58	25	44	
109	57	27	46	
109	56	29	48	
108	57	31	46	
110	57	31	47	
111	60	30	43	
111	60	32	43	
109	59	34	43	
111	60	32	42	
111	60	31	41	
113	62	32	38	
112	61	33	41	
114	62	32	39	
112	61	34	39	
112	61	34	40	
112	61	35	42	
112	61	34	41	
112	61	35	41	
112	63	33	39	
113	63	33	40	
112	64	32	39	
111	62	32	42	
111	60	33	46	
112	62	30	43	
111	63	30	41	
111	61	31	43	
111	64	31	40	
110	63	31	41	
111	62	28	41	
109	59	29	46	
109	57	29	47	
109	59	29	43	
111	59	27	43	
108	57	30	47	
109	56	28	49	
109	58	27	48	
108	58	27	46	
108	59	27	45	
107	61	28	44	
106	60	28	44	
106	62	28	41	
106	62	27	45	
106	60	25	50	
104	60	28	48	
104	61	27	50	
104	62	26	51	
102	65	28	47	
99	66	29	46	
97	67	31	47	
95	67	30	46	
93	66	33	47	
91	68	33	47	
88	69	34	44	
87	67	32	47	
86	68	31	45	
84	68	33	44	
83	67	33	42	
80	67	33	43	
80	66	34	43	
78	65	34	44	
78	66	33	42	
76	67	33	43	
77	66	31	44	
75	66	31	41	
73	67	33	43	
72	67	35	44	
71	66	36	45	
69	67	36	45	
69	68	34	44	
66	67	35	46	
66	68	33	43	
63	67	33	46	
62	68	31	45	
63	67	30	46	
61	68	31	46	
59	67	33	45	
59	67	32	42	
61	68	31	43	
60	67	31	43	
59	67	33	41	
61	64	33	42	
61	64	32	40	
60	62	33	40	
61	60	31	40	
60	59	33	43	
60	57	32	42	
60	56	32	42	
60	55	32	43	
59	55	34	40	
60	52	34	43	
59	50	34	44	
59	48	32	46	
59	45	32	48	
59	46	32	45	
59	43	33	46	
58	42	33	45	
59	40	32	46	
58	39	33	47	
58	37	34	46	
59	37	33	45	
60	35	32	46	
59	33	33	47	
60	33	34	44	
60	30	34	45	
61	30	34	44	
62	28	32	47	
61	26	35	48	
63	26	33	48	
63	26	34	47	
62	25	36	47	
65	24	32	48	
64	23	33	49	
63	23	34	46	
62	21	35	49	
64	20	32	50	
61	18	33	48	
61	18	33	47	
60	16	35	49	
60	15	35	48	
60	13	35	47	
61	13	35	48	
62	12	34	47	
61	11	36	46	
62	11	34	46	
62	9	35	47	
63	7	34	47	
64	7	34	48	
65	4	33	51	
64	6	35	47	
65	5	35	48	
63	6	37	48	
65	6	35	48	
63	4	37	50	
63	4	37	50	
65	6	34	49	
64	5	35	49	
62	5	36	47	
62	5	36	47	
62	4	35	48	
62	4	36	48	
63	3	35	49	
64	4	32	47	
63	4	33	45	
64	4	34	46	
63	3	36	46	
64	4	34	46	
65	3	35	47	
66	2	34	48	
63	3	35	47	
64	2	36	49	
65	4	34	46	
64	3	36	49	
65	6	35	46	
65	6	34	47	
64	4	36	47	
65	4	34	49	
65	5	35	47	
65	5	34	48	
64	5	35	49	
65	4	34	50	
65	3	33	50	
65	4	34	51	
65	8	34	47	
65	7	35	49	
66	8	34	48	
67	8	33	48	
68	8	32	48	
68	9	33	50	
70	11	31	47	
69	12	33	49	
70	16	33	46	
70	16	32	47	
72	17	32	48	
72	17	33	51	
71	19	34	47	
72	20	32	49	
71	21	35	47	
71	21	35	47	
71	22	34	47	
72	23	33	47	
72	25	34	46	
72	25	31	47	
70	26	34	48	
70	27	35	48	
69	28	35	48	
69	28	34	48	
70	29	32	47	
69	29	33	47	
70	31	31	46	
70	30	32	49	
70	33	32	46	
70	33	33	48	
71	34	31	46	
71	34	33	47	
72	36	33	47	
73	38	33	45	
75	38	32	45	
75	39	32	44	
77	40	33	45	
79	40	32	44	
81	40	31	45	
82	40	31	45	
84	43	32	43	
85	43	32	43	
87	42	34	44	
89	44	31	43	
91	41	32	46	
91	42	31	47	
94	43	29	44	
96	44	28	44	
97	46	27	41	
96	47	28	41	
96	47	28	42	
96	44	28	45	
99	47	27	44	
99	47	27	42	
100	47	28	44	
98	47	30	46	
99	47	32	43	
98	46	31	45	
100	47	29	43	
101	49	29	41	
101	48	29	43	
98	47	33	44	
100	48	31	43	
100	49	31	44	
100	48	33	45	
99	47	34	48	
100	48	32	44	
100	47	33	44	
104	47	28	46	
105	49	28	41	
103	48	29	43	
104	47	27	44	
105	48	26	42	
105	47	28	42	
104	46	27	48	
103	47	30	44	
104	46	29	45	
104	45	28	46	
106	47	25	44	
103	46	30	43	
103	46	28	48	
102	46	32	45	
104	47	28	42	
102	46	29	45	
103	44	28	47	
103	45	27	45	
101	39	29	46	
101	39	28	43	
100	35	28	41	
