7.0	129.0	72.0	94.0
8	129	73	93
7	129	74	92
9	129	74	92
7	130	75	91
8	129	75	91
8	130	75	91
9	130	74	91
10	130	73	92
9	129	73	93
10	129	74	93
10	129	73	92
10	129	72	93
10	129	73	93
10	129	73	93
10	129	73	93
10	130	72	93
10	130	72	93
12	129	69	96
13	128	67	98
13	125	66	99
15	126	65	100
16	126	63	101
16	126	63	101
17	125	63	103
18	125	62	103
19	125	61	103
19	126	62	103
19	124	61	103
18	125	62	103
17	123	62	103
19	123	61	103
19	124	61	104
18	125	61	103
18	127	61	103
18	126	62	103
19	127	61	103
19	126	61	103
19	127	61	103
19	131	60	103
19	127	60	104
19	132	59	104
19	128	59	104
19	128	59	105
20	129	59	104
20	127	59	105
20	130	58	105
19	127	58	105
18	132	58	104
18	134	58	105
18	131	58	104
18	129	59	104
19	129	58	103
18	133	58	104
19	131	58	103
19	129	58	103
19	132	58	103
19	129	59	103
20	129	58	103
20	133	58	103
20	130	58	102
20	134	57	102
20	131	58	102
20	131	57	102
20	130	57	102
20	133	57	103
20	131	58	101
20	135	58	102
20	133	58	101
20	136	57	101
21	133	57	101
20	131	58	101
21	135	57	100
22	132	58	100
23	130	57	101
23	134	57	101
24	132	56	101
24	130	56	101
24	129	56	100
25	128	56	100
25	132	56	100
26	130	55	100
26	128	55	101
27	132	54	101
27	130	54	101
27	133	54	101
28	130	53	101
28	133	53	101
29	131	53	101
29	129	53	102
31	129	52	102
31	129	52	101
31	128	52	102
30	133	52	101
30	131	53	100
30	133	53	101
30	131	53	100
30	134	53	99
30	131	53	99
30	133	52	99
31	130	52	100
31	134	53	99
31	131	53	99
31	134	52	100
32	132	52	99
33	130	51	99
33	132	51	100
32	134	51	100
33	132	51	99
33	130	52	99
33	134	52	98
34	131	51	98
34	134	52	98
35	131	51	98
34	134	51	97
34	136	51	98
34	132	51	97
34	135	51	98
35	134	51	97
36	131	51	97
35	134	51	96
34	135	51	97
35	133	51	96
35	135	51	97
36	133	51	96
35	136	51	96
35	135	51	95
37	134	51	95
35	137	51	96
35	136	51	95
36	135	51	95
35	139	51	94
35	138	52	94
37	136	50	95
36	141	51	94
36	139	51	95
37	139	50	94
37	139	50	95
37	139	51	94
38	138	50	95
36	144	51	94
36	144	50	93
36	143	51	93
37	144	50	93
38	144	50	93
37	144	50	92
37	144	50	92
38	144	49	93
37	144	49	93
38	144	49	93
38	144	49	93
39	145	48	92
39	144	49	92
39	144	49	92
39	144	49	92
38	143	49	92
40	142	48	92
40	141	49	92
41	144	48	92
41	142	48	92
41	140	49	92
40	143	49	92
42	141	48	91
42	144	48	92
42	142	48	92
43	142	48	91
41	146	48	90
41	145	48	90
42	143	48	90
41	147	49	90
42	145	49	90
42	144	50	89
40	148	50	89
41	145	50	89
42	144	49	89
42	147	49	90
42	145	50	89
43	144	49	89
42	146	49	90
44	144	49	89
42	146	50	89
44	144	49	89
44	143	50	89
42	146	50	88
44	144	49	88
42	148	50	88
44	146	50	87
45	145	49	88
43	148	49	88
45	145	49	88
43	147	49	88
45	146	49	88
46	145	48	88
47	144	48	89
46	146	48	89
47	145	49	89
47	144	48	89
47	144	48	89
48	145	47	88
46	148	48	88
48	147	48	88
48	146	48	88
49	144	47	89
47	148	48	88
48	147	48	88
48	146	48	87
49	145	48	88
49	146	48	88
49	146	48	87
50	145	47	88
50	145	47	88
50	145	47	87
49	149	47	87
50	148	47	86
51	146	47	87
51	146	47	87
51	146	47	88
51	147	46	87
51	147	46	88
52	146	46	87
52	146	46	87
52	146	46	87
52	145	47	87
52	145	46	87
52	145	46	87
53	145	46	87
52	150	47	86
53	148	47	86
53	148	47	86
54	148	46	86
54	147	46	87
54	147	46	86
54	148	46	86
54	148	46	86
53	152	47	85
54	149	47	85
55	148	47	85
55	148	47	85
49	154	47	84
51	151	48	84
54	151	47	84
54	150	47	84
55	150	47	85
55	149	46	85
54	153	47	85
55	150	46	85
56	150	46	84
55	154	47	84
56	151	47	85
58	150	46	85
59	149	45	85
52	154	46	85
53	156	46	85
54	152	46	85
55	150	47	85
55	153	47	85
56	151	47	85
60	157	50	81
54	153	49	82
54	155	49	82
56	153	48	83
58	151	48	84
59	150	47	84
58	154	47	84
59	152	47	84
59	155	47	84
60	152	47	84
57	157	50	81
51	159	49	82
52	156	49	83
54	158	48	84
55	154	48	84
50	157	47	85
51	155	48	84
53	157	47	86
53	159	47	85
54	155	47	86
53	156	47	86
54	157	46	86
53	153	47	86
54	156	47	86
54	153	48	86
55	156	47	86
55	152	47	85
63	150	48	85
69	151	48	85
65	157	52	81
49	160	51	82
49	157	51	83
50	159	50	83
51	156	49	83
52	158	49	84
52	156	49	83
52	159	49	83
53	160	49	84
52	156	50	84
52	159	50	83
53	156	49	84
53	159	49	84
52	157	50	84
53	154	49	84
54	158	50	84
55	156	49	84
54	159	50	84
55	157	49	83
55	159	49	84
55	156	49	84
55	158	49	85
56	156	49	84
56	159	49	84
57	156	48	84
57	159	49	84
57	156	49	84
56	160	49	84
56	161	49	84
56	157	49	84
56	160	49	84
57	157	49	84
57	160	49	84
58	157	49	84
57	161	50	84
57	163	50	84
58	159	49	85
59	154	52	81
59	159	52	82
59	161	51	84
58	158	51	84
58	161	51	84
59	158	50	85
60	160	50	85
61	157	50	84
61	161	50	85
61	158	50	85
61	161	50	85
61	157	50	85
61	160	50	85
61	161	50	85
61	162	50	86
61	158	50	86
62	161	49	86
61	163	50	86
62	159	50	86
62	162	50	86
62	164	50	86
62	160	51	86
62	158	51	86
62	162	51	86
62	159	52	86
63	161	51	86
64	160	51	86
64	162	51	86
64	159	51	86
64	162	51	86
64	159	52	86
64	161	51	86
64	159	51	86
65	157	51	86
65	160	51	87
65	158	52	87
66	156	51	87
66	161	52	86
67	159	51	86
67	162	52	86
67	159	52	86
68	156	52	87
69	154	52	87
68	158	52	87
69	155	51	88
70	154	51	87
63	160	52	88
65	158	52	88
67	157	52	87
69	155	51	88
69	159	51	88
70	157	51	88
71	156	52	87
72	154	51	88
72	154	51	88
73	153	50	89
73	152	51	90
66	160	52	88
68	158	52	89
70	157	52	88
72	154	52	88
71	158	52	88
72	156	52	88
74	153	50	89
73	158	52	89
74	156	51	89
75	153	51	89
75	158	51	89
75	154	52	89
75	160	51	88
75	157	51	89
75	154	52	89
75	160	52	88
75	156	52	89
75	154	52	89
77	152	51	90
76	157	51	89
77	153	51	90
76	159	52	89
76	148	52	90
78	147	51	91
78	147	51	91
79	145	50	92
79	146	50	92
79	146	50	93
79	146	50	93
80	145	50	94
97	147	50	94
95	148	51	93
78	147	50	93
79	145	51	94
79	159	52	93
79	150	51	93
96	142	51	93
95	143	52	93
93	143	52	93
82	157	53	91
82	145	53	92
80	159	54	92
80	155	53	91
78	160	55	91
78	156	54	91
86	143	54	92
94	143	53	92
93	143	53	93
99	145	54	93
98	147	53	94
97	147	53	94
95	146	53	95
94	146	53	95
85	143	52	96
82	158	54	94
80	161	54	94
79	159	55	93
77	157	55	93
86	145	55	94
78	152	54	94
77	158	55	93
78	163	55	93
77	161	57	92
77	156	57	93
79	153	56	93
78	159	56	93
78	156	56	93
78	160	57	93
78	156	57	94
79	159	56	94
79	155	56	94
80	160	57	93
80	156	57	93
81	160	56	94
80	158	57	93
80	162	57	94
80	160	57	93
80	158	57	93
81	164	57	93
81	160	58	94
81	156	57	94
82	161	57	94
81	157	57	94
81	163	58	94
81	159	58	94
82	156	57	94
82	161	58	94
82	157	57	94
82	162	58	94
82	158	58	94
82	163	58	94
82	159	58	95
81	156	58	95
82	152	57	95
82	158	57	96
81	156	57	96
82	152	56	97
82	158	56	97
81	156	58	96
82	152	57	97
89	157	58	96
87	152	57	97
77	159	58	96
78	156	58	97
79	154	58	97
80	160	58	97
81	156	58	98
81	161	58	97
82	157	58	97
82	152	57	99
82	149	57	99
82	155	58	98
82	148	58	100
84	146	57	100
85	144	57	101
86	149	57	102
86	145	56	102
87	143	56	103
87	141	56	103
87	140	56	103
85	147	56	103
