326.0	60.0	55.0	166.0
324	60	55	166
324	59	54	167
324	55	54	167
322	55	54	168
321	55	54	168
321	55	54	168
320	56	54	168
319	57	55	168
320	55	54	167
319	57	55	167
318	56	56	166
318	55	56	166
318	56	56	165
317	56	57	164
317	57	57	164
317	60	57	164
317	58	57	164
316	59	57	163
315	59	57	164
315	60	57	163
314	58	57	164
314	58	57	163
314	61	57	162
313	61	58	162
313	60	57	162
313	61	57	162
312	62	58	162
312	60	57	163
312	60	57	162
311	59	58	161
311	58	57	162
310	59	58	161
311	58	58	161
312	58	57	161
312	60	57	161
312	61	58	159
312	62	59	157
312	62	60	156
313	61	60	155
311	63	62	153
311	63	62	152
310	64	62	152
309	67	63	151
310	67	61	151
310	66	62	151
311	64	62	150
311	65	62	150
310	64	62	150
311	67	62	148
312	66	63	148
312	66	63	147
311	66	63	146
311	67	63	146
312	68	63	146
312	69	62	146
312	68	61	147
311	67	62	147
311	67	62	146
312	67	62	145
312	68	62	144
311	66	62	144
310	69	63	143
310	69	63	144
311	69	62	144
311	69	63	143
312	69	62	143
312	68	61	143
312	67	61	144
313	69	60	144
312	69	61	144
313	70	60	144
312	69	61	143
312	68	60	143
312	69	61	142
312	70	61	142
312	70	61	142
312	70	61	142
313	70	61	141
313	69	61	142
312	70	61	141
312	70	61	140
312	69	61	139
311	68	62	138
310	68	62	138
310	68	62	137
310	69	63	137
309	69	63	137
309	69	63	136
309	71	63	135
309	71	63	135
310	69	63	135
310	71	63	135
310	71	63	134
310	72	62	134
310	72	62	135
309	72	62	135
309	73	62	136
310	73	61	135
310	72	62	135
311	71	61	135
311	73	61	134
311	73	61	135
311	71	61	135
311	73	61	134
311	73	60	134
311	75	60	134
311	73	59	134
311	71	60	134
310	71	60	134
310	74	60	133
309	74	61	132
310	73	60	133
310	74	61	132
311	73	60	132
311	73	60	132
311	75	60	131
309	77	61	130
308	77	61	131
308	77	61	131
308	78	61	131
308	78	61	131
309	79	61	130
309	79	61	130
309	78	61	130
308	78	62	130
308	79	61	129
308	79	62	129
308	78	62	129
309	78	61	129
308	77	62	129
308	78	61	129
308	78	61	128
307	79	62	128
308	78	60	129
307	79	61	128
307	78	61	129
307	78	61	129
315	78	61	129
313	77	60	129
311	76	61	128
310	77	61	127
308	77	62	128
307	78	62	127
315	79	62	127
313	79	62	127
311	78	62	127
309	76	62	127
308	77	62	127
308	78	62	127
308	78	62	127
307	78	62	127
307	79	62	127
307	80	62	126
307	79	62	127
315	81	62	127
313	80	62	128
312	79	61	128
311	78	61	127
309	78	62	127
309	77	61	127
308	78	62	126
316	80	62	127
314	80	61	127
312	79	62	127
320	80	61	128
317	81	61	128
315	79	61	129
322	81	61	128
319	80	60	129
316	80	60	129
314	79	61	129
322	80	60	130
319	79	60	130
316	79	60	129
313	78	61	130
311	78	61	129
310	77	61	128
309	78	61	128
308	79	61	128
308	78	61	128
307	78	62	127
316	78	61	128
313	79	61	128
311	78	62	128
310	78	61	127
309	77	61	128
317	79	61	128
314	79	62	128
321	80	62	129
318	79	61	129
315	79	61	129
313	79	61	129
320	79	61	129
317	80	61	129
315	78	60	129
313	78	61	129
320	79	61	129
316	79	61	130
314	78	61	130
322	80	60	129
308	72	61	130
308	74	61	129
307	77	62	129
316	78	61	128
313	78	61	128
311	77	62	128
309	76	62	128
308	77	62	127
307	77	62	127
315	78	62	128
313	79	62	128
321	81	61	129
317	80	61	129
315	79	61	129
313	78	61	130
321	79	61	130
318	80	60	130
315	78	61	130
323	80	60	130
319	79	60	130
317	79	59	130
314	78	60	130
322	80	60	130
319	78	59	131
316	78	60	131
313	78	60	130
311	77	61	130
310	76	61	129
309	77	61	129
308	76	61	129
307	77	62	129
316	78	61	129
313	79	62	128
311	79	62	128
310	77	62	128
308	76	62	128
307	76	62	128
315	78	62	128
313	78	62	128
311	77	62	128
309	76	62	128
318	84	62	128
315	74	62	128
313	76	62	128
320	80	62	129
317	80	62	129
315	78	61	129
313	77	61	129
311	77	61	128
310	75	61	129
308	75	62	128
307	75	62	128
307	75	62	128
306	76	63	127
315	76	62	128
312	77	62	128
310	77	62	128
309	75	62	128
307	75	62	127
315	76	62	128
313	76	62	128
310	77	63	128
309	75	62	127
307	74	63	127
306	74	63	127
306	74	63	127
306	73	63	128
306	74	63	127
315	75	62	128
313	75	62	128
311	76	62	127
309	75	63	127
308	75	63	126
307	75	64	126
307	75	63	126
307	74	63	127
307	74	63	126
315	74	63	127
312	75	63	127
310	75	64	127
309	75	63	126
308	74	63	126
307	75	64	126
307	76	64	126
315	77	63	127
312	77	64	126
310	77	64	126
309	76	64	125
308	76	64	125
307	76	64	125
307	76	64	126
307	76	64	126
315	78	63	126
313	76	63	126
311	77	64	126
309	77	64	126
308	76	64	126
308	76	64	125
308	74	64	126
307	74	64	126
307	72	64	126
308	73	63	126
308	73	63	126
308	73	63	126
307	73	64	126
308	73	63	126
308	72	63	127
308	73	63	127
308	72	63	127
308	72	63	127
308	73	63	127
308	73	63	127
308	72	63	128
308	73	63	127
308	72	63	127
308	73	63	128
308	73	63	127
308	73	63	127
308	73	63	127
308	72	63	127
308	72	63	127
308	71	63	128
308	73	63	127
308	73	62	127
308	72	62	127
308	72	62	127
308	73	62	127
307	72	63	128
307	72	63	127
308	74	63	127
308	73	63	127
308	73	63	127
308	73	63	127
308	73	63	127
308	73	63	127
309	74	63	127
309	73	62	128
309	73	62	127
309	73	63	128
309	74	63	127
309	73	62	127
309	73	62	128
309	73	62	128
309	73	63	128
309	73	63	127
309	75	63	127
309	74	63	127
309	75	63	127
309	74	62	127
309	73	62	128
309	74	63	127
309	74	63	128
309	74	63	128
309	74	63	127
309	74	62	127
309	73	62	128
309	73	62	128
308	73	63	128
308	73	63	128
308	74	63	128
309	73	62	128
308	74	62	128
309	74	61	129
308	74	62	129
308	74	62	128
308	73	62	129
309	73	62	129
309	73	62	129
309	73	62	129
309	74	62	129
309	73	62	129
309	73	62	129
309	73	62	129
308	73	62	129
308	72	62	129
308	72	62	129
308	72	62	129
308	72	62	129
308	72	62	129
316	72	62	130
314	72	61	130
312	71	61	131
311	72	61	130
310	70	62	130
310	72	61	130
309	72	62	130
309	72	62	129
309	72	62	130
309	72	62	130
309	72	62	130
309	72	62	129
309	72	62	129
309	71	62	130
310	72	61	129
310	72	61	130
