322.0	131.0	22.0	41.0	
322.311635169	130.698167332	22.2093947047	42.1071963474	
321.835011541	131.239466211	22.1536228457	42.5163375451	
321.630952954	127.790436285	22.3142552447	44.4148653934	
320.832823378	125.008643149	23.5495148221	46.9614588744	
319.028821787	122.519231119	25.0889252686	47.37915298	
317.266974795	121.309905015	25.9413269029	46.9427938163	
315.164476333	121.444641006	26.4839646466	46.3449884634	
313.383665301	121.825939245	26.1735183299	46.2702104078	
311.187588013	124.041144872	25.4913845289	46.0068356292	
309.844405404	123.604314195	25.6137917875	44.8708494569	
307.922859152	125.332807178	26.0606600256	43.7809325681	
305.824908752	127.667672115	26.7772995453	43.4605105787	
304.343567369	128.871012502	27.6473703931	42.7676399418	
302.80666942	130.352443229	28.1858948368	42.1357285669	
299.514872532	131.313027112	29.2185275015	41.5068689332	
297.152488317	130.687707363	29.1374659315	41.1115819121	
292.313126817	130.325109644	30.3534731943	39.8266760692	
290.318477185	130.18024941	31.2713668796	38.9427939061	
288.952248721	128.714879883	31.2358780589	38.0997019624	
287.765144625	126.495656295	30.1489767252	39.0868471694	
285.165669862	126.988798859	29.9967722935	39.073634049	
282.047264987	127.656809431	28.6394719662	38.7355769625	
279.700610188	128.851200145	26.856256471	38.089930836	
278.40288633	130.646582331	25.2783529644	38.1256885831	
276.399210068	131.574034598	23.5011756523	37.4875033264	
271.581907056	132.684645874	24.216244659	36.9386358237	
269.808011859	132.573685343	24.6271313558	37.0044319266	
268.334625095	133.397759511	25.8500193422	36.7128433319	
265.212817541	131.766979888	25.8228511315	37.2506098687	
261.834462756	130.752920214	25.6297191666	36.8157589132	
258.406876991	128.884864032	25.7051532509	36.7529183194	
255.815012609	127.050357937	26.2322025492	36.8126041939	
252.269046842	126.430532926	27.3265661045	36.164318429	
248.332361477	126.5711635	27.4329725263	35.5150111953	
244.163139612	128.232537698	27.2140926357	35.2928206027	
240.264722604	129.420871899	26.2633613804	35.1021176322	
238.30314289	131.208556256	24.6036782976	34.6512817601	
235.283850482	132.179630905	23.3554160826	34.1947985239	
232.656642246	132.243505646	22.5493533842	34.7397180492	
230.312588402	133.266991632	23.1818819433	34.4286516828	
226.254503947	132.220761441	23.9415211065	34.5906982305	
223.430948488	129.442810733	23.920988173	35.1017046645	
219.866390505	129.181432762	24.2503945586	35.263208435	
217.238595431	126.962308319	24.3621125158	35.1522689924	
214.147800543	126.174861189	25.4936563711	34.4258839749	
211.132615441	127.506972623	25.8578841374	33.9377639274	
207.91993008	129.398835754	25.7050700782	32.9566619374	
204.953245318	130.658453157	24.8504928714	32.3750136173	
201.265451726	130.715334411	23.5380331631	31.9610785799	
198.247059524	132.438731318	23.9819230072	31.245202017	
194.666124378	132.806289391	22.6296084525	31.5543440797	
191.672551246	132.55324258	23.0351409041	31.9180737318	
188.11878102	131.830537509	23.9025519942	32.4909628286	
184.443071447	131.997593618	23.7820594548	32.2509144632	
181.223298213	129.743996804	23.2695101307	32.6670564165	
178.13591244	127.765686179	23.1373199491	32.9842708728	
175.400262424	125.080576582	23.0703506514	33.4845076143	
172.039858624	124.571758992	23.3852121713	32.7314400363	
168.718715867	125.149224436	23.6118664095	33.2175823145	
167.026631648	125.469241195	22.4208626916	33.7046357694	
162.958068233	126.087700571	21.9479326729	33.5144343786	
158.056557663	126.571169011	21.1121291349	33.1838562259	
155.933540398	128.187755465	19.8721700259	33.1387360553	
153.391839266	129.061556483	19.466422551	33.2082341167	
149.862899944	129.777931069	20.8024160597	32.566150693	
147.211433072	129.189837123	21.7430946306	32.8895091974	
144.223772995	128.97476793	21.9074774892	33.0576048136	
141.592996862	128.796400028	21.3383718522	32.9012323054	
139.074466875	126.791527666	20.9250700967	32.9169487639	
136.809255726	125.211817595	19.8665009405	32.9792500303	
134.629152244	124.372612591	19.6867365314	32.6406022095	
130.942251518	125.534488235	20.463656139	31.6764259221	
127.044205596	125.54368659	20.7212974326	31.6261023643	
122.816008209	124.822979753	20.9845242043	32.3881190391	
119.847617829	123.706527081	21.0946047521	33.3997117429	
117.193781012	126.605162012	21.0775949402	33.0640951305	
115.151175986	126.553660831	20.8430088128	32.9274365243	
111.540764905	128.84248094	21.7939342007	32.0372018863	
107.921333614	130.01791519	23.1877429989	31.1913738776	
104.355835261	129.205798408	23.0887803536	30.7235795182	
102.697628659	128.280926967	22.0776063395	31.0568988049	
99.5583759752	126.916286731	22.0556560735	31.1506548681	
96.8524974634	125.374099522	22.2978602552	30.942849178	
94.4117244028	123.575578681	22.9291923811	30.9253048498	
91.356218221	122.822072338	24.0365663984	30.8414080473	
89.8020088265	123.411781761	22.6949386573	31.7124361691	
87.4438056171	124.976306267	22.4748297479	31.3260789916	
84.4192493497	125.639967223	22.7879283391	30.8472370638	
79.5795605222	124.731805507	22.5374276086	31.1787393509	
79.7228462377	127.306100463	21.5027829076	30.8489746805	
77.1841722126	128.120005697	19.9891831306	30.4786923526	
75.2030700408	128.966626084	19.7444132956	30.1294434643	
73.1760558471	128.474840851	19.3275287602	29.9962776173	
71.0019910166	128.09429459	19.5005503835	30.3859184303	
67.4618532715	127.115094237	19.7799085963	30.3352157076	
62.8322337827	126.072602845	21.0026615912	29.7684894856	
59.5539202397	125.645072232	22.0540090287	29.4401163456	
56.3429230998	126.239388434	23.0903230326	28.4167190478	
55.881897779	126.696774285	23.1624085954	28.4674006863	
55.2425090816	127.237366121	23.0653609289	28.9289271904	
52.5337814486	127.891905455	24.1425799478	28.5789628641	
49.2693835354	128.098853907	25.7097154659	28.0993390603	
45.4726975336	128.149321316	26.6649981928	28.1556771091	
43.9264449436	127.449479664	26.7431082035	28.2048427893	
37.4691868396	128.074712588	26.9668207376	28.3431075317	
35.6924702977	127.744032571	25.6792207164	29.0248617507	
33.8058448978	126.943078514	24.4461774082	29.5776436498	
31.5315396957	127.143150479	23.088196183	29.9988963356	
29.7228411716	126.215299667	22.159612694	29.1601653369	
26.8581087963	125.472130003	21.7013190859	28.4115567946	
23.6890331738	122.753127121	21.766227729	28.7963749481	
20.6041691227	122.617845214	21.9406762888	29.1879836931	
18.3957394322	122.189296124	22.0847282522	30.1167127608	
16.5201086946	121.544565526	22.4872052127	31.2711124721	
14.0282471109	120.74502836	23.092399323	31.9997045036	
9.67171785696	120.726123539	22.7091070212	33.8003664071	
