147.0	65.0	55.0	72.0
153.0	66.0	56.0	72.0
159.0	65.0	57.0	71.0
165.0	64.0	59.0	70.0
173.0	67.0	61.0	66.0
184.0	67.0	60.0	69.0
193.0	69.0	56.0	73.0
200.0	70.0	53.0	79.0
204.0	75.0	50.0	74.0
204.0	76.0	50.0	75.0
203.0	76.0	51.0	76.0
199.0	76.0	53.0	72.0
193.0	77.0	55.0	70.0
186.0	77.0	56.0	67.0
181.0	76.0	56.0	66.0
176.0	74.0	54.0	67.0
173.0	71.0	53.0	68.0
169.0	67.0	53.0	68.0
168.0	65.0	51.0	69.0
168.0	60.0	50.0	69.0
167.0	58.0	51.0	70.0
166.0	53.0	52.0	73.0
165.0	50.0	52.0	73.0
163.0	47.0	52.0	74.0
162.0	43.0	52.0	75.0
161.0	40.0	52.0	75.0
160.0	36.0	51.0	73.0
158.0	35.0	51.0	70.0
157.0	32.0	50.0	70.0
157.0	30.0	49.0	69.0
156.0	29.0	48.0	66.0
154.0	25.0	50.0	68.0
154.0	24.0	50.0	67.0
154.0	24.0	49.0	66.0
154.0	24.0	49.0	67.0
154.0	25.0	50.0	67.0
153.0	25.0	50.0	68.0
155.0	25.0	50.0	68.0
155.0	28.0	50.0	67.0
156.0	29.0	50.0	68.0
156.0	30.0	51.0	70.0
157.0	33.0	52.0	69.0
159.0	34.0	54.0	70.0
164.0	34.0	53.0	71.0
166.0	35.0	56.0	71.0
171.0	34.0	60.0	70.0
179.0	33.0	60.0	70.0
188.0	32.0	60.0	71.0
197.0	31.0	60.0	74.0
209.0	32.0	51.0	67.0
212.0	29.0	55.0	71.0
217.0	29.0	54.0	75.0
219.0	29.0	52.0	75.0
218.0	31.0	53.0	76.0
216.0	32.0	54.0	74.0
215.0	33.0	53.0	75.0
214.0	32.0	53.0	77.0
215.0	33.0	53.0	76.0
215.0	33.0	54.0	77.0
215.0	33.0	55.0	77.0
217.0	35.0	54.0	76.0
217.0	35.0	54.0	77.0
217.0	32.0	55.0	80.0
213.0	32.0	57.0	78.0
208.0	30.0	61.0	81.0
200.0	30.0	65.0	82.0
190.0	31.0	66.0	81.0
180.0	32.0	67.0	82.0
172.0	32.0	66.0	80.0
163.0	32.0	65.0	79.0
155.0	32.0	64.0	79.0
148.0	33.0	61.0	75.0
140.0	33.0	62.0	76.0
133.0	35.0	60.0	75.0
128.0	39.0	58.0	73.0
126.0	41.0	56.0	72.0
124.0	44.0	55.0	71.0
123.0	46.0	54.0	72.0
122.0	48.0	54.0	72.0
122.0	50.0	54.0	71.0
123.0	52.0	54.0	70.0
126.0	52.0	55.0	69.0
130.0	53.0	56.0	69.0
135.0	51.0	58.0	72.0
140.0	50.0	60.0	74.0
152.0	49.0	54.0	71.0
155.0	49.0	57.0	73.0
160.0	46.0	56.0	74.0
164.0	44.0	57.0	75.0
168.0	41.0	56.0	76.0
169.0	36.0	57.0	79.0
171.0	34.0	56.0	78.0
174.0	32.0	56.0	78.0
174.0	29.0	55.0	78.0
174.0	28.0	56.0	77.0
174.0	26.0	56.0	77.0
173.0	25.0	56.0	78.0
172.0	23.0	57.0	78.0
172.0	21.0	56.0	78.0
172.0	22.0	54.0	75.0
172.0	19.0	55.0	77.0
172.0	21.0	54.0	74.0
171.0	20.0	54.0	74.0
170.0	18.0	54.0	74.0
171.0	19.0	53.0	73.0
169.0	20.0	54.0	72.0
168.0	20.0	54.0	71.0
166.0	19.0	54.0	72.0
163.0	21.0	55.0	71.0
160.0	23.0	54.0	70.0
158.0	24.0	55.0	72.0
154.0	26.0	56.0	74.0
152.0	27.0	54.0	74.0
152.0	30.0	54.0	74.0
152.0	33.0	54.0	72.0
151.0	36.0	53.0	73.0
150.0	40.0	53.0	73.0
148.0	41.0	54.0	73.0
146.0	44.0	55.0	76.0
144.0	46.0	55.0	76.0
142.0	48.0	55.0	75.0
140.0	50.0	55.0	75.0
138.0	53.0	55.0	76.0
137.0	55.0	56.0	75.0
134.0	57.0	56.0	75.0
133.0	59.0	54.0	72.0
131.0	61.0	54.0	71.0
130.0	62.0	53.0	70.0
128.0	62.0	53.0	69.0
126.0	61.0	54.0	70.0
123.0	61.0	55.0	70.0
119.0	59.0	55.0	70.0
115.0	58.0	55.0	71.0
113.0	57.0	55.0	70.0
112.0	57.0	52.0	68.0
111.0	55.0	52.0	69.0
111.0	55.0	50.0	67.0
110.0	54.0	51.0	68.0
109.0	52.0	52.0	68.0
108.0	50.0	52.0	67.0
106.0	49.0	52.0	67.0
103.0	46.0	53.0	69.0
100.0	45.0	53.0	68.0
96.0	44.0	52.0	66.0
92.0	41.0	54.0	69.0
88.0	39.0	54.0	69.0
85.0	39.0	51.0	66.0
82.0	38.0	51.0	65.0
78.0	38.0	51.0	64.0
76.0	38.0	48.0	63.0
75.0	38.0	48.0	63.0
73.0	39.0	48.0	62.0
72.0	40.0	47.0	58.0
72.0	42.0	45.0	59.0
71.0	41.0	49.0	62.0
71.0	44.0	45.0	54.0
71.0	38.0	46.0	60.0
71.0	47.0	47.0	54.0
74.0	37.0	47.0	62.0
72.0	37.0	47.0	61.0
76.0	30.0	47.0	61.0
77.0	20.0	46.0	61.0
78.0	34.0	47.0	62.0
79.0	38.0	46.0	61.0
96.0	37.0	46.0	60.0
102.0	30.0	46.0	60.0
110.0	37.0	46.0	60.0
123.0	41.0	46.0	60.0
134.0	40.0	46.0	60.0
137.0	42.0	47.0	62.0
125.0	35.0	46.0	60.0
114.0	41.0	46.0	60.0
125.0	45.0	46.0	60.0
147.0	41.0	46.0	60.0
149.0	55.0	47.0	61.0
133.0	59.0	47.0	62.0
139.0	54.0	48.0	62.0
148.0	39.0	48.0	63.0
145.0	49.0	47.0	62.0
129.0	56.0	47.0	62.0
143.0	47.0	48.0	63.0
153.0	48.0	47.0	62.0
150.0	55.0	47.0	62.0
149.0	55.0	47.0	61.0
155.0	52.0	46.0	60.0
171.0	42.0	46.0	60.0
146.0	54.0	46.0	60.0
137.0	56.0	48.0	62.0
132.0	76.0	49.0	64.0
122.0	57.0	49.0	64.0
114.0	49.0	48.0	63.0
165.0	35.0	49.0	64.0
173.0	47.0	49.0	59.0
173.0	46.0	49.0	62.0
173.0	43.0	52.0	68.0
173.0	42.0	54.0	69.0
174.0	39.0	53.0	70.0
174.0	37.0	53.0	72.0
175.0	38.0	52.0	71.0
175.0	35.0	53.0	71.0
176.0	34.0	52.0	69.0
177.0	32.0	51.0	69.0
176.0	30.0	51.0	70.0
176.0	28.0	52.0	70.0
176.0	27.0	51.0	69.0
175.0	26.0	52.0	70.0
173.0	27.0	51.0	68.0
172.0	26.0	52.0	70.0
169.0	25.0	52.0	69.0
167.0	23.0	53.0	70.0
166.0	21.0	53.0	71.0
163.0	21.0	52.0	69.0
161.0	20.0	53.0	69.0
158.0	19.0	54.0	68.0
154.0	18.0	54.0	69.0
150.0	16.0	55.0	72.0
147.0	17.0	54.0	71.0
143.0	17.0	54.0	71.0
139.0	19.0	54.0	69.0
135.0	20.0	54.0	69.0
132.0	19.0	53.0	70.0
131.0	20.0	52.0	70.0
130.0	20.0	52.0	71.0
129.0	21.0	53.0	74.0
128.0	22.0	54.0	75.0
130.0	25.0	55.0	74.0
131.0	29.0	55.0	75.0
134.0	32.0	55.0	76.0
136.0	35.0	56.0	78.0
138.0	40.0	57.0	75.0
142.0	43.0	57.0	74.0
147.0	47.0	54.0	74.0
149.0	50.0	55.0	76.0
150.0	51.0	55.0	76.0
152.0	54.0	54.0	75.0
152.0	55.0	54.0	75.0
152.0	58.0	53.0	74.0
151.0	62.0	53.0	72.0
150.0	64.0	53.0	71.0
151.0	66.0	51.0	68.0
150.0	67.0	51.0	67.0
149.0	67.0	51.0	68.0
148.0	67.0	51.0	67.0
146.0	68.0	51.0	67.0
145.0	67.0	50.0	67.0
143.0	67.0	51.0	68.0
142.0	67.0	51.0	68.0
141.0	67.0	50.0	67.0
141.0	66.0	50.0	69.0
142.0	65.0	51.0	69.0
143.0	63.0	53.0	72.0
145.0	61.0	54.0	74.0
147.0	61.0	56.0	74.0
151.0	60.0	56.0	73.0
157.0	58.0	56.0	74.0
162.0	56.0	53.0	75.0
164.0	54.0	56.0	75.0
169.0	54.0	52.0	72.0
171.0	51.0	52.0	75.0
172.0	47.0	56.0	79.0
176.0	47.0	55.0	76.0
179.0	45.0	55.0	75.0
181.0	42.0	56.0	77.0
184.0	38.0	57.0	78.0
188.0	35.0	56.0	77.0
193.0	30.0	55.0	78.0
197.0	25.0	55.0	79.0
199.0	21.0	56.0	80.0
202.0	17.0	57.0	82.0
207.0	14.0	57.0	80.0
210.0	11.0	56.0	81.0
214.0	6.0	55.0	84.0
214.0	3.0	57.0	87.0
212.0	1.0	58.0	87.0
209.0	0.0	59.0	83.0
204.0	0.0	64.0	88.0
199.0	0.0	66.0	88.0
193.0	0.0	66.0	87.0
189.0	0.0	64.0	84.0
187.0	0.0	60.0	82.0
183.0	0.0	61.0	83.0
180.0	0.0	64.0	83.0
175.0	0.0	63.0	81.0
167.0	0.0	63.0	78.0
161.0	1.0	60.0	74.0
157.0	1.0	58.0	73.0
155.0	3.0	55.0	70.0
154.0	3.0	53.0	68.0
153.0	3.0	53.0	68.0
154.0	5.0	52.0	67.0
155.0	5.0	52.0	68.0
156.0	5.0	53.0	70.0
157.0	6.0	54.0	69.0
160.0	4.0	57.0	73.0
164.0	5.0	59.0	73.0
169.0	3.0	61.0	72.0
176.0	3.0	63.0	73.0
192.0	3.0	52.0	69.0
195.0	1.0	56.0	75.0
198.0	3.0	51.0	73.0
198.0	4.0	52.0	73.0
200.0	2.0	53.0	73.0
204.0	3.0	50.0	74.0
206.0	7.0	46.0	68.0
203.0	5.0	50.0	70.0
197.0	6.0	52.0	73.0
194.0	9.0	49.0	72.0
194.0	10.0	50.0	73.0
196.0	13.0	52.0	69.0
201.0	13.0	51.0	70.0
202.0	10.0	55.0	73.0
206.0	14.0	52.0	72.0
208.0	15.0	51.0	71.0
209.0	16.0	53.0	72.0
212.0	15.0	52.0	72.0
213.0	15.0	52.0	71.0
213.0	14.0	52.0	71.0
211.0	16.0	52.0	68.0
207.0	17.0	54.0	70.0
204.0	17.0	55.0	72.0
202.0	19.0	53.0	71.0
200.0	21.0	52.0	71.0
193.0	21.0	56.0	74.0
186.0	15.0	58.0	80.0
180.0	24.0	54.0	70.0
170.0	20.0	52.0	75.0
163.0	20.0	53.0	74.0
156.0	21.0	57.0	69.0
147.0	21.0	59.0	67.0
140.0	20.0	56.0	68.0
134.0	18.0	54.0	68.0
129.0	15.0	54.0	69.0
126.0	14.0	51.0	70.0
125.0	13.0	48.0	67.0
126.0	14.0	48.0	65.0
128.0	13.0	53.0	67.0
134.0	12.0	54.0	65.0
142.0	10.0	56.0	66.0
150.0	9.0	57.0	67.0
160.0	7.0	57.0	70.0
167.0	7.0	60.0	67.0
177.0	9.0	64.0	67.0
191.0	11.0	62.0	68.0
202.0	13.0	60.0	72.0
210.0	15.0	57.0	77.0
215.0	19.0	53.0	77.0
217.0	23.0	52.0	78.0
217.0	27.0	53.0	80.0
218.0	34.0	52.0	79.0
219.0	41.0	51.0	76.0
219.0	46.0	50.0	72.0
218.0	47.0	53.0	74.0
216.0	51.0	53.0	72.0
215.0	52.0	51.0	70.0
213.0	53.0	52.0	71.0
211.0	54.0	52.0	69.0
207.0	55.0	53.0	69.0
204.0	55.0	55.0	70.0
199.0	54.0	56.0	73.0
195.0	55.0	55.0	71.0
192.0	51.0	55.0	74.0
189.0	48.0	54.0	76.0
187.0	43.0	53.0	77.0
185.0	40.0	53.0	78.0
185.0	34.0	53.0	78.0
186.0	32.0	52.0	76.0
186.0	28.0	52.0	76.0
187.0	24.0	53.0	76.0
189.0	23.0	52.0	75.0
189.0	21.0	52.0	75.0
191.0	19.0	52.0	75.0
192.0	18.0	52.0	74.0
192.0	15.0	52.0	75.0
191.0	15.0	52.0	72.0
191.0	10.0	53.0	76.0
191.0	9.0	53.0	74.0
190.0	6.0	53.0	75.0
189.0	5.0	53.0	74.0
187.0	4.0	54.0	73.0
184.0	3.0	57.0	74.0
180.0	3.0	57.0	73.0
176.0	4.0	56.0	73.0
173.0	4.0	55.0	72.0
170.0	4.0	56.0	73.0
166.0	4.0	56.0	71.0
162.0	4.0	56.0	72.0
158.0	4.0	57.0	73.0
153.0	4.0	57.0	73.0
149.0	5.0	56.0	73.0
144.0	5.0	58.0	74.0
139.0	4.0	58.0	77.0
134.0	4.0	59.0	76.0
132.0	5.0	56.0	75.0
130.0	6.0	54.0	74.0
129.0	7.0	54.0	73.0
125.0	7.0	54.0	73.0
123.0	6.0	56.0	75.0
119.0	6.0	56.0	75.0
116.0	8.0	55.0	71.0
113.0	8.0	54.0	71.0
109.0	9.0	54.0	72.0
108.0	11.0	52.0	70.0
106.0	13.0	51.0	70.0
105.0	14.0	52.0	72.0
103.0	16.0	52.0	72.0
101.0	18.0	52.0	71.0
99.0	19.0	50.0	69.0
96.0	21.0	51.0	69.0
94.0	22.0	51.0	68.0
91.0	22.0	51.0	68.0
90.0	24.0	47.0	63.0
90.0	24.0	47.0	65.0
89.0	24.0	48.0	66.0
88.0	25.0	48.0	67.0
88.0	25.0	48.0	66.0
87.0	26.0	48.0	67.0
86.0	29.0	47.0	66.0
84.0	31.0	46.0	65.0
84.0	33.0	45.0	64.0
82.0	35.0	45.0	64.0
81.0	37.0	46.0	64.0
80.0	39.0	45.0	64.0
78.0	40.0	46.0	65.0
75.0	41.0	47.0	65.0
72.0	41.0	47.0	65.0
70.0	42.0	45.0	64.0
67.0	41.0	46.0	66.0
66.0	43.0	44.0	62.0
66.0	44.0	43.0	63.0
66.0	44.0	44.0	65.0
66.0	46.0	43.0	62.0
67.0	47.0	43.0	63.0
68.0	49.0	42.0	62.0
67.0	50.0	44.0	61.0
63.0	50.0	46.0	62.0
58.0	49.0	49.0	64.0
54.0	46.0	50.0	68.0
52.0	43.0	47.0	67.0
51.0	38.0	47.0	69.0
50.0	35.0	45.0	68.0
51.0	31.0	46.0	68.0
50.0	28.0	45.0	65.0
48.0	26.0	45.0	64.0
47.0	23.0	45.0	66.0
48.0	21.0	43.0	63.0
47.0	19.0	43.0	63.0
45.0	17.0	44.0	64.0
42.0	13.0	45.0	65.0
41.0	8.0	47.0	67.0
40.0	5.0	47.0	69.0
40.0	3.0	48.0	70.0
40.0	2.0	44.0	65.0
40.0	1.0	44.0	65.0
40.0	0.0	43.0	64.0
41.0	0.0	45.0	65.0
41.0	0.0	47.0	65.0
44.0	0.0	44.0	62.0
45.0	0.0	45.0	64.0
46.0	0.0	45.0	62.0
48.0	0.0	45.0	61.0
49.0	0.0	46.0	61.0
50.0	0.0	50.0	60.0
51.0	0.0	49.0	59.0
53.0	0.0	46.0	57.0
54.0	0.0	46.0	59.0
55.0	0.0	45.0	57.0
54.0	0.0	49.0	59.0
56.0	0.0	51.0	59.0
60.0	0.0	50.0	58.0
63.0	0.0	52.0	61.0
68.0	0.0	50.0	58.0
71.0	0.0	50.0	60.0
75.0	0.0	50.0	60.0
79.0	0.0	49.0	60.0
84.0	0.0	45.0	58.0
85.0	0.0	46.0	60.0
86.0	1.0	45.0	60.0
86.0	2.0	45.0	60.0
86.0	3.0	46.0	61.0
87.0	6.0	45.0	61.0
88.0	7.0	46.0	61.0
89.0	7.0	45.0	60.0
90.0	9.0	44.0	61.0
91.0	10.0	45.0	61.0
91.0	11.0	45.0	63.0
91.0	13.0	49.0	65.0
94.0	16.0	49.0	63.0
97.0	17.0	49.0	64.0
100.0	19.0	48.0	63.0
104.0	21.0	47.0	63.0
106.0	21.0	46.0	63.0
106.0	22.0	47.0	63.0
107.0	23.0	48.0	65.0
107.0	23.0	50.0	68.0
108.0	25.0	51.0	70.0
109.0	28.0	52.0	71.0
110.0	30.0	52.0	71.0
111.0	32.0	54.0	72.0
113.0	34.0	53.0	72.0
115.0	36.0	53.0	71.0
117.0	39.0	54.0	72.0
119.0	40.0	54.0	71.0
120.0	42.0	53.0	71.0
122.0	44.0	53.0	71.0
123.0	45.0	54.0	72.0
124.0	46.0	55.0	73.0
127.0	48.0	55.0	72.0
129.0	49.0	54.0	73.0
131.0	53.0	53.0	71.0
133.0	54.0	53.0	73.0
135.0	54.0	54.0	72.0
137.0	56.0	54.0	72.0
140.0	58.0	54.0	72.0
143.0	58.0	56.0	74.0
148.0	58.0	56.0	75.0
151.0	62.0	55.0	73.0
156.0	62.0	54.0	73.0
159.0	65.0	55.0	73.0
162.0	65.0	54.0	71.0
165.0	65.0	55.0	73.0
169.0	67.0	52.0	71.0
170.0	67.0	52.0	70.0
172.0	69.0	51.0	70.0
175.0	69.0	50.0	70.0
175.0	70.0	49.0	69.0
174.0	72.0	50.0	68.0
175.0	72.0	51.0	70.0
176.0	72.0	50.0	69.0
177.0	72.0	50.0	70.0
177.0	73.0	49.0	69.0
176.0	74.0	49.0	68.0
176.0	74.0	49.0	67.0
175.0	74.0	50.0	68.0
174.0	76.0	49.0	67.0
172.0	78.0	50.0	68.0
171.0	80.0	50.0	68.0
169.0	81.0	52.0	68.0
168.0	84.0	50.0	66.0
169.0	82.0	51.0	67.0
169.0	82.0	51.0	66.0
168.0	80.0	53.0	69.0
170.0	79.0	52.0	67.0
170.0	78.0	52.0	67.0
168.0	80.0	51.0	66.0
161.0	80.0	50.0	63.0
171.0	76.0	52.0	66.0
168.0	70.0	50.0	65.0
172.0	74.0	52.0	66.0
148.0	82.0	51.0	61.0
154.0	79.0	51.0	62.0
172.0	75.0	50.0	63.0
171.0	76.0	50.0	63.0
172.0	77.0	50.0	63.0
172.0	76.0	51.0	63.0
172.0	79.0	50.0	62.0
173.0	78.0	49.0	62.0
173.0	79.0	49.0	62.0
172.0	76.0	50.0	64.0
172.0	75.0	50.0	65.0
172.0	74.0	50.0	65.0
173.0	72.0	50.0	66.0
175.0	68.0	52.0	70.0
177.0	67.0	50.0	69.0
179.0	67.0	49.0	68.0
180.0	65.0	48.0	69.0
180.0	61.0	49.0	72.0
181.0	55.0	50.0	75.0
182.0	51.0	51.0	76.0
184.0	48.0	50.0	76.0
187.0	49.0	48.0	71.0
189.0	49.0	47.0	70.0
190.0	49.0	48.0	66.0
191.0	51.0	47.0	64.0
192.0	51.0	47.0	65.0
196.0	49.0	45.0	64.0
195.0	48.0	46.0	66.0
194.0	46.0	47.0	68.0
194.0	46.0	47.0	64.0
194.0	46.0	47.0	65.0
195.0	45.0	47.0	65.0
194.0	48.0	47.0	65.0
193.0	48.0	47.0	66.0
191.0	47.0	49.0	67.0
188.0	48.0	50.0	69.0
186.0	49.0	49.0	66.0
182.0	49.0	52.0	69.0
178.0	50.0	53.0	69.0
175.0	50.0	53.0	68.0
171.0	52.0	53.0	68.0
169.0	52.0	51.0	67.0
168.0	51.0	51.0	67.0
168.0	52.0	50.0	68.0
168.0	52.0	48.0	65.0
167.0	52.0	48.0	66.0
167.0	52.0	48.0	66.0
167.0	52.0	48.0	65.0
167.0	50.0	49.0	67.0
168.0	50.0	49.0	66.0
167.0	49.0	51.0	70.0
169.0	48.0	49.0	69.0
168.0	48.0	49.0	68.0
