96.0	83.0	16.0	16.0
95.8814468383789	82.88208770751953	16.36513328552246	16.068376541137695
95.9492416381836	82.73217010498047	16.038850784301758	16.34942626953125
95.96260833740234	82.59577178955078	16.237926483154297	16.402597427368164
95.74346160888672	83.02523040771484	16.35471534729004	15.533370018005371
96.10916137695312	82.76253509521484	16.0585880279541	16.444454193115234
96.0198745727539	83.0340805053711	16.244421005249023	15.891371726989746
96.14545440673828	82.83724212646484	16.175064086914062	16.278356552124023
95.96680450439453	82.73480987548828	16.234621047973633	16.15463638305664
96.00454711914062	82.82649230957031	16.538965225219727	16.39947509765625
96.19827270507812	82.57779693603516	16.06232452392578	16.691455841064453
96.08709716796875	82.50690460205078	16.000059127807617	16.848756790161133
96.036376953125	82.70709228515625	16.553081512451172	16.659141540527344
96.04898834228516	82.68607330322266	16.035127639770508	16.56423568725586
96.25119018554688	82.56114959716797	15.972077369689941	16.19574737548828
95.77017974853516	83.20803833007812	16.95786476135254	16.211515426635742
95.69591522216797	82.83080291748047	16.65299415588379	16.54243278503418
95.157958984375	83.63605499267578	17.090158462524414	16.49343490600586
95.28983306884766	84.29960632324219	16.84477996826172	16.546106338500977
95.2489242553711	84.25701141357422	16.883180618286133	17.430782318115234
95.05730438232422	84.55970001220703	17.17899513244629	17.45478630065918
95.56854248046875	84.56151580810547	17.17011833190918	18.20867919921875
95.4419937133789	84.49237823486328	17.62464141845703	17.790157318115234
95.78934478759766	84.72100067138672	16.957902908325195	17.355751037597656
95.85413360595703	84.75593566894531	16.764978408813477	17.773815155029297
95.15768432617188	85.2047119140625	17.39959144592285	17.482242584228516
94.97125244140625	86.00717163085938	17.080724716186523	16.894437789916992
94.85995483398438	85.91799926757812	17.310455322265625	16.142417907714844
94.75067901611328	86.28229522705078	17.704559326171875	16.346837997436523
94.04798126220703	87.05844116210938	17.62262725830078	16.24140167236328
91.73916625976562	88.10298919677734	18.55742835998535	15.858271598815918
90.0918960571289	88.07803344726562	16.736669540405273	16.736669540405273
87.2454605102539	89.9891357421875	16.564918518066406	16.564918518066406
83.0423583984375	91.87879180908203	16.942138671875	16.942138671875
81.362060546875	93.41446685791016	17.000205993652344	17.000205993652344
79.08968353271484	93.65833282470703	17.404909133911133	17.404909133911133
77.0494613647461	94.94122314453125	17.40123176574707	17.40123176574707
78.7057876586914	99.63388061523438	17.445436477661133	17.445436477661133
78.14557647705078	100.83563995361328	17.575660705566406	17.575660705566406
76.74935913085938	100.42364501953125	17.74544334411621	17.74544334411621
70.06808471679688	96.8565673828125	17.923397064208984	17.923397064208984
68.51375579833984	97.24493408203125	18.13990592956543	18.13990592956543
72.2423324584961	97.66231536865234	18.28643226623535	18.28643226623535
75.6817626953125	98.51152801513672	18.30853843688965	18.30853843688965
75.47820281982422	97.36505126953125	18.469703674316406	18.469703674316406
77.48702239990234	95.20328521728516	18.393646240234375	18.393646240234375
79.72370147705078	95.5284194946289	19.00211524963379	16.759788513183594
82.03589630126953	93.86212921142578	19.420557022094727	17.133056640625
85.714599609375	92.35419464111328	18.629648208618164	17.921171188354492
86.4162826538086	91.75143432617188	18.16400146484375	17.010568618774414
87.3405532836914	91.46563720703125	18.1253719329834	16.192644119262695
89.56546783447266	91.73831176757812	18.021995544433594	16.17629051208496
90.5183334350586	91.7724380493164	18.32440757751465	16.421249389648438
92.40631103515625	92.4537124633789	18.691139221191406	15.753689765930176
93.7690658569336	92.79513549804688	18.011484146118164	15.29029369354248
94.2756576538086	92.4024658203125	18.013063430786133	16.576345443725586
93.61016845703125	94.10824584960938	18.025901794433594	16.362733840942383
92.86846160888672	96.41613006591797	18.807043075561523	17.38206672668457
92.6284408569336	97.3251953125	17.831710815429688	17.831710815429688
92.48934173583984	99.33908081054688	18.23435401916504	17.727964401245117
93.66973114013672	100.048095703125	18.075773239135742	17.370752334594727
93.57466888427734	100.21560668945312	18.77431297302246	16.35380744934082
95.11444091796875	99.78314208984375	18.71849250793457	17.470462799072266
97.05358123779297	100.17227172851562	18.04876136779785	16.829504013061523
97.72677612304688	100.203857421875	18.322336196899414	16.5704288482666
99.24771118164062	99.85625457763672	18.67393684387207	17.59840965270996
100.6007080078125	100.14947509765625	17.956769943237305	16.598609924316406
102.2179183959961	99.7258529663086	17.394437789916992	16.87947654724121
102.7657699584961	99.50003814697266	17.498062133789062	16.840303421020508
103.93374633789062	99.42610931396484	17.45182228088379	16.904449462890625
104.05191802978516	99.13542938232422	17.05750846862793	17.0854434967041
103.87338256835938	99.01305389404297	17.16937255859375	16.35000991821289
103.80364227294922	99.37296295166016	17.32032585144043	16.33457374572754
103.68911743164062	99.19918060302734	17.566179275512695	16.4642391204834
103.20126342773438	98.94039154052734	17.62104606628418	16.881927490234375
102.72506713867188	98.32247161865234	17.30857276916504	16.28286361694336
101.89983367919922	97.05654907226562	17.417882919311523	16.409704208374023
101.05327606201172	96.599853515625	17.278493881225586	15.699751853942871
98.79138946533203	95.89054107666016	18.21510887145996	15.26230239868164
96.69805145263672	93.45528411865234	17.111522674560547	17.111522674560547
93.683349609375	94.55938720703125	19.164154052734375	15.363364219665527
91.14376831054688	94.1927719116211	19.494192123413086	15.438597679138184
89.12042236328125	94.03692626953125	19.911428451538086	15.713386535644531
87.4491958618164	93.3949203491211	18.550386428833008	15.593443870544434
86.78023529052734	92.49071502685547	17.86838722229004	16.469820022583008
86.00292205810547	91.4005126953125	17.169401168823242	16.563749313354492
86.0282974243164	91.24933624267578	17.640195846557617	15.867449760437012
86.03543853759766	90.44506072998047	17.338581085205078	16.057315826416016
86.46031951904297	90.4244155883789	17.408857345581055	16.20673370361328
86.9615707397461	90.4708480834961	17.419187545776367	15.794329643249512
86.89804077148438	90.6393814086914	17.239553451538086	15.693595886230469
86.89087677001953	90.40389251708984	17.42912483215332	15.865128517150879
87.01981353759766	90.12188720703125	16.480648040771484	15.721653938293457
86.78060913085938	90.52149200439453	17.3391170501709	15.98735523223877
88.09278106689453	91.35578155517578	17.715984344482422	16.06313705444336
89.4079818725586	90.61786651611328	17.659549713134766	16.680456161499023
91.3311767578125	91.386962890625	16.998502731323242	16.41898536682129
92.055419921875	92.12646484375	17.352394104003906	16.246055603027344
92.40863037109375	92.293701171875	16.22361946105957	16.22361946105957
92.65234375	93.7255859375	17.6783447265625	15.365249633789062
92.9067153930664	93.70633697509766	17.68794059753418	15.524330139160156
94.45535278320312	93.29791259765625	18.137985229492188	15.788609504699707
95.79736328125	93.10677337646484	17.182485580444336	16.114036560058594
96.9859619140625	93.88677978515625	17.822111129760742	15.631232261657715
98.26583099365234	94.21636962890625	18.03373146057129	15.034218788146973
99.77850341796875	94.3389892578125	17.73322105407715	14.927685737609863
101.22296142578125	95.21407318115234	18.007915496826172	14.453892707824707
102.77608489990234	95.44828033447266	17.709299087524414	14.223952293395996
105.3450698852539	95.48004913330078	17.60621452331543	14.937549591064453
107.0156478881836	95.40789794921875	18.205018997192383	14.86209774017334
108.47213745117188	96.05510711669922	17.85298728942871	14.490050315856934
109.7069320678711	95.59329986572266	17.83454704284668	15.299864768981934
111.1369400024414	95.4105224609375	18.2723331451416	15.523295402526855
112.32867431640625	95.55899810791016	17.816431045532227	15.199845314025879
112.20254516601562	95.79193115234375	18.72869110107422	15.009856224060059
113.62383270263672	95.6835708618164	18.51664924621582	15.452424049377441
114.55520629882812	96.15438842773438	19.024919509887695	15.670733451843262
116.45278930664062	96.54940032958984	18.315509796142578	15.173828125
117.34786224365234	96.66632080078125	18.22260284423828	14.99706745147705
118.20343780517578	96.65303802490234	17.859865188598633	14.996270179748535
119.7611083984375	96.6582260131836	18.012489318847656	15.165902137756348
121.42376708984375	96.67757415771484	17.384464263916016	15.789006233215332
122.19683837890625	96.58673095703125	18.212602615356445	15.92919921875
122.89221954345703	96.7850341796875	18.716917037963867	15.434783935546875
124.88480377197266	97.36675262451172	18.7070255279541	15.130714416503906
126.7527084350586	97.90811920166016	19.399843215942383	15.154688835144043
129.08004760742188	97.58780670166016	18.7311954498291	15.510176658630371
131.48350524902344	97.59966278076172	19.377260208129883	15.265419006347656
133.64759826660156	97.1667709350586	19.41546630859375	15.932392120361328
134.1436767578125	96.10303497314453	19.221750259399414	15.823712348937988
133.701416015625	96.32177734375	19.060487747192383	15.281387329101562
133.0238037109375	96.23388671875	19.568824768066406	15.563755989074707
132.44998168945312	96.25579833984375	19.299434661865234	15.277512550354004
132.6974334716797	96.3227310180664	19.10905647277832	15.7244234085083
131.07980346679688	94.375732421875	17.52081871032715	17.52081871032715
130.7182159423828	96.72071075439453	19.425010681152344	16.247167587280273
129.4883575439453	96.13909912109375	19.279130935668945	16.188488006591797
130.4464111328125	96.16482543945312	19.04792594909668	16.60860252380371
130.03883361816406	96.19244384765625	18.659202575683594	16.378690719604492
129.9459686279297	96.39960479736328	18.976781845092773	16.9453125
128.34312438964844	96.18999481201172	18.54283332824707	16.53437614440918
128.48297119140625	96.0407943725586	18.714906692504883	16.746097564697266
128.5554656982422	96.07938385009766	18.546934127807617	16.767507553100586
129.05299377441406	96.2254638671875	19.022531509399414	17.200056076049805
128.37120056152344	96.27184295654297	18.91505241394043	17.18338966369629
127.20868682861328	97.20609283447266	19.232751846313477	16.250883102416992
126.8111343383789	97.64392852783203	18.72537612915039	16.71742820739746
126.30975341796875	99.05941772460938	18.762664794921875	16.971723556518555
124.55716705322266	100.35301971435547	19.104185104370117	17.192720413208008
