201.0	61.0	32.0	54.0
201.1932373046875	60.89872741699219	31.01209831237793	54.86219787597656
201.47325134277344	60.6407585144043	31.36598014831543	53.89580154418945
201.48643493652344	59.5599479675293	31.15810203552246	54.89457321166992
201.45347595214844	58.257076263427734	31.563796997070312	55.86094665527344
201.9191436767578	57.15565490722656	30.72786521911621	55.766963958740234
201.44883728027344	57.78781509399414	31.163137435913086	54.46485900878906
200.6488494873047	58.78086471557617	32.06759262084961	55.49186706542969
200.69410705566406	59.10947799682617	32.23697280883789	56.08832931518555
200.7994842529297	58.74601745605469	32.58942794799805	56.152252197265625
201.2854766845703	58.48063278198242	31.63380241394043	56.08377456665039
201.1224822998047	58.52693557739258	32.08498001098633	55.98515701293945
201.116455078125	59.306549072265625	32.12609100341797	54.70063781738281
201.8406524658203	57.77469253540039	31.032869338989258	56.334197998046875
201.4544219970703	58.817508697509766	31.06849479675293	56.3228874206543
201.92213439941406	58.45222854614258	30.818017959594727	56.68330383300781
201.83807373046875	59.11610794067383	30.949623107910156	54.9118766784668
201.88031005859375	58.7243537902832	30.76835823059082	54.97211837768555
201.8080291748047	57.9075927734375	31.079904556274414	57.354827880859375
201.46246337890625	57.310001373291016	31.996780395507812	57.7288818359375
201.5467071533203	57.08977127075195	31.90449333190918	57.8572998046875
201.16485595703125	56.91670227050781	32.339969635009766	57.73164749145508
201.3258514404297	55.83335494995117	33.07027053833008	59.80363082885742
201.4596710205078	56.67226791381836	33.02016067504883	57.737125396728516
201.8014373779297	56.727046966552734	33.83087921142578	58.36516189575195
203.40821838378906	56.36027908325195	34.703773498535156	59.695255279541016
204.48284912109375	57.6369743347168	35.24064254760742	57.82147216796875
205.5028076171875	57.71964645385742	35.37944793701172	57.41880798339844
205.435302734375	57.837825775146484	35.87680435180664	57.35744857788086
206.10423278808594	56.50812911987305	36.214447021484375	58.10911560058594
206.08152770996094	55.59336853027344	36.89620590209961	59.72026062011719
206.5684051513672	55.529666900634766	33.75480270385742	59.12614822387695
204.9502716064453	55.515071868896484	34.91889572143555	59.213138580322266
203.4134979248047	54.58195114135742	34.3995246887207	60.3559684753418
202.59706115722656	55.20173645019531	35.24713134765625	59.570796966552734
201.947265625	54.9121208190918	36.33028030395508	60.547176361083984
202.2218475341797	54.82452392578125	35.17721939086914	59.63947677612305
202.3856658935547	55.18839645385742	36.42464065551758	60.903839111328125
202.28407287597656	54.93793869018555	37.92074203491211	60.91035461425781
203.2452392578125	52.66560363769531	37.891544342041016	62.67747116088867
204.2371063232422	52.5291862487793	37.84651565551758	62.52330017089844
204.8343963623047	53.0517578125	36.83201217651367	62.149017333984375
203.76939392089844	53.647830963134766	37.366127014160156	60.558467864990234
203.81983947753906	52.28300476074219	37.61688232421875	62.78084945678711
204.19142150878906	53.1622314453125	38.03451156616211	61.70528030395508
205.0772705078125	52.87642288208008	37.04759216308594	61.65242004394531
205.1891632080078	53.034000396728516	37.645267486572266	61.612911224365234
205.4346923828125	51.5361213684082	37.30171585083008	62.80770492553711
205.9494171142578	51.71699142456055	38.18710708618164	63.641231536865234
206.12567138671875	51.055973052978516	39.44875717163086	64.68914031982422
207.5344696044922	51.683902740478516	37.892799377441406	63.0366096496582
207.46226501464844	51.343387603759766	36.818233489990234	61.97021484375
206.8999481201172	50.38310241699219	37.766021728515625	63.60438919067383
206.76060485839844	51.1497917175293	38.52125930786133	63.77034378051758
206.9360809326172	51.0693244934082	37.95056915283203	63.857696533203125
207.1770782470703	50.136474609375	36.42853927612305	63.908687591552734
206.7680206298828	50.41859436035156	38.25429916381836	64.26090240478516
206.6802978515625	49.79017639160156	38.20759201049805	65.06201934814453
207.1569366455078	51.2801399230957	37.70058059692383	63.6635627746582
206.2571258544922	50.418033599853516	38.651973724365234	65.27157592773438
206.2801513671875	50.610713958740234	37.80791473388672	64.7347640991211
205.58790588378906	51.1817626953125	37.79750442504883	64.3215103149414
205.26849365234375	50.33216857910156	37.36521530151367	64.41082763671875
204.6365203857422	50.54999923706055	37.88349914550781	65.06598663330078
204.4216766357422	51.60914611816406	38.439083099365234	63.463375091552734
203.11663818359375	51.93547058105469	37.66642379760742	63.939945220947266
202.2714385986328	51.79681396484375	37.27263641357422	62.83305740356445
200.82981872558594	52.0291748046875	38.84684753417969	62.94233322143555
199.43089294433594	51.77052688598633	39.23660659790039	63.2994384765625
198.0530548095703	51.42960739135742	38.95883560180664	62.83821105957031
195.84226989746094	51.39543151855469	39.32591247558594	63.00335693359375
194.08692932128906	53.66358947753906	39.23756790161133	59.860198974609375
192.5153350830078	52.576416015625	39.14813232421875	61.60720443725586
191.3265380859375	51.9241943359375	37.33982467651367	61.704254150390625
190.0076446533203	52.57120132446289	37.47715377807617	61.09725570678711
188.7850341796875	51.41398239135742	37.88222122192383	61.25590515136719
187.6253204345703	51.64105224609375	37.45637893676758	61.76399230957031
185.90855407714844	51.03871154785156	37.977970123291016	61.9012336730957
184.0955047607422	51.99101257324219	37.53294372558594	61.22903823852539
182.40431213378906	52.778350830078125	37.619876861572266	60.14821243286133
181.53977966308594	52.57038879394531	37.8829231262207	59.9564323425293
180.440673828125	51.94581985473633	37.42470932006836	61.30892562866211
179.0863800048828	50.64249038696289	36.57807922363281	62.01930618286133
177.796142578125	52.12835693359375	36.65117263793945	60.62989807128906
176.91937255859375	51.460052490234375	37.06574630737305	61.29447555541992
176.1200714111328	50.90872573852539	37.15266799926758	62.427581787109375
176.18223571777344	51.50471878051758	37.61500930786133	62.92635726928711
175.9132843017578	51.055755615234375	36.94839096069336	62.66756820678711
176.31434631347656	52.028255462646484	37.02668762207031	61.920196533203125
176.28233337402344	52.12725830078125	36.91597366333008	61.7927131652832
176.8693084716797	50.65925598144531	36.69046401977539	63.39141845703125
177.3842315673828	51.22884750366211	36.83439636230469	63.52927017211914
177.06060791015625	52.2374267578125	37.69649124145508	61.48141860961914
177.51258850097656	52.37270736694336	37.44387435913086	61.24277114868164
177.5371856689453	52.3163948059082	37.98529052734375	61.77248001098633
177.80751037597656	52.27143478393555	38.579837799072266	61.80581283569336
178.49188232421875	53.2974739074707	37.34373474121094	61.51369094848633
179.1660919189453	52.31538009643555	37.269535064697266	61.91981887817383
180.30332946777344	52.10367202758789	36.278865814208984	61.2841911315918
180.5945281982422	52.19212341308594	37.475589752197266	61.9890022277832
181.3382110595703	53.00935745239258	39.61080551147461	61.56303024291992
183.21368408203125	52.24489974975586	38.29942321777344	62.20198440551758
185.1079559326172	52.53098678588867	37.82050704956055	61.26987075805664
187.06451416015625	52.5105094909668	38.10740661621094	61.78915023803711
188.5413055419922	52.64152526855469	37.64124298095703	60.66411209106445
189.9856719970703	52.54538345336914	37.93412780761719	61.569854736328125
191.7546844482422	51.590301513671875	37.86359786987305	62.839996337890625
192.8705596923828	52.87913131713867	38.790958404541016	62.53611755371094
193.90875244140625	51.990020751953125	38.27340316772461	63.070220947265625
195.44822692871094	52.368316650390625	39.45461654663086	62.278743743896484
196.2503662109375	51.444091796875	39.717201232910156	63.72101974487305
198.5575408935547	51.13484191894531	39.729000091552734	64.59137725830078
200.2737579345703	50.52614974975586	40.668182373046875	64.48263549804688
202.8834228515625	51.346893310546875	38.59111785888672	64.8042221069336
205.0357208251953	50.62789535522461	37.72309875488281	65.10800170898438
206.3707275390625	50.1406135559082	39.2695426940918	65.92462921142578
207.50628662109375	51.170169830322266	37.726051330566406	63.90117263793945
208.07606506347656	49.56135559082031	38.3413200378418	65.9316635131836
209.3353729248047	49.95741271972656	39.1708869934082	65.8219223022461
211.42848205566406	50.43793869018555	38.47660446166992	64.47642517089844
212.3110809326172	50.29103469848633	39.03520584106445	65.75804138183594
214.0825653076172	50.08213806152344	38.95878982543945	65.68782806396484
214.86805725097656	50.29660415649414	38.01848602294922	64.77898406982422
215.6546630859375	50.39263916015625	38.75178146362305	65.3904800415039
216.9044647216797	49.505645751953125	38.313629150390625	64.40083312988281
217.67298889160156	50.82804489135742	39.441410064697266	64.26885986328125
219.0075225830078	47.75261306762695	39.877140045166016	67.60542297363281
220.5089874267578	49.715301513671875	38.98054885864258	65.185546875
222.51068115234375	48.48223876953125	38.250572204589844	65.65189361572266
224.05616760253906	49.24995040893555	37.364437103271484	64.36473846435547
225.7425537109375	48.18519973754883	37.64519119262695	64.54898071289062
227.0884552001953	48.02235794067383	38.2884407043457	64.55567169189453
228.5074005126953	47.5596923828125	37.60049057006836	64.54857635498047
228.97767639160156	48.36838912963867	37.45866012573242	63.28290939331055
229.61216735839844	48.05018997192383	37.79513168334961	64.66961669921875
229.77587890625	48.015625	38.2359504699707	64.8747329711914
230.31982421875	46.68095397949219	38.03358840942383	65.72808074951172
229.8158721923828	46.094058990478516	38.112422943115234	66.07099151611328
229.82676696777344	48.644195556640625	36.9962158203125	63.2391471862793
228.73765563964844	47.49774169921875	38.500614166259766	64.68061065673828
228.32444763183594	48.8246955871582	38.40000534057617	63.19258117675781
228.2795867919922	47.904815673828125	38.6429443359375	63.57441329956055
227.517578125	48.30624771118164	38.911590576171875	64.0722427368164
226.67918395996094	47.17332077026367	38.67180633544922	65.66336822509766
226.7305450439453	48.10475540161133	38.184871673583984	63.39601516723633
226.87060546875	48.75728225708008	37.40434646606445	61.98184585571289
226.2940673828125	48.831485748291016	37.455955505371094	62.88058090209961
225.94102478027344	47.917755126953125	38.32773208618164	63.9577522277832
225.20838928222656	47.49711990356445	38.21226501464844	63.9510612487793
224.3518829345703	48.57638168334961	39.0390510559082	63.287750244140625
224.4882354736328	47.31016159057617	38.7205924987793	65.42339324951172
223.51564025878906	49.85661697387695	38.7640266418457	61.9657096862793
223.6449737548828	49.83835983276367	37.55520248413086	61.745609283447266
223.5077667236328	50.680694580078125	37.331661224365234	61.09565734863281
223.4236297607422	50.292327880859375	37.17446517944336	61.58504104614258
222.79640197753906	51.11442184448242	38.19651412963867	61.030521392822266
222.96168518066406	51.59812545776367	37.67823791503906	60.10418701171875
223.1721649169922	52.3304443359375	36.45920181274414	59.30521774291992
222.6308135986328	51.30295181274414	37.328208923339844	60.7942008972168
222.2821807861328	51.54184341430664	37.31565475463867	60.74018859863281
221.5708465576172	52.07754898071289	36.564208984375	60.5843505859375
220.3695526123047	52.8458366394043	37.46339797973633	59.31913757324219
219.62303161621094	52.165008544921875	37.530086517333984	59.67142868041992
219.5915069580078	52.68258285522461	37.204952239990234	58.73637771606445
219.36436462402344	53.44575119018555	36.105228424072266	57.99964904785156
219.1156005859375	53.60725021362305	36.67562484741211	58.639404296875
219.437744140625	53.97294998168945	36.728302001953125	58.079315185546875
220.1603546142578	54.76382827758789	35.15886688232422	56.74916458129883
220.221435546875	56.647525787353516	35.44104766845703	55.0163688659668
220.1392364501953	56.74300765991211	36.27988815307617	54.94647216796875
219.76458740234375	57.345218658447266	35.01951217651367	54.24777603149414
219.6969451904297	57.44703674316406	34.9532356262207	54.23687744140625
219.238525390625	57.208621978759766	35.40382385253906	54.22586441040039
219.821044921875	57.81918716430664	34.29771041870117	54.40549850463867
219.73390197753906	59.71409225463867	34.10867691040039	52.52608108520508
220.26133728027344	59.476924896240234	33.36825180053711	53.27788162231445
220.1352081298828	59.37739562988281	34.26323699951172	53.34614944458008
220.11888122558594	59.9791145324707	33.770938873291016	52.33732604980469
219.9679412841797	60.257869720458984	34.26456832885742	53.36989212036133
219.400146484375	61.27975845336914	33.75462341308594	52.013187408447266
219.85545349121094	60.124237060546875	34.22825241088867	53.390594482421875
219.23680114746094	61.73004150390625	33.930606842041016	51.93308639526367
219.5435791015625	61.631195068359375	33.77986526489258	50.59270095825195
220.19102478027344	61.99699020385742	33.52528381347656	50.66572952270508
220.16539001464844	61.113983154296875	33.4316520690918	51.64225769042969
220.319091796875	62.23247146606445	32.47492599487305	49.8354606628418
220.2459716796875	62.135929107666016	32.30233383178711	50.523868560791016
219.47943115234375	61.11973190307617	32.690303802490234	51.30706787109375
219.12193298339844	61.340938568115234	33.56489181518555	50.42928695678711
218.409912109375	60.86479568481445	32.416080474853516	51.72214889526367
218.7609405517578	59.73321533203125	33.634273529052734	52.54904556274414
218.6265869140625	59.42838668823242	33.578765869140625	51.6571044921875
217.65357971191406	60.41427993774414	35.16535186767578	50.99281692504883
217.244384765625	59.7784423828125	33.48693084716797	52.36765670776367
216.9724884033203	60.696136474609375	34.08981704711914	51.55598068237305
216.11798095703125	62.00444030761719	33.86381149291992	49.87307357788086
215.6209716796875	61.32490539550781	35.07986831665039	50.905574798583984
218.2224578857422	61.53660583496094	30.930137634277344	52.19465255737305
214.237060546875	61.77150344848633	33.7553825378418	49.76065444946289
213.1511993408203	62.447750091552734	34.59732437133789	51.332855224609375
212.8861083984375	63.23045349121094	34.17938232421875	50.55660629272461
212.5550079345703	63.1994514465332	32.78190612792969	49.65483093261719
209.74102783203125	63.83958053588867	35.06413650512695	51.08924865722656
209.5975341796875	64.19650268554688	33.63337707519531	49.05156326293945
208.49415588378906	64.08255767822266	33.873191833496094	48.804107666015625
207.1098175048828	64.21862030029297	33.576622009277344	49.26932907104492
205.1394500732422	65.35535430908203	35.4549674987793	49.4755744934082
204.3275909423828	66.23194122314453	34.227054595947266	47.76237106323242
203.2996368408203	65.6482162475586	34.66762161254883	49.0438232421875
202.35626220703125	65.61089324951172	34.767887115478516	48.9078254699707
199.2159423828125	66.51837921142578	35.100982666015625	48.717041015625
199.0581512451172	66.02802276611328	35.12638473510742	48.17093276977539
198.0800018310547	65.49655151367188	34.587127685546875	48.986328125
196.3095703125	67.44244384765625	33.540958404541016	47.124080657958984
194.4306182861328	67.131591796875	34.861698150634766	47.71620178222656
192.11793518066406	66.95726776123047	35.327911376953125	47.5390625
187.66636657714844	68.13712310791016	35.71482467651367	47.959651947021484
186.4694061279297	67.57559967041016	35.430118560791016	48.16012954711914
185.0763397216797	68.08931732177734	34.70575714111328	47.39900207519531
183.8595733642578	68.87904357910156	34.46826171875	46.76375961303711
182.89788818359375	68.02881622314453	34.9076042175293	47.701263427734375
182.38580322265625	67.05712127685547	34.12471389770508	48.46732711791992
180.13352966308594	67.07654571533203	34.17694091796875	47.40670394897461
178.8530731201172	67.56121826171875	35.14369583129883	48.89351272583008
178.7967071533203	67.62255859375	33.91143798828125	47.85176086425781
179.4967041015625	66.69747924804688	33.44970703125	46.6739387512207
179.3026580810547	67.5967025756836	35.11418533325195	47.18890380859375
180.89044189453125	66.7007064819336	34.17585372924805	46.54953384399414
181.60472106933594	66.432373046875	35.82780075073242	47.16026306152344
182.8280487060547	65.46287536621094	36.196563720703125	48.98537063598633
184.217041015625	65.00550842285156	35.34014129638672	49.1342887878418
185.8104248046875	63.25672912597656	35.669673919677734	51.462982177734375
187.52288818359375	63.2113151550293	35.91543197631836	50.004154205322266
189.74073791503906	62.1400146484375	33.88151168823242	51.30135726928711
191.46185302734375	60.370426177978516	36.07441711425781	53.12528610229492
193.24803161621094	58.933223724365234	36.87545394897461	53.2616081237793
195.5192413330078	58.71067428588867	36.05385971069336	54.1229133605957
196.1576690673828	59.0185546875	36.94853591918945	52.43617248535156
196.87181091308594	56.78679275512695	36.56217575073242	55.14230728149414
197.84974670410156	55.867828369140625	36.9884147644043	56.85670852661133
199.2322540283203	55.46140670776367	37.655914306640625	56.6433219909668
200.84205627441406	55.1069450378418	37.51106643676758	57.00529098510742
203.9022216796875	54.55217361450195	37.168663024902344	57.72282791137695
204.6209716796875	54.79500198364258	36.44414520263672	57.09842300415039
205.52850341796875	54.37770462036133	36.87580490112305	57.87852478027344
206.61016845703125	54.561981201171875	36.893150329589844	57.19662857055664
207.0455322265625	55.337188720703125	36.611324310302734	55.460628509521484
207.72705078125	54.50429916381836	36.31359100341797	56.88267135620117
207.97059631347656	54.45601272583008	36.44289779663086	57.079830169677734
208.0132293701172	54.46748733520508	36.33405685424805	56.96295166015625
207.7070770263672	55.02701950073242	36.05647277832031	56.37105178833008
207.2869110107422	54.03403091430664	37.314971923828125	57.66437911987305
206.84019470214844	54.450592041015625	37.38990020751953	57.2773551940918
206.6156005859375	54.61508560180664	36.726654052734375	57.6599235534668
206.5445556640625	53.4298095703125	36.102210998535156	58.272579193115234
206.08180236816406	53.041259765625	36.12588119506836	57.67189025878906
205.0666961669922	52.03196334838867	36.79880905151367	58.89377975463867
204.1353302001953	51.664310455322266	38.39995193481445	59.39723205566406
204.2333221435547	51.287994384765625	38.623043060302734	60.7489013671875
203.6779022216797	49.62932205200195	38.659122467041016	61.05302810668945
203.35302734375	48.94777297973633	38.85702896118164	61.14497375488281
203.7578582763672	48.61067581176758	37.812137603759766	61.04637145996094
204.07057189941406	48.194461822509766	37.947696685791016	61.557376861572266
204.13697814941406	48.15861129760742	38.13727951049805	61.59762954711914
204.49853515625	48.09400939941406	37.061893463134766	61.034969329833984
204.0940399169922	48.19691467285156	37.72481155395508	60.05723190307617
203.3476104736328	46.868526458740234	38.475284576416016	62.084781646728516
202.5964813232422	46.37925338745117	40.08689498901367	63.42498779296875
202.98765563964844	45.43825149536133	39.50727462768555	64.03616333007812
202.5334930419922	44.82158279418945	39.91383361816406	64.11068725585938
202.72438049316406	44.953556060791016	38.68792724609375	64.31194305419922
203.0178985595703	44.69633483886719	38.6675910949707	62.47311782836914
203.22747802734375	45.03127670288086	38.470096588134766	62.12924575805664
203.782470703125	44.94340896606445	37.42375946044922	63.117279052734375
202.72740173339844	45.0605354309082	37.77299880981445	61.154361724853516
203.09510803222656	45.131317138671875	37.75294876098633	63.70770263671875
202.8128662109375	44.21797561645508	37.24678039550781	63.26829147338867
202.80426025390625	44.796382904052734	36.396724700927734	61.3968391418457
203.7041015625	46.53986740112305	37.79555130004883	62.284576416015625
203.0933380126953	44.21677780151367	37.61505126953125	62.452030181884766
203.1563262939453	45.91795349121094	37.236473083496094	61.65919494628906
203.89097595214844	44.06887435913086	36.53907775878906	60.53192138671875
203.03004455566406	44.0228271484375	36.6711540222168	60.9742431640625
204.58038330078125	41.72861099243164	36.797218322753906	61.43556594848633
204.7703094482422	44.6746940612793	37.11705780029297	62.00577926635742
204.8870086669922	43.586727142333984	36.42988967895508	61.40779113769531
205.2000732421875	42.12848663330078	36.50187683105469	61.7872200012207
205.97740173339844	41.33407974243164	35.68698501586914	61.79020309448242
206.9297332763672	42.66464614868164	36.44208526611328	61.663116455078125
207.0996856689453	43.92076110839844	36.51884841918945	60.66176986694336
208.25901794433594	42.90901565551758	37.91677474975586	62.005741119384766
210.79893493652344	41.9397087097168	37.476318359375	62.744319915771484
214.364990234375	39.02878952026367	37.15230178833008	63.70737838745117
216.1619415283203	40.741641998291016	37.13962936401367	61.66995620727539
220.0570068359375	39.68711471557617	37.07009506225586	62.325679779052734
222.7655029296875	35.902976989746094	38.398319244384766	68.80486297607422
225.38673400878906	36.37052536010742	37.21495056152344	66.02885437011719
226.6183319091797	34.95747756958008	35.8364143371582	67.65478515625
227.8043975830078	34.29386520385742	37.6606559753418	68.16295623779297
229.4286651611328	34.07535934448242	38.34642791748047	69.31878662109375
231.4009246826172	32.92056655883789	39.21644973754883	71.00912475585938
232.81915283203125	33.79704284667969	37.69057083129883	69.03575897216797
233.7650146484375	31.68632698059082	37.209564208984375	70.4289321899414
234.29888916015625	31.8934268951416	37.86840057373047	69.59667205810547
234.3577880859375	31.63254737854004	38.8125	69.64788055419922
233.87554931640625	30.40150260925293	39.111202239990234	71.08008575439453
233.53480529785156	30.333730697631836	38.059085845947266	71.18595123291016
232.6463623046875	34.77885055541992	37.26408767700195	67.80794525146484
231.60243225097656	30.67450523376465	39.04377365112305	72.93329620361328
230.8096466064453	31.69109535217285	38.75123977661133	70.78936767578125
228.96180725097656	33.474517822265625	39.10087585449219	71.71263885498047
227.87744140625	34.340702056884766	36.628021240234375	68.1968765258789
226.21788024902344	36.28181076049805	36.97399139404297	65.84855651855469
225.0127716064453	35.61307907104492	37.212345123291016	67.14665222167969
223.215576171875	36.71635818481445	37.69370651245117	65.70331573486328
220.5414581298828	39.86473083496094	37.678401947021484	63.0152702331543
217.62371826171875	40.56536865234375	37.94841384887695	61.92255783081055
216.55389404296875	38.28348159790039	37.493438720703125	64.6944808959961
216.54750061035156	38.629329681396484	37.298954010009766	64.82389068603516
214.4677734375	41.43558120727539	35.610191345214844	61.7280158996582
213.671630859375	41.76298904418945	36.31929397583008	61.40016555786133
213.0251007080078	38.85044479370117	36.80786895751953	65.2898941040039
211.65797424316406	39.76480484008789	38.152435302734375	67.79759216308594
210.84425354003906	43.35908126831055	37.72697830200195	64.61658477783203
210.0270233154297	45.912288665771484	38.05241012573242	62.74734878540039
209.08168029785156	47.34932327270508	38.05796813964844	63.064056396484375
207.59437561035156	50.779510498046875	38.76972961425781	59.57773208618164
207.55577087402344	52.68900680541992	38.08938980102539	58.35789108276367
207.63719177246094	52.706390380859375	37.30765151977539	57.62407302856445
206.99517822265625	53.90079116821289	37.6478271484375	55.8145637512207
205.5565948486328	53.82062911987305	38.39256286621094	56.575923919677734
204.6422119140625	53.82659912109375	39.047943115234375	56.83171081542969
204.11488342285156	53.24671936035156	38.23466491699219	56.509033203125
202.0409393310547	54.81428909301758	38.72207260131836	55.519649505615234
202.10414123535156	54.857757568359375	37.81947708129883	54.348575592041016
199.5692596435547	55.918060302734375	38.76430892944336	55.5182991027832
202.54705810546875	53.65884017944336	36.93185806274414	62.3226318359375
206.73497009277344	56.353118896484375	37.37443161010742	63.06947708129883
210.4057159423828	59.31785583496094	37.8148078918457	63.8126106262207
209.2767791748047	57.96236801147461	37.995479583740234	64.11750030517578
202.6785888671875	53.23185729980469	37.93024444580078	64.00741577148438
194.03843688964844	56.265995025634766	38.51734161376953	64.9981460571289
193.71958923339844	39.22135543823242	39.31857681274414	66.35022735595703
208.1365966796875	45.010257720947266	39.378963470458984	66.4521255493164
196.5070037841797	44.918609619140625	39.28730010986328	66.29743957519531
188.45123291015625	41.75339126586914	39.56845474243164	66.77188873291016
207.0650177001953	44.81452941894531	39.809288024902344	67.17830657958984
209.8784637451172	44.265262603759766	39.40617752075195	66.49805450439453
206.2744140625	55.21925735473633	39.06468200683594	65.9217758178711
198.5541534423828	57.363983154296875	38.82628631591797	65.51947784423828
197.441650390625	49.74958801269531	38.77492904663086	65.43280792236328
190.42144775390625	45.80051803588867	38.856956481933594	65.57122802734375
194.40167236328125	42.102657318115234	38.85759353637695	65.57230377197266
191.8258514404297	55.875240325927734	38.90949630737305	65.6598892211914
195.84617614746094	54.606048583984375	39.44196701049805	66.55842590332031
184.074462890625	38.39737319946289	39.66979217529297	66.94287872314453
200.42076110839844	41.84468460083008	39.51582717895508	66.68306732177734
188.80506896972656	35.67499923706055	39.82917404174805	67.21183776855469
175.5237274169922	44.8254280090332	39.38944625854492	66.46979522705078
174.9150848388672	43.28049087524414	39.69415283203125	66.98397827148438
173.36708068847656	44.8066520690918	38.969940185546875	65.7618637084961
171.09669494628906	43.06755065917969	39.4072265625	66.49978637695312
172.09991455078125	42.38954544067383	39.62501525878906	66.86730194091797
176.21728515625	48.195404052734375	40.17259979248047	67.7913589477539
179.15357971191406	46.276824951171875	40.060848236083984	67.60277557373047
180.86070251464844	50.07130432128906	39.70916748046875	67.00931549072266
182.8443145751953	47.78450012207031	39.59919357299805	66.82373046875
191.4585723876953	48.55485916137695	39.05287551879883	65.90181732177734
195.6123504638672	40.744590759277344	39.04867935180664	65.89473724365234
186.0240020751953	48.49419021606445	38.441680908203125	64.87042999267578
180.0148468017578	46.49372863769531	38.0482292175293	64.20648956298828
199.92222595214844	59.39303970336914	37.9788932800293	64.08946990966797
203.38720703125	53.99180603027344	38.093692779541016	64.28319549560547
207.3762664794922	58.84954833984375	37.94248580932617	64.02803802490234
208.4425811767578	57.26033401489258	37.03278732299805	62.492919921875
213.1173095703125	59.26515579223633	37.34519577026367	63.02010726928711
216.03448486328125	56.61906814575195	36.67280960083008	61.88545608520508
215.31739807128906	59.68864822387695	36.80801010131836	62.11361312866211
222.11602783203125	53.69357681274414	36.485111236572266	61.568721771240234
211.4739227294922	63.07020950317383	36.19399642944336	61.077457427978516
211.30133056640625	55.47113037109375	35.94013977050781	60.64907455444336
211.3595733642578	64.67011260986328	36.16714096069336	61.032135009765625
209.4413299560547	56.87620544433594	36.46026611328125	61.52678298950195
201.56005859375	57.459625244140625	36.577308654785156	61.72429275512695
213.7577362060547	54.70259094238281	36.83475875854492	62.158748626708984
214.94683837890625	63.27122497558594	36.03980255126953	60.8172607421875
222.4692840576172	52.25259780883789	36.266902923583984	61.20050048828125
210.13134765625	65.23324584960938	36.049922943115234	60.834346771240234
212.35504150390625	61.011993408203125	36.7176628112793	61.96115493774414
211.886474609375	65.64090728759766	36.87154006958008	62.2208251953125
210.100341796875	68.25936889648438	36.97391128540039	62.39356994628906
212.7318878173828	64.55618286132812	36.91444396972656	62.2932243347168
203.5149383544922	70.64606475830078	36.98149108886719	62.406368255615234
209.44293212890625	64.6504135131836	37.21090316772461	62.79350662231445
207.9717559814453	63.910980224609375	37.28794479370117	62.92351150512695
211.1032257080078	56.40547561645508	37.515872955322266	63.30814743041992
205.34217834472656	59.50649642944336	37.25932312011719	62.87522506713867
204.08763122558594	63.56132888793945	37.0114860534668	62.457000732421875
207.70909118652344	60.33536148071289	36.77642822265625	62.060333251953125
210.230224609375	56.71126937866211	36.952457427978516	62.35738754272461
207.2394256591797	57.31117248535156	37.00049591064453	62.43845748901367
210.72596740722656	57.860198974609375	37.221412658691406	62.81126022338867
199.5021514892578	60.23372268676758	38.26700973510742	54.667694091796875
199.85003662109375	56.88224792480469	38.09477615356445	53.652252197265625
200.4913787841797	56.29270935058594	39.54949951171875	55.37186813354492
201.47279357910156	53.71849060058594	40.214481353759766	57.23785400390625
202.1087188720703	52.04093933105469	39.80191421508789	56.6318244934082
200.93565368652344	51.5447883605957	40.07065200805664	56.818233489990234
200.5359649658203	49.082122802734375	40.8243293762207	58.25164794921875
200.83091735839844	48.51493835449219	40.29500961303711	58.86648178100586
200.6527099609375	47.832855224609375	39.7527961730957	56.67027282714844
200.25457763671875	48.7299690246582	40.17860412597656	56.6200065612793
200.0398406982422	48.372798919677734	40.22584915161133	56.7850227355957
200.2269287109375	48.07255554199219	38.65095138549805	55.32525634765625
199.5574951171875	50.43421936035156	39.65785598754883	53.96352005004883
198.74462890625	50.36641311645508	38.315399169921875	54.78754806518555
199.2329864501953	50.888851165771484	38.54735565185547	54.2004280090332
199.1133575439453	50.47560119628906	38.1937255859375	53.558074951171875
197.8206329345703	50.264400482177734	38.554874420166016	55.345829010009766
197.7229461669922	50.95829391479492	38.620365142822266	58.43381118774414
196.74717712402344	50.80336380004883	37.71456527709961	57.45988082885742
195.8719482421875	49.3146858215332	37.76887512207031	59.3533935546875
193.93934631347656	48.354705810546875	38.083824157714844	59.41957473754883
197.9679718017578	49.936981201171875	36.97946548461914	59.16192626953125
195.67042541503906	50.76838302612305	37.446014404296875	58.61423110961914
195.0303497314453	49.56547927856445	36.46162414550781	60.09274673461914
195.035400390625	49.89561080932617	36.83757400512695	59.93999099731445
195.55735778808594	52.08320236206055	38.1298713684082	58.57511520385742
195.80702209472656	50.39992904663086	37.0428581237793	60.18864440917969
195.15574645996094	51.34611511230469	37.089176177978516	59.58561325073242
196.0157470703125	52.22459411621094	38.071285247802734	59.19636535644531
197.2540283203125	52.45207595825195	38.07011032104492	59.96379470825195
197.82078552246094	51.52204513549805	37.08234786987305	59.338626861572266
195.31874084472656	53.47624588012695	36.93253707885742	58.46244812011719
196.2369842529297	50.678863525390625	37.06127166748047	59.277774810791016
195.69847106933594	51.89590072631836	36.38056182861328	59.84196472167969
195.4755401611328	50.029972076416016	37.62238693237305	59.60464859008789
197.1601104736328	50.9150505065918	38.411800384521484	57.653926849365234
197.03515625	49.8075065612793	36.794132232666016	59.009159088134766
200.05767822265625	50.256343841552734	36.170833587646484	57.41542434692383
202.0683135986328	50.27585983276367	35.97441101074219	57.059967041015625
200.8940887451172	49.25337219238281	37.14906311035156	58.50123977661133
202.77076721191406	48.69002151489258	36.102420806884766	55.769046783447266
203.4418487548828	48.9382438659668	36.04155349731445	56.82527160644531
202.56495666503906	50.043636322021484	35.9531135559082	57.2248420715332
204.26991271972656	51.260066986083984	35.83475112915039	57.3779182434082
205.1712188720703	54.57081604003906	35.786197662353516	55.871036529541016
203.4410858154297	54.323486328125	35.54205322265625	55.26779556274414
203.3502960205078	55.51506423950195	34.97356033325195	53.95320129394531
202.4908905029297	56.52255630493164	36.166748046875	53.7142448425293
204.1552734375	58.02174377441406	35.524166107177734	52.83769226074219
204.08433532714844	60.09757614135742	37.19338607788086	52.27116394042969
206.1288299560547	63.040313720703125	34.85707092285156	51.183258056640625
206.3050079345703	64.81551361083984	34.648643493652344	58.46967697143555
207.4225311279297	67.21060180664062	34.6683235168457	58.50288391113281
209.26661682128906	51.749149322509766	34.721038818359375	58.59184265136719
209.3037109375	47.45308303833008	35.017974853515625	59.09291458129883
211.0437774658203	49.10945510864258	35.308448791503906	59.58308792114258
212.4784393310547	52.88096618652344	32.123779296875	56.96585464477539
216.0667724609375	58.07487869262695	33.140377044677734	56.26924133300781
215.02012634277344	59.63557052612305	33.27360916137695	58.057098388671875
217.1099853515625	64.69647979736328	35.23847198486328	55.6099739074707
213.7099151611328	66.50562286376953	34.68428039550781	56.19581604003906
216.1481170654297	66.72168731689453	35.15279006958008	56.592227935791016
216.66050720214844	66.53793334960938	35.89631652832031	57.792633056640625
218.38356018066406	65.39300537109375	37.187862396240234	61.75191116333008
223.2012176513672	65.83216857910156	35.38835525512695	61.71907424926758
221.142822265625	66.72077178955078	36.865020751953125	61.5343017578125
220.85906982421875	67.43934631347656	37.605186462402344	60.7833366394043
221.216064453125	66.18538665771484	37.9869499206543	61.84568405151367
221.418212890625	67.97245788574219	37.57554244995117	60.403656005859375
218.4391326904297	66.94174194335938	37.486690521240234	62.01210403442383
217.3980712890625	69.1573486328125	37.87862014770508	59.87095260620117
214.40032958984375	69.6112060546875	38.60041809082031	59.97568893432617
212.92539978027344	68.9465560913086	37.21188735961914	59.93915939331055
210.3948974609375	66.34626007080078	36.96786117553711	61.51878356933594
205.19163513183594	64.90279388427734	38.70262908935547	62.67533493041992
201.5482635498047	64.8119125366211	38.05088424682617	63.80996322631836
199.54200744628906	66.45584106445312	38.01683044433594	61.78388595581055
196.61439514160156	66.19351196289062	37.46672439575195	61.27456283569336
194.453857421875	66.1908950805664	36.910335540771484	61.93243408203125
193.59654235839844	65.2193832397461	37.57500076293945	62.99946594238281
193.11480712890625	66.26305389404297	37.52485275268555	61.343379974365234
189.05181884765625	65.27784729003906	38.39790344238281	65.48438262939453
190.37335205078125	63.268863677978516	38.00489807128906	63.567138671875
189.3732147216797	62.476261138916016	37.98044204711914	64.2671127319336
188.9386444091797	61.25914001464844	37.42012405395508	65.67430877685547
188.44554138183594	62.0657844543457	37.0958251953125	63.70961380004883
185.77818298339844	62.25553512573242	35.25174331665039	61.02060317993164
182.219970703125	60.640438079833984	38.97587585449219	65.77190399169922
186.52996826171875	58.972171783447266	34.022605895996094	63.24028396606445
186.80406188964844	59.90159606933594	32.90254592895508	62.03683853149414
183.76991271972656	61.23557662963867	32.124122619628906	61.1593132019043
176.4712677001953	57.686920166015625	38.58810043334961	65.1175308227539
183.684326171875	58.815032958984375	32.2462158203125	60.818572998046875
185.1341552734375	56.886043548583984	32.94154739379883	61.74738693237305
183.7492218017578	55.791072845458984	31.688514709472656	63.47943115234375
184.1595458984375	57.70357894897461	31.71436309814453	62.15244674682617
185.61827087402344	59.765777587890625	32.21565628051758	60.900604248046875
189.7556915283203	57.85099792480469	32.406490325927734	61.73289108276367
190.4104461669922	58.57670211791992	34.0115852355957	61.44303512573242
191.0967254638672	60.203128814697266	38.14189910888672	64.36457061767578
199.2947540283203	60.09645462036133	35.733943939208984	60.97894287109375
204.2085723876953	60.7899055480957	36.106693267822266	59.58062744140625
206.8415985107422	58.967742919921875	35.8548583984375	60.80563735961914
208.4029541015625	57.440277099609375	35.30936813354492	62.084041595458984
208.72398376464844	55.62735366821289	35.842445373535156	62.60458755493164
207.66224670410156	56.4848747253418	36.27375411987305	61.30388259887695
202.4293212890625	52.140071868896484	36.5414924621582	61.76508712768555
200.2163543701172	52.9255485534668	34.799224853515625	60.46100997924805
196.69349670410156	52.76015090942383	34.12622833251953	59.20316696166992
196.83009338378906	50.80936813354492	32.33021926879883	59.83571243286133
198.1772003173828	47.5045166015625	32.817073822021484	61.14323043823242
197.73333740234375	44.03581619262695	33.85441970825195	60.983699798583984
194.12266540527344	43.94705581665039	31.92841148376465	59.55356979370117
192.57904052734375	40.020870208740234	34.953163146972656	61.286800384521484
193.70970153808594	42.0697135925293	35.606502532958984	59.423221588134766
192.2373809814453	41.83143997192383	37.397247314453125	61.002532958984375
192.7940673828125	37.7043342590332	38.469791412353516	65.02640533447266
195.14801025390625	40.17323684692383	40.3319206237793	67.79266357421875
195.97100830078125	45.58281326293945	41.69247055053711	65.24679565429688
198.2521209716797	48.5388069152832	39.814971923828125	67.1878890991211
196.85292053222656	54.08308029174805	39.78664779663086	67.26007843017578
195.04217529296875	58.69807815551758	39.038856506347656	66.32376098632812
198.6859893798828	59.38623046875	38.08782958984375	66.90084075927734
200.9641876220703	60.582393646240234	39.35897445678711	66.17224884033203
201.36260986328125	60.94778060913086	38.93523025512695	66.46248626708984
202.0445098876953	63.16147994995117	39.66151809692383	65.82181549072266
203.2587432861328	63.63453674316406	39.841617584228516	67.0181884765625
201.8951873779297	65.00736236572266	39.19175720214844	67.79190063476562
203.7508087158203	66.0843734741211	39.273529052734375	66.06434631347656
204.1936492919922	63.78900146484375	39.35908508300781	68.12747192382812
203.90704345703125	64.2815170288086	39.28952407836914	68.4923324584961
203.44915771484375	66.38928985595703	39.20689010620117	66.48097229003906
201.98753356933594	64.94648742675781	38.43552017211914	68.46798706054688
202.9054718017578	62.593505859375	39.29456329345703	68.77627563476562
201.2493896484375	62.534114837646484	40.739158630371094	68.91485595703125
202.2269744873047	61.40382766723633	39.92697525024414	67.69982147216797
202.1811065673828	62.34870910644531	39.76615524291992	65.73335266113281
201.0293426513672	59.662662506103516	40.43864059448242	68.52751922607422
200.1687469482422	58.49031448364258	40.339027404785156	69.11058807373047
198.05633544921875	58.356693267822266	39.06087112426758	68.38062286376953
198.8450164794922	55.14027786254883	39.8175163269043	70.16124725341797
196.026611328125	53.8920783996582	40.738094329833984	71.57693481445312
198.14227294921875	50.72953796386719	42.144840240478516	73.59351348876953
196.670654296875	51.52939987182617	41.875850677490234	71.3128433227539
198.4257354736328	48.52772903442383	41.65647888183594	72.48607635498047
197.8543701171875	47.750484466552734	41.71338653564453	72.8874740600586
197.24400329589844	47.62368392944336	42.20722198486328	73.37609100341797
196.1811981201172	47.60554122924805	42.11878967285156	73.9594955444336
196.861572265625	50.36387252807617	43.03995895385742	72.66776275634766
197.2424774169922	48.570560455322266	43.835693359375	74.0859375
196.2996368408203	49.18758010864258	44.545074462890625	75.7986068725586
196.010498046875	50.38541030883789	43.34266662597656	76.08380889892578
197.47137451171875	56.06474304199219	42.43894577026367	70.18406677246094
198.4816436767578	57.13344192504883	42.82454299926758	70.05956268310547
199.7487030029297	56.61528015136719	42.72307205200195	70.99195098876953
201.11669921875	57.8629150390625	42.85703659057617	70.20891571044922
201.91864013671875	56.50831604003906	42.545536041259766	72.16876983642578
201.42588806152344	60.26107406616211	41.371028900146484	68.66011810302734
200.54119873046875	60.58485794067383	43.58449172973633	68.45677185058594
199.27923583984375	60.66511535644531	41.98173904418945	69.67119598388672
199.5460205078125	61.307613372802734	41.98280715942383	69.27396392822266
199.47047424316406	59.64126968383789	41.61708450317383	71.84844970703125
201.20790100097656	59.99162292480469	41.77354049682617	69.68560028076172
198.58705139160156	59.195465087890625	40.99618911743164	72.10676574707031
201.76739501953125	59.381290435791016	39.7319221496582	68.97660064697266
202.1533660888672	60.7726936340332	37.84967803955078	68.02481842041016
203.59471130371094	62.86918258666992	37.058162689208984	65.66849517822266
201.73175048828125	64.2706527709961	35.39541244506836	64.46421813964844
204.37974548339844	64.63894653320312	33.90281295776367	62.89177322387695
201.80955505371094	62.111385345458984	34.71831130981445	65.581298828125
199.78724670410156	59.067020416259766	35.25542449951172	68.2281723022461
197.21270751953125	54.8238639831543	36.611366271972656	69.51932525634766
193.4931640625	48.740169525146484	37.33811950683594	71.91260528564453
195.0462188720703	43.4867057800293	37.263484954833984	71.35968017578125
192.5581817626953	39.991676330566406	36.9920539855957	71.57032012939453
190.1668701171875	37.80876159667969	36.397132873535156	70.30936431884766
192.24688720703125	34.368045806884766	36.511775970458984	67.9271011352539
187.6919708251953	36.83201599121094	36.962520599365234	65.54393005371094
190.0619354248047	32.28413009643555	38.35322952270508	66.23380279541016
190.6914825439453	31.442495346069336	36.51758575439453	65.12770080566406
189.3331298828125	31.76580047607422	37.33988571166992	63.603546142578125
189.74696350097656	31.14695167541504	37.59918212890625	63.830135345458984
189.6036376953125	30.89177894592285	37.02861404418945	63.800048828125
188.3728790283203	32.987850189208984	37.14019012451172	62.977169036865234
190.9596405029297	33.050662994384766	38.0589599609375	63.94883728027344
190.0585174560547	33.52436828613281	38.94955825805664	65.83602142333984
191.37461853027344	33.60057067871094	38.51637649536133	67.26734924316406
191.39630126953125	35.016143798828125	39.86115264892578	68.51731872558594
194.24237060546875	36.65595626831055	40.71974182128906	69.11383056640625
193.8414306640625	41.245784759521484	41.754390716552734	68.72501373291016
193.6573944091797	40.245849609375	43.14042663574219	73.68744659423828
193.6271209716797	43.4114990234375	44.215579986572266	76.52275848388672
194.5869140625	49.23860549926758	42.95119094848633	75.49606323242188
195.35150146484375	53.09429931640625	43.596187591552734	73.95088958740234
199.5059814453125	56.278499603271484	43.38555908203125	71.77013397216797
201.23199462890625	60.97239685058594	42.49583053588867	68.61466217041016
202.2784423828125	62.017704010009766	42.773101806640625	70.46721649169922
202.1480712890625	63.31208419799805	42.84260940551758	70.21224975585938
201.16493225097656	64.77239227294922	41.70071792602539	73.01041412353516
204.2625732421875	64.31047821044922	42.54780197143555	71.6444091796875
204.677978515625	63.6448860168457	42.692142486572266	73.54496002197266
202.5539093017578	64.60600280761719	41.667510986328125	74.8407211303711
203.8201446533203	65.6405029296875	41.79353713989258	73.20897674560547
205.27503967285156	63.95216751098633	42.32709503173828	72.65351104736328
205.46958923339844	63.97629928588867	42.94218063354492	73.14908599853516
204.1254119873047	65.24702453613281	41.56912612915039	72.78273010253906
201.45921325683594	66.49308776855469	42.4404182434082	72.17205810546875
203.2122802734375	63.21760559082031	43.25937271118164	71.9471435546875
203.0463104248047	63.52219772338867	44.39326095581055	69.74088287353516
202.0760955810547	62.101375579833984	41.79282760620117	70.44192504882812
200.63812255859375	59.69222640991211	42.389217376708984	70.49463653564453
200.68592834472656	57.99013137817383	43.85615539550781	71.09414672851562
199.42893981933594	54.192352294921875	44.83418273925781	72.38286590576172
197.17115783691406	51.04734420776367	44.745059967041016	74.6468734741211
195.5090789794922	45.77996826171875	46.80592727661133	78.68938446044922
193.675537109375	42.90568542480469	47.84812927246094	79.49767303466797
194.4264373779297	41.34962463378906	49.56669998168945	79.31615447998047
195.05723571777344	37.90165328979492	49.35905838012695	79.91364288330078
195.49900817871094	39.11753463745117	48.55838394165039	76.7169189453125
195.27635192871094	35.19541931152344	46.43461608886719	79.17371368408203
195.3727569580078	36.349422454833984	46.70878601074219	77.24311065673828
195.2199249267578	36.19816207885742	46.74379348754883	76.49736785888672
195.4958038330078	35.73091125488281	46.944732666015625	76.93286895751953
192.9554901123047	34.858428955078125	46.676265716552734	79.0251235961914
193.1970977783203	33.231746673583984	46.5536994934082	81.79619598388672
192.51966857910156	36.676326751708984	45.68052291870117	79.2359619140625
192.8671875	40.82636642456055	44.83761978149414	77.45328521728516
195.0624542236328	37.51620864868164	46.06053161621094	80.84869384765625
192.87542724609375	38.977447509765625	47.58877944946289	81.537109375
191.7783203125	44.093475341796875	46.39580154418945	79.37926483154297
194.33741760253906	43.36186599731445	47.41123580932617	80.69922637939453
193.9878387451172	46.87565994262695	45.8198127746582	81.21317291259766
194.2003936767578	51.58982849121094	44.48250198364258	78.2446517944336
197.19590759277344	53.23356246948242	45.79593276977539	77.3221664428711
199.5688934326172	56.625431060791016	43.250762939453125	74.32511138916016
199.7467803955078	55.47151184082031	43.8554801940918	76.86729431152344
198.9027557373047	57.53337478637695	43.9045524597168	76.36589813232422
200.23045349121094	57.5523681640625	44.86879348754883	77.1761703491211
199.3544158935547	57.439266204833984	43.33816146850586	79.09632110595703
201.1553497314453	58.44273376464844	44.58717727661133	77.4072265625
199.02146911621094	58.344051361083984	44.532623291015625	78.72427368164062
197.491943359375	59.637081146240234	45.11356735229492	80.0369644165039
198.81724548339844	59.17123031616211	45.87932205200195	79.344482421875
198.3047332763672	58.33790969848633	45.08388137817383	79.39893341064453
199.3590087890625	56.06068801879883	45.16799545288086	81.50000762939453
197.5050048828125	55.86087417602539	44.10280227661133	81.6227035522461
199.47796630859375	56.960994720458984	43.99578857421875	78.51020050048828
198.6348876953125	56.45344924926758	42.73878479003906	76.86128997802734
200.10736083984375	55.82365417480469	45.49972152709961	77.5541763305664
199.9559326171875	55.6595344543457	42.86075973510742	75.67806243896484
198.34844970703125	57.51224899291992	41.255516052246094	72.87726593017578
198.817626953125	52.613800048828125	42.52113723754883	75.76665496826172
198.2085418701172	52.78084945678711	42.98329544067383	74.8165512084961
197.3382110595703	47.31752014160156	43.25309371948242	78.5842514038086
193.76734924316406	49.07295608520508	42.843868255615234	75.5617904663086
196.06739807128906	45.14404296875	43.66250991821289	79.0238265991211
195.61932373046875	45.530670166015625	43.13873291015625	77.80760955810547
197.46888732910156	46.764095306396484	42.71901321411133	75.15950775146484
197.5860137939453	48.42232131958008	43.01870346069336	74.37393188476562
197.747802734375	48.4387321472168	41.682735443115234	73.92147064208984
196.82752990722656	49.18896484375	41.73989486694336	73.50528717041016
198.05165100097656	51.26411819458008	41.50105667114258	72.10108184814453
198.21905517578125	51.92074203491211	41.3599853515625	72.09524536132812
197.5121612548828	50.135990142822266	41.47710037231445	73.58837890625
196.36590576171875	50.14614486694336	43.033660888671875	73.43897247314453
195.27134704589844	50.4858512878418	42.75602340698242	72.69219207763672
193.29217529296875	50.11457443237305	42.25372314453125	73.96222686767578
191.82415771484375	47.67356491088867	42.406829833984375	74.788330078125
191.62139892578125	45.39033889770508	43.04740905761719	76.93525695800781
191.09217834472656	46.65922546386719	43.600223541259766	74.82169342041016
190.387939453125	43.99870681762695	43.34422302246094	76.15010833740234
192.7537384033203	40.65143585205078	44.77349853515625	79.10636138916016
192.5266571044922	41.417110443115234	43.1796875	76.7749252319336
193.3909454345703	40.53529739379883	46.94125747680664	77.2122802734375
191.8068389892578	39.17866516113281	42.5029411315918	76.43651580810547
193.19517517089844	39.68113708496094	44.280460357666016	75.85059356689453
193.64630126953125	41.44623947143555	41.988643646240234	73.2061767578125
191.558349609375	38.846649169921875	42.70473098754883	74.2179183959961
197.62498474121094	43.058406829833984	47.405269622802734	74.18248748779297
194.9212188720703	39.073028564453125	46.1920166015625	75.99684143066406
196.9291534423828	41.55124282836914	47.983341217041016	74.9236831665039
199.28614807128906	42.516876220703125	49.651611328125	76.11724853515625
191.6867218017578	37.099609375	49.27078628540039	83.1446533203125
193.7804412841797	40.36504364013672	52.01181411743164	77.12017822265625
195.12025451660156	38.113162994384766	50.48204040527344	78.62944793701172
192.6230926513672	38.16786575317383	49.3279914855957	76.95885467529297
193.41600036621094	39.47714614868164	50.01789474487305	77.14491271972656
192.00938415527344	39.41385269165039	50.05063247680664	78.50382232666016
192.4720916748047	36.20669937133789	49.18355178833008	79.51543426513672
193.64659118652344	38.92048645019531	49.85187911987305	75.87361907958984
191.2961883544922	37.57766342163086	48.97206497192383	76.75395202636719
192.2085723876953	33.608909606933594	49.496036529541016	78.77574920654297
192.4132080078125	29.475717544555664	49.02199935913086	78.36185455322266
194.27862548828125	31.786699295043945	49.88541030883789	75.67540740966797
193.1900177001953	26.396638870239258	48.99984359741211	78.44094848632812
192.46226501464844	25.89566993713379	48.60744857788086	76.73542022705078
192.02508544921875	24.122018814086914	47.463775634765625	75.8723373413086
191.05165100097656	27.29642677307129	46.16823959350586	71.3862533569336
190.9237060546875	24.605979919433594	44.9192008972168	72.43335723876953
191.0164031982422	25.490331649780273	46.2213249206543	70.09939575195312
184.52903747558594	24.048463821411133	42.08405685424805	74.70492553710938
177.6345977783203	31.481544494628906	39.769100189208984	75.2558822631836
172.72142028808594	37.714962005615234	40.40279769897461	77.46180725097656
169.92193603515625	47.472076416015625	40.18240737915039	77.38568115234375
173.27748107910156	47.94703674316406	44.52458572387695	78.76827239990234
172.6334686279297	48.97364807128906	46.221736907958984	83.86176300048828
172.765869140625	54.344058990478516	44.81418991088867	83.48902130126953
177.1237030029297	56.926361083984375	46.94489669799805	83.07213592529297
172.04734802246094	60.685672760009766	46.9954948425293	84.6559829711914
171.4812774658203	63.03853988647461	48.63814163208008	84.06494903564453
172.7386474609375	64.57305145263672	47.95906448364258	83.89147186279297
174.64842224121094	65.39067840576172	48.06461715698242	85.28030395507812
175.7408905029297	67.12590026855469	50.55559158325195	88.48482513427734
174.91851806640625	67.69695281982422	48.88331985473633	87.78430938720703
173.8894805908203	70.79510498046875	49.51539993286133	83.55744934082031
174.507568359375	69.78897857666016	47.8421516418457	87.92192840576172
177.23243713378906	72.4913101196289	47.33530807495117	87.84183502197266
177.6400909423828	73.21023559570312	47.02750778198242	87.33654022216797
175.7234649658203	75.13985443115234	46.03375244140625	86.7614517211914
177.65773010253906	74.39713287353516	47.661075592041016	86.2391357421875
176.0723114013672	74.100830078125	49.03571701049805	88.79312133789062
176.53871154785156	73.44606018066406	48.80210876464844	90.25495147705078
176.52088928222656	73.97958374023438	49.54618835449219	92.02335357666016
174.6323699951172	72.32515716552734	49.88975143432617	92.6651382446289
177.176513671875	76.5469741821289	49.9266242980957	90.41715240478516
176.97459411621094	76.00359344482422	49.44671630859375	90.70269775390625
177.13279724121094	74.87252807617188	49.69032669067383	90.18502044677734
177.36817932128906	78.77642822265625	49.10502243041992	90.28704833984375
179.5076446533203	84.48275756835938	47.11457824707031	87.22772979736328
