395.0	181.0	9.0	13.0
394.1922912597656	181.5671844482422	9.353327751159668	12.438624382019043
393.9501037597656	181.3625946044922	8.691217422485352	13.42490005493164
393.5097961425781	181.5270233154297	8.82315731048584	12.679444313049316
392.7973937988281	181.93348693847656	8.925788879394531	12.320233345031738
393.1042175292969	181.64894104003906	7.8304057121276855	12.61397933959961
392.3839416503906	181.24913024902344	8.320838928222656	12.892925262451172
391.9297180175781	181.2750244140625	8.70815372467041	13.555054664611816
391.2858581542969	181.4086456298828	8.9765043258667	12.9501314163208
391.1662292480469	180.9844512939453	8.665623664855957	13.62765121459961
390.359130859375	181.2956085205078	8.91211986541748	12.78075885772705
389.96630859375	180.9318084716797	8.946560859680176	13.102604866027832
390.128173828125	180.7417449951172	8.096930503845215	13.114002227783203
389.94921875	180.5320587158203	8.892240524291992	13.152942657470703
388.6704406738281	180.86549377441406	8.931340217590332	13.533051490783691
388.230224609375	181.0591278076172	9.23956298828125	13.254679679870605
387.6604309082031	181.35540771484375	9.150206565856934	13.20659351348877
387.1775207519531	181.0865936279297	9.424784660339355	13.294258117675781
386.66650390625	180.5353240966797	9.804553031921387	14.088420867919922
385.7861022949219	181.2539825439453	9.531725883483887	13.860218048095703
386.2525939941406	181.29811096191406	8.812721252441406	12.979182243347168
385.2181701660156	181.2018585205078	9.651183128356934	13.080309867858887
385.5252990722656	180.96136474609375	8.848731994628906	12.733819007873535
385.1031188964844	181.2387237548828	8.828493118286133	12.500178337097168
384.7062072753906	180.9936981201172	9.391825675964355	12.682731628417969
384.4424133300781	180.6420440673828	9.80752182006836	12.607200622558594
383.9473571777344	180.43019104003906	9.5763578414917	12.909701347351074
383.1611633300781	180.66796875	9.11459732055664	13.709624290466309
383.0368347167969	180.80039978027344	8.270678520202637	13.045548439025879
382.7902526855469	180.99977111816406	8.731510162353516	12.923056602478027
382.30126953125	181.18775939941406	8.88576602935791	12.039955139160156
382.1546936035156	180.8634490966797	8.733345985412598	12.696675300598145
382.0245361328125	180.9402618408203	8.640064239501953	12.543404579162598
381.7511291503906	181.4866180419922	8.045143127441406	11.259662628173828
381.3912048339844	181.0899200439453	8.502522468566895	11.877997398376465
379.7343444824219	180.97735595703125	9.083702087402344	12.730467796325684
378.7759094238281	181.2018280029297	9.794675827026367	13.085968017578125
378.4786071777344	181.567626953125	9.606389045715332	12.150222778320312
378.2352600097656	181.83717346191406	8.598037719726562	12.049732208251953
378.0050048828125	181.8203582763672	9.230472564697266	11.347373962402344
377.2287292480469	182.5787353515625	8.796425819396973	10.558249473571777
376.7498474121094	182.38893127441406	8.963420867919922	11.258770942687988
377.044189453125	181.6602020263672	9.042353630065918	11.475711822509766
377.1034240722656	181.0774688720703	9.118803977966309	12.356690406799316
376.125732421875	180.9247589111328	9.236849784851074	12.523652076721191
374.6211242675781	181.6028289794922	9.838213920593262	12.48595905303955
374.5732421875	181.28330993652344	9.277342796325684	12.456153869628906
374.57421875	181.30224609375	9.204384803771973	12.214286804199219
373.5083312988281	181.3832244873047	9.228534698486328	12.568327903747559
373.802978515625	181.064697265625	8.640666007995605	12.075892448425293
372.7543640136719	181.20164489746094	9.312198638916016	12.607181549072266
372.4422912597656	181.5650634765625	9.3272123336792	11.847755432128906
371.5224609375	181.6202392578125	9.820907592773438	12.385682106018066
370.974853515625	181.3040771484375	9.792160034179688	13.390557289123535
370.1410827636719	181.47254943847656	9.735186576843262	13.070744514465332
370.1341247558594	181.4337615966797	9.971713066101074	12.573145866394043
369.4327392578125	181.47930908203125	9.711575508117676	12.871689796447754
369.240234375	181.691650390625	9.436918258666992	12.280342102050781
368.9493103027344	181.7934112548828	8.812027931213379	11.822407722473145
368.4188232421875	181.39625549316406	9.246962547302246	13.283347129821777
367.6219177246094	181.2606658935547	9.115696907043457	13.056469917297363
367.221435546875	181.4385986328125	9.130742073059082	12.829874992370605
366.8150634765625	181.1558074951172	9.343132019042969	13.037196159362793
366.8807373046875	181.9499969482422	8.209507942199707	11.265373229980469
366.52880859375	181.87542724609375	8.20300006866455	11.108631134033203
366.0302734375	181.87242126464844	8.242718696594238	11.351089477539062
365.5977478027344	182.21485900878906	8.143062591552734	10.507675170898438
364.2806091308594	182.3760223388672	8.882537841796875	11.17740249633789
364.2647705078125	181.26576232910156	8.689984321594238	12.439192771911621
362.3948669433594	182.4254150390625	9.335789680480957	11.802613258361816
362.1849365234375	182.7787628173828	8.311223983764648	11.065292358398438
361.8420104980469	182.1862030029297	8.795443534851074	11.7424955368042
361.693359375	182.51129150390625	8.66881275177002	11.035845756530762
361.2491149902344	181.91160583496094	8.787169456481934	11.584757804870605
361.1540222167969	182.39317321777344	7.962483882904053	10.799945831298828
360.0923156738281	181.9704132080078	9.154763221740723	11.529637336730957
359.4213562011719	182.1905975341797	8.8778715133667	11.206793785095215
359.0908203125	181.96018981933594	8.706439018249512	11.525269508361816
359.0732727050781	182.2373809814453	7.972436904907227	10.483794212341309
358.7161865234375	182.36692810058594	7.801704406738281	9.742989540100098
358.2454833984375	181.99998474121094	8.166695594787598	10.660967826843262
356.6651916503906	182.7286376953125	8.556745529174805	10.982874870300293
356.3161926269531	182.4914093017578	8.976696014404297	11.21370792388916
355.9364318847656	181.42127990722656	9.01437759399414	12.658134460449219
355.0198669433594	181.61053466796875	9.8062105178833	12.601349830627441
354.7283935546875	182.1239776611328	9.44092082977295	11.19068431854248
353.9137268066406	181.9823455810547	9.121767044067383	11.825827598571777
353.0953674316406	182.02174377441406	9.893197059631348	11.812361717224121
353.1570129394531	181.80027770996094	9.034274101257324	11.578120231628418
352.5721740722656	182.32049560546875	8.915431022644043	10.8109130859375
351.228515625	182.5843048095703	8.64311695098877	11.612320899963379
350.735107421875	181.89208984375	9.672746658325195	12.39017391204834
350.7102966308594	182.30474853515625	8.18457317352295	11.102291107177734
350.3230895996094	181.64178466796875	8.636874198913574	12.323063850402832
350.1832580566406	182.0949249267578	8.416218757629395	10.917075157165527
349.1848449707031	182.06854248046875	8.41745662689209	11.476524353027344
348.825927734375	182.15130615234375	8.940884590148926	11.226597785949707
347.4983825683594	181.8626708984375	8.87147331237793	12.069487571716309
346.6879577636719	181.565185546875	9.344132423400879	12.86141586303711
345.9482727050781	182.0563507080078	8.903555870056152	12.419461250305176
345.3271789550781	182.01844787597656	8.692620277404785	12.617356300354004
344.8944091796875	181.68397521972656	9.375880241394043	13.42938232421875
343.6839294433594	181.56622314453125	9.9053955078125	13.648696899414062
343.1188049316406	181.5872344970703	9.936915397644043	13.606525421142578
343.0097961425781	183.8510284423828	10.106356620788574	10.106356620788574
342.0301208496094	181.1995391845703	10.1538724899292	14.138187408447266
341.9187316894531	180.67401123046875	9.478009223937988	13.851536750793457
340.9662170410156	181.1601104736328	10.039188385009766	13.863296508789062
339.5620422363281	181.44775390625	9.384405136108398	13.734269142150879
339.4254150390625	181.67491149902344	9.342662811279297	13.208648681640625
338.9967346191406	181.34141540527344	9.65017032623291	13.50544261932373
337.8547668457031	181.0782470703125	9.964512825012207	14.284767150878906
337.1358337402344	181.48583984375	9.991433143615723	13.591113090515137
336.8962707519531	181.0675048828125	10.07345962524414	15.228960990905762
336.1754455566406	180.336181640625	10.50757884979248	16.181528091430664
335.0243835449219	180.69590759277344	10.066603660583496	15.863141059875488
334.29876708984375	180.666015625	10.493476867675781	15.493901252746582
334.1178894042969	180.39894104003906	9.941422462463379	15.661120414733887
333.7172546386719	180.1858673095703	9.990337371826172	16.004472732543945
332.4110107421875	181.0600128173828	10.528932571411133	14.976264953613281
332.2368469238281	181.16033935546875	10.366345405578613	14.521557807922363
331.8525695800781	181.47654724121094	10.146894454956055	13.556106567382812
331.9699401855469	183.2159423828125	10.171252250671387	10.171252250671387
331.0223388671875	183.1038818359375	10.204833030700684	10.204833030700684
329.2582702636719	183.63160705566406	10.336710929870605	10.336710929870605
327.9427490234375	184.16941833496094	10.20287036895752	10.20287036895752
327.0195007324219	181.65882873535156	10.044806480407715	13.538012504577637
326.4314270019531	181.97068786621094	9.80341625213623	13.638287544250488
326.0751647949219	181.4495086669922	10.72668170928955	12.94442081451416
324.93389892578125	181.83770751953125	9.917991638183594	13.462983131408691
323.8538818359375	182.161376953125	11.576377868652344	12.869532585144043
323.8965148925781	182.41015625	10.943255424499512	12.89699649810791
322.4053649902344	181.8824920654297	10.654889106750488	13.459785461425781
322.9554443359375	178.8313446044922	11.924369812011719	12.005587577819824
323.1377868652344	182.27928161621094	10.165190696716309	10.165190696716309
328.4882507324219	183.43711853027344	10.223166465759277	10.223166465759277
335.6252746582031	181.1793670654297	10.220465660095215	10.220465660095215
342.4677734375	178.6285400390625	10.283768653869629	10.283768653869629
344.6007385253906	173.58888244628906	10.171859741210938	10.171859741210938
339.91064453125	169.855224609375	10.117304801940918	10.117304801940918
343.4580383300781	172.2183837890625	10.030768394470215	10.030768394470215
346.6006774902344	176.82737731933594	10.210583686828613	10.210583686828613
346.2943115234375	179.2388153076172	11.318196296691895	12.883133888244629
350.5674133300781	180.7163543701172	10.331292152404785	13.644721031188965
356.8206481933594	182.2947998046875	10.253068923950195	10.253068923950195
362.0229187011719	180.487060546875	9.34509563446045	13.493980407714844
366.8968811035156	180.5130157470703	10.114529609680176	13.773948669433594
372.0516357421875	178.86444091796875	9.98782730102539	14.15719223022461
376.6797180175781	179.05345153808594	9.6378173828125	14.2847318649292
380.9256591796875	178.76397705078125	10.560077667236328	13.313498497009277
385.0669250488281	179.99334716796875	10.580109596252441	14.296703338623047
390.2253112792969	182.6947784423828	10.2234468460083	10.2234468460083
392.8883361816406	181.1380615234375	9.203646659851074	13.431888580322266
396.3241271972656	180.5548095703125	8.677006721496582	14.374110221862793
397.4624328613281	180.8984375	9.586708068847656	12.665682792663574
401.6747131347656	180.2357635498047	10.528054237365723	10.528054237365723
404.6819763183594	178.24298095703125	10.883525848388672	14.634589195251465
407.997314453125	178.71820068359375	10.020545959472656	14.841687202453613
411.1048278808594	178.19219970703125	9.88945484161377	14.929378509521484
414.3643493652344	177.96070861816406	9.483987808227539	14.466059684753418
416.8399353027344	178.3664093017578	9.541764259338379	14.236721992492676
419.2825622558594	177.2071075439453	9.891924858093262	15.339396476745605
420.7948913574219	180.05963134765625	10.240155220031738	10.240155220031738
422.9295959472656	178.221435546875	10.085186004638672	14.961649894714355
425.8876037597656	177.86407470703125	9.575390815734863	13.819587707519531
427.7406921386719	178.4102325439453	9.393980979919434	13.988136291503906
429.694091796875	178.67127990722656	10.100436210632324	14.083175659179688
431.4863586425781	178.44496154785156	9.684586524963379	12.84954833984375
433.0733337402344	178.5439453125	10.208659172058105	12.891247749328613
434.6792297363281	178.9679412841797	10.49985408782959	13.198071479797363
436.64013671875	178.7360382080078	9.32838249206543	13.464312553405762
438.76220703125	179.7405548095703	10.431260108947754	10.431260108947754
440.4755554199219	178.7557830810547	9.650087356567383	12.96054458618164
442.1371154785156	178.78857421875	9.504133224487305	12.859634399414062
444.2513732910156	178.6011199951172	8.88724422454834	11.924939155578613
445.3089904785156	178.8059844970703	8.963305473327637	12.26589584350586
446.4420166015625	178.90283203125	9.21650505065918	12.26269245147705
447.7552795410156	178.82012939453125	9.363980293273926	12.623695373535156
449.5124816894531	178.2225341796875	9.068389892578125	12.55673885345459
450.6241149902344	179.05137634277344	8.884268760681152	12.001738548278809
451.4859619140625	178.62786865234375	8.53817081451416	12.824372291564941
452.56689453125	178.33917236328125	8.591080665588379	13.40575122833252
453.4735412597656	178.27545166015625	9.339497566223145	13.237299919128418
454.06005859375	177.7401580810547	9.610196113586426	12.78629207611084
455.4501037597656	177.71888732910156	9.88363265991211	13.611404418945312
456.9771423339844	177.9729766845703	10.094462394714355	13.32662582397461
458.5070495605469	178.6296844482422	9.415240287780762	12.016368865966797
459.8334045410156	178.05067443847656	8.888766288757324	12.314343452453613
460.6578369140625	178.7965087890625	10.055668830871582	10.055668830871582
461.7816467285156	178.64361572265625	8.691933631896973	11.749897003173828
462.732177734375	178.6617889404297	8.407631874084473	12.280936241149902
463.5389099121094	178.41729736328125	8.838396072387695	11.986384391784668
467.3799133300781	178.81996154785156	10.009028434753418	10.009028434753418
468.9893798828125	178.38844299316406	9.732861518859863	11.035797119140625
469.585205078125	178.28076171875	9.212326049804688	11.937095642089844
470.0963439941406	178.4253387451172	9.181966781616211	11.546814918518066
470.7095031738281	178.4878387451172	9.938030242919922	10.666712760925293
474.58203125	179.8874969482422	10.124163627624512	10.124163627624512
474.784912109375	178.8956298828125	10.665718078613281	10.8480863571167
474.6051330566406	179.1743621826172	10.627548217773438	11.103774070739746
477.717529296875	179.2770538330078	9.858283042907715	10.458388328552246
478.5213928222656	178.45640563964844	10.197378158569336	10.197378158569336
478.9498596191406	178.48663330078125	9.749321937561035	11.975728034973145
480.1794128417969	178.49853515625	9.967459678649902	11.719332695007324
480.7171630859375	178.5843048095703	9.494998931884766	12.68329906463623
482.2310791015625	178.4282989501953	8.930126190185547	11.973191261291504
482.3111572265625	178.910888671875	8.955487251281738	11.498032569885254
483.1888427734375	178.9894561767578	8.811564445495605	10.916666984558105
483.5207824707031	178.4394073486328	9.53872299194336	12.088377952575684
484.0552978515625	178.73265075683594	9.319365501403809	11.530357360839844
