205.0	1.0	53.0	156.0
203.88037109375	1.0387827157974243	52.700927734375	156.1568145751953
203.2886199951172	0.47755685448646545	52.6219482421875	159.8592987060547
202.68516540527344	1.2545496225357056	52.502044677734375	156.18161010742188
202.6043701171875	0.5699615478515625	51.90980529785156	154.8515167236328
202.234619140625	0.0	50.65766525268555	156.13233947753906
201.6622314453125	0.0	50.261165618896484	157.32308959960938
201.0290985107422	0.18697230517864227	50.12678909301758	155.4735565185547
200.6746826171875	0.790185272693634	50.38612365722656	156.601318359375
201.0950469970703	0.9913622736930847	50.58339309692383	160.27540588378906
201.28350830078125	2.294281005859375	49.61015701293945	156.31198120117188
200.76759338378906	4.116416931152344	50.8859977722168	155.3616485595703
201.3644561767578	4.64209508895874	50.0965576171875	149.54490661621094
200.2706756591797	4.425584316253662	49.658565521240234	147.2152557373047
200.74009704589844	2.3206253051757812	50.32257080078125	148.6621551513672
200.3167266845703	1.3478164672851562	49.764400482177734	147.68809509277344
200.3575897216797	1.6119168996810913	49.993045806884766	148.0299835205078
200.09828186035156	2.4241092205047607	49.50201416015625	149.66294860839844
198.8829345703125	5.295412540435791	51.4903678894043	154.09617614746094
199.1929168701172	4.507633209228516	51.58469772338867	155.60629272460938
199.01812744140625	5.139146327972412	51.413848876953125	157.214111328125
199.84356689453125	3.951953887939453	49.62953186035156	150.88482666015625
200.0326385498047	1.6018943786621094	49.39121627807617	151.27906799316406
199.51853942871094	3.4002773761749268	49.14219284057617	148.1117706298828
199.5373992919922	3.838040590286255	49.277034759521484	146.95169067382812
198.79774475097656	6.000036716461182	49.654903411865234	143.02354431152344
198.9487762451172	5.149118900299072	49.23517990112305	143.58018493652344
198.4152374267578	4.216785430908203	48.271759033203125	145.5822296142578
197.8341522216797	3.9840023517608643	48.10898971557617	147.51138305664062
197.45989990234375	3.5650699138641357	47.590274810791016	152.77394104003906
197.7947998046875	3.7457821369171143	46.67281723022461	150.8255615234375
198.4315948486328	2.074773073196411	45.92051315307617	146.19947814941406
197.5357208251953	3.4903335571289062	47.19722366333008	143.9845733642578
196.8211212158203	5.607694149017334	46.79597854614258	142.65252685546875
197.73133850097656	6.310098171234131	47.024967193603516	144.0652618408203
199.02691650390625	6.341536045074463	46.330596923828125	144.0746612548828
199.37351989746094	8.89521312713623	46.029327392578125	145.41920471191406
199.2486572265625	6.452325344085693	46.322017669677734	141.7154083251953
199.04649353027344	5.198734283447266	46.06547164916992	141.2923126220703
199.6362762451172	6.095447540283203	46.108829498291016	140.4458465576172
198.8977813720703	3.9460346698760986	45.223724365234375	140.22442626953125
199.0862274169922	5.106569766998291	45.00761032104492	139.02442932128906
199.47193908691406	5.596580505371094	44.27925109863281	137.18603515625
199.6962890625	6.511663913726807	45.9456672668457	143.1927947998047
198.10789489746094	8.410674095153809	48.55152893066406	146.7058563232422
199.0200653076172	9.765225410461426	47.795413970947266	143.87374877929688
200.46319580078125	8.073807716369629	46.899261474609375	140.3364715576172
201.5631561279297	6.609272003173828	45.168514251708984	139.09161376953125
202.3113555908203	6.082502841949463	43.3751106262207	137.8678741455078
202.7320098876953	7.7129364013671875	42.80768966674805	135.3516845703125
203.0228729248047	8.141764640808105	43.83835220336914	133.182373046875
202.62677001953125	6.517652988433838	44.94367980957031	133.9709014892578
203.1175994873047	7.232212543487549	45.037174224853516	132.6494140625
202.5788116455078	7.0729241371154785	46.03279113769531	133.72622680664062
202.6443328857422	7.353140354156494	44.93293762207031	133.5259552001953
202.7773895263672	8.590548515319824	43.62974166870117	132.15087890625
203.3643798828125	8.51880931854248	43.577239990234375	135.22291564941406
203.28086853027344	7.948449611663818	43.1840705871582	137.40609741210938
203.339111328125	6.821422576904297	43.4590950012207	135.79820251464844
203.50550842285156	5.266928195953369	42.31997299194336	136.03919982910156
203.1201171875	6.518423557281494	42.868167877197266	136.88446044921875
203.0334014892578	6.920751094818115	43.85738754272461	138.8776397705078
203.6053009033203	6.942420959472656	42.66054153442383	135.529052734375
203.5634002685547	6.30715799331665	42.72146987915039	135.6575927734375
205.0322723388672	6.119026184082031	42.08031463623047	136.6714324951172
204.9647674560547	6.248054504394531	42.40947341918945	135.84349060058594
205.20838928222656	5.535696506500244	42.364131927490234	136.4060516357422
205.22003173828125	6.380013942718506	42.992191314697266	134.4904022216797
205.610107421875	7.8571295738220215	43.04954147338867	134.6941375732422
205.5316162109375	8.643299102783203	43.20615768432617	138.20506286621094
205.63197326660156	10.306212425231934	43.899723052978516	138.5221710205078
205.80836486816406	9.22148609161377	43.628116607666016	141.11805725097656
206.3747100830078	7.268856048583984	42.6606330871582	140.1946563720703
206.46717834472656	8.204463005065918	42.19963073730469	136.70631408691406
206.71331787109375	8.485057830810547	41.72307205200195	135.3119354248047
206.3207244873047	8.145325660705566	41.29847717285156	135.0765380859375
205.8534698486328	9.330714225769043	42.41097640991211	131.78053283691406
205.9710235595703	9.255846977233887	42.64280319213867	131.2549285888672
205.5720672607422	8.553913116455078	43.0234375	131.0736083984375
204.8325653076172	9.610663414001465	42.650569915771484	129.41993713378906
205.1341552734375	10.867186546325684	42.12379837036133	130.36399841308594
204.9384002685547	9.937729835510254	41.95701599121094	131.23875427246094
204.93389892578125	9.530683517456055	42.64140701293945	129.8504638671875
204.12158203125	9.222611427307129	41.9274787902832	129.3992919921875
203.6858367919922	8.015227317810059	41.66436767578125	130.37310791015625
203.4766845703125	8.232177734375	41.45724105834961	130.63784790039062
203.0397491455078	7.117090702056885	42.41280746459961	133.2122802734375
203.14373779296875	8.93761157989502	42.851802825927734	134.47792053222656
204.8353271484375	9.993217468261719	42.85322952270508	133.97836303710938
203.57623291015625	8.043895721435547	42.0468635559082	132.99244689941406
203.636474609375	8.480674743652344	41.48957824707031	131.5743408203125
203.6415252685547	6.08938455581665	42.51545333862305	134.32781982421875
203.6370849609375	6.427987575531006	42.77872848510742	133.95008850097656
203.75225830078125	7.2334113121032715	43.198665618896484	134.4424591064453
203.63134765625	7.712487697601318	42.36073303222656	132.39646911621094
204.3035430908203	8.615735054016113	43.406463623046875	135.48321533203125
203.66619873046875	10.176338195800781	43.83925247192383	135.77102661132812
203.14247131347656	9.630763053894043	43.5565071105957	136.4285888671875
204.12782287597656	9.86928939819336	43.33527755737305	136.05149841308594
204.75587463378906	9.365448951721191	41.78517150878906	132.36866760253906
205.6456756591797	8.953697204589844	41.571327209472656	131.8870849609375
205.06617736816406	8.999032020568848	42.10026931762695	132.6026153564453
205.03355407714844	11.220138549804688	42.420841217041016	127.72103118896484
204.9674072265625	9.482060432434082	44.314571380615234	129.93472290039062
204.4189910888672	10.218045234680176	42.294551849365234	126.42198944091797
204.5181427001953	11.102917671203613	42.30524826049805	126.22662353515625
204.3608856201172	11.75800609588623	40.60206604003906	126.537353515625
204.72999572753906	10.296642303466797	40.78721237182617	129.6820068359375
204.7314453125	9.453217506408691	41.38964080810547	128.920166015625
204.3185272216797	8.073773384094238	40.6672248840332	129.04368591308594
203.4475555419922	9.375650405883789	40.56709289550781	127.29512786865234
203.33746337890625	13.149018287658691	41.1500358581543	130.3724822998047
203.74676513671875	11.307419776916504	41.85529708862305	133.1542510986328
203.618408203125	9.806050300598145	41.24679183959961	134.86561584472656
204.0485382080078	12.48324203491211	41.82867431640625	132.78114318847656
203.3699188232422	8.379295349121094	42.18107223510742	135.74114990234375
204.0171356201172	9.9558744430542	41.903438568115234	135.22523498535156
203.9254608154297	11.293299674987793	42.560028076171875	134.5511016845703
203.54229736328125	13.250377655029297	42.93320083618164	132.1138458251953
203.44964599609375	12.333588600158691	42.011051177978516	132.8863525390625
203.3303985595703	12.248396873474121	41.96821594238281	133.19998168945312
203.92869567871094	10.83905029296875	42.76375198364258	134.92147827148438
204.34828186035156	9.752673149108887	43.05043029785156	136.5076446533203
204.120361328125	9.96393871307373	42.992549896240234	135.6908721923828
204.41285705566406	12.528597831726074	43.45661544799805	133.17752075195312
204.45008850097656	13.922045707702637	43.66376876831055	132.08470153808594
205.06642150878906	13.455679893493652	44.03302001953125	132.41490173339844
204.9033203125	12.494597434997559	43.97340393066406	133.97900390625
204.4663848876953	14.799513816833496	44.16318130493164	131.58522033691406
205.0518035888672	12.618786811828613	44.42219161987305	132.77239990234375
204.0010986328125	13.304314613342285	44.40217590332031	132.52549743652344
203.73204040527344	13.478947639465332	43.88834762573242	130.6680145263672
203.9331512451172	12.548249244689941	43.99516677856445	131.2310028076172
203.829833984375	11.754432678222656	43.2936897277832	131.41818237304688
203.2640838623047	12.114296913146973	42.993194580078125	132.37161254882812
203.6851043701172	12.626632690429688	44.06245803833008	130.3103790283203
203.36119079589844	12.333752632141113	43.53409194946289	130.88577270507812
201.18565368652344	12.331306457519531	43.45865249633789	133.0008544921875
201.83177185058594	15.392041206359863	43.08066940307617	130.67034912109375
202.29246520996094	12.498283386230469	44.77227783203125	132.67027282714844
201.45863342285156	12.576878547668457	44.35832595825195	132.7335968017578
200.48851013183594	13.297290802001953	44.640193939208984	133.14865112304688
201.2486114501953	12.382889747619629	44.61494445800781	133.9347686767578
200.7939453125	11.883734703063965	45.356327056884766	134.9796905517578
202.21044921875	11.562858581542969	44.992183685302734	133.71121215820312
201.00201416015625	12.528385162353516	44.770267486572266	134.21327209472656
203.26121520996094	10.169610023498535	45.40263748168945	135.40196228027344
202.46240234375	12.491290092468262	44.77201461791992	133.17103576660156
201.4671630859375	10.760879516601562	45.61445617675781	136.82765197753906
201.158203125	11.466904640197754	45.03610610961914	136.22972106933594
201.66184997558594	10.787980079650879	46.004119873046875	136.375244140625
200.9801788330078	10.462307929992676	46.087799072265625	137.51229858398438
202.30577087402344	12.322925567626953	46.58401870727539	133.2483367919922
201.85960388183594	12.682942390441895	46.14106750488281	133.42198181152344
201.6369171142578	11.594832420349121	45.87797927856445	135.7144317626953
201.48162841796875	11.056193351745605	45.956207275390625	136.60719299316406
201.61619567871094	13.360130310058594	46.22807693481445	132.09902954101562
200.52622985839844	10.44024658203125	46.12746047973633	136.83592224121094
200.7935028076172	12.336308479309082	46.098575592041016	134.1976776123047
200.85118103027344	10.483505249023438	46.59122848510742	135.85581970214844
200.87168884277344	9.810908317565918	46.8823127746582	135.99627685546875
200.82923889160156	11.79263687133789	46.89149475097656	134.0614471435547
200.3715057373047	11.995597839355469	45.49125671386719	135.1234588623047
199.5439910888672	11.263760566711426	45.3406982421875	135.7198486328125
198.84132385253906	10.98513412475586	45.57086181640625	137.24822998046875
199.3738555908203	9.898592948913574	45.8751106262207	138.46023559570312
200.2831268310547	9.3465576171875	45.68601989746094	136.2033233642578
199.53758239746094	10.388786315917969	47.05345153808594	136.20013427734375
201.5579376220703	10.633601188659668	46.29261779785156	134.97254943847656
200.3646697998047	10.651326179504395	45.828216552734375	135.45408630371094
199.4083709716797	12.472243309020996	45.2045783996582	134.6359100341797
201.43359375	10.116154670715332	46.88652420043945	134.6171112060547
201.3578643798828	12.689835548400879	44.46664047241211	134.08914184570312
200.7479248046875	12.983348846435547	44.994503021240234	133.5471954345703
200.3472442626953	13.676715850830078	45.53640365600586	133.9717559814453
200.4913330078125	11.53650188446045	44.99867630004883	136.05592346191406
200.5894317626953	12.400116920471191	46.229095458984375	134.7263946533203
200.3181915283203	11.685563087463379	46.317291259765625	136.75326538085938
200.81121826171875	10.58053207397461	47.509307861328125	135.9285430908203
200.53741455078125	11.235461235046387	46.78559494018555	136.6814727783203
199.7274169921875	9.865544319152832	47.51031494140625	138.58274841308594
199.5831756591797	11.691825866699219	47.38710403442383	137.1311492919922
200.66387939453125	10.158562660217285	48.3504524230957	135.8782196044922
202.29176330566406	9.88402271270752	48.70448303222656	135.05148315429688
200.9297332763672	9.397815704345703	47.46915817260742	137.53662109375
200.23707580566406	9.291751861572266	47.0204963684082	138.37118530273438
199.83323669433594	9.980181694030762	46.94387435913086	138.36053466796875
201.26910400390625	10.01019287109375	46.577789306640625	136.53302001953125
201.47850036621094	10.228569984436035	46.53786849975586	135.6759033203125
204.99183654785156	9.39136028289795	46.61103820800781	133.09536743164062
204.28570556640625	7.954185485839844	47.00787353515625	134.02845764160156
204.624267578125	7.965597629547119	47.41218185424805	133.44223022460938
203.1627655029297	7.735599517822266	47.96152877807617	134.46327209472656
202.9907684326172	8.366106986999512	47.34257125854492	133.8116912841797
203.50648498535156	9.153916358947754	48.23368453979492	133.1991729736328
203.52235412597656	8.45324420928955	47.33182907104492	133.75379943847656
203.8991241455078	11.149394035339355	46.27827072143555	131.7306671142578
203.4497528076172	8.630179405212402	46.600521087646484	133.45565795898438
204.44207763671875	8.689553260803223	46.19147872924805	134.6407012939453
203.00360107421875	9.420809745788574	46.858489990234375	135.46597290039062
201.70689392089844	9.717827796936035	46.28836441040039	136.49290466308594
201.7541961669922	9.6434907913208	46.7423095703125	137.01171875
200.553466796875	10.575791358947754	46.5616340637207	137.0567626953125
201.89349365234375	9.101455688476562	46.56327438354492	137.36949157714844
201.70875549316406	10.1668701171875	46.93867874145508	137.1080780029297
200.81451416015625	11.147944450378418	47.4489860534668	136.9066619873047
200.95082092285156	11.896197319030762	46.7967529296875	136.08331298828125
201.0407257080078	11.74577808380127	47.00265121459961	135.46229553222656
201.1888427734375	12.447710990905762	47.42402648925781	134.14955139160156
200.60430908203125	10.322867393493652	46.43791198730469	138.19894409179688
201.53509521484375	7.870690822601318	47.655635833740234	139.70835876464844
201.9127655029297	8.457640647888184	47.0328254699707	138.36265563964844
201.3937225341797	8.638972282409668	46.66376876831055	139.0169677734375
201.5927734375	7.108432769775391	46.38139724731445	139.72027587890625
203.13092041015625	8.047295570373535	46.876399993896484	136.93736267089844
202.0081787109375	8.433587074279785	46.652462005615234	136.72169494628906
202.9768829345703	8.400198936462402	46.78609085083008	136.44259643554688
205.1067657470703	7.761457920074463	46.84303283691406	134.64669799804688
200.82579040527344	9.325182914733887	46.08308029174805	135.1431884765625
204.56297302246094	9.109211921691895	46.6170768737793	133.6122283935547
204.5883331298828	9.011035919189453	46.8274040222168	133.38706970214844
201.02369689941406	7.732858180999756	47.36117935180664	137.33740234375
201.48072814941406	9.564072608947754	46.86366653442383	135.2145233154297
201.9353790283203	9.789467811584473	46.938358306884766	135.19277954101562
201.7261199951172	8.304344177246094	46.6724853515625	137.15699768066406
202.0661163330078	9.382977485656738	46.2511100769043	136.10304260253906
201.51329040527344	9.715657234191895	47.13273239135742	136.44363403320312
201.91331481933594	9.46664810180664	46.85690689086914	136.87217712402344
200.4736785888672	10.293323516845703	46.06793212890625	137.9901580810547
201.3607940673828	9.340353965759277	46.55342483520508	137.9889373779297
202.3253173828125	10.664050102233887	46.60935592651367	135.5179901123047
201.0732421875	10.7330961227417	46.28187561035156	137.11366271972656
201.61708068847656	10.541015625	46.465576171875	136.48617553710938
201.56988525390625	10.191084861755371	46.08334732055664	137.17242431640625
200.69622802734375	11.466034889221191	46.2381477355957	136.69503784179688
201.1675567626953	9.647979736328125	46.57392883300781	138.37998962402344
202.54139709472656	10.547950744628906	46.92543029785156	135.7455291748047
202.25657653808594	10.268814086914062	46.64755630493164	135.8325958251953
200.4720458984375	9.450786590576172	45.60202407836914	139.16798400878906
199.73785400390625	8.66734790802002	45.47675704956055	139.76144409179688
199.73558044433594	9.959556579589844	45.4703483581543	139.61981201171875
200.88160705566406	8.141823768615723	46.763248443603516	139.29400634765625
201.00584411621094	7.565855503082275	47.54411697387695	140.31517028808594
197.31922912597656	10.073063850402832	47.143070220947266	140.86033630371094
199.6079559326172	7.462289333343506	47.93035888671875	141.2588348388672
198.93902587890625	8.747604370117188	47.27382278442383	141.74526977539062
197.9849090576172	8.64681625366211	47.73502731323242	141.42982482910156
198.95977783203125	9.290908813476562	47.791351318359375	138.9105987548828
197.73365783691406	9.197346687316895	47.50069046020508	141.47470092773438
197.51393127441406	10.207215309143066	47.93721389770508	140.1050262451172
197.46435546875	7.5602850914001465	48.29969787597656	144.67259216308594
197.417724609375	7.98906946182251	49.2874755859375	143.130615234375
198.8103485107422	10.004508972167969	48.65227127075195	139.14154052734375
197.4403839111328	10.2156343460083	48.5714111328125	141.45956420898438
198.0286865234375	6.862102508544922	48.74383544921875	144.41835021972656
199.98731994628906	9.064061164855957	48.23305892944336	139.72068786621094
201.735595703125	10.29613971710205	47.46200180053711	135.53404235839844
202.5397186279297	8.645686149597168	46.89448928833008	137.23318481445312
200.4588623046875	9.519695281982422	47.8314208984375	137.9727325439453
200.4397735595703	9.545707702636719	47.74259567260742	138.1601104736328
200.1392059326172	8.802638053894043	47.637542724609375	138.59671020507812
200.1948699951172	9.123373985290527	48.69914245605469	139.3020782470703
200.4690399169922	8.176403999328613	48.55316162109375	139.49847412109375
200.41473388671875	8.913308143615723	48.964969635009766	138.5822296142578
198.0262908935547	9.345599174499512	49.5984992980957	141.1352996826172
200.38360595703125	7.524831295013428	49.879241943359375	140.18885803222656
199.02880859375	7.486779689788818	49.18410873413086	141.0139923095703
199.56639099121094	8.294380187988281	48.58088302612305	139.27442932128906
200.6998291015625	8.178933143615723	48.34153366088867	138.67584228515625
199.0966796875	7.008930206298828	48.517730712890625	140.96644592285156
202.4735565185547	9.111477851867676	48.081295013427734	135.9089813232422
198.1478271484375	7.2618536949157715	48.426265716552734	141.97654724121094
200.93528747558594	9.045271873474121	48.20927429199219	136.79827880859375
201.2712860107422	8.023360252380371	48.60298156738281	137.09185791015625
200.2537384033203	10.342974662780762	48.09816360473633	135.735107421875
201.900390625	7.624220371246338	47.755252838134766	137.17193603515625
200.60577392578125	8.623100280761719	48.27035140991211	137.34593200683594
203.3355712890625	8.82097339630127	48.634952545166016	134.3934783935547
202.681640625	8.720368385314941	47.90703201293945	136.10472106933594
201.1212921142578	8.559075355529785	48.33930587768555	136.8770294189453
202.1293487548828	10.05004596710205	48.10714340209961	134.9593048095703
200.5973663330078	9.045403480529785	48.3902587890625	137.04515075683594
199.92626953125	8.551620483398438	48.24847412109375	138.6674041748047
201.51502990722656	9.640145301818848	48.050994873046875	134.58876037597656
200.3689727783203	9.659050941467285	47.908233642578125	136.93017578125
200.89764404296875	9.089130401611328	48.10663986206055	137.38916015625
198.28076171875	8.2058687210083	48.5644416809082	140.5585174560547
198.23468017578125	8.259586334228516	48.33823013305664	141.0296630859375
197.34271240234375	10.573227882385254	48.33536911010742	139.72752380371094
199.54644775390625	8.370720863342285	48.72567367553711	140.1624298095703
199.4145965576172	9.1277494430542	48.990108489990234	138.7106170654297
200.7361602783203	9.122176170349121	47.97714614868164	137.91636657714844
199.694091796875	10.081002235412598	49.06479263305664	137.31863403320312
201.5479278564453	6.433757781982422	49.076080322265625	139.64779663085938
201.79383850097656	7.081010341644287	48.84922409057617	139.6559295654297
201.47613525390625	8.751420021057129	48.784423828125	136.925537109375
202.45286560058594	6.929374694824219	49.269535064697266	137.27940368652344
201.92921447753906	6.583288669586182	49.220367431640625	138.7799835205078
204.09222412109375	7.147396087646484	48.95770263671875	136.8955841064453
204.0134735107422	8.288825988769531	48.79253005981445	136.91065979003906
204.68580627441406	8.014209747314453	47.67337417602539	137.06224060058594
205.34352111816406	7.0087761878967285	48.422420501708984	137.22618103027344
204.76402282714844	7.401666164398193	48.466796875	137.4864959716797
206.5679168701172	6.009803771972656	48.212276458740234	136.8840789794922
206.8451690673828	7.341434478759766	47.98677444458008	136.06268310546875
203.47711181640625	9.442601203918457	48.62821578979492	135.6190948486328
201.7218017578125	9.146601676940918	48.78129196166992	137.6573944091797
204.21852111816406	7.622267246246338	49.54048156738281	136.58311462402344
205.8682403564453	7.779435634613037	48.9134407043457	135.4794464111328
205.9685821533203	6.601682186126709	49.493343353271484	136.71397399902344
203.8846893310547	8.205483436584473	49.86274719238281	136.4243927001953
205.4967041015625	8.218002319335938	49.38838577270508	135.8050537109375
205.0368194580078	7.923089504241943	49.63956832885742	136.6446533203125
206.4911651611328	7.736353397369385	48.888912200927734	135.58010864257812
207.1631622314453	8.774081230163574	48.886478424072266	135.2067108154297
204.43505859375	8.950057029724121	49.61260986328125	135.48316955566406
204.013916015625	7.447542667388916	50.29927062988281	136.76502990722656
204.75804138183594	9.791306495666504	49.92893981933594	134.42906188964844
204.04774475097656	7.797705173492432	50.14860916137695	137.1000518798828
203.2415313720703	9.739514350891113	49.47001266479492	134.6022186279297
205.66749572753906	7.965841770172119	48.8208122253418	136.07276916503906
206.35142517089844	7.506429195404053	48.582672119140625	136.42652893066406
206.56187438964844	6.625174045562744	48.37124252319336	137.38316345214844
205.8515167236328	7.980349063873291	48.51820755004883	136.22052001953125
206.3576202392578	8.334624290466309	48.29888916015625	136.39161682128906
207.5707550048828	7.91354513168335	47.91548156738281	136.7875213623047
205.81787109375	8.367045402526855	48.83010482788086	136.19325256347656
208.37562561035156	7.729322910308838	47.13791275024414	137.0927276611328
206.97003173828125	7.8969268798828125	48.0060920715332	136.68272399902344
209.7398681640625	7.157312870025635	46.28859329223633	136.96546936035156
207.9345703125	7.295496463775635	46.631866455078125	136.9745330810547
210.5179443359375	5.8606438636779785	45.66648864746094	137.59336853027344
209.4194793701172	6.265626430511475	45.637874603271484	136.92791748046875
208.31419372558594	6.9274725914001465	46.29384994506836	135.83062744140625
208.3829803466797	7.92559289932251	46.80574417114258	134.79237365722656
207.00450134277344	5.516071319580078	47.283203125	137.23605346679688
209.01060485839844	6.349447727203369	47.12046813964844	136.38902282714844
208.1980438232422	7.156087398529053	47.38859939575195	136.05455017089844
207.94761657714844	6.0988335609436035	47.80710220336914	136.8732147216797
207.20225524902344	6.587583065032959	48.191219329833984	136.63511657714844
207.7113494873047	6.747642517089844	47.895992279052734	136.1716766357422
207.84996032714844	6.89279317855835	48.368255615234375	136.8848419189453
206.38706970214844	6.394029140472412	49.15315246582031	137.47055053710938
206.8865966796875	8.760815620422363	48.864131927490234	135.69659423828125
206.52244567871094	5.702462673187256	48.93961715698242	138.50193786621094
206.6354217529297	5.537197113037109	49.040103912353516	138.2692108154297
204.42649841308594	7.161128997802734	50.47060012817383	137.80885314941406
205.5025634765625	5.493592739105225	49.4335823059082	138.03831481933594
206.0206298828125	5.964271545410156	49.52777099609375	137.5850830078125
205.56085205078125	5.663105010986328	49.60505676269531	138.2365264892578
204.81544494628906	5.7215094566345215	49.675811767578125	138.76332092285156
205.13121032714844	7.0966477394104	49.81338882446289	136.9238739013672
205.2239532470703	7.071412563323975	50.004634857177734	137.94068908691406
205.3126220703125	7.048605442047119	49.77067947387695	137.5922393798828
204.6254119873047	7.132587432861328	49.48031997680664	137.252685546875
205.33375549316406	6.2003912925720215	49.67784118652344	137.88882446289062
206.23577880859375	6.089944362640381	49.20320510864258	138.86402893066406
204.21087646484375	6.980204105377197	49.577457427978516	137.67616271972656
205.238037109375	7.1330742835998535	48.81912612915039	137.2032928466797
206.515869140625	7.139553070068359	48.19986343383789	136.6237335205078
206.1130828857422	6.4594292640686035	48.281429290771484	138.4598846435547
206.52508544921875	6.176675319671631	48.2015495300293	138.33175659179688
205.94654846191406	6.488111972808838	48.355560302734375	137.0983428955078
205.13734436035156	7.600227355957031	49.060977935791016	137.28570556640625
205.8674774169922	6.6308159828186035	49.06304931640625	137.71278381347656
205.3551483154297	7.140432834625244	49.060543060302734	137.04054260253906
204.89918518066406	7.063224792480469	49.2680549621582	137.05162048339844
205.3859405517578	7.955604553222656	49.01484298706055	136.58682250976562
204.8875732421875	6.680200099945068	49.85708236694336	138.39283752441406
204.66856384277344	5.335306644439697	49.80224609375	139.75010681152344
204.21141052246094	7.447040557861328	49.6967887878418	138.14443969726562
205.31591796875	6.1901373863220215	49.37870407104492	138.54869079589844
204.95680236816406	7.175425052642822	49.19657897949219	137.89796447753906
205.8790740966797	7.642832279205322	48.89529800415039	137.58270263671875
205.10362243652344	4.778115749359131	48.97916030883789	140.9140625
205.2764434814453	5.13427734375	48.868988037109375	140.06590270996094
205.31077575683594	7.086248874664307	49.05024337768555	138.56854248046875
204.47764587402344	6.088554382324219	49.49918746948242	139.95777893066406
205.8342742919922	6.319742679595947	48.52888488769531	138.44515991210938
204.7334747314453	6.02289342880249	48.766422271728516	139.5983123779297
204.13771057128906	5.631683349609375	49.44680404663086	140.21463012695312
205.1523895263672	5.553185939788818	48.756229400634766	139.9451141357422
206.7410888671875	6.335052490234375	47.666019439697266	138.86439514160156
206.425537109375	6.4946136474609375	48.16075134277344	139.08424377441406
206.2021942138672	6.400049686431885	47.781673431396484	138.77223205566406
206.0902099609375	6.326670169830322	47.88065719604492	138.5553741455078
205.8955078125	6.280545711517334	48.061527252197266	139.09136962890625
205.92120361328125	5.873804569244385	47.992801666259766	139.2807159423828
206.51043701171875	6.0692925453186035	47.24504089355469	139.6440887451172
206.2129669189453	6.2010016441345215	47.046016693115234	139.67552185058594
206.8001251220703	5.632122039794922	46.89704895019531	140.11553955078125
207.6189727783203	4.518754482269287	46.760986328125	141.3763427734375
205.637939453125	4.845500946044922	47.879337310791016	141.7211151123047
206.9557647705078	4.771326541900635	46.795013427734375	141.68788146972656
207.19627380371094	4.692476749420166	46.492279052734375	141.40966796875
206.7681884765625	4.666955471038818	46.78745651245117	141.10220336914062
