219	87	32	15	
218.1726531982422	86.18784761428833	32.257781982421875	13.876944541931152	
217.36412620544434	86.75914764404297	31.761859893798828	14.258407592773438	
214.63905906677246	86.72586965560913	33.41426467895508	14.76183032989502	
213.26338386535645	87.18425798416138	33.706180572509766	14.157156944274902	
211.31959915161133	87.0111837387085	33.585174560546875	14.754549026489258	
210.37297821044922	87.27679204940796	33.523162841796875	14.78874683380127	
208.25314903259277	86.68790578842163	33.53872299194336	14.742390632629395	
207.39591598510742	87.59210920333862	32.680931091308594	14.350098609924316	
205.16221618652344	87.46668863296509	34.113189697265625	14.9497709274292	
202.76652336120605	87.99545335769653	35.365665435791016	15.108428001403809	
202.24846267700195	87.14162731170654	34.86357879638672	15.106279373168945	
200.4376678466797	88.28824138641357	34.54082489013672	14.992769241333008	
197.82974433898926	87.41666221618652	34.7402458190918	15.481197357177734	
196.34098434448242	88.99215412139893	35.08881378173828	14.537878036499023	
195.25564002990723	88.41496133804321	35.7241325378418	14.371119499206543	
193.47804069519043	88.82291793823242	35.007450103759766	13.995010375976562	
191.97598457336426	89.55600214004517	34.47994613647461	14.1693754196167	
189.88364601135254	89.43770790100098	35.15866470336914	14.184833526611328	
188.98337364196777	88.85803556442261	35.10849380493164	14.095269203186035	
184.94212341308594	89.63329696655273	36.91961669921875	14.611175537109375	
184.34925079345703	89.95158386230469	36.39263153076172	14.741935729980469	
182.52264976501465	90.15108442306519	36.52036666870117	14.239541053771973	
182.68664741516113	89.39463233947754	34.81606674194336	14.217334747314453	
179.77702522277832	89.48712873458862	36.297611236572266	14.672074317932129	
177.75758361816406	89.89234495162964	36.494110107421875	14.549424171447754	
176.4247932434082	90.51134872436523	37.35609436035156	14.2855224609375	
175.2736301422119	90.47329044342041	36.74790573120117	14.632314682006836	
172.87838745117188	90.74806928634644	35.35014343261719	14.858513832092285	
170.8933391571045	90.55791568756104	36.63315200805664	15.148366928100586	
168.57439994812012	91.42119407653809	37.410160064697266	15.26266098022461	
167.39304161071777	90.9378662109375	37.08028793334961	15.971260070800781	
165.87609100341797	91.23509073257446	37.123931884765625	14.876543998718262	
164.62718200683594	91.36311149597168	38.023956298828125	15.027637481689453	
162.69981002807617	91.31238126754761	35.65483856201172	15.47567081451416	
159.77420234680176	91.64028453826904	38.48702621459961	16.2781925201416	
159.03431129455566	91.39480113983154	38.0525016784668	15.793573379516602	
156.95138359069824	91.97423267364502	38.29572677612305	16.052480697631836	
154.68892097473145	92.30165958404541	39.44304275512695	16.35260581970215	
152.67779350280762	92.7978401184082	39.33133316040039	16.01836395263672	
151.8277530670166	91.68837070465088	39.613712310791016	16.613080978393555	
149.23800086975098	93.8325834274292	39.86824417114258	15.852731704711914	
147.9507942199707	93.01523113250732	40.24284362792969	15.753168106079102	
145.64373970031738	93.5331220626831	39.03079605102539	16.365076065063477	
143.18586349487305	94.20305824279785	40.337074279785156	16.328441619873047	
141.77137184143066	93.06030082702637	40.340328216552734	16.78005599975586	
139.16443634033203	94.15586280822754	42.63706970214844	16.31900405883789	
137.1814022064209	94.07434272766113	43.06534194946289	17.17789077758789	
134.96222686767578	93.67337799072266	41.58135986328125	16.25450897216797	
133.84148979187012	94.68778562545776	41.67934799194336	15.957062721252441	
131.83549880981445	95.10344696044922	41.86100769042969	16.47357940673828	
128.88541221618652	95.53577613830566	41.45833206176758	16.62448501586914	
126.77373123168945	95.09991550445557	40.76085662841797	17.166250228881836	
126.27454948425293	95.80915069580078	40.302371978759766	16.88043975830078	
122.98330497741699	94.75030612945557	42.05946731567383	17.289525985717773	
120.19396209716797	96.04735565185547	41.367431640625	16.83594512939453	
118.81450653076172	96.8202428817749	41.67973327636719	16.974679946899414	
116.75759887695312	96.1868953704834	43.7774658203125	16.341106414794922	
114.5557804107666	96.87753295898438	43.4614372253418	17.152000427246094	
112.6836109161377	96.39080047607422	43.55936813354492	16.790733337402344	
112.20965576171875	96.91042232513428	42.27018737792969	16.63266944885254	
108.46973419189453	96.55428123474121	43.57457733154297	17.30996322631836	
105.85767936706543	97.40492343902588	44.16013717651367	17.904699325561523	
103.5315990447998	97.18901443481445	45.35305404663086	17.95501708984375	
101.14343070983887	97.38908863067627	44.742427825927734	18.077726364135742	
99.2833137512207	98.03771877288818	44.724761962890625	17.42954444885254	
96.79350471496582	98.11294364929199	44.319583892822266	16.948314666748047	
95.33963775634766	98.15947914123535	44.42322540283203	17.439945220947266	
92.86434936523438	99.1549301147461	44.875953674316406	17.559242248535156	
90.22260284423828	99.98163223266602	45.85218048095703	17.941085815429688	
88.3472957611084	99.48809146881104	46.176570892333984	17.187231063842773	
85.05117225646973	99.64707279205322	46.49789810180664	18.011709213256836	
82.93370246887207	100.4889669418335	46.8757209777832	18.274728775024414	
81.08087158203125	100.76165390014648	47.505592346191406	16.756759643554688	
78.47051239013672	101.24911880493164	47.65233612060547	17.065078735351562	
76.69654083251953	101.12806034088135	46.874778747558594	16.41376304626465	
73.43130302429199	101.18294525146484	47.553707122802734	16.839881896972656	
72.49322128295898	100.91985511779785	46.775115966796875	16.605304718017578	
69.32949447631836	102.13650226593018	47.91194152832031	17.496610641479492	
66.16090774536133	102.45833206176758	48.65303039550781	18.0321044921875	
63.7860050201416	102.01079559326172	49.62529373168945	17.072120666503906	
61.41763496398926	102.08397006988525	49.660587310791016	17.8012752532959	
59.90789222717285	103.63682651519775	49.62454605102539	17.5316219329834	
57.25263214111328	103.70001983642578	48.886940002441406	16.540321350097656	
55.281402587890625	103.82318687438965	49.447669982910156	17.37441635131836	
52.12085151672363	103.77284240722656	49.506473541259766	17.31629180908203	
50.26468086242676	103.74416065216064	49.7224006652832	17.543500900268555	
47.29022407531738	103.54377365112305	49.80038833618164	18.100189208984375	
43.31163024902344	104.66217231750488	49.992332458496094	18.951038360595703	
40.7986431121826	104.83892536163329	51.18479537963867	17.975919723510742	
38.63378334045409	104.6927785873413	51.4935188293457	18.018136978149414	
36.06455993652342	105.36300659179686	50.887306213378906	18.483741760253906	
32.373897552490206	105.20763969421384	52.87226867675781	17.46780014038086	
30.511571884155245	105.64434337615964	51.758663177490234	18.189332962036133	
28.882308959960895	105.51930999755855	51.342079162597656	18.32807159423828	
25.58204841613764	106.27547645568842	51.7452278137207	17.80295181274414	
22.838401794433537	106.90827751159662	52.198143005371094	18.487987518310547	
19.429605484008732	106.82789134979242	53.62648391723633	18.467546463012695	
16.857719421386662	106.99235153198237	54.12926483154297	18.655838012695312	
14.884922027587834	107.0708560943603	53.8609619140625	17.839115142822266	
11.93621635437006	108.02128028869623	54.63802719116211	18.483264923095703	
