120	36	103	108	
120.12403869628906	35.684078216552734	100.37362670898438	107.78778839111328	
123.72223281860352	34.09404754638672	97.01671600341797	109.20613098144531	
125.56787490844727	32.7299919128418	93.34600067138672	111.21244049072266	
127.95397186279297	31.848350524902344	90.54798889160156	112.59031677246094	
127.84760284423828	32.988311767578125	88.83247375488281	110.30007934570312	
129.6871490478516	30.23234176635745	80.52484130859375	112.8567886352539	
132.0799713134766	29.807453155517607	75.2503662109375	113.5760726928711	
130.31621170043948	30.51800537109378	74.82476043701172	112.66830444335938	
131.6900787353516	30.594879150390653	72.40313720703125	112.14544677734375	
130.4779663085938	30.6689071655274	73.71685791015625	112.26847839355469	
129.72571945190438	29.908859252929773	74.60770416259766	112.88528442382812	
131.21191024780282	29.994819641113367	72.58661651611328	112.47718811035156	
128.77145767211923	30.680217742920007	75.13875579833984	112.39954376220703	
132.30863189697274	31.580093383789148	72.97074890136719	111.25167846679688	
129.68687057495129	30.208484649658317	74.72965240478516	112.17305755615234	
131.55702209472668	30.721958160400504	74.15185546875	112.36162567138672	
129.51398849487316	29.293891906738395	74.23767852783203	114.11170959472656	
133.23519134521496	30.390094757080192	72.61289978027344	112.36571502685547	
130.25776672363293	29.686550140380973	73.7193603515625	112.94095611572266	
131.30207443237316	30.1459197998048	73.32694244384766	112.8076171875	
130.6737327575685	30.32109069824233	74.32132720947266	113.86761474609375	
130.0947303771974	30.06251144409194	74.70470428466797	113.75797271728516	
129.09046173095717	29.788494110107564	75.98158264160156	114.5733413696289	
129.15251922607433	28.4672088623048	74.89747619628906	116.55258178710938	
128.59750747680675	27.92734527587902	75.67525482177734	118.23518371582031	
128.71810150146496	28.644313812255973	76.71067810058594	118.65140533447266	
126.20115661621105	28.225883483886832	79.26239013671875	120.71141052246094	
129.44609069824227	25.57866287231454	76.70028686523438	124.54741668701172	
128.44945526123055	26.390102386474695	76.79676818847656	123.77787017822266	
126.50297546386724	26.855766296386776	78.18069458007812	122.08366394042969	
127.8432121276856	26.637359619140682	77.8533706665039	123.86151123046875	
128.10331344604498	26.34941482543951	77.00006866455078	125.24333953857422	
127.87354278564459	26.428897857666072	76.46241760253906	114.19445037841797	
130.0007286071778	25.333507537841854	77.3196792602539	113.40778350830078	
129.60329437255865	24.670997619628963	76.29487609863281	113.11305236816406	
128.84781265258798	22.51315307617196	77.55684661865234	114.96701049804688	
127.28329849243173	17.328334808349695	77.9994125366211	120.47150421142578	
126.18802261352548	24.86154174804696	78.2061996459961	112.91018676757812	
128.12602615356454	19.60448837280282	78.31963348388672	116.80872344970703	
125.96643829345712	17.454093933105554	78.12834167480469	119.54277038574219	
126.13745880126962	13.513050079345788	77.63935852050781	123.00896453857422	
126.90121841430673	16.60461044311532	77.06591033935547	118.0887222290039	
124.51954650878915	16.99528884887704	76.56314086914062	118.39318084716797	
123.55300521850594	13.095657348632898	78.11112213134766	121.378173828125	
122.91476440429696	18.061229705810632	74.46041870117188	116.87995147705078	
120.45655059814459	13.211647033691463	77.81129455566406	121.68327331542969	
119.4798431396485	12.275783538818416	79.54452514648438	121.8631362915039	
119.44447326660162	16.30641937255865	75.18548583984375	118.07551574707031	
118.18041610717779	10.212444305419979	79.27539825439453	124.63611602783203	
117.26437377929693	12.150760650634822	76.18319702148438	122.55684661865234	
118.75484848022467	13.225143432617244	77.11331939697266	122.60821533203125	
118.07371139526373	19.68175888061529	79.96793365478516	116.13861846923828	
117.55831909179693	7.551185607910213	80.33059692382812	128.2162322998047	
118.79140090942388	16.672607421875057	76.80660247802734	118.02813720703125	
118.14867401123053	11.077793121337947	80.05796813964844	124.71636199951172	
120.46483230590826	13.54566955566412	78.3535385131836	121.64590454101562	
119.96440887451178	12.344512939453182	81.51573181152344	122.755615234375	
122.1309204101563	17.608276367187557	78.59927368164062	118.06289672851562	
122.16349792480474	8.074100494384822	81.62283325195312	126.73998260498047	
124.15399551391607	15.630187988281307	76.81157684326172	119.43994140625	
123.35561370849615	4.541007995605526	80.88627624511719	130.7393035888672	
124.81042480468756	17.59301376342779	78.74996948242188	117.43619537353516	
123.0050659179688	4.473266601562557	80.82220458984375	130.64785766601562	
126.17375946044928	15.03199768066412	78.64045715332031	119.5885009765625	
123.94129180908209	5.987220764160213	79.22035217285156	129.2375946044922	
123.76823806762701	14.625576019287166	76.72185516357422	119.74475860595703	
124.21555328369146	4.571517944335994	79.69706726074219	131.37045288085938	
125.29869461059576	13.207584381103572	77.39769744873047	121.72277069091797	
124.31528472900396	7.247528076171932	80.40202331542969	128.25299072265625	
125.12924957275396	11.343120574951229	78.98658752441406	124.38846588134766	
126.10743331909185	19.630390167236385	77.97193145751953	115.6518783569336	
126.50184249877935	9.559017181396541	80.09488677978516	127.36896514892578	
127.78349304199224	4.599029541015682	78.99102783203125	131.71295166015625	
129.2051963806153	4.850219726562557	78.24771881103516	132.81591796875	
133.97747039794928	15.882972717285213	75.90953063964844	122.54545593261719	
130.13346481323248	13.828403472900447	82.5430679321289	123.70372772216797	
134.95146942138678	19.261291503906307	78.35169982910156	116.83694458007812	
132.71719741821295	18.507331848144588	82.06975555419922	118.72212219238281	
137.2624588012696	20.040531158447322	78.04930114746094	115.6292953491211	
139.8972663879395	20.268215179443416	77.94124603271484	116.15161895751953	
140.31663513183602	20.621364593505945	79.353271484375	115.69092559814453	
142.25433349609384	21.138900756836023	78.1741943359375	115.2054443359375	
142.39707946777352	17.927928924560632	77.66571044921875	118.69135284423828	
142.5056686401368	28.945381164550867	77.95616149902344	107.37568664550781	
143.96353530883798	23.587169647216882	77.63756561279297	114.41291046142578	
142.4950599670411	23.90100479125985	77.37657928466797	120.64775848388672	
140.44518280029305	25.694030761718835	79.43849182128906	121.917724609375	
143.24010467529305	25.318962097168054	75.22724914550781	115.62297058105469	
142.92629623413092	25.476257324218807	78.9261245727539	123.96826171875	
142.02292251586923	24.563449859619226	77.0946273803711	122.32634735107422	
142.1529426574708	25.073745727539148	78.60155487060547	121.05184936523438	
142.61714553833013	23.539405822753963	79.03868865966797	122.36235046386719	
143.1857070922852	21.049682617187557	77.63328552246094	125.81729125976562	
141.21537399292	21.680393218994226	78.92975616455078	127.45455169677734	
145.21407318115243	22.338562011718835	76.07518005371094	125.01150512695312	
143.85861206054693	23.960243225097713	78.54129028320312	123.53077697753906	
143.49844741821295	22.893016815185604	78.0948715209961	124.20987701416016	
145.46754837036138	22.039638519287166	77.54839324951172	124.5652847290039	
144.33546829223638	21.99760055541998	78.42961883544922	125.73792266845703	
146.62209320068365	22.371887207031307	75.95378112792969	124.81338500976562	
145.64044952392584	21.751346588134822	76.48942565917969	124.70601654052734	
144.62514114379888	21.69659042358404	77.7011947631836	124.72904205322266	
143.33238601684576	21.677673339843807	78.4626693725586	125.23196411132812	
144.37795257568365	22.974792480468807	76.70201110839844	124.181396484375	
143.4701614379883	24.26047134399417	77.26762390136719	123.9862289428711	
147.53602600097656	24.10614013671875	73.76473999023438	119.77545166015625	
150.84687042236328	24.49457550048828	70.23777770996094	117.92463684082031	
152.17768478393555	28.443309783935547	67.67423248291016	120.1778335571289	
148.708122253418	11.550247192382841	67.50111389160156	131.03179931640625	
145.15925216674808	12.435653686523466	67.78260040283203	130.77883911132812	
139.09644317626956	5.264930725097685	72.61180114746094	142.82643127441406	
143.11222839355472	0.7947616577148722	63.4312744140625	146.1266326904297	
144.21863555908206	13.686393737792997	63.25190734863281	131.8540496826172	
138.0792274475098	19.52270507812503	66.2491683959961	126.00433349609375	
131.28278732299808	30.41400909423831	73.87332916259766	115.16670227050781	
137.35919570922854	3.0799331665039347	69.10198211669922	141.98521423339844	
137.38899230957034	0.9098510742187784	67.32861328125	143.34307861328125	
128.20605087280276	0.02798461914065342	77.10419464111328	144.30429077148438	
124.43096160888675	6.174705505371122	80.52571105957031	138.11814880371094	
116.32138442993167	3.229110717773466	87.49883270263672	140.748779296875	
128.52664947509768	10.701332092285185	77.12358093261719	131.5241241455078	
128.29623031616214	11.069839477539091	78.75104522705078	130.40594482421875	
123.73608398437503	7.855369567871122	84.41946411132812	131.42835998535156	
125.51580810546878	2.2837905883789347	83.41708374023438	135.80467224121094	
120.76808166503909	0	86.549560546875	136.03476715087893	
119.50895309448245	0	88.20746612548828	136.2887840270996	
120.09696197509768	0	88.13533020019531	136.537260055542	
117.83323669433597	0	90.22894287109375	136.5397710800171	
119.9697189331055	0	89.98228454589844	135.94181394577026	
117.70854187011722	0.20052886009216309	91.92584228515625	135.77989196777344	
117.28681564331058	0.045537710189819336	92.69165802001953	132.49752807617188	
114.19757080078128	10.882440328598022	95.82504272460938	119.30022430419922	
114.12223434448245	14.43680739402771	94.38507843017578	114.4007797241211	
116.73313140869143	2.6095712184906006	92.20918273925781	125.65238952636719	
114.47315216064456	5.754518270492554	95.31782531738281	121.66748809814453	
110.75296783447268	7.518144369125366	98.59571838378906	120.91654205322266	
113.46506118774417	20.945554494857788	95.9624252319336	108.90620422363281	
110.53370666503909	1.341001272201538	98.93035888671875	130.4429473876953	
113.70526504516604	21.19169783592224	95.09334564208984	109.77481842041016	
110.97986984252933	0	97.63019561767578	132.52219939231873	
115.86535263061526	14.929766535758972	94.6004409790039	116.00525665283203	
110.93075942993167	3.4345463514328003	100.2237777709961	127.75381469726562	
113.81795883178714	8.069823145866394	98.8182144165039	121.65898132324219	
111.00481033325198	3.306448817253113	102.74285125732422	124.51605224609375	
112.9171943664551	2.1489285230636597	104.43602752685547	122.92679595947266	
109.08962631225589	3.356200098991394	107.1490249633789	121.73448181152344	
109.23659133911136	3.5492924451828003	105.98113250732422	121.86752319335938	
109.23718261718753	4.591368556022644	106.63626098632812	120.52897644042969	
110.07352066040042	5.802298426628113	107.8336410522461	120.234130859375	
111.02872085571292	6.246653437614441	107.00252532958984	119.38008880615234	
110.57064056396487	1.2414311170578003	106.43608093261719	124.59835815429688	
110.01655578613284	2.217985987663269	106.6898193359375	122.60392761230469	
110.42808914184573	1.8782871961593628	106.93639373779297	123.08111572265625	
109.65237808227542	2.5987690687179565	106.9973373413086	123.74000549316406	
109.2576599121094	4.017084956169128	108.44351196289062	122.47124481201172	
110.44166946411136	4.350596308708191	107.07836151123047	121.77388763427734	
110.44952392578128	3.6940983533859253	107.12057495117188	122.08413696289062	
109.16495895385745	10.671358942985535	107.72425079345703	115.16629791259766	
109.1229057312012	0.23316848278045654	108.77088165283203	126.21455383300781	
108.97472763061526	6.2018803358078	108.0943374633789	119.89706420898438	
109.50758743286136	2.456290125846863	108.88018035888672	123.8856201171875	
111.245475769043	1.3547848463058472	107.92771911621094	124.47272491455078	
110.68032073974612	1.660990595817566	108.66654968261719	123.76973724365234	
115.53121566772464	1.3764675855636597	103.8754653930664	125.0181655883789	
111.6884460449219	4.044749140739441	108.14120483398438	122.9807357788086	
117.25151062011722	5.186034083366394	102.19134521484375	122.84898376464844	
118.48660278320315	12.482306361198425	100.20248413085938	118.53244018554688	
125.7642860412598	44.46340835094452	93.1020736694336	86.81028747558594	
127.24644470214847	44.16055190563202	91.79232788085938	88.19581604003906	
140.25648880004886	48.53023421764374	78.22978973388672	85.65704345703125	
157.92780494689944	38.353209376335144	58.8831901550293	95.38493347167969	
158.61018371582034	28.241110682487488	63.972930908203125	102.93606567382812	
166.04594039916995	18.316595911979675	68.64643096923828	113.96621704101562	
165.38957214355472	16.051798701286316	78.116455078125	114.91622161865234	
176.07859039306643	11.869578242301941	72.30287170410156	117.4082260131836	
174.8825607299805	15.085539698600769	76.42338562011719	114.92832946777344	
171.1008110046387	14.256926417350769	86.2951736450195	112.10325622558594	
172.4918327331543	11.912558436393738	85.78626251220703	110.14852905273438	
173.43270874023438	13.374892115592957	84.35919189453125	102.63883972167969	
173.42149353027344	12.925040125846863	86.2706298828125	100.03079223632812	
175.16237258911136	14.243189692497282	85.34639739990232	99.01000213623047	
174.75421905517578	13.2416561841965	85.18623352050781	99.50177764892578	
174.7470359802246	15.481112360954313	84.9963150024414	97.9631118774414	
