38	137	40	111	
38.775556564331055	137.65783309936523	41.91586685180664	109.92542266845703	
41.65513610839844	138.02600860595703	44.360137939453125	109.09791564941406	
43.71421241760254	137.5707893371582	47.54313278198242	109.55870819091797	
48.17019462585449	137.3246078491211	47.17709732055664	110.40446472167969	
51.755409240722656	136.97393417358398	47.21784973144531	111.1569595336914	
56.23835563659668	137.55366897583008	46.784305572509766	112.0009994506836	
65.95982551574707	140.31561279296875	43.49343490600586	109.37008666992188	
63.468631744384766	137.92359924316406	47.888084411621094	111.12713623046875	
74.38513374328613	139.94554138183594	41.35573959350586	109.56549072265625	
76.54642486572266	142.94091796875	43.81214904785156	105.94491577148438	
83.43909645080566	136.6179313659668	47.85407638549805	111.50516510009766	
83.2933235168457	133.33987045288086	53.523033142089844	115.91535186767578	
84.15218925476074	131.61952209472656	58.92361831665039	116.77749633789062	
88.05913543701172	131.1684913635254	59.90336608886719	116.15392303466797	
93.55102920532227	129.5420265197754	61.795310974121094	119.45403289794922	
105.40750694274902	131.2445945739746	54.47426223754883	119.02606964111328	
117.22785949707031	130.36457061767578	48.13812255859375	121.42140197753906	
124.55925750732422	131.74106216430664	47.70701599121094	121.24889373779297	
133.77557373046875	131.70602416992188	44.934173583984375	120.00997924804688	
137.96949768066406	132.9266815185547	53.87725830078125	117.521240234375	
139.35209846496582	130.6663360595703	59.10061264038086	118.15249633789062	
141.93609809875488	125.95609664916992	63.88814926147461	122.90894317626953	
147.5853271484375	128.48022842407227	63.216339111328125	121.17321014404297	
152.04499435424805	129.85962295532227	64.6624526977539	118.1261215209961	
158.3712215423584	129.37383270263672	58.71843338012695	119.66175842285156	
171.4260597229004	129.6103172302246	49.85936737060547	119.76273345947266	
182.49321937561035	134.53002548217773	44.35761642456055	115.53534698486328	
190.55865287780762	140.71397399902344	41.90781021118164	110.07015991210938	
200.4846897125244	138.12865829467773	39.4098014831543	111.45597076416016	
203.7797679901123	130.82781982421875	44.41000747680664	118.89877319335938	
205.35465621948242	136.3606414794922	49.95783233642578	114.57275390625	
208.91243934631348	132.00028610229492	58.03263473510742	117.36011505126953	
214.01255416870117	133.52335357666016	63.836219787597656	114.73548889160156	
218.9856719970703	134.72081756591797	65.308837890625	114.56214904785156	
227.2621021270752	137.09958267211914	61.11391830444336	110.63176727294922	
249.2056179046631	139.7390480041504	45.17897415161133	109.32842254638672	
258.462064743042	141.42239379882812	41.099063873291016	109.58987426757812	
265.86959648132324	138.90089797973633	38.70560073852539	110.79143524169922	
273.0725612640381	138.6339454650879	36.27064895629883	110.84893035888672	
274.6779842376709	136.30212783813477	40.3483772277832	113.17174530029297	
276.6940689086914	134.20823669433594	43.96144104003906	112.43362426757812	
280.8810214996338	132.7998809814453	49.65177536010742	113.6015625	
285.7956600189209	130.97298431396484	50.16215896606445	114.52378845214844	
297.57154655456543	133.92953491210938	41.57291030883789	111.37789916992188	
304.9347972869873	138.32988357543945	37.781986236572266	108.26644134521484	
311.13779067993164	139.11767578125	33.511741638183594	107.23727416992188	
317.25941276550293	139.3214988708496	33.573429107666016	106.35071563720703	
323.80372428894043	139.2643165588379	33.069156646728516	106.20830535888672	
325.7751712799072	136.16342544555664	37.17683029174805	109.78069305419922	
327.0554885864258	136.73811721801758	46.86671447753906	108.20800018310547	
329.7176685333252	141.72586822509766	50.61648178100586	102.07929992675781	
333.7962398529053	141.12770080566406	51.50896072387695	101.4564208984375	
337.60250091552734	141.67697143554688	49.58345031738281	101.2713623046875	
343.3673839569092	142.88814163208008	45.204593658447266	100.3565902709961	
353.58415031433105	142.80584335327148	37.84628677368164	100.48023223876953	
359.85663414001465	138.8719825744629	35.76326370239258	103.24510955810547	
357.8247528076172	140.38189697265625	40.93438720703125	102.21502685546875	
359.68116760253906	140.48570251464844	42.788726806640625	101.9447021484375	
362.14657402038574	139.76588821411133	41.86026382446289	101.3818588256836	
366.75086402893066	138.4788360595703	39.91727828979492	101.73886108398438	
370.376708984375	140.33755111694333	39.270233154296875	97.5308609008789	
375.53152656555176	139.41219711303708	36.363277435302734	99.0362319946289	
380.378475189209	144.54020690917966	33.940345764160156	94.83041381835938	
383.2533721923828	141.82778167724607	32.983428955078125	95.60362243652344	
386.7216167449951	141.87030792236325	32.19498062133789	97.08210754394531	
388.05692291259766	142.8241157531738	32.48808288574219	95.76274871826172	
387.6971912384033	140.1374244689941	35.648983001708984	98.75756072998047	
389.36277198791504	138.00300979614255	35.7598991394043	99.52596282958984	
391.7382698059082	140.8082466125488	35.83586883544922	95.84822845458984	
392.5595417022705	140.14437103271482	33.447078704833984	93.92008972167969	
392.95653533935547	140.51342773437497	34.37916564941406	93.146484375	
394.39389991760254	141.42719268798825	34.57456588745117	93.13337707519531	
386.79310417175293	146.06586837768552	43.37509536743164	88.75232696533203	
397.7885494232178	145.4570960998535	33.71965408325195	89.3441390991211	
397.4992980957031	143.22091674804685	35.533050537109375	91.24203491210938	
393.2468032836914	143.72130584716794	39.92515563964844	91.32460021972656	
395.9557933807373	141.13484573364255	38.27249526977539	92.77086639404297	
398.2793617248535	138.67656326293942	35.91954803466797	93.98705291748047	
399.310941696167	139.44931793212888	34.714908599853516	93.15324401855469	
401.0202293395996	139.35330963134763	34.841712951660156	90.46327209472656	
403.0086250305176	141.32060623168942	33.31542205810547	89.52367401123047	
404.9972257614136	140.9953460693359	30.5902042388916	89.64926147460938	
405.346378326416	141.4920845031738	31.49028778076172	89.30757904052734	
406.63755226135254	142.01575088500974	31.166301727294922	88.12459564208984	
407.8779182434082	140.22568511962888	30.91997528076172	89.34806823730469	
409.71832752227783	141.34980392456052	29.69765281677246	88.03690338134766	
407.38296699523926	137.05297851562497	32.57894515991211	92.73341369628906	
411.05408000946045	138.38647460937497	30.97063636779785	89.24211120605469	
410.94448375701904	138.82987976074216	30.975168228149414	88.34602355957031	
412.0810708999634	143.80343627929685	31.329557418823242	83.51771545410156	
410.8005647659302	144.37154769897458	31.63544273376465	82.39617156982422	
410.1261215209961	144.8412818908691	31.23309326171875	82.19226837158203	
409.66739082336426	145.2966384887695	30.383342742919922	81.8623046875	
409.76446533203125	144.55926513671872	30.108367919921875	82.06367492675781	
410.1947298049927	144.52725982666013	29.14369773864746	80.67835998535156	
410.82609844207764	143.14349365234372	28.108713150024414	82.26126098632812	
411.4978494644165	142.88854980468747	28.03687858581543	81.29118347167969	
410.8268623352051	142.81379699707028	27.56269073486328	80.13189697265625	
410.7049169540405	146.49618148803708	28.052248001098633	75.38875579833984	
410.8996887207031	145.09517669677732	27.534149169921875	78.17176818847656	
410.6320524215698	144.39340209960938	29.074670791625977	79.2906494140625	
410.26598739624023	145.4927101135254	29.54700469970703	75.8838119506836	
409.7634859085083	146.06152725219727	29.1728572845459	75.93424224853516	
409.93702125549316	144.13214492797852	30.322368621826172	75.4377212524414	
409.8904399871826	144.61199188232422	28.63925552368164	75.72027587890625	
408.652795791626	142.05487442016602	28.444042205810547	78.2744369506836	
407.15417861938477	141.70685577392578	28.960838317871094	77.414794921875	
407.5648031234741	142.01508331298828	28.607439041137695	76.21359252929688	
405.6855459213257	142.10398483276367	29.342409133911133	76.8929214477539	
405.42790699005127	145.58298873901367	27.98427391052246	73.09284210205078	
404.5849132537842	148.70625686645508	26.389469146728516	69.81952667236328	
403.8815402984619	147.93941116333008	25.480907440185547	71.26923370361328	
402.19005393981934	146.4580307006836	25.978992462158203	71.66584777832031	
401.4714479446411	145.89081192016602	27.726720809936523	72.63024139404297	
399.21644592285156	143.7260398864746	28.087127685546875	73.69353485107422	
397.2503538131714	142.89083099365234	29.830575942993164	73.79766845703125	
395.74727725982666	147.10781478881836	30.33283805847168	69.74268341064453	
394.26840591430664	143.84500122070312	30.85582733154297	72.53326416015625	
393.37884521484375	148.08316802978516	29.50384521484375	68.29206848144531	
390.1664867401123	150.88946151733398	29.175922393798828	64.6739273071289	
388.0745439529419	148.54944229125977	27.66278648376465	67.28717803955078	
385.3670902252197	147.09715270996094	28.16433334350586	68.24459838867188	
383.976375579834	146.0182991027832	28.298500061035156	69.22272491455078	
381.2612552642822	145.18181228637695	28.380794525146484	69.16425323486328	
379.3394184112549	145.5890998840332	28.270259857177734	68.51477813720703	
377.0591869354248	146.9880256652832	27.895328521728516	67.15473175048828	
375.3544101715088	146.61681747436523	25.96206283569336	66.99091339111328	
373.7007646560669	147.73475646972656	24.25838279724121	64.94976806640625	
372.56517791748047	148.58191299438477	21.519805908203125	64.17301177978516	
369.87768840789795	148.58810997009277	21.594507217407227	63.83157730102539	
366.5484733581543	146.93982315063477	24.271202087402344	65.36905670166016	
364.5885820388794	147.7814712524414	25.515127182006836	64.3587646484375	
360.98925971984863	146.81616592407227	28.730724334716797	65.7948226928711	
358.6144256591797	146.5180320739746	29.682220458984375	64.36797332763672	
354.9968509674072	144.95894622802734	29.26137924194336	66.62586975097656	
353.80581188201904	149.13863372802734	27.037179946899414	61.67161560058594	
350.9510612487793	149.90023612976074	25.351295471191406	60.935855865478516	
348.38840103149414	149.00779151916504	23.65221405029297	61.16050338745117	
344.0094966888428	148.45389556884766	23.875324249267578	62.03570556640625	
341.757098197937	147.2592658996582	24.78287696838379	62.762550354003906	
338.535795211792	145.24275588989258	25.584766387939453	64.03282928466797	
334.9001188278198	142.40150833129883	26.75004005432129	66.90691375732422	
333.0189447402954	144.3490867614746	25.37745475769043	64.03949737548828	
329.66266536712646	147.0396213531494	26.422914505004883	62.00870895385742	
328.22027015686035	145.23912811279297	24.304271697998047	62.587371826171875	
325.58337783813477	149.1503562927246	22.132164001464844	58.28612518310547	
321.8463363647461	147.76762580871582	19.885833740234375	60.5212516784668	
318.8850030899048	146.93588256835938	21.944517135620117	60.8583984375	
316.24884700775146	146.39826583862305	24.339326858520508	61.082618713378906	
311.6032905578613	145.08008003234863	25.83411407470703	62.817501068115234	
304.9586811065674	144.91885375976562	30.317073822021484	62.93421936035156	
301.2221565246582	146.10329055786133	32.187294006347656	60.06078338623047	
300.9749364852905	146.12877082824707	31.233552932739258	60.44295883178711	
297.94886302948	146.35177993774414	28.9348087310791	60.86383819580078	
297.1522207260132	146.21949195861816	25.397493362426758	60.381587982177734	
293.69018363952637	147.49847602844238	21.818225860595703	59.99808883666992	
289.98058891296387	144.63432121276855	21.450031280517578	62.05716323852539	
287.9596939086914	146.24556350708008	22.377914428710938	60.59209442138672	
283.9283800125122	144.5534839630127	23.788915634155273	61.08124923706055	
281.10382175445557	143.35400772094727	24.37586784362793	61.764686584472656	
275.4929037094116	143.14624786376953	27.910478591918945	62.00822448730469	
272.5096254348755	145.09867095947266	27.7692928314209	60.15077209472656	
268.71420764923096	143.1473388671875	27.4372615814209	62.36170959472656	
267.5936870574951	146.49750518798828	23.129413604736328	58.631591796875	
264.15961742401123	144.54564476013184	20.695154190063477	60.58778762817383	
261.123197555542	146.8597812652588	19.748859405517578	57.93564987182617	
257.00699615478516	146.7426414489746	21.440536499023438	57.20862579345703	
252.80992984771729	146.74016571044922	25.43604850769043	57.90861511230469	
248.09365940093994	146.37091636657715	28.298795700073242	57.8011360168457	
243.1969289779663	145.36461639404297	30.675264358520508	58.89697265625	
237.5130958557129	145.96556091308594	33.80634307861328	59.2613525390625	
142.41847801208496	113.86615753173828	35.67406463623047	136.326904296875	
132.3883056640625	112.15116119384766	51.418888092041016	137.71966552734375	
132.5098819732666	115.57476806640625	54.17686462402344	132.63685607910156	
134.9146766662598	116.70401763916018	57.26052474975586	131.75308227539062	
137.32180023193362	115.24658966064456	60.79127883911133	134.94512939453125	
140.35647010803228	114.29216003417974	60.33216857910156	136.57920837402344	
146.03706169128424	111.66446685791021	56.166847229003906	138.17556762695312	
157.78349494934088	113.20813751220709	67.1070556640625	137.18148803710938	
165.49991035461431	115.81217193603521	71.44003295898438	134.84808349609375	
168.45375633239752	115.41774749755865	64.14519500732422	134.88446044921875	
171.63467979431158	116.36256408691412	59.18492889404297	133.5276641845703	
175.52633666992193	114.49437713623053	61.43967056274414	134.26205444335938	
177.7313594818116	114.94218444824227	65.56954193115234	135.03651428222656	
180.84402656555184	116.16677856445321	66.21282958984375	133.21278381347656	
184.7917957305909	117.43268585205087	65.95602416992188	132.0789794921875	
184.35040092468267	125.45036697387701	68.53278350830078	124.11499786376953	
196.20635795593267	119.75223541259771	63.374488830566406	128.0301513671875	
201.5130329132081	119.54831695556649	63.66864013671878	128.40301513671875	
211.70982360839858	119.63466644287121	57.18332290649411	129.4315185546875	
215.55430221557629	118.59141159057629	55.97163009643555	127.38610076904297	
216.77186012268078	119.50186157226574	59.42012023925781	128.0533905029297	
217.296937942505	119.39810943603527	66.37255859375	129.39923095703125	
220.35014533996596	119.5021133422853	68.03173828124997	128.02413940429688	
223.30872535705578	120.22621917724621	70.62010192871094	127.66842651367188	
226.98815345764172	120.56702041625988	70.81037902832031	127.18695831298828	
234.87112998962414	120.70332336425793	66.11687469482422	125.88148498535156	
244.42352676391613	122.21630859375011	60.15609359741211	124.83226013183594	
247.24365043640148	122.8106040954591	61.771766662597656	124.7179183959961	
251.43151473999035	123.54724121093764	59.78214645385742	122.91993713378906	
255.70149993896496	123.61400222778337	57.29201126098633	121.3362808227539	
258.63033866882336	123.96300506591814	57.630653381347656	121.2283935546875	
263.360565185547	124.12456130981462	57.66525650024414	120.28614044189453	
265.890817642212	123.85679244995134	57.90193176269531	120.7075424194336	
271.7495975494386	124.69477844238298	56.29591369628906	119.56327819824219	
277.6784267425538	125.69600296020525	53.073753356933594	117.93302154541016	
283.03305435180675	125.7895812988283	50.68899154663086	118.30522155761719	
286.34243965148937	125.52220916748064	52.531280517578125	116.66751098632812	
291.3094692230226	124.67262268066423	49.80406951904297	118.39012145996094	
293.62552452087414	123.831684112549	52.922874450683594	119.53739166259766	
294.39456176757824	122.67022323608415	55.75650405883789	120.10778045654297	
297.1186294555665	122.1466140747072	58.12150955200195	120.58096313476562	
299.3367042541505	123.67088317871111	57.81985092163086	118.45408630371094	
304.8575134277345	124.68373870849626	56.116947174072266	116.1708984375	
309.4052276611329	126.11338043212908	54.47323989868164	114.29632568359375	
314.7257652282716	125.71551132202165	51.75864791870117	114.85631561279297	
316.7101230621339	127.38679885864275	52.85224914550781	113.68119049072266	
320.24273490905773	126.60789489746111	51.947242736816406	114.16636657714844	
322.6418094635011	126.35816574096697	52.79887390136719	112.9044418334961	
325.4108600616456	127.47545242309587	51.781097412109375	112.5831069946289	
328.69863319396984	127.54652023315447	52.36225891113281	110.94026947021484	
331.6378440856935	128.24028015136736	50.7862663269043	111.16734313964844	
335.9582233428956	128.81049728393572	48.42596435546875	109.47444915771484	
339.21336936950695	131.2831344604494	46.83507537841797	108.06585693359375	
344.3319149017335	130.81384658813494	44.43859100341797	108.84879302978516	
348.19560432434093	129.24207687377947	43.417144775390625	108.80010223388672	
352.2081165313722	128.26237487792986	41.7099609375	110.24601745605469	
355.89962005615246	127.94918441772478	40.3294563293457	111.54170989990234	
355.6604881286622	126.44954299926775	42.78547286987305	112.13037872314453	
356.51030731201183	126.55446624755876	44.14921951293945	111.93661499023438	
358.4107704162599	126.01361846923845	45.453365325927734	111.2073974609375	
361.11111640930187	126.42150878906267	45.055694580078125	110.77723693847656	
364.80385780334484	126.72706604003923	43.35798645019531	110.66990661621094	
369.639015197754	125.74025726318376	40.76863479614258	111.5072021484375	
366.5500030517579	126.12594604492205	46.210575103759766	111.30339050292969	
368.5136260986329	125.50031280517595	46.684940338134766	112.0140380859375	
370.0907497406007	123.33256530761736	45.61455535888672	112.12916564941406	
372.15842628479015	125.23036193847673	43.65797424316406	111.38749694824219	
374.381130218506	125.01673889160173	43.7457389831543	110.69841003417969	
375.685401916504	124.98701858520525	43.93758010864258	110.36173248291016	
376.50192642211925	125.03186035156267	44.12429428100586	109.38899230957031	
377.8798599243165	125.84770584106462	42.9361457824707	108.68793487548828	
383.41348838806164	126.08273315429705	39.34276580810547	108.89076232910156	
384.80057334899914	125.9174766540529	39.794212341308594	107.90605926513672	
387.7933921813966	125.43392944335955	37.59589767456055	108.24415588378906	
389.96585845947277	125.68693542480483	37.1765022277832	108.32115173339844	
391.12430572509777	124.99879837036147	35.26823806762695	108.09101104736328	
392.6388931274415	124.74826812744155	37.20582962036133	107.30068969726562	
393.78207778930675	126.43655776977553	36.03152084350586	105.86444854736328	
394.45524787902843	126.90415573120131	38.445709228515625	104.32372283935547	
393.31310081481945	126.62561416625991	37.88475799560547	103.64136505126953	
392.7396984100343	129.22725296020522	39.30902862548828	102.33618927001953	
392.51168632507336	128.9891853332521	40.48590850830078	102.48462677001953	
393.91680335998547	128.28827667236342	39.99327087402344	102.42465209960938	
395.31291389465343	128.08903121948256	38.720428466796875	103.0584945678711	
395.2910079956056	127.39831924438491	39.52031326293945	102.05115509033203	
396.1253356933595	127.5832672119142	38.659366607666016	102.25315856933594	
396.21212005615246	127.54314422607436	39.71742630004883	101.60952758789062	
397.0275821685792	127.65538406372085	37.47877502441406	101.23795318603516	
397.2263889312745	127.95870208740246	39.65156555175781	100.49661254882812	
398.6941490173341	127.11101150512707	38.12287521362305	102.39997100830078	
402.42513847351086	127.54528045654308	35.87812042236328	100.56536865234375	
402.8590908050538	128.68759536743175	34.45403289794922	99.48050689697266	
401.15119552612316	128.6630096435548	37.90507125854492	99.30519104003906	
402.40485191345226	127.73415374755871	35.503440856933594	100.1895751953125	
401.4508743286134	128.5179443359376	37.50545120239258	99.81977844238281	
403.44412422180187	129.2899627685548	35.306884765625	97.20637512207031	
402.8238353729249	130.3438949584962	34.190040588378906	95.93365478515625	
402.78492546081554	131.3876953125001	35.27643585205078	93.49201965332031	
402.916940689087	132.5890350341798	35.02159118652344	92.22508239746094	
401.9022026062013	133.21495819091808	33.93149948120117	91.7020263671875	
403.0221748352052	133.19619750976574	33.58596420288086	90.71650695800781	
401.7100830078126	133.11156082153332	34.568180084228516	90.89105987548828	
403.18487739563	132.96240615844738	31.318359375	90.77570343017578	
402.78608798980724	131.9294662475587	30.885774612426758	90.90841674804688	
399.8275775909425	132.19834136962902	32.52496337890625	90.62570190429688	
400.7527599334718	132.08258438110363	30.600196838378906	90.30094146728516	
397.86042881011974	133.04732513427746	31.703432083129883	88.97430419921875	
398.83462524414074	133.45404434204113	30.28323745727539	88.19556427001953	
399.0303134918214	134.63213348388683	30.427810668945312	87.37380981445312	
399.8277873992921	134.278476715088	27.672584533691406	87.19080352783203	
397.7938928604127	133.00921630859386	27.831499099731445	87.93545532226562	
396.91526222229015	131.70983505249035	28.757644653320312	88.77872467041016	
396.98286533355724	131.52558898925793	28.427507400512695	89.5689697265625	
396.3517665863038	130.85081481933605	27.48247528076172	89.071533203125	
395.2260427474977	131.98888015747082	28.4758358001709	89.06391143798828	
392.8611049652101	131.38087844848644	29.047142028808594	88.4587631225586	
393.0618658065797	132.36727142333996	27.676870346069336	85.40716552734375	
391.7321434020997	132.92935943603527	27.568599700927734	86.86082458496094	
391.72432041168224	133.0498390197755	27.877214431762695	85.66881561279297	
391.7765121459962	133.53015518188488	24.158496856689453	85.11161041259766	
391.1947784423829	132.42527008056652	24.72891616821289	85.71249389648438	
389.9872798919679	132.68929290771496	25.226478576660156	85.34622192382812	
388.4947223663331	132.6945037841798	26.169296264648438	85.87490844726562	
386.46554946899425	132.95228576660168	26.590679168701172	84.96340942382812	
385.0744199752809	134.87673950195324	27.219709396362305	83.51016235351562	
383.2666997909547	134.73225402832043	27.165090560913086	82.70458984375	
381.7784070968629	135.08983230590832	27.375638961791992	81.41580963134766	
380.63808727264416	135.87163543701183	25.231550216674805	81.2374267578125	
379.69336795806896	135.32647705078136	23.646257400512695	81.08694458007812	
377.99310684204113	135.20906066894543	23.919002532958984	81.216552734375	
376.9369230270387	134.4337959289552	24.251996994018555	82.08763885498047	
375.07466793060314	133.8208808898927	24.16280174255371	82.27864837646484	
373.39205741882336	134.15170669555675	24.115577697753906	82.0398178100586	
372.6029090881349	133.92063140869152	24.434139251708984	81.358154296875	
371.8313512802125	134.39041137695324	23.718053817749023	80.7296142578125	
370.05098152160656	135.00881576538097	22.69842529296875	80.01253509521484	
369.16909980773937	134.864902496338	22.1016845703125	79.4587631225586	
366.95615673065197	134.88966369628918	23.41248893737793	79.47465515136719	
364.65009021759045	134.55337142944347	23.463815689086914	79.0453872680664	
364.77478313446056	134.93598937988293	24.758466720581055	78.97126770019531	
362.14950275421154	135.11195373535168	26.60801124572754	79.16050720214844	
360.3311004638673	134.63945770263683	27.502826690673828	79.18354797363281	
358.4247293472291	136.02958297729504	27.893007278442383	78.34728240966797	
356.5675458908082	137.0217742919923	27.63264274597168	76.71905517578125	
354.8206319808961	137.8960418701173	26.995595932006836	75.84133911132812	
352.9378118515016	138.5889892578126	25.788427352905273	74.20195007324219	
351.05817222595226	138.77832412719738	24.152137756347656	75.4143295288086	
348.8066444396974	137.94663238525402	22.024044036865234	74.99122619628906	
346.9118995666505	137.7378501892091	23.009502410888672	74.8456039428711	
344.24231147766125	136.96178436279308	24.678253173828125	75.92463684082031	
341.93121147155773	137.79616165161144	25.13129425048828	75.3242416381836	
340.80694580078136	137.59662246704113	26.510547637939453	75.2674331665039	
339.10727882385265	137.98633193969738	26.092132568359375	74.71923065185547	
337.61881637573254	138.67105865478527	24.329784393310547	73.38540649414062	
335.2111063003541	139.68569564819347	22.831422805786133	72.44104766845703	
334.04101085662853	139.4568099975587	21.139936447143555	72.07049560546875	
331.83337688446056	139.58940505981457	23.63545036315918	71.64153289794922	
331.08003902435314	139.3767890930177	23.13031578063965	71.5702896118164	
328.64296913146984	139.20094680786144	25.059860229492188	71.12468719482422	
327.30082893371593	138.54151153564464	25.809234619140625	71.54299926757812	
324.3250017166139	138.89754867553722	27.450586318969727	71.5949935913086	
322.9755573272706	138.732635498047	28.124618530273438	70.65182495117188	
321.14285373687756	139.59770965576183	27.65489387512207	69.51492309570312	
319.44493103027355	141.3928337097169	26.156147003173828	67.86603546142578	
317.9585657119752	140.47085571289074	24.005708694458008	68.84695434570312	
314.96987438201916	140.44798278808605	21.44679069519043	68.55615234375	
311.004119873047	139.9823112487794	22.952152252197266	68.87247467041016	
306.46224117279064	139.7798423767091	27.2769832611084	69.0778579711914	
304.7147455215455	141.07543563842785	27.210451126098633	67.7359848022461	
303.0787000656129	141.50617980957043	28.534208297729492	67.69813537597656	
301.65993690490734	141.55149078369152	28.360061645507812	67.19786071777344	
300.8628501892091	141.36624145507824	26.138240814208984	66.46438598632812	
300.54381465911877	143.0716781616212	22.5909481048584	65.14530944824219	
298.6409330368043	142.4681968688966	19.911237716674805	65.03327178955078	
294.76061725616466	142.5038299560548	21.1492862701416	65.43304443359375	
291.90034008026134	141.74171447753918	22.739652633666992	65.57551574707031	
289.8568401336671	141.15900802612316	24.449790954589844	65.71654510498047	
287.2702636718751	140.10675430297863	27.05386734008789	66.88636016845703	
286.1408910751344	140.09156799316418	27.172765731811523	67.17733764648438	
284.5043010711671	138.2402572631837	26.780311584472656	68.68295288085938	
283.699956893921	137.85045623779308	26.94481658935547	69.6312255859375	
279.09547328948986	137.2635726928712	27.247304916381836	70.26617431640625	
277.66656875610363	137.23581314086925	25.311901092529297	69.72069549560547	
275.39948081970226	136.4951858520509	23.59984588623047	69.78509521484375	
273.61114501953136	136.93749237060558	20.957355499267578	69.29835510253906	
270.0024452209474	136.27366256713879	23.527706146240234	70.08641815185547	
268.19187450408947	136.32533645629894	24.463361740112305	70.83231353759766	
265.9350814819337	136.00006484985363	26.78702163696289	71.02997589111328	
264.3377218246461	135.78201293945324	25.599050521850586	71.166259765625	
263.16909313201916	136.46124649047863	24.816617965698242	70.82018280029297	
261.0550298690797	136.19071578979504	22.855566024780273	70.52088165283203	
259.3887424468995	135.72606277465832	20.778228759765625	70.8782730102539	
255.5347595214845	135.89585876464855	20.685718536376953	70.35116577148438	
254.11056900024425	134.2532539367677	21.335247039794922	71.11267852783203	
167.46455955505382	138.1407699584962	36.571319580078125	110.57577514648438	
159.73371887207043	136.35032272338879	45.8725700378418	113.7867660522461	
160.35025596618664	135.9966049194337	48.227447509765625	115.61489868164062	
162.2833309173585	131.99392700195324	54.092620849609375	117.16032409667969	
164.73575973510754	130.75933837890636	60.06743240356445	117.27333068847656	
169.68749427795422	125.37682342529308	65.21654510498047	121.2060546875	
176.43635749816906	128.44441223144543	67.1744155883789	118.62699890136719	
185.9935703277589	127.85480880737316	66.36421966552734	122.28044891357422	
199.12730789184585	127.89473724365249	53.70114517211914	122.51718139648438	
214.898370742798	130.4644584655763	41.844261169433565	119.63683319091797	
224.5650215148927	132.88681411743178	37.83981704711914	116.13098907470703	
226.20986366271984	133.68574905395522	44.34325408935547	115.11139678955078	
227.51210594177257	132.93230438232436	50.820098876953125	115.645751953125	
230.03065490722668	130.0531616210939	56.13804244995117	115.20365905761719	
235.8797187805177	134.2181549072267	57.24948501586914	109.63432312011719	
246.88130378723156	134.6626358032228	53.055519104003906	109.26031494140625	
258.7949733734132	136.19090270996108	43.936859130859375	110.31367492675781	
269.28977966308605	141.84241485595717	38.6235466003418	105.58856201171875	
278.6404724121095	140.48550415039077	33.6323356628418	105.74119567871094	
284.70196723938	140.19149780273452	36.311439514160156	106.42555236816406	
285.33040618896496	140.94102478027358	44.18166732788086	106.25538635253906	
286.40937995910656	136.40783309936538	52.32422637939453	107.98336029052734	
289.8351097106935	137.30101013183608	60.22163772583008	105.23603820800781	
295.2190513610841	138.95075225830092	60.14308547973633	102.5828857421875	
302.5417652130128	139.2208747863771	54.304786682128906	103.47296905517578	
310.52007293701183	142.21641921997085	47.47884750366211	102.51660919189453	
323.57068061828625	141.06366348266616	40.144569396972656	103.45035552978516	
330.746795654297	141.67465591430678	38.4951286315918	102.3219985961914	
333.8435153961183	141.52731323242202	41.253990173339844	100.49284362792969	
338.1958942413331	141.32078933715835	42.665931701660156	99.81278228759766	
342.01764297485363	137.6067276000978	42.13425064086914	100.77755737304688	
347.6707363128663	137.23632812500014	42.0595703125	100.70869445800781	
352.57388877868664	139.67783355712905	40.680084228515625	97.77203369140625	
358.8467826843263	139.95796585083022	38.9332160949707	98.91446685791016	
365.2443428039552	142.32118606567397	35.875003814697266	96.66043853759766	
372.4784231185914	142.64259719848647	31.541120529174805	96.69007110595703	
377.2652006149293	143.06384277343764	29.985326766967773	96.87754821777344	
381.20898628234875	142.6410751342775	32.86389923095703	94.46652221679688	
384.10879516601574	141.7271003723146	36.64252853393555	94.16629791259766	
386.55388069152843	141.14802551269545	38.78528594970703	92.24592590332031	
389.06915855407726	142.1473197937013	37.35931396484375	92.22823333740234	
391.8301010131837	143.16585159301772	35.76858139038086	92.19998931884766	
395.36664390563976	144.78140640258803	33.0518798828125	89.88355255126953	
397.009469985962	144.31435394287124	34.78246307373047	90.20648193359375	
396.9062671661378	145.5300788879396	33.58570098876953	88.94474029541016	
397.52824211120617	144.22597122192397	33.07023620605469	89.49915313720703	
399.3117542266847	142.55181503295913	32.464515686035156	90.53722381591797	
400.5397129058839	140.00376892089858	32.588218688964844	91.05641174316406	
402.8663330078126	141.59915542602553	34.02201461791992	87.9922866821289	
402.5374240875245	143.28264617919936	34.320823669433594	86.07962036132812	
405.33098220825207	144.03089523315444	33.654544830322266	86.8874740600586	
406.47866821289074	145.1319961547853	33.61484909057617	84.77468872070312	
408.3578681945802	146.41478347778335	33.553409576416016	82.55902862548828	
410.0219326019288	145.6264801025392	33.633636474609375	81.92759704589844	
411.8049602508546	144.4279937744142	32.38877868652344	82.33915710449219	
412.72969722747814	144.1647224426271	31.670621871948242	82.71759796142578	
412.803228378296	142.94504165649428	29.332931518554688	81.1528091430664	
413.35875415802013	144.1511802673341	28.97563362121582	80.2931900024414	
411.1153039932252	146.35545730590832	30.702585220336914	78.9194107055664	
411.7959260940553	147.18115997314464	30.040132522583008	77.41629028320312	
411.14598178863537	147.50025177001964	29.497079849243164	76.68238830566406	
410.5506477355958	147.89265441894543	29.297412872314453	77.51994323730469	
409.78342056274425	146.66343307495129	30.01987075805664	77.1279525756836	
409.66401863098156	145.90096664428722	30.781288146972656	77.35953521728516	
407.99618816375744	143.82987213134777	31.1705379486084	78.50180053710938	
405.84613418579113	146.0603027343751	31.950702667236328	74.02214050292969	
404.0956916809083	146.7769012451173	33.407840728759766	72.76739501953125	
404.2719020843507	146.50412368774425	33.28001403808594	73.4797134399414	
402.2695255279542	149.835906982422	32.54230499267578	70.9886474609375	
400.52347946167004	149.15321350097668	31.558475494384766	70.28433227539062	
399.0401086807252	151.22582626342785	31.76670265197754	68.74811553955078	
395.2607936859132	147.65383911132824	33.363616943359375	70.59480285644531	
394.23846817016613	146.83678054809582	33.18227005004883	72.29662322998047	
392.0175552368165	145.32479476928722	32.03817367553711	73.45072174072266	
388.4547348022462	145.0696372985841	32.73586654663086	71.13251495361328	
385.9738922119142	147.53593826293957	32.747615814208984	68.15190887451172	
384.123558998108	148.98381423950207	29.405893325805664	67.30254364013672	
382.85611629486095	149.7258415222169	24.922910690307617	66.75130462646484	
380.62052631378185	150.15429306030285	23.693376541137695	65.91606903076172	
377.77314281463634	150.65683746337902	27.8830623626709	65.28541564941406	
373.7933273315431	149.4160499572755	29.71859359741211	66.71695709228516	
370.8371582031251	147.07022857666027	31.10750961303711	67.92768859863281	
368.05651473999035	148.6581268310548	32.0147590637207	64.61468505859375	
364.280035018921	149.14797973632824	32.95817565917969	63.23553466796875	
360.6189785003663	150.17504692077648	32.94017028808594	62.9866828918457	
358.370725631714	150.43944358825695	31.556045532226562	62.71049880981445	
354.3606300354005	152.22438621521007	28.27975845336914	61.14116287231445	
350.7171678543092	151.15193176269543	25.585206985473633	61.20062255859375	
346.02820491790783	150.96026611328136	27.886289596557617	60.85557556152344	
342.3630485534669	147.15024948120129	30.401172637939453	64.79712677001953	
339.30474281311047	147.67216300964367	31.19609832763672	63.4589729309082	
336.6856555938722	146.71364974975597	32.48149871826172	62.71215057373047	
332.87259483337414	150.00781440734875	32.05278015136719	59.70821762084961	
330.2020893096925	151.24695205688488	28.603904724121094	58.60173797607422	
326.22052574157726	149.1667881011964	26.981201171875	60.38228988647461	
322.7070951461793	151.4597911834718	23.781789779663086	58.12863540649414	
319.5656833648683	148.48399734497082	23.018089294433594	60.102577209472656	
315.5285940170289	147.13058853149425	26.97254753112793	60.789451599121094	
309.7757101058961	147.44698143005382	30.743391036987305	61.06648635864258	
303.3220024108888	149.31570625305187	34.85597610473633	58.70382308959961	
301.36199951171886	148.33717346191418	34.60172653198242	58.70960998535156	
296.01019668579113	148.9067726135255	36.5910530090332	57.32575225830078	
292.2188663482667	145.10329627990734	35.93450164794922	61.873836517333984	
291.67016887664806	146.82472801208507	28.848257064819336	60.69247817993164	
288.273633003235	148.19340324401867	27.325212478637695	58.76114273071289	
285.3294324874879	147.52077293396007	21.8418025970459	59.72188186645508	
279.49391555786144	145.28276824951183	24.475955963134766	61.40875244140625	
275.2652940750123	148.17610168457043	27.246675491333008	57.52032470703125	
269.8541021347047	144.9192581176759	30.14039421081543	60.83720397949219	
266.5898828506471	144.77721405029308	30.71465492248535	59.57731628417969	
260.15759468078625	143.32837295532238	32.878944396972656	61.083702087402344	
256.6983871459962	146.87648582458507	31.515682220458984	58.63722610473633	
255.30565357208263	147.79037666320812	29.272768020629883	57.528194427490234	
252.16250801086437	148.18920135498058	24.29131317138672	57.280426025390625	
247.23112964630138	150.76454734802257	22.483186721801758	55.688785552978516	
241.09388446807873	148.67339515686047	25.551652908325195	56.21235275268555	
236.69116878509533	146.44578552246105	27.609968185424805	56.90809631347656	
199.88747787475597	142.9125385284425	61.19832229614258	62.15424728393555	
129.05311393737804	135.71439361572277	53.086151123046875	91.26480102539062	
132.52166557312023	133.0811347961427	53.6363525390625	93.67423248291016	
145.23797607421886	131.87957763671886	43.64498519897461	97.36994934082031	
152.07213020324718	132.74565887451183	44.150474548339844	95.69781494140625	
159.33083724975597	128.7927932739259	41.496891021728516	100.26971435546875	
169.3041057586671	129.98795700073254	42.995574951171875	99.1281967163086	
170.9100093841554	128.52870178222668	53.41072082519531	99.36247253417969	
172.53582763671886	130.58227157592785	52.069026947021484	96.6358871459961	
175.4428062438966	129.05846405029308	49.54721450805664	99.45162963867188	
178.25438690185558	129.86684036254894	52.26420211791992	98.66394805908203	
183.23186683654797	128.49012756347668	52.416481018066406	100.13713073730469	
185.60921287536632	129.69874954223644	52.61293029785156	99.48368072509766	
209.70169830322277	129.97734832763683	35.91608810424805	98.8883056640625	
212.8461208343507	135.07435607910168	37.51603698730469	95.50642395019531	
217.998691558838	130.99406051635754	36.90837478637695	96.69795989990234	
218.0619010925294	128.96535873413097	42.47494888305664	99.82027435302734	
220.90086746215832	127.63185882568371	46.69429397583008	100.76904296875	
223.66167640686047	127.61628341674816	51.99768829345703	100.2529525756836	
209.87559700012218	129.11927795410168	72.27837371826172	96.95545959472656	
231.14529609680187	126.23540496826183	54.60985565185547	102.179931640625	
241.46860885620129	128.81555938720714	54.02817153930664	100.6873779296875	
251.83755111694347	127.83485794067394	46.74899673461914	101.03888702392578	
260.71390533447277	135.81052398681652	43.96906661987305	93.57022094726562	
267.6837844848634	135.2823944091798	39.11130905151367	93.82545471191406	
269.26739311218273	135.2994499206544	42.658966064453125	92.61266326904297	
272.32892036438	134.6140594482423	44.661460876464844	93.85124206542969	
275.41265869140636	129.8305778503419	48.09389877319336	97.63643646240234	
279.3155574798585	129.23014450073254	49.86927795410156	98.6008529663086	
285.8558063507081	133.60742950439464	46.30120086669922	95.792236328125	
295.15001487731945	132.5761184692384	41.45985412597656	96.22158813476562	
305.01262092590343	140.04452133178722	36.056541442871094	88.49742889404297	
309.98964881896984	140.50041580200207	35.09680938720703	88.0643081665039	
316.1057586669923	140.3579902648927	34.00423812866211	87.12000274658203	
317.2653350830079	135.77611923217785	37.638301849365234	93.1694564819336	
317.7287998199464	133.64769363403332	41.689369201660156	93.89661407470703	
320.6885166168214	133.19260787963879	45.480445861816406	93.96862030029297	
323.5853424072267	132.62765884399425	48.141170501708984	93.03723907470703	
328.74862480163586	134.9183807373048	46.609954833984375	91.81913757324219	
335.39074325561535	136.26054763793957	41.49942398071289	90.9594497680664	
340.486053466797	136.89068222045907	40.35995101928711	90.40819549560547	
343.44086837768566	137.3897018432618	38.188480377197266	90.32562255859375	
343.96610641479504	137.68106460571298	38.009159088134766	89.25443267822266	
347.1076526641847	138.58640670776376	36.291954040527344	88.39998626708984	
350.1295738220216	135.5681686401368	35.861026763916016	90.2550048828125	
351.7495880126954	133.99016952514657	35.75008773803711	90.79817962646484	
354.2371864318849	133.68029022216805	35.7413215637207	89.80410766601562	
356.31840324401867	132.9340591430665	35.95587158203125	91.45758056640625	
357.92803192138683	134.11521530151376	34.6737174987793	89.8012924194336	
358.6145763397218	132.9630432128907	36.0411376953125	91.15605163574219	
363.548532485962	132.74158859252938	33.548194885253906	90.9970932006836	
365.20524215698254	133.12805938720712	33.784976959228516	91.00729370117188	
365.8087730407716	129.88779067993173	33.641300201416016	93.34229278564453	
366.6066722869874	132.9024848937989	32.05731201171875	90.92813873291016	
366.6829957962037	136.62067794799813	29.810853958129883	87.5849838256836	
365.78520011901867	131.376075744629	29.576034545898438	91.6614990234375	
366.4148683547975	130.71943283081063	28.55491828918457	90.35369110107422	
364.1837835311891	136.78582763671884	30.104902267456055	83.65351867675781	
363.70250415802013	133.85362243652352	30.28819465637207	87.02674865722656	
365.20092296600353	135.76647567749032	29.144262313842773	84.94664764404297	
365.6385011672975	140.5341339111329	28.015962600708008	79.52584838867188	
365.4899892807008	139.27701568603524	27.365293502807617	80.109375	
364.35137748718273	134.59023666381844	28.310073852539062	85.84558868408203	
363.54556369781506	134.85364151000985	28.42539405822754	84.59642791748047	
362.16049480438244	134.3790588378907	28.591344833374023	84.56138610839844	
362.40227031707775	135.39856719970712	29.5260066986084	82.28242492675781	
360.01437854766857	138.92116546630868	29.455995559692383	79.65773010253906	
359.08170127868664	141.2183494567872	29.981842041015625	76.49872589111328	
357.5501003265382	142.28614425659188	28.750091552734375	75.39562225341797	
356.4273500442506	139.20386123657235	26.817644119262695	78.06085968017578	
354.64109897613537	137.7726364135743	27.5472354888916	78.5489501953125	
352.322629928589	137.13575363159188	28.004241943359375	79.0331039428711	
351.229612350464	136.96845626831063	27.518524169921875	78.84491729736328	
349.5406599044801	137.51314544677743	27.989919662475586	77.70018005371094	
347.0915632247926	138.26567459106454	28.780141830444336	77.11943817138672	
346.85754585266125	139.19291305542	27.608558654785156	76.14949798583984	
343.5810699462892	139.03137588500985	26.676387786865234	76.54146575927734	
342.78408241271984	140.29658889770516	24.613746643066406	74.81537628173828	
342.7339506149293	139.51779174804696	24.28401756286621	75.48129272460938	
341.20324993133556	139.29599380493173	26.420278549194336	75.06087493896484	
337.78167629241955	139.83052825927743	28.906522750854492	74.43765258789062	
335.92117500305187	139.3192367553712	29.844505310058594	74.40347290039062	
333.1050033569337	138.9170837402345	31.744426727294922	73.47991943359375	
332.3947744369508	139.25407028198254	29.286115646362305	74.13578033447266	
329.6979341506959	141.04060363769543	28.773622512817383	71.56431579589844	
327.3538694381715	142.69460678100597	27.619314193725586	70.31966400146484	
323.31970882415783	143.3523635864259	27.764081954956055	69.96560668945312	
320.85762214660656	142.58763122558605	25.93689727783203	69.30386352539062	
319.1877012252809	142.16361236572277	25.773366928100586	69.67051696777344	
316.54782485961925	141.0354804992677	26.563907623291016	70.8171157836914	
314.3763351440431	140.4884834289552	28.286495208740234	70.93811798095703	
310.63811588287365	140.1723747253419	29.469186782836914	71.34978485107422	
306.72750091552746	139.51690673828136	31.12179183959961	70.84574890136719	
303.6137094497682	139.80751037597668	29.76413917541504	70.95745849609375	
302.4249954223634	139.59915161132824	26.34121322631836	70.91146850585938	
301.07009887695324	140.179843902588	23.802196502685547	69.43242645263672	
299.61881828308117	140.30333709716808	24.708694458007812	69.04475402832031	
296.9883861541749	138.61988830566418	27.2352294921875	71.40042114257812	
293.59866428375256	139.15594482421886	28.98880958557129	69.976318359375	
291.1815986633302	140.35979461669933	30.284473419189453	68.32640075683594	
288.62161922454845	139.13889694213879	31.413740158081055	68.52027130126953	
287.8198413848878	146.7067165374757	29.291725158691406	61.37747573852539	
284.16237354278576	146.22069740295422	28.25432014465332	61.71552658081055	
281.25111293792736	138.91477966308605	26.841154098510742	69.23323059082031	
278.3177242279054	135.20615005493175	24.4674072265625	72.71695709228516	
276.57176876068127	144.0059928894044	22.916242599487305	64.22147369384766	
272.0171422958375	141.28386688232433	25.591245651245117	66.77241516113281	
268.9137191772462	139.4733467102052	26.95241928100586	68.73490142822266	
264.65630435943615	142.40280914306652	30.590173721313477	65.21795654296875	
260.047124862671	139.46439361572277	33.44866943359375	68.01712036132812	
259.36252689361584	138.56301879882824	30.58855628967285	68.96922302246094	
257.3271608352662	138.28834533691418	27.72215461730957	69.14239501953125	
255.06584072113048	139.17314529418957	24.785520553588867	68.56963348388672	
252.06782245635998	142.4674530029298	21.858430862426758	65.22531127929688	
248.20104408264172	140.32657623291027	22.84941864013672	66.01309204101562	
245.6122980117799	146.11959075927746	23.628976821899414	60.56169128417969	
241.38035678863537	141.5154151916505	26.626855850219727	65.89800262451172	
237.88732624053966	141.94409942626964	28.273698806762695	64.64337158203125	
235.8658552169801	140.94014739990246	28.00014305114746	65.85992431640625	
233.802721977234	140.85408020019543	28.224721908569336	66.3134765625	
230.2022638320924	139.86050415039074	29.25383949279785	66.16390991210938	
225.77047920227062	139.93104934692394	28.10301971435547	65.80915069580078	
221.0208501815797	139.5886459350587	26.07856559753418	66.13728332519531	
214.21654319763195	138.8839683532716	30.432998657226562	68.00833892822266	
215.1219539642335	139.0770950317384	28.009323120117188	67.69624328613281	
212.5961561203004	139.10382461547863	28.847219467163086	67.0910873413086	
208.1401824951173	138.85740661621105	32.07017135620117	66.486328125	
198.23318481445324	138.73869705200207	40.37832260131836	66.65462493896484	
172.46306228637707	138.0440673828126	60.335391998291016	88.00808715820312	
176.90067291259777	135.78993225097668	54.012203216552734	90.45321655273438	
184.0341205596925	138.37558364868175	46.611305236816406	89.69918060302734	
193.8709468841554	139.54012680053722	40.19659423828125	88.97928619384766	
206.53244781494152	141.74124908447277	31.11709213256836	87.31861877441406	
207.71849060058605	140.1620330810548	33.92429733276367	85.63897705078125	
184.19826698303234	137.99744033813488	27.43749237060547	67.58658599853516	
180.20751762390148	137.7864456176759	28.604644775390625	67.31137084960938	
177.75370693206798	137.04446029663097	29.092634201049805	68.9890365600586	
172.99220657348644	137.79535293579113	32.24472427368164	67.49127960205078	
173.23558616638195	139.65294647216808	27.735595703125	64.96905517578125	
171.11675167083752	141.1751060485841	25.496152877807617	63.828941345214844	
169.6939172744752	143.25323486328136	22.411630630493164	61.95947265625	
167.33143997192394	142.82712936401379	21.368534088134766	62.36432647705078	
163.155749320984	141.3411216735841	22.047765731811523	64.01000213623047	
160.90008354187023	142.34925079345714	23.3939208984375	63.604522705078125	
156.63824176788341	141.08571243286144	26.327669143676758	64.80724334716797	
153.53686237335216	141.88660430908214	28.85685920715332	63.9456787109375	
151.8693084716798	140.51473617553722	28.31527328491211	65.92122650146484	
149.34952354431164	141.72508621215832	27.36865234375	64.66841888427734	
148.2056884765626	141.06106185913097	25.92208480834961	64.51712799072266	
147.53801345825207	141.84359359741222	26.064075469970703	64.84465789794922	
146.43389606475841	143.46267127990734	26.802751541137695	63.89146041870117	
145.32924270629894	142.13559341430675	28.404911041259766	63.86792755126953	
143.09091567993175	139.84102630615246	28.726749420166016	66.41351318359375	
140.1950273513795	138.13135528564464	29.742387771606445	68.41751098632812	
136.7811393737794	137.4019241333009	30.73306655883789	69.79182434082031	
132.56693077087414	135.1467742919923	32.45750427246094	71.98513793945312	
131.05626296997082	135.21599197387707	32.25850296020508	72.05879974365234	
131.13407039642345	136.12120819091808	31.009687423706055	71.54905700683594	
130.45832538604748	137.87876129150402	28.208559036254883	69.25579833984375	
128.70097064971935	138.0612373352052	28.088808059692383	69.52342987060547	
126.44510650634777	138.32017898559582	28.690792083740234	69.4559555053711	
124.13333034515392	137.8850440979005	29.82942008972168	69.9162826538086	
120.59923553466808	137.46771240234386	32.115901947021484	71.20704650878906	
119.15753173828136	135.72322082519543	33.17387008666992	72.06513977050781	
118.94849586486828	136.53216552734386	32.888450622558594	71.66769409179688	
119.72499752044689	138.0916748046876	30.553281784057617	70.40678405761719	
120.01426506042492	139.53855133056652	29.841278076171875	70.15480041503906	
120.61448478698742	140.64907836914074	29.258697509765625	68.50590515136719	
120.88958072662365	140.48566055297863	28.5092716217041	68.6845932006836	
120.68987846374523	140.03568267822277	28.44439697265625	69.44160461425781	
120.0945749282838	139.66002655029308	28.863794326782227	70.63533020019531	
119.91153430938732	139.4089698791505	28.037675857543945	70.9963150024414	
119.28316116333019	139.23534393310558	28.498035430908203	70.52427673339844	
119.16216468811047	139.45349884033214	28.73046112060547	71.48408508300781	
119.37325000762951	141.00437545776379	28.134920120239258	70.92247772216797	
118.37068176269543	142.5850944519044	29.128597259521484	69.93718719482422	
116.89853858947765	142.9873847961427	29.221336364746094	68.55571746826172	
115.95364475250256	145.39183425903332	28.407907485961914	66.87677764892578	
116.28516006469738	144.9185791015626	28.087177276611328	67.20573425292969	
115.44576644897472	144.5761184692384	28.547489166259766	66.84585571289062	
116.32603836059582	141.36023330688488	27.448490142822266	71.90764617919922	
114.04310417175304	140.51588821411144	30.506134033203125	71.64196014404297	
119.25110721588146	143.28588104248058	25.380151748657227	69.49752807617188	
115.262269973755	143.46363067626964	28.44507598876953	69.88459777832031	
117.13303089141857	142.71309661865246	26.70652961730957	70.92544555664062	
117.79165554046642	146.24993133544933	25.695341110229492	68.43670654296875	
117.6984910964967	145.20367431640636	24.123109817504883	68.74424743652344	
116.80596828460705	144.06361389160168	25.131742477416992	69.60633850097656	
117.30111312866222	143.27975845336925	25.302265167236328	70.92212677001953	
116.08661270141613	140.68772506713879	26.628849029541016	73.47521209716797	
116.11402511596691	140.38177871704113	27.255008697509766	74.3318099975586	
113.87919425964367	138.5159492492677	28.43212890625	76.2420425415039	
112.63726806640636	139.62638092041027	31.167156219482422	75.71070861816406	
111.0939006805421	140.87795639038097	34.87004089355469	75.18436431884766	
109.25657463073742	143.77149963378918	37.284332275390625	71.74957275390625	
107.32570457458507	142.87827301025402	38.05165100097656	72.61390686035156	
106.73069572448742	142.93875885009777	37.678619384765625	72.41648864746094	
108.18005943298351	142.18473434448254	35.10466003417969	73.62220001220703	
111.49862861633312	141.49221420288097	31.34178924560547	75.63162994384766	
115.11087131500256	138.8043441772462	28.09202003479004	79.29360961914062	
117.39177989959728	137.10990524292004	25.830801010131836	81.13799285888672	
117.42597103118908	140.14864349365246	25.460569381713867	78.64259338378906	
117.18982791900646	139.11902236938488	26.863351821899414	81.20508575439453	
116.84859657287609	141.12489700317394	27.10540008544922	78.42760467529297	
116.51690578460705	142.2888984680177	27.905683517456055	78.01422882080078	
116.37648582458507	142.21248626708996	29.374954223632812	78.39665222167969	
115.26507091522228	140.4109001159669	30.56355857849121	81.18697357177734	
113.73931312561047	137.15006256103527	32.388694763183594	83.26805114746094	
113.86496734619152	136.51770782470714	32.215267181396484	84.42878723144531	
113.47562980651867	137.94129180908214	32.95048522949219	83.91899108886719	
114.22823524475109	137.11702728271496	33.679832458496094	85.01066589355469	
112.47374343872082	137.71246337890636	34.938480377197266	84.00283813476562	
114.25002479553234	139.20646286010754	33.951194763183594	84.1368179321289	
113.04176330566418	139.97959899902355	34.74079513549805	84.68246459960938	
111.45023345947277	141.86071395874035	35.87533187866211	82.11270904541016	
112.95798683166515	141.29730606079113	33.572410583496094	82.31273651123047	
112.94702720642101	138.3690643310548	32.6353759765625	85.79098510742188	
108.55009269714367	135.5966033935548	36.29066467285156	88.88043212890625	
106.8196201324464	134.58628463745129	37.95305633544922	90.17517852783203	
108.08816528320324	134.42259216308605	37.0702018737793	90.28094482421875	
111.64000129699718	135.21206283569347	34.00812530517578	89.62891387939453	
110.92516136169445	137.39496994018566	34.527801513671875	89.41553497314453	
106.34979629516613	140.02491760253918	39.29751968383789	87.49542236328125	
108.05039596557629	142.4260826110841	36.00542068481445	84.1673355102539	
108.79934310913097	141.5354232788087	33.88798904418945	84.78730773925781	
109.39733123779308	140.5832977294923	32.74978256225586	87.487548828125	
109.82264328002941	137.85227966308605	31.352252960205078	91.07034301757812	
110.39173030853283	136.74964904785168	31.601255416870117	91.82864379882812	
109.05998420715343	134.07939910888683	32.444007873535156	94.63777160644531	
109.46285820007336	134.8186149597169	32.78099060058594	95.59659576416016	
106.9029064178468	134.99696350097668	34.69050598144531	94.82025146484375	
106.69278144836437	139.4501304626466	34.093666076660156	91.30701446533203	
105.76905059814464	138.73544692993175	34.796199798583984	91.56298065185547	
105.33431816101086	140.85879516601574	35.20051574707031	90.3287353515625	
104.38061332702648	139.65091705322277	35.34880065917969	91.99528503417969	
103.98573493957531	137.46190261840832	34.875587463378906	93.99895477294922	
104.39128303527843	137.55720138549816	33.503150939941406	94.47547149658203	
103.95792388916027	135.7571029663087	32.320980072021484	95.66313171386719	
103.01652050018322	136.4702949523927	31.832754135131836	95.53978729248047	
103.08477592468273	137.48094177246105	32.27720642089844	96.44021606445312	
101.17628097534191	138.52534484863293	33.34221267700195	97.13778686523438	
100.61648178100597	139.20899963378918	34.20576858520508	95.80661010742188	
99.64939498901379	139.5054168701173	34.84395217895508	95.85968017578125	
97.56737136840832	140.27860260009777	35.445255279541016	94.95466613769531	
98.34482955932629	139.56766891479504	34.93458938598633	95.7287368774414	
98.13008308410656	138.74457168579113	35.269203186035156	97.15633392333984	
98.91001510620129	136.16607666015636	34.59437942504883	100.57766723632812	
97.06778526306164	135.63968658447277	35.69598388671875	102.06285095214844	
96.48081588745129	134.90896224975597	35.9525032043457	102.48258209228516	
96.22590827941906	136.66395568847668	36.423439025878906	101.53863525390625	
92.99509811401379	136.6744499206544	39.05403518676758	102.57050323486328	
93.24557113647472	139.971591949463	38.9095344543457	99.63878631591797	
86.78709030151379	139.75686264038097	44.45061111450195	98.6706314086914	
245.73081207275402	145.89666557312023	12.681575775146484	59.061710357666016	
246.13658237457287	146.59300613403332	25.424219131469727	57.852760314941406	
243.19279861450207	146.50950813293468	26.868183135986328	57.84202194213867	
239.91946983337414	147.28174591064464	28.19903564453125	57.44903564453125	
237.5172634124757	146.02769660949718	28.808059692382812	59.65291976928711	
235.8055810928346	148.23589324951183	25.50298500061035	57.0548095703125	
233.2427854537965	147.9694576263429	23.63104820251465	56.62285232543945	
229.14647960662853	145.84185028076183	22.280691146850586	57.68864440917969	
225.3244390487672	145.61919021606457	21.86756706237793	57.879661560058594	
223.57934761047375	145.95847892761242	22.79895782470703	57.6368293762207	
220.48929977417004	143.84089088439953	24.478763580322266	60.368770599365234	
217.29515075683605	143.80051612854015	24.817516326904297	59.41347885131836	
212.44803905487072	143.5897331237794	27.347814559936523	59.610618591308594	
208.46640872955334	147.66681289672863	28.807687759399414	55.46985626220703	
206.58360958099377	149.00519371032726	29.406614303588867	53.926700592041016	
205.6355085372926	148.88393592834484	25.24580955505371	53.76096725463867	
203.02887535095226	150.9162006378175	22.940078735351562	51.757320404052734	
200.15508270263683	148.94931411743175	20.69283676147461	54.20134735107422	
195.86255264282238	147.53286361694347	21.247058868408203	55.60063934326172	
193.61071300506603	149.85746955871593	22.646032333374023	53.16657638549805	
189.93207454681408	149.20141410827648	24.683454513549805	53.86012649536133	
185.43473911285412	148.00819206237804	27.46433448791504	53.60542678833008	
180.46771144866955	145.39730072021496	29.640546798706055	57.429229736328125	
177.3079538345338	147.24494361877453	30.139978408813477	56.42390060424805	
177.1736764907838	146.47703933715832	27.217554092407227	56.90308380126953	
175.73156833648693	147.75182533264172	23.023141860961914	56.30758285522461	
173.2347059249879	148.27201461792004	19.664480209350586	55.76154327392578	
169.5633182525636	146.5837631225587	20.00507354736328	56.95256042480469	
166.21889305114757	146.20661926269543	21.31439208984375	57.10296630859375	
163.10201358795177	145.9443473815919	23.18613624572754	57.20220184326172	
158.21612358093273	144.5693359375001	26.924728393554688	57.85658264160156	
152.98354434967052	144.90986824035656	30.09722328186035	57.374080657958984	
146.39411926269543	142.28368377685558	34.37484359741211	58.81706237792969	
144.60115242004406	145.14606666564953	35.188255310058594	57.387142181396484	
143.84774112701427	145.399082183838	31.054025650024414	58.55371856689453	
144.29192352294933	146.50436782836925	29.253475189208984	54.88196563720703	
141.4054470062257	147.2407684326173	27.089874267578125	54.623809814453125	
140.05265617370617	144.52570724487316	23.33843994140625	57.097007751464844	
138.3058500289918	144.3147201538087	21.662817001342773	57.719146728515625	
136.28768634796154	146.29866027832043	22.99101448059082	55.94502258300781	
133.3279199600221	145.65544509887707	24.5418643951416	57.581260681152344	
129.18105125427257	139.8324089050294	27.978408813476562	64.90215301513672	
103.50092697143566	113.00486755371105	51.09517288208008	104.08314514160156	
88.96010208129894	107.32657623291027	47.44369888305664	138.42886352539062	
90.9292392730714	111.7189407348634	54.88811492919922	138.18527221679688	
90.03256988525402	114.11348724365246	53.335689544677734	139.1986083984375	
92.20877265930187	118.29360961914074	49.95874786376953	136.2080535888672	
93.84825706481945	126.40345382690441	47.198272705078125	127.90319061279297	
88.10599517822277	132.05823135375988	53.58779525756836	121.0444107055664	
94.79004859924328	130.77779388427746	44.994041442871094	121.856201171875	
98.68408775329601	130.6431465148927	44.191131591796875	124.39008331298828	
99.61374092102062	129.48604583740246	47.21802520751953	125.7000732421875	
100.52685546875011	130.95933914184582	39.33140182495117	123.33502960205078	
100.60422515869152	130.58321380615246	42.94234848022461	123.86395263671875	
101.70804023742687	124.92742919921886	45.556739807128906	129.25416564941406	
102.31347465515148	127.69231414794933	46.30540466308594	125.765869140625	
102.3470859527589	129.75785064697277	46.688682556152344	125.1907958984375	
104.56578636169445	133.12898254394543	46.5091552734375	121.74635314941406	
101.77611923217785	132.93444061279308	51.0987434387207	121.6278076171875	
94.0786533355714	135.13238906860363	57.284446716308594	118.52960968017578	
86.83786582946789	129.13145828247082	65.16397094726562	124.18207550048828	
91.62536430358898	130.6115837097169	60.30915832519531	124.08724212646484	
93.76706504821789	123.60789489746105	60.62261962890625	130.55604553222656	
92.06885337829601	126.80721282958996	56.613433837890625	126.825927734375	
