38.0	25.0	36.0	68.0	
38.0	26.0	36.0	68.0	
38.0	26.0	36.0	68.0	
38.0	27.0	36.0	68.0	
38.0	28.0	36.0	68.0	
38.0	29.0	36.0	68.0	
36.0	28.0	37.0	70.0	
37.0	30.0	36.0	69.0	
36.0	30.0	36.0	68.0	
36.0	30.0	36.0	69.0	
35.0	30.0	36.0	68.0	
35.0	30.0	36.0	69.0	
35.0	31.0	36.0	69.0	
35.0	31.0	36.0	68.0	
36.0	32.0	35.0	67.0	
35.0	31.0	36.0	68.0	
35.0	32.0	36.0	68.0	
36.0	33.0	35.0	66.0	
35.0	33.0	35.0	67.0	
35.0	33.0	35.0	67.0	
35.0	33.0	35.0	67.0	
35.0	33.0	35.0	67.0	
36.0	33.0	35.0	67.0	
37.0	33.0	35.0	66.0	
37.0	33.0	35.0	66.0	
36.0	32.0	36.0	68.0	
37.0	34.0	35.0	67.0	
37.0	34.0	35.0	66.0	
38.0	34.0	35.0	66.0	
38.0	34.0	35.0	66.0	
39.0	33.0	35.0	67.0	
39.0	33.0	35.0	66.0	
40.0	33.0	35.0	66.0	
39.0	32.0	36.0	68.0	
41.0	34.0	35.0	66.0	
42.0	34.0	35.0	66.0	
42.0	34.0	35.0	67.0	
43.0	34.0	35.0	67.0	
44.0	34.0	35.0	66.0	
45.0	34.0	35.0	66.0	
44.0	33.0	36.0	68.0	
45.0	33.0	36.0	68.0	
45.0	33.0	36.0	68.0	
46.0	33.0	36.0	68.0	
47.0	34.0	36.0	68.0	
48.0	34.0	36.0	68.0	
50.0	35.0	35.0	67.0	
51.0	35.0	35.0	67.0	
52.0	36.0	35.0	66.0	
53.0	36.0	35.0	66.0	
54.0	37.0	34.0	66.0	
55.0	37.0	34.0	66.0	
55.0	37.0	34.0	66.0	
56.0	37.0	35.0	66.0	
57.0	37.0	35.0	66.0	
57.0	37.0	35.0	67.0	
58.0	37.0	35.0	67.0	
58.0	37.0	35.0	66.0	
59.0	37.0	35.0	67.0	
59.0	38.0	35.0	66.0	
59.0	38.0	35.0	66.0	
60.0	38.0	35.0	67.0	
61.0	38.0	35.0	67.0	
62.0	39.0	35.0	66.0	
63.0	39.0	35.0	66.0	
64.0	39.0	35.0	66.0	
66.0	39.0	35.0	67.0	
67.0	39.0	35.0	66.0	
67.0	39.0	35.0	66.0	
68.0	39.0	35.0	66.0	
69.0	39.0	35.0	66.0	
69.0	39.0	35.0	66.0	
70.0	39.0	35.0	66.0	
71.0	39.0	35.0	66.0	
72.0	39.0	35.0	66.0	
72.0	39.0	35.0	66.0	
73.0	39.0	35.0	66.0	
74.0	39.0	34.0	66.0	
74.0	39.0	35.0	67.0	
75.0	39.0	35.0	66.0	
76.0	39.0	35.0	66.0	
77.0	38.0	35.0	66.0	
78.0	38.0	35.0	66.0	
79.0	38.0	35.0	66.0	
81.0	38.0	35.0	67.0	
82.0	38.0	35.0	67.0	
83.0	38.0	35.0	67.0	
84.0	38.0	35.0	66.0	
85.0	38.0	35.0	66.0	
87.0	39.0	34.0	65.0	
88.0	38.0	35.0	66.0	
89.0	38.0	35.0	66.0	
90.0	38.0	35.0	66.0	
91.0	38.0	35.0	66.0	
92.0	39.0	34.0	65.0	
93.0	39.0	34.0	64.0	
94.0	38.0	34.0	64.0	
95.0	38.0	34.0	64.0	
96.0	38.0	34.0	64.0	
97.0	38.0	34.0	64.0	
99.0	38.0	33.0	64.0	
100.0	39.0	33.0	63.0	
101.0	38.0	34.0	64.0	
103.0	38.0	33.0	64.0	
105.0	39.0	33.0	63.0	
106.0	39.0	33.0	63.0	
106.0	37.0	34.0	64.0	
108.0	36.0	34.0	64.0	
109.0	36.0	34.0	64.0	
111.0	35.0	33.0	64.0	
111.0	35.0	34.0	65.0	
112.0	34.0	33.0	64.0	
113.0	34.0	33.0	63.0	
114.0	34.0	33.0	63.0	
115.0	34.0	33.0	62.0	
116.0	33.0	32.0	62.0	
117.0	32.0	33.0	62.0	
118.0	33.0	32.0	61.0	
119.0	31.0	33.0	62.0	
119.0	31.0	33.0	63.0	
119.0	31.0	33.0	63.0	
119.0	31.0	33.0	63.0	
119.0	32.0	32.0	62.0	
119.0	33.0	32.0	60.0	
119.0	33.0	32.0	60.0	
119.0	33.0	32.0	61.0	
118.0	33.0	32.0	60.0	
118.0	32.0	32.0	62.0	
119.0	33.0	32.0	60.0	
121.0	33.0	31.0	60.0	
122.0	33.0	31.0	60.0	
122.0	33.0	32.0	60.0	
124.0	33.0	31.0	60.0	
125.0	34.0	31.0	59.0	
127.0	33.0	31.0	60.0	
127.0	32.0	32.0	60.0	
128.0	33.0	31.0	59.0	
130.0	33.0	31.0	59.0	
131.0	33.0	31.0	58.0	
132.0	34.0	30.0	57.0	
134.0	33.0	30.0	56.0	
134.0	33.0	30.0	57.0	
135.0	32.0	31.0	58.0	
136.0	33.0	31.0	58.0	
136.0	34.0	30.0	57.0	
137.0	33.0	31.0	58.0	
138.0	34.0	31.0	58.0	
139.0	35.0	30.0	57.0	
140.0	35.0	31.0	58.0	
141.0	35.0	31.0	58.0	
142.0	35.0	31.0	59.0	
143.0	35.0	31.0	59.0	
144.0	37.0	31.0	59.0	
144.0	38.0	31.0	59.0	
144.0	39.0	31.0	59.0	
144.0	40.0	31.0	59.0	
145.0	41.0	31.0	59.0	
146.0	42.0	31.0	59.0	
147.0	42.0	31.0	59.0	
148.0	42.0	31.0	59.0	
149.0	42.0	32.0	60.0	
151.0	41.0	32.0	61.0	
152.0	40.0	32.0	62.0	
153.0	39.0	33.0	63.0	
153.0	38.0	34.0	64.0	
154.0	38.0	34.0	64.0	
156.0	37.0	33.0	64.0	
156.0	38.0	33.0	63.0	
156.0	38.0	33.0	63.0	
157.0	38.0	33.0	63.0	
157.0	38.0	33.0	63.0	
157.0	39.0	33.0	63.0	
157.0	39.0	33.0	63.0	
157.0	40.0	33.0	63.0	
157.0	40.0	33.0	63.0	
157.0	40.0	33.0	63.0	
157.0	40.0	33.0	63.0	
157.0	40.0	33.0	63.0	
157.0	39.0	33.0	62.0	
157.0	39.0	32.0	62.0	
156.0	40.0	32.0	61.0	
156.0	39.0	32.0	62.0	
155.0	39.0	33.0	63.0	
155.0	40.0	33.0	63.0	
155.0	39.0	34.0	64.0	
156.0	41.0	33.0	63.0	
157.0	39.0	33.0	64.0	
158.0	40.0	33.0	63.0	
158.0	40.0	33.0	63.0	
159.0	40.0	33.0	63.0	
159.0	41.0	33.0	63.0	
159.0	41.0	33.0	63.0	
158.0	40.0	34.0	64.0	
158.0	40.0	34.0	64.0	
159.0	41.0	33.0	63.0	
159.0	42.0	33.0	63.0	
159.0	41.0	33.0	64.0	
159.0	42.0	33.0	64.0	
158.0	43.0	34.0	64.0	
158.0	44.0	34.0	64.0	
159.0	46.0	33.0	63.0	
158.0	45.0	34.0	64.0	
158.0	46.0	33.0	64.0	
158.0	46.0	33.0	64.0	
158.0	47.0	34.0	65.0	
158.0	47.0	34.0	65.0	
157.0	47.0	34.0	65.0	
157.0	47.0	34.0	65.0	
157.0	46.0	34.0	66.0	
156.0	46.0	35.0	66.0	
155.0	46.0	35.0	67.0	
155.0	46.0	35.0	67.0	
155.0	46.0	35.0	66.0	
154.0	46.0	35.0	67.0	
153.0	46.0	36.0	69.0	
153.0	46.0	36.0	69.0	
153.0	46.0	36.0	68.0	
152.0	46.0	36.0	68.0	
152.0	47.0	35.0	67.0	
151.0	46.0	36.0	69.0	
152.0	47.0	35.0	67.0	
152.0	47.0	35.0	67.0	
152.0	47.0	35.0	67.0	
151.0	47.0	36.0	69.0	
151.0	47.0	36.0	68.0	
151.0	47.0	36.0	68.0	
151.0	47.0	36.0	68.0	
151.0	47.0	36.0	68.0	
151.0	47.0	36.0	68.0	
151.0	47.0	36.0	68.0	
150.0	47.0	36.0	68.0	
150.0	47.0	36.0	68.0	
150.0	47.0	36.0	68.0	
150.0	47.0	36.0	69.0	
150.0	47.0	35.0	67.0	
150.0	46.0	36.0	68.0	
150.0	46.0	36.0	68.0	
150.0	45.0	36.0	68.0	
151.0	44.0	36.0	68.0	
151.0	44.0	36.0	68.0	
150.0	44.0	36.0	69.0	
150.0	45.0	35.0	67.0	
149.0	44.0	36.0	68.0	
148.0	44.0	36.0	68.0	
147.0	44.0	36.0	68.0	
146.0	44.0	36.0	68.0	
145.0	44.0	36.0	68.0	
144.0	45.0	35.0	67.0	
143.0	44.0	36.0	68.0	
142.0	45.0	35.0	67.0	
141.0	45.0	35.0	67.0	
141.0	46.0	34.0	66.0	
141.0	46.0	34.0	66.0	
141.0	45.0	34.0	66.0	
141.0	46.0	34.0	65.0	
139.0	46.0	34.0	65.0	
139.0	46.0	33.0	64.0	
137.0	47.0	33.0	63.0	
136.0	47.0	33.0	63.0	
134.0	47.0	33.0	63.0	
133.0	48.0	33.0	62.0	
132.0	48.0	33.0	62.0	
132.0	47.0	33.0	62.0	
131.0	46.0	33.0	63.0	
132.0	46.0	33.0	63.0	
132.0	46.0	33.0	63.0	
130.0	45.0	34.0	64.0	
131.0	46.0	33.0	63.0	
131.0	46.0	33.0	63.0	
131.0	45.0	33.0	63.0	
131.0	45.0	33.0	63.0	
131.0	45.0	33.0	63.0	
131.0	45.0	33.0	63.0	
131.0	45.0	33.0	63.0	
132.0	46.0	32.0	62.0	
132.0	47.0	32.0	61.0	
133.0	47.0	31.0	60.0	
134.0	47.0	31.0	60.0	
133.0	47.0	32.0	60.0	
134.0	48.0	31.0	59.0	
134.0	48.0	31.0	59.0	
134.0	47.0	31.0	60.0	
133.0	47.0	31.0	59.0	
133.0	47.0	31.0	59.0	
133.0	48.0	30.0	57.0	
132.0	46.0	31.0	59.0	
132.0	47.0	30.0	57.0	
132.0	47.0	30.0	56.0	
132.0	47.0	29.0	56.0	
131.0	46.0	30.0	57.0	
132.0	47.0	29.0	56.0	
131.0	48.0	29.0	55.0	
131.0	48.0	29.0	55.0	
131.0	48.0	29.0	55.0	
130.0	47.0	29.0	56.0	
130.0	47.0	29.0	56.0	
129.0	47.0	30.0	56.0	
130.0	47.0	29.0	56.0	
130.0	47.0	29.0	56.0	
129.0	47.0	30.0	57.0	
129.0	47.0	30.0	57.0	
129.0	46.0	31.0	59.0	
129.0	46.0	31.0	59.0	
129.0	47.0	30.0	57.0	
129.0	46.0	31.0	59.0	
129.0	46.0	31.0	59.0	
130.0	46.0	31.0	59.0	
130.0	46.0	31.0	59.0	
129.0	46.0	31.0	58.0	
129.0	46.0	31.0	59.0	
129.0	46.0	31.0	59.0	
129.0	46.0	31.0	58.0	
129.0	46.0	31.0	59.0	
129.0	46.0	31.0	58.0	
129.0	46.0	31.0	59.0	
129.0	46.0	31.0	59.0	
129.0	46.0	31.0	59.0	
129.0	46.0	31.0	59.0	
128.0	46.0	32.0	60.0	
128.0	46.0	32.0	61.0	
128.0	45.0	32.0	62.0	
127.0	45.0	33.0	63.0	
126.0	44.0	33.0	64.0	
125.0	43.0	34.0	64.0	
125.0	43.0	34.0	64.0	
125.0	43.0	34.0	66.0	
124.0	43.0	34.0	66.0	
123.0	43.0	35.0	67.0	
122.0	43.0	35.0	67.0	
122.0	43.0	35.0	66.0	
122.0	43.0	35.0	67.0	
122.0	43.0	35.0	67.0	
121.0	44.0	35.0	67.0	
121.0	44.0	35.0	66.0	
121.0	44.0	35.0	66.0	
121.0	44.0	35.0	66.0	
121.0	44.0	35.0	67.0	
121.0	44.0	35.0	66.0	
121.0	44.0	35.0	67.0	
120.0	44.0	35.0	67.0	
120.0	44.0	35.0	67.0	
119.0	44.0	35.0	66.0	
119.0	44.0	35.0	67.0	
118.0	44.0	35.0	67.0	
118.0	44.0	35.0	67.0	
117.0	45.0	35.0	67.0	
117.0	45.0	35.0	67.0	
116.0	44.0	36.0	68.0	
116.0	45.0	35.0	67.0	
115.0	45.0	35.0	67.0	
115.0	45.0	35.0	67.0	
114.0	46.0	35.0	67.0	
113.0	46.0	35.0	67.0	
112.0	46.0	35.0	67.0	
111.0	46.0	36.0	69.0	
109.0	45.0	37.0	70.0	
108.0	45.0	37.0	70.0	
108.0	45.0	37.0	70.0	
107.0	46.0	37.0	70.0	
106.0	46.0	37.0	70.0	
105.0	47.0	37.0	70.0	
104.0	47.0	37.0	70.0	
103.0	48.0	37.0	70.0	
103.0	50.0	36.0	69.0	
102.0	49.0	37.0	70.0	
102.0	51.0	36.0	69.0	
101.0	50.0	37.0	70.0	
101.0	51.0	36.0	68.0	
101.0	51.0	36.0	68.0	
102.0	52.0	35.0	67.0	
102.0	52.0	34.0	66.0	
101.0	52.0	35.0	67.0	
100.0	51.0	36.0	68.0	
99.0	51.0	36.0	69.0	
100.0	52.0	35.0	67.0	
99.0	52.0	35.0	67.0	
99.0	52.0	35.0	67.0	
99.0	53.0	35.0	67.0	
98.0	53.0	35.0	66.0	
98.0	53.0	35.0	67.0	
97.0	53.0	35.0	67.0	
97.0	54.0	35.0	67.0	
97.0	54.0	34.0	66.0	
96.0	55.0	34.0	64.0	
97.0	55.0	33.0	64.0	
96.0	56.0	33.0	64.0	
96.0	57.0	33.0	62.0	
95.0	57.0	33.0	63.0	
95.0	58.0	33.0	62.0	
94.0	59.0	32.0	61.0	
95.0	59.0	31.0	60.0	
94.0	59.0	32.0	61.0	
94.0	59.0	32.0	61.0	
95.0	58.0	32.0	62.0	
95.0	59.0	32.0	61.0	
95.0	59.0	32.0	61.0	
95.0	58.0	32.0	62.0	
95.0	58.0	32.0	62.0	
94.0	57.0	33.0	62.0	
94.0	58.0	32.0	61.0	
92.0	57.0	32.0	60.0	
91.0	57.0	32.0	60.0	
90.0	56.0	32.0	62.0	
89.0	55.0	33.0	63.0	
89.0	54.0	33.0	64.0	
88.0	54.0	34.0	65.0	
87.0	52.0	35.0	66.0	
87.0	52.0	35.0	67.0	
86.0	53.0	35.0	67.0	
85.0	53.0	35.0	67.0	
83.0	53.0	35.0	67.0	
83.0	52.0	35.0	67.0	
82.0	52.0	35.0	67.0	
82.0	52.0	34.0	66.0	
80.0	51.0	35.0	67.0	
79.0	50.0	35.0	67.0	
78.0	49.0	35.0	66.0	
77.0	49.0	35.0	67.0	
77.0	49.0	34.0	66.0	
75.0	48.0	35.0	66.0	
74.0	48.0	35.0	67.0	
73.0	49.0	34.0	66.0	
70.0	49.0	35.0	67.0	
67.0	49.0	36.0	68.0	
66.0	50.0	35.0	67.0	
64.0	49.0	36.0	68.0	
62.0	47.0	37.0	70.0	
61.0	47.0	37.0	70.0	
61.0	46.0	37.0	70.0	
62.0	46.0	37.0	70.0	
63.0	47.0	36.0	68.0	
64.0	47.0	36.0	68.0	
64.0	47.0	35.0	67.0	
64.0	47.0	35.0	67.0	
65.0	47.0	35.0	67.0	
64.0	46.0	36.0	68.0	
65.0	47.0	35.0	67.0	
65.0	46.0	35.0	67.0	
65.0	45.0	35.0	67.0	
65.0	45.0	35.0	66.0	
64.0	44.0	35.0	67.0	
64.0	44.0	35.0	67.0	
64.0	44.0	35.0	66.0	
64.0	44.0	35.0	67.0	
63.0	44.0	35.0	66.0	
63.0	44.0	35.0	66.0	
63.0	44.0	34.0	66.0	
61.0	45.0	34.0	64.0	
61.0	44.0	34.0	66.0	
59.0	46.0	34.0	65.0	
57.0	44.0	35.0	66.0	
56.0	44.0	35.0	67.0	
55.0	44.0	35.0	67.0	
54.0	44.0	35.0	66.0	
54.0	44.0	34.0	66.0	
52.0	44.0	35.0	66.0	
51.0	44.0	35.0	66.0	
50.0	45.0	34.0	65.0	
49.0	44.0	34.0	65.0	
48.0	43.0	34.0	66.0	
47.0	42.0	35.0	66.0	
46.0	42.0	35.0	66.0	
45.0	42.0	35.0	67.0	
45.0	42.0	35.0	67.0	
44.0	42.0	35.0	67.0	
44.0	43.0	35.0	67.0	
43.0	44.0	35.0	67.0	
42.0	44.0	35.0	66.0	
42.0	44.0	35.0	67.0	
41.0	44.0	36.0	68.0	
41.0	44.0	35.0	67.0	
