84.0	151.0	92.0	104.0	
93.0	152.0	91.0	102.0	
101.0	152.0	90.0	101.0	
112.0	153.0	88.0	99.0	
120.0	153.0	86.0	97.0	
128.0	153.0	84.0	96.0	
137.0	153.0	83.0	94.0	
145.0	154.0	81.0	92.0	
150.0	155.0	80.0	90.0	
157.0	155.0	78.0	88.0	
164.0	156.0	76.0	86.0	
170.0	156.0	75.0	85.0	
178.0	157.0	73.0	83.0	
183.0	158.0	72.0	81.0	
189.0	158.0	71.0	80.0	
194.0	159.0	69.0	78.0	
198.0	159.0	68.0	77.0	
204.0	160.0	66.0	75.0	
210.0	160.0	65.0	74.0	
214.0	161.0	64.0	72.0	
218.0	162.0	63.0	71.0	
223.0	163.0	61.0	69.0	
226.0	162.0	60.0	68.0	
231.0	163.0	59.0	67.0	
234.0	164.0	58.0	65.0	
238.0	164.0	57.0	64.0	
242.0	165.0	55.0	63.0	
246.0	166.0	54.0	61.0	
249.0	166.0	53.0	60.0	
253.0	166.0	52.0	59.0	
256.0	166.0	51.0	58.0	
258.0	166.0	50.0	57.0	
262.0	167.0	49.0	56.0	
264.0	167.0	48.0	55.0	
268.0	168.0	47.0	53.0	
270.0	168.0	46.0	52.0	
273.0	169.0	45.0	51.0	
274.0	168.0	44.0	50.0	
277.0	170.0	44.0	49.0	
280.0	170.0	43.0	48.0	
281.0	170.0	42.0	47.0	
284.0	170.0	41.0	46.0	
286.0	171.0	40.0	45.0	
288.0	171.0	39.0	45.0	
290.0	171.0	39.0	44.0	
292.0	172.0	38.0	43.0	
293.0	172.0	38.0	43.0	
294.0	172.0	38.0	43.0	
296.0	171.0	38.0	43.0	
298.0	171.0	37.0	42.0	
299.0	171.0	37.0	42.0	
300.0	172.0	36.0	41.0	
302.0	172.0	35.0	40.0	
303.0	173.0	35.0	39.0	
304.0	173.0	34.0	39.0	
305.0	172.0	34.0	38.0	
307.0	173.0	33.0	37.0	
309.0	174.0	32.0	36.0	
310.0	174.0	32.0	36.0	
311.0	174.0	31.0	35.0	
312.0	174.0	31.0	35.0	
314.0	174.0	30.0	34.0	
314.0	174.0	30.0	34.0	
316.0	174.0	29.0	33.0	
317.0	175.0	29.0	32.0	
318.0	175.0	29.0	32.0	
318.0	174.0	28.0	32.0	
320.0	176.0	27.0	31.0	
321.0	176.0	27.0	31.0	
322.0	176.0	27.0	31.0	
322.0	176.0	27.0	31.0	
323.0	175.0	27.0	30.0	
324.0	176.0	26.0	30.0	
325.0	176.0	26.0	29.0	
325.0	176.0	26.0	29.0	
326.0	176.0	25.0	28.0	
327.0	176.0	24.0	28.0	
328.0	177.0	24.0	27.0	
329.0	177.0	24.0	27.0	
331.0	177.0	23.0	26.0	
331.0	177.0	23.0	26.0	
331.0	177.0	22.0	25.0	
332.0	177.0	22.0	25.0	
333.0	178.0	22.0	25.0	
334.0	178.0	21.0	24.0	
335.0	178.0	21.0	24.0	
335.0	178.0	21.0	24.0	
336.0	178.0	21.0	24.0	
337.0	179.0	21.0	23.0	
337.0	179.0	20.0	23.0	
338.0	179.0	20.0	23.0	
338.0	179.0	20.0	22.0	
340.0	179.0	19.0	22.0	
340.0	178.0	19.0	22.0	
341.0	178.0	19.0	22.0	
341.0	178.0	19.0	22.0	
342.0	178.0	19.0	22.0	
342.0	178.0	19.0	22.0	
343.0	179.0	19.0	21.0	
343.0	179.0	18.0	21.0	
344.0	179.0	18.0	20.0	
344.0	179.0	18.0	20.0	
346.0	179.0	17.0	20.0	
345.0	179.0	18.0	20.0	
345.0	179.0	18.0	20.0	
347.0	179.0	17.0	20.0	
347.0	180.0	17.0	19.0	
348.0	180.0	17.0	19.0	
348.0	180.0	16.0	19.0	
348.0	180.0	16.0	19.0	
349.0	180.0	16.0	18.0	
349.0	180.0	16.0	18.0	
350.0	180.0	16.0	18.0	
350.0	180.0	16.0	19.0	
350.0	180.0	16.0	18.0	
351.0	180.0	16.0	19.0	
351.0	180.0	16.0	19.0	
352.0	180.0	16.0	18.0	
352.0	180.0	16.0	18.0	
352.0	180.0	16.0	18.0	
354.0	181.0	15.0	17.0	
354.0	181.0	15.0	17.0	
354.0	181.0	15.0	17.0	
355.0	181.0	15.0	17.0	
355.0	181.0	15.0	17.0	
355.0	181.0	15.0	17.0	
355.0	181.0	15.0	17.0	
356.0	181.0	15.0	17.0	
356.0	181.0	14.0	16.0	
356.0	181.0	14.0	16.0	
357.0	181.0	14.0	16.0	
357.0	181.0	14.0	16.0	
357.0	181.0	14.0	16.0	
358.0	181.0	14.0	16.0	
358.0	181.0	14.0	16.0	
358.0	181.0	14.0	16.0	
359.0	181.0	14.0	16.0	
359.0	181.0	14.0	16.0	
359.0	181.0	14.0	16.0	
360.0	181.0	14.0	16.0	
359.0	181.0	14.0	15.0	
360.0	181.0	13.0	15.0	
361.0	182.0	13.0	15.0	
362.0	182.0	13.0	15.0	
362.0	182.0	13.0	15.0	
362.0	181.0	13.0	14.0	
362.0	181.0	13.0	14.0	
363.0	181.0	13.0	14.0	
363.0	181.0	12.0	14.0	
363.0	181.0	12.0	14.0	
363.0	181.0	12.0	14.0	
364.0	181.0	12.0	14.0	
364.0	181.0	12.0	14.0	
364.0	181.0	12.0	14.0	
364.0	182.0	12.0	13.0	
364.0	182.0	12.0	13.0	
365.0	182.0	12.0	13.0	
365.0	182.0	12.0	13.0	
366.0	182.0	11.0	13.0	
366.0	182.0	11.0	13.0	
366.0	182.0	11.0	13.0	
367.0	182.0	11.0	13.0	
367.0	182.0	11.0	13.0	
367.0	182.0	11.0	13.0	
368.0	182.0	11.0	13.0	
368.0	182.0	11.0	13.0	
368.0	182.0	11.0	13.0	
368.0	182.0	11.0	13.0	
368.0	182.0	11.0	13.0	
368.0	182.0	11.0	13.0	
369.0	182.0	11.0	13.0	
369.0	182.0	11.0	13.0	
369.0	182.0	11.0	13.0	
369.0	182.0	11.0	13.0	
369.0	182.0	11.0	13.0	
369.0	182.0	11.0	13.0	
369.0	182.0	11.0	13.0	
370.0	182.0	11.0	13.0	
369.0	181.0	11.0	12.0	
369.0	181.0	11.0	12.0	
370.0	182.0	10.0	12.0	
370.0	182.0	10.0	12.0	
370.0	182.0	10.0	12.0	
371.0	182.0	10.0	12.0	
371.0	182.0	10.0	12.0	
371.0	182.0	10.0	12.0	
371.0	182.0	10.0	12.0	
371.0	182.0	10.0	12.0	
372.0	182.0	10.0	12.0	
372.0	182.0	10.0	12.0	
372.0	182.0	10.0	12.0	
372.0	182.0	10.0	12.0	
372.0	183.0	10.0	11.0	
372.0	183.0	10.0	11.0	
372.0	183.0	10.0	11.0	
372.0	183.0	10.0	11.0	
372.0	183.0	10.0	11.0	
373.0	183.0	10.0	11.0	
373.0	183.0	10.0	11.0	
373.0	183.0	10.0	11.0	
373.0	183.0	10.0	11.0	
374.0	183.0	10.0	11.0	
374.0	183.0	10.0	11.0	
374.0	183.0	10.0	11.0	
374.0	183.0	10.0	11.0	
374.0	183.0	10.0	11.0	
374.0	183.0	10.0	11.0	
374.0	183.0	10.0	11.0	
374.0	183.0	10.0	11.0	
374.0	183.0	10.0	11.0	
374.0	183.0	10.0	11.0	
374.0	183.0	10.0	11.0	
374.0	183.0	10.0	11.0	
375.0	183.0	10.0	11.0	
375.0	183.0	10.0	11.0	
375.0	183.0	10.0	11.0	
375.0	183.0	10.0	11.0	
375.0	183.0	10.0	11.0	
375.0	183.0	10.0	11.0	
375.0	183.0	10.0	11.0	
375.0	183.0	10.0	11.0	
376.0	183.0	10.0	11.0	
376.0	183.0	10.0	11.0	
376.0	183.0	10.0	11.0	
376.0	183.0	10.0	11.0	
376.0	183.0	10.0	11.0	
376.0	183.0	10.0	11.0	
377.0	183.0	10.0	11.0	
377.0	183.0	10.0	11.0	
377.0	183.0	10.0	11.0	
377.0	183.0	10.0	11.0	
377.0	183.0	10.0	11.0	
377.0	183.0	10.0	11.0	
377.0	183.0	10.0	11.0	
377.0	183.0	10.0	11.0	
377.0	183.0	10.0	11.0	
377.0	182.0	10.0	11.0	
378.0	183.0	10.0	11.0	
378.0	183.0	10.0	11.0	
378.0	183.0	10.0	11.0	
378.0	183.0	10.0	11.0	
378.0	183.0	10.0	11.0	
379.0	182.0	9.0	11.0	
380.0	183.0	9.0	10.0	
380.0	183.0	9.0	10.0	
380.0	183.0	9.0	10.0	
380.0	182.0	9.0	10.0	
380.0	183.0	9.0	10.0	
381.0	183.0	9.0	10.0	
381.0	183.0	9.0	10.0	
381.0	183.0	9.0	10.0	
381.0	183.0	9.0	10.0	
382.0	183.0	9.0	10.0	
381.0	182.0	9.0	10.0	
382.0	182.0	9.0	10.0	
382.0	183.0	8.0	10.0	
382.0	183.0	8.0	10.0	
383.0	183.0	8.0	10.0	
383.0	183.0	8.0	10.0	
383.0	183.0	8.0	10.0	
383.0	183.0	8.0	9.0	
383.0	183.0	8.0	9.0	
383.0	183.0	8.0	9.0	
384.0	183.0	8.0	9.0	
384.0	183.0	8.0	9.0	
384.0	183.0	8.0	9.0	
385.0	183.0	8.0	9.0	
385.0	183.0	8.0	9.0	
385.0	183.0	8.0	9.0	
386.0	183.0	8.0	9.0	
386.0	183.0	8.0	9.0	
386.0	183.0	8.0	9.0	
386.0	183.0	8.0	9.0	
387.0	184.0	8.0	9.0	
387.0	184.0	8.0	9.0	
387.0	184.0	8.0	9.0	
387.0	183.0	8.0	9.0	
387.0	183.0	8.0	9.0	
388.0	183.0	8.0	9.0	
389.0	183.0	8.0	9.0	
388.0	183.0	8.0	9.0	
390.0	183.0	7.0	8.0	
390.0	183.0	7.0	8.0	
391.0	183.0	7.0	8.0	
391.0	183.0	7.0	8.0	
391.0	183.0	7.0	8.0	
392.0	183.0	7.0	8.0	
392.0	183.0	7.0	8.0	
392.0	183.0	7.0	8.0	
392.0	183.0	7.0	8.0	
392.0	183.0	7.0	8.0	
393.0	183.0	7.0	8.0	
393.0	183.0	7.0	8.0	
394.0	183.0	7.0	8.0	
394.0	183.0	7.0	8.0	
395.0	183.0	7.0	8.0	
395.0	183.0	7.0	8.0	
395.0	183.0	7.0	8.0	
395.0	183.0	7.0	8.0	
396.0	183.0	7.0	8.0	
396.0	183.0	7.0	8.0	
396.0	183.0	7.0	8.0	
397.0	183.0	7.0	8.0	
397.0	183.0	7.0	8.0	
397.0	183.0	7.0	8.0	
398.0	183.0	7.0	8.0	
398.0	184.0	7.0	7.0	
398.0	184.0	7.0	7.0	
399.0	184.0	7.0	7.0	
399.0	184.0	7.0	7.0	
399.0	184.0	7.0	7.0	
400.0	184.0	7.0	7.0	
400.0	184.0	7.0	7.0	
400.0	184.0	7.0	7.0	
401.0	184.0	7.0	7.0	
401.0	184.0	7.0	7.0	
401.0	184.0	7.0	7.0	
401.0	184.0	7.0	7.0	
402.0	184.0	7.0	7.0	
402.0	184.0	7.0	7.0	
402.0	184.0	7.0	7.0	
402.0	184.0	7.0	7.0	
402.0	184.0	7.0	7.0	
402.0	184.0	7.0	7.0	
402.0	184.0	7.0	7.0	
402.0	184.0	7.0	7.0	
402.0	184.0	7.0	7.0	
402.0	184.0	7.0	7.0	
401.0	184.0	7.0	7.0	
402.0	184.0	7.0	7.0	
402.0	184.0	7.0	7.0	
402.0	184.0	7.0	7.0	
401.0	184.0	7.0	7.0	
401.0	184.0	6.0	7.0	
402.0	184.0	6.0	7.0	
402.0	184.0	6.0	7.0	
