395.0	181.0	9.0	13.0	
395.0	181.0	9.0	13.0	
395.0	181.0	9.0	13.0	
394.0	180.0	8.0	12.0	
394.0	180.0	9.0	13.0	
393.0	180.0	9.0	13.0	
392.0	180.0	9.0	13.0	
392.0	180.0	9.0	13.0	
392.0	180.0	9.0	13.0	
392.0	180.0	9.0	13.0	
391.0	180.0	9.0	13.0	
391.0	180.0	9.0	13.0	
390.0	180.0	9.0	13.0	
390.0	180.0	9.0	13.0	
389.0	180.0	9.0	13.0	
389.0	181.0	9.0	13.0	
389.0	181.0	9.0	13.0	
388.0	181.0	9.0	13.0	
387.0	181.0	8.0	12.0	
387.0	181.0	8.0	12.0	
386.0	181.0	8.0	12.0	
386.0	181.0	8.0	12.0	
385.0	181.0	9.0	13.0	
385.0	181.0	9.0	13.0	
385.0	181.0	9.0	13.0	
384.0	181.0	9.0	13.0	
384.0	181.0	9.0	13.0	
383.0	181.0	9.0	13.0	
383.0	181.0	9.0	13.0	
382.0	180.0	9.0	14.0	
382.0	180.0	9.0	14.0	
382.0	180.0	9.0	14.0	
381.0	180.0	9.0	14.0	
381.0	180.0	9.0	14.0	
380.0	180.0	9.0	14.0	
380.0	180.0	9.0	14.0	
379.0	180.0	9.0	14.0	
379.0	180.0	9.0	14.0	
378.0	180.0	9.0	14.0	
378.0	180.0	9.0	14.0	
378.0	180.0	9.0	14.0	
377.0	180.0	9.0	14.0	
377.0	180.0	9.0	14.0	
376.0	180.0	9.0	14.0	
375.0	180.0	9.0	14.0	
375.0	180.0	9.0	14.0	
375.0	180.0	9.0	14.0	
375.0	180.0	9.0	14.0	
374.0	180.0	9.0	14.0	
374.0	180.0	9.0	14.0	
373.0	180.0	9.0	14.0	
373.0	180.0	9.0	14.0	
372.0	180.0	9.0	14.0	
372.0	180.0	9.0	14.0	
371.0	180.0	9.0	14.0	
371.0	180.0	9.0	14.0	
370.0	180.0	9.0	14.0	
368.0	180.0	10.0	14.0	
368.0	180.0	10.0	14.0	
367.0	180.0	10.0	15.0	
367.0	180.0	10.0	15.0	
366.0	180.0	10.0	15.0	
366.0	180.0	10.0	14.0	
366.0	180.0	10.0	14.0	
365.0	180.0	10.0	14.0	
365.0	180.0	10.0	14.0	
364.0	180.0	10.0	14.0	
364.0	180.0	10.0	14.0	
363.0	180.0	10.0	14.0	
362.0	180.0	10.0	14.0	
362.0	180.0	10.0	14.0	
361.0	180.0	10.0	14.0	
361.0	180.0	10.0	14.0	
360.0	180.0	10.0	15.0	
360.0	180.0	10.0	15.0	
359.0	180.0	10.0	15.0	
359.0	180.0	10.0	15.0	
358.0	180.0	10.0	15.0	
358.0	180.0	10.0	15.0	
357.0	180.0	10.0	15.0	
356.0	180.0	10.0	15.0	
356.0	180.0	10.0	15.0	
355.0	180.0	10.0	15.0	
355.0	180.0	10.0	15.0	
354.0	180.0	10.0	15.0	
354.0	180.0	10.0	15.0	
353.0	180.0	10.0	15.0	
353.0	180.0	10.0	15.0	
352.0	180.0	10.0	15.0	
352.0	180.0	10.0	15.0	
351.0	180.0	10.0	15.0	
350.0	180.0	10.0	15.0	
350.0	180.0	10.0	15.0	
349.0	180.0	10.0	15.0	
349.0	180.0	10.0	15.0	
348.0	179.0	11.0	16.0	
348.0	179.0	11.0	16.0	
347.0	179.0	11.0	16.0	
346.0	179.0	11.0	16.0	
346.0	179.0	11.0	16.0	
345.0	179.0	11.0	16.0	
344.0	179.0	11.0	16.0	
343.0	179.0	11.0	16.0	
343.0	179.0	11.0	17.0	
342.0	179.0	11.0	17.0	
342.0	179.0	11.0	17.0	
341.0	179.0	11.0	16.0	
341.0	179.0	11.0	17.0	
340.0	179.0	11.0	17.0	
340.0	179.0	11.0	17.0	
339.0	179.0	11.0	17.0	
338.0	179.0	11.0	16.0	
338.0	179.0	11.0	16.0	
337.0	179.0	11.0	16.0	
337.0	179.0	11.0	16.0	
336.0	179.0	11.0	16.0	
336.0	179.0	11.0	17.0	
335.0	179.0	11.0	17.0	
333.0	179.0	12.0	17.0	
332.0	179.0	12.0	17.0	
330.0	180.0	12.0	17.0	
329.0	179.0	12.0	17.0	
329.0	179.0	12.0	17.0	
328.0	179.0	12.0	17.0	
328.0	179.0	12.0	17.0	
327.0	179.0	12.0	17.0	
327.0	178.0	12.0	17.0	
326.0	178.0	12.0	17.0	
326.0	178.0	12.0	17.0	
325.0	179.0	12.0	17.0	
324.0	179.0	12.0	17.0	
324.0	178.0	12.0	18.0	
324.0	178.0	12.0	18.0	
322.0	175.0	12.0	18.0	
321.0	174.0	12.0	18.0	
325.0	173.0	12.0	18.0	
330.0	172.0	12.0	18.0	
330.0	166.0	12.0	17.0	
331.0	162.0	12.0	18.0	
330.0	163.0	12.0	18.0	
335.0	164.0	12.0	17.0	
341.0	165.0	12.0	18.0	
346.0	168.0	12.0	17.0	
351.0	171.0	12.0	17.0	
356.0	172.0	12.0	18.0	
360.0	173.0	12.0	18.0	
365.0	173.0	12.0	18.0	
370.0	174.0	12.0	17.0	
375.0	172.0	12.0	18.0	
380.0	172.0	12.0	18.0	
384.0	174.0	12.0	18.0	
387.0	176.0	12.0	18.0	
391.0	176.0	12.0	18.0	
395.0	176.0	13.0	18.0	
397.0	177.0	13.0	19.0	
399.0	176.0	13.0	19.0	
403.0	176.0	13.0	19.0	
406.0	173.0	14.0	20.0	
411.0	172.0	13.0	20.0	
412.0	174.0	14.0	20.0	
414.0	176.0	14.0	20.0	
416.0	179.0	14.0	20.0	
418.0	178.0	14.0	21.0	
420.0	177.0	14.0	21.0	
422.0	175.0	15.0	22.0	
425.0	175.0	15.0	22.0	
427.0	173.0	15.0	22.0	
428.0	173.0	16.0	23.0	
430.0	173.0	16.0	23.0	
432.0	173.0	16.0	24.0	
434.0	172.0	17.0	24.0	
436.0	172.0	16.0	24.0	
437.0	172.0	16.0	23.0	
439.0	171.0	16.0	24.0	
440.0	172.0	16.0	23.0	
441.0	172.0	16.0	23.0	
443.0	171.0	16.0	24.0	
445.0	172.0	16.0	23.0	
446.0	172.0	16.0	23.0	
448.0	172.0	16.0	23.0	
449.0	172.0	16.0	23.0	
451.0	172.0	15.0	22.0	
452.0	171.0	15.0	22.0	
453.0	171.0	15.0	22.0	
454.0	171.0	15.0	22.0	
454.0	170.0	15.0	22.0	
455.0	170.0	15.0	22.0	
456.0	170.0	15.0	22.0	
458.0	171.0	14.0	21.0	
459.0	171.0	14.0	21.0	
460.0	171.0	15.0	22.0	
461.0	171.0	15.0	22.0	
464.0	171.0	15.0	22.0	
466.0	171.0	15.0	22.0	
467.0	171.0	15.0	22.0	
468.0	172.0	14.0	21.0	
469.0	172.0	14.0	21.0	
471.0	172.0	14.0	21.0	
472.0	172.0	14.0	20.0	
473.0	172.0	14.0	20.0	
475.0	172.0	13.0	20.0	
476.0	173.0	13.0	19.0	
477.0	173.0	13.0	19.0	
478.0	173.0	13.0	19.0	
479.0	173.0	13.0	18.0	
480.0	173.0	13.0	19.0	
481.0	173.0	13.0	18.0	
482.0	173.0	12.0	18.0	
482.0	173.0	13.0	18.0	
483.0	173.0	12.0	18.0	
