40	31	30	63
40	31	30	63
39	31	30	63
38	31	30	63
38	31	30	63
37	33	29	61
36	33	29	61
36	33	29	61
36	33	29	61
37	33	29	61
37	34	29	61
37	34	29	61
37	34	29	61
36	34	29	61
35	34	29	61
35	35	29	61
35	35	29	61
36	35	29	61
37	35	28	60
37	35	28	60
38	35	28	60
38	35	29	61
38	35	29	61
38	35	29	61
39	35	29	61
39	35	29	61
40	35	29	61
41	35	29	61
41	35	29	61
42	35	29	61
42	35	29	61
43	35	29	61
44	35	29	61
45	35	29	61
46	35	29	61
46	35	29	61
47	36	29	61
48	36	29	61
48	36	29	61
49	36	29	61
50	36	29	61
51	36	29	61
51	37	29	61
52	37	29	61
53	37	29	61
54	37	29	61
55	38	29	61
56	38	29	61
57	38	29	61
58	38	29	61
59	38	29	61
60	39	29	61
60	39	29	61
61	39	29	61
61	39	29	61
61	39	29	61
62	39	29	61
62	39	29	61
64	41	28	60
65	41	28	60
66	41	28	60
68	41	28	60
69	41	28	60
70	41	28	60
71	41	28	60
72	41	28	60
72	41	28	60
73	41	28	60
74	41	28	60
75	41	28	60
76	41	28	60
76	41	28	60
77	41	28	60
78	41	28	60
78	41	28	60
79	41	28	60
80	41	28	60
81	41	28	60
83	41	28	60
84	40	28	60
85	40	28	60
86	40	28	60
87	40	28	60
88	40	28	60
89	40	28	60
90	40	28	60
91	40	28	60
93	40	28	60
94	40	28	60
95	40	28	60
96	40	28	60
97	40	28	60
98	39	28	60
99	39	28	60
100	39	28	60
101	40	28	59
102	40	28	59
103	40	28	59
105	40	28	59
106	40	28	59
107	40	28	59
108	39	28	59
110	39	28	59
111	38	28	59
112	38	28	59
113	37	28	59
114	37	27	58
115	37	27	58
115	36	27	58
116	35	27	58
117	34	27	58
117	34	27	58
118	33	27	58
118	32	27	58
119	31	27	58
119	31	27	58
119	31	27	58
119	31	27	58
119	31	27	58
119	31	27	58
119	32	27	57
119	32	27	57
119	32	27	57
119	33	27	57
119	33	26	55
120	33	26	55
121	33	26	55
122	33	26	55
123	33	26	55
124	33	26	55
125	32	26	55
127	32	26	55
128	32	26	55
129	33	26	54
130	33	26	54
132	33	26	54
132	32	26	54
133	32	26	54
135	32	26	54
136	33	26	54
136	33	26	54
137	33	26	54
138	34	26	54
139	34	26	54
139	34	26	54
140	34	26	54
141	34	26	54
142	35	26	54
144	36	26	55
144	37	26	55
144	37	26	55
144	39	26	55
145	40	26	55
146	41	26	55
147	42	26	55
148	42	26	55
150	41	27	57
151	41	27	57
152	41	27	57
154	41	27	57
155	41	27	57
156	41	27	57
157	41	27	57
158	40	27	57
159	40	27	57
159	40	27	57
159	40	27	57
159	41	27	57
159	41	27	57
159	42	27	57
159	42	27	57
159	42	27	57
159	42	27	57
159	42	27	57
159	41	27	57
159	41	27	57
159	40	27	57
159	40	27	58
159	40	27	58
159	40	28	59
160	41	28	60
161	41	28	60
161	41	28	60
162	41	28	60
162	41	28	60
163	41	28	60
164	41	28	60
164	41	28	60
164	41	28	60
164	42	28	60
164	42	28	60
165	42	28	60
165	43	28	60
165	43	28	60
165	44	28	60
165	45	28	60
165	46	29	61
165	47	29	61
164	47	28	60
164	47	28	60
164	48	28	60
164	48	28	60
164	48	28	60
164	49	28	60
163	49	28	60
162	49	28	60
162	49	28	60
161	49	28	60
161	49	28	60
161	49	28	60
161	50	28	60
161	50	28	60
161	50	28	60
161	50	28	60
161	51	28	60
160	51	28	60
160	51	28	60
159	51	28	60
159	51	28	60
159	51	28	60
159	51	28	60
159	51	28	60
159	51	28	60
159	51	28	60
159	51	28	60
159	51	28	60
159	51	28	60
159	51	28	60
158	51	28	60
158	51	28	60
158	51	28	60
158	51	28	60
158	51	28	60
158	50	28	60
158	50	28	60
158	49	28	60
158	49	28	60
158	49	28	60
158	49	28	60
156	49	28	60
155	49	28	60
154	49	28	60
153	49	28	60
152	49	28	60
151	49	28	60
150	49	28	60
149	49	28	60
148	49	28	60
148	49	28	60
147	50	28	59
147	49	28	59
146	49	28	59
146	49	27	58
144	49	27	58
143	50	27	57
141	50	27	57
140	50	27	57
138	50	27	57
137	50	27	57
136	49	27	57
136	49	27	57
136	49	27	57
137	49	27	57
137	49	27	57
136	49	27	57
136	48	27	57
136	48	27	57
136	48	27	57
136	47	27	57
136	47	27	57
136	47	27	57
137	47	27	57
137	47	27	57
137	46	27	57
137	46	27	57
138	46	27	57
138	46	27	57
138	46	27	57
138	46	27	57
138	47	26	55
138	47	26	54
138	47	26	54
138	47	26	54
138	47	26	54
138	47	26	54
138	47	26	54
138	47	26	54
137	47	26	54
137	47	26	54
137	46	26	55
137	46	27	57
137	46	27	58
137	46	27	58
136	46	27	58
136	46	27	58
136	46	27	58
136	46	27	58
136	46	27	58
136	46	27	58
136	46	27	58
136	46	27	58
136	46	27	58
136	46	27	58
136	46	27	58
136	46	27	58
136	46	27	58
136	46	27	58
136	46	27	58
136	46	27	58
136	46	27	58
136	46	27	58
137	46	27	58
137	46	27	58
137	46	27	58
137	46	27	58
136	46	27	58
135	45	28	59
135	45	28	60
134	44	29	61
133	43	29	62
132	43	30	64
132	43	30	64
131	43	30	64
130	43	30	64
129	43	30	64
128	43	30	64
127	42	31	65
126	44	30	64
126	44	30	64
126	44	30	64
126	44	30	64
126	44	30	64
126	44	30	64
125	44	30	64
125	44	30	64
125	44	30	64
124	44	30	64
124	44	30	64
124	44	30	64
124	43	31	65
124	43	31	65
123	43	31	65
123	44	31	65
123	44	31	65
122	44	31	65
121	44	31	66
120	44	31	66
120	44	31	66
120	45	31	66
119	45	31	66
119	45	31	66
118	45	31	66
117	46	31	66
116	45	32	68
115	46	32	68
115	46	32	68
114	47	32	68
113	47	32	68
112	47	32	68
112	48	32	68
110	48	32	68
110	49	32	68
109	49	32	68
109	49	32	68
109	49	32	68
109	49	32	68
109	49	32	68
109	49	32	68
109	49	32	68
108	49	32	68
108	49	32	68
108	50	32	68
108	50	32	68
108	50	32	68
108	50	32	68
107	50	32	68
107	50	32	68
107	52	32	68
106	52	31	66
106	52	31	66
106	52	31	66
106	52	31	66
105	52	31	66
105	54	31	65
105	55	30	64
104	55	30	64
104	55	30	64
104	56	30	64
104	56	30	64
104	56	30	64
104	56	30	64
104	56	30	64
104	55	30	64
104	55	30	64
104	55	30	64
104	55	30	64
103	55	30	64
102	54	30	64
101	54	30	64
100	54	30	64
98	53	31	65
97	51	31	66
96	51	31	66
96	51	31	66
96	51	31	66
95	51	32	68
94	51	32	68
92	50	33	69
91	50	33	69
90	49	33	69
89	49	32	68
88	48	32	68
86	47	32	68
85	47	32	68
84	46	32	68
82	46	32	68
81	45	32	68
78	45	32	68
77	45	32	68
76	45	32	68
73	47	31	66
72	47	31	66
70	48	31	66
69	48	31	66
68	48	31	66
67	47	31	66
67	47	31	66
67	46	31	66
68	46	31	66
68	46	31	66
68	46	31	65
68	45	31	65
68	45	31	65
68	45	31	65
68	45	31	65
68	44	31	65
68	44	31	65
67	43	31	65
67	43	31	65
67	43	31	65
66	42	31	65
66	42	31	65
66	42	31	65
65	42	31	65
65	41	31	65
64	41	31	65
63	42	31	65
62	42	31	65
61	42	31	66
60	42	31	66
59	42	31	66
58	42	31	66
56	42	31	66
55	40	32	68
53	40	32	68
52	40	32	68
50	38	33	69
49	39	32	68
47	39	32	68
47	38	32	68
46	38	32	68
46	38	32	68
45	39	32	68
45	39	32	68
44	40	32	68
43	40	32	68
43	41	32	68
42	41	32	68
42	41	32	68
42	39	33	69
42	39	33	69
