210	50	32	39
210	49	32	39
210	49	32	39
209	49	32	39
209	49	32	39
210	50	31	38
211	53	31	38
211	58	31	38
212	63	31	38
212	65	31	38
213	63	31	38
213	57	31	38
214	49	31	38
215	42	31	38
216	38	31	38
217	36	31	38
219	37	31	38
221	40	31	38
223	46	31	38
226	53	30	37
229	59	30	37
232	60	30	37
236	56	30	37
238	51	30	37
242	45	30	36
245	41	30	36
248	40	30	36
250	41	30	36
252	45	30	36
254	52	30	36
255	57	30	36
255	60	30	36
251	58	29	36
248	52	29	36
242	45	30	36
236	42	30	36
230	40	30	36
223	41	30	36
215	44	30	37
209	49	30	37
206	55	30	37
207	68	31	38
209	82	31	38
204	79	31	38
197	73	31	38
191	68	31	38
186	65	32	39
183	68	32	39
180	72	33	40
179	80	33	40
178	83	33	41
178	82	33	41
178	75	33	41
179	68	33	41
181	62	33	41
185	57	33	41
190	58	33	40
193	60	32	39
194	43	31	38
201	49	31	38
208	55	31	38
215	56	31	38
220	51	31	38
226	44	31	38
230	38	31	38
234	34	31	38
237	32	31	38
240	33	31	38
243	38	31	38
246	44	31	38
249	49	31	38
249	51	31	38
249	48	31	38
246	42	31	38
243	36	31	38
239	30	31	38
233	28	32	39
228	28	32	39
222	32	32	39
217	38	32	39
209	45	32	39
204	48	32	39
197	46	33	40
201	62	33	40
194	58	33	40
189	57	32	39
184	59	32	39
180	63	32	39
176	71	32	39
173	78	32	39
170	82	32	39
168	80	32	39
168	75	32	39
169	67	32	39
172	60	32	39
176	53	32	39
181	50	32	39
185	46	33	40
192	32	33	40
203	37	33	40
212	49	32	39
218	52	32	39
220	48	32	39
219	40	33	40
216	33	33	40
212	28	33	41
206	27	33	41
201	30	33	41
195	37	33	41
190	46	33	41
193	54	33	41
189	57	33	41
186	54	34	42
184	47	35	43
183	40	34	42
186	35	33	41
193	33	33	40
200	35	33	40
207	41	33	40
214	50	33	40
218	59	33	40
220	66	33	40
220	67	33	40
219	65	33	40
215	59	33	40
209	51	33	40
203	42	33	40
196	34	32	39
190	29	32	39
186	31	32	39
182	33	32	39
179	37	32	39
178	42	32	39
178	48	32	39
179	58	31	38
183	68	31	38
186	78	31	38
190	84	31	38
195	83	31	38
200	77	31	38
205	69	31	38
211	61	31	38
218	54	31	38
224	51	31	38
230	52	31	38
234	55	30	37
237	59	30	37
238	62	30	37
236	60	30	37
232	56	30	36
226	50	30	36
219	44	30	37
210	41	30	37
203	42	31	38
197	46	31	38
193	51	31	38
190	58	31	38
189	62	31	38
190	64	31	38
192	61	31	38
197	52	31	38
204	43	31	38
215	37	31	38
227	35	31	38
237	36	31	38
247	41	31	38
255	48	31	38
261	56	31	38
263	60	31	38
263	59	31	38
260	53	31	38
253	44	32	39
246	36	33	40
236	30	33	41
226	29	33	41
217	31	33	41
210	36	33	41
204	45	33	41
202	52	33	41
204	56	33	41
210	53	33	41
218	47	33	41
228	40	33	41
239	34	33	41
252	33	33	41
263	35	33	40
273	40	33	40
282	48	33	40
288	56	33	40
291	60	33	40
291	60	33	40
288	57	33	40
282	50	33	40
273	43	33	40
265	38	33	41
255	36	34	42
245	37	34	42
236	42	33	41
227	47	33	41
219	55	33	41
210	59	33	41
203	59	33	41
195	57	33	40
187	53	33	40
182	50	33	40
176	49	33	40
171	51	33	40
166	55	33	40
161	60	33	40
158	66	33	41
158	69	33	41
158	68	33	41
160	62	33	41
162	53	33	41
165	45	33	41
170	40	33	40
175	36	33	40
181	36	33	40
189	38	32	39
197	43	31	38
205	47	31	38
211	47	31	38
216	43	31	38
220	38	31	38
223	35	31	38
224	34	31	38
225	35	31	38
224	39	30	37
223	44	30	36
221	44	30	36
217	39	30	36
213	32	30	37
208	27	30	37
204	24	30	37
198	24	30	37
193	27	30	37
187	33	30	37
182	41	30	37
177	49	30	37
174	55	30	36
172	55	30	36
171	50	30	36
172	41	30	36
174	32	30	37
177	25	30	37
182	21	30	37
186	19	31	38
191	21	31	38
197	26	31	38
202	35	30	37
208	45	30	36
213	58	30	36
218	67	30	36
221	69	30	36
221	64	30	36
220	55	30	36
219	43	30	37
214	32	31	38
211	25	31	38
206	21	31	38
203	22	32	39
202	25	32	39
201	31	32	39
202	40	31	38
206	51	31	38
208	58	31	38
211	61	32	39
214	58	32	39
216	50	33	40
219	43	33	40
222	36	33	41
224	31	34	42
228	29	34	42
231	29	34	42
234	32	35	43
237	39	35	43
240	46	35	43
243	49	35	43
243	48	35	43
