338	186	18	20
337	185	18	20
337	185	18	20
337	185	18	20
338	186	17	19
337	186	17	19
336	185	18	20
336	185	18	20
336	185	18	20
336	185	18	20
336	185	18	20
336	185	18	20
336	185	18	20
335	185	18	20
335	185	18	20
335	185	18	20
335	185	18	20
335	185	19	21
335	185	19	21
335	185	19	21
334	185	19	21
334	185	19	21
334	185	19	21
334	185	19	21
334	185	19	21
333	185	19	21
333	185	19	21
333	185	19	21
333	185	19	21
331	185	19	21
331	185	19	21
331	184	19	22
331	184	19	22
331	184	19	22
331	184	19	22
330	184	20	22
330	184	20	22
330	184	20	22
330	184	20	22
330	184	20	22
330	184	20	22
329	184	20	22
329	184	20	22
329	184	20	22
329	184	20	22
329	184	20	22
328	184	21	23
327	184	21	23
327	184	21	23
327	184	21	23
327	184	21	23
327	184	21	23
326	184	21	23
326	184	21	23
326	184	21	23
326	184	21	23
326	184	21	23
326	184	21	23
325	184	21	23
325	184	21	23
324	183	21	24
324	183	22	24
324	183	22	24
323	183	22	24
323	183	22	24
323	183	22	24
323	183	22	24
323	183	22	24
322	183	22	24
322	183	22	25
321	181	23	25
321	181	23	26
320	181	24	26
320	181	24	26
320	181	24	26
319	181	24	27
318	181	24	27
318	181	24	27
318	180	25	28
317	180	25	28
316	180	25	28
316	180	25	28
316	180	25	28
316	180	25	28
315	180	25	28
315	180	25	28
314	180	26	29
314	179	26	29
313	179	26	29
313	179	26	29
311	179	26	29
311	179	26	29
311	179	27	30
309	179	27	30
309	179	27	30
309	179	27	30
307	179	27	30
307	179	27	30
307	179	27	30
306	179	27	30
306	178	28	31
305	178	28	32
304	178	28	32
304	178	28	32
304	178	28	32
304	178	28	32
305	178	28	32
300	178	29	32
300	177	30	33
298	177	30	34
295	179	30	33
295	180	29	32
295	178	30	33
295	177	30	34
295	177	30	34
293	177	30	34
293	177	31	34
292	177	31	35
292	177	31	35
290	177	31	35
290	176	32	36
288	176	32	36
288	176	32	36
286	176	32	36
286	176	33	36
284	176	33	36
284	176	33	36
282	176	33	36
282	175	33	37
282	175	33	37
280	175	34	38
280	175	34	38
278	175	34	38
278	175	35	39
276	175	35	39
276	175	35	39
274	175	35	39
273	174	35	39
271	172	35	39
271	172	36	40
269	172	36	40
269	171	37	41
267	171	37	41
266	171	38	42
266	171	38	43
264	171	38	43
263	170	39	44
261	170	39	44
261	170	40	45
258	169	41	45
258	169	42	46
255	169	42	46
255	168	43	47
252	168	43	47
252	168	43	48
250	168	43	48
249	167	44	49
247	167	44	49
246	167	45	50
244	167	45	50
241	167	45	50
241	166	46	51
238	166	46	51
235	166	47	52
235	166	47	52
232	165	48	53
229	165	48	53
229	165	49	54
226	165	49	54
223	164	50	56
222	164	51	57
219	161	51	57
219	160	52	58
215	160	53	59
212	160	53	59
209	159	54	60
206	159	54	60
202	159	55	61
199	159	55	61
196	158	56	63
195	157	57	64
188	157	59	65
187	156	60	66
180	155	61	68
179	155	62	69
175	154	63	71
171	153	65	72
167	152	66	73
163	152	67	75
154	151	69	76
154	150	70	78
145	149	71	79
140	149	73	81
136	148	74	83
131	147	76	84
126	146	77	86
116	145	79	88
112	145	79	88
103	141	79	88
99	141	79	88
93	140	81	90
88	139	82	91
78	138	84	93
72	137	86	95
62	136	87	97
51	135	89	99
41	130	89	99
36	129	91	101
19	133	93	103
13	132	94	105
7	131	96	107
-9	125	98	109
-15	124	100	112
-33	123	102	114
-46	121	104	116
-64	114	106	118
-58	109	106	118
-52	103	106	118
-53	113	109	121
-59	101	109	121
-59	107	109	121
