32	21	36	48
32	21	35	47
32	22	34	46
31	23	34	46
31	23	34	45
30	23	34	46
30	24	34	46
30	25	34	45
30	32	33	45
30	25	34	45
29	-22	34	45
32	-22	33	45
32	-22	32	44
34	-22	33	45
35	-22	33	45
34	-22	33	45
34	-22	33	45
34	-23	34	46
35	-23	34	46
35	-23	34	46
36	-23	35	47
37	-23	35	47
33	-23	35	47
34	-23	35	47
34	-23	35	47
34	-23	35	47
34	-23	34	47
35	-23	34	46
34	-23	35	47
34	-24	35	48
35	-24	35	48
35	-24	35	48
34	-24	36	48
35	-24	36	48
31	-24	35	48
32	-24	35	48
32	-23	35	47
33	-23	34	47
33	-23	34	46
33	-23	34	46
33	-23	34	46
34	-22	34	45
34	-23	34	46
34	-23	34	46
34	-22	34	45
34	-22	33	45
34	-22	33	45
34	-22	33	45
34	-22	33	45
34	-22	33	45
34	-22	33	45
34	-22	33	45
34	-22	33	45
34	-22	33	45
34	-22	33	45
34	-22	33	44
34	-22	33	45
34	-22	33	44
34	-21	32	43
34	-21	32	43
34	-22	32	44
34	-21	32	43
34	-21	32	43
34	-22	32	44
34	-22	32	44
33	-21	32	43
33	-21	32	43
33	-22	32	44
33	-22	32	44
33	-21	32	43
33	-21	32	43
33	-21	32	43
33	-21	31	43
33	-21	31	42
33	-21	31	42
34	-21	32	43
33	-21	32	43
34	-21	32	43
34	-21	32	43
34	-21	32	43
34	-21	32	43
34	-21	32	43
34	-21	32	43
34	-22	32	44
33	-21	32	43
34	-22	32	44
34	-22	32	44
34	-22	32	44
34	-22	32	44
34	-22	32	44
34	-21	32	43
33	-22	32	44
33	-22	32	44
33	-22	32	44
33	-22	32	44
34	-22	32	44
34	-22	32	44
34	-22	32	44
34	-21	32	43
34	-22	32	44
34	-22	32	44
34	-21	32	43
33	-22	33	44
33	-22	33	44
34	-22	33	44
34	-22	33	44
34	-22	33	44
34	-22	33	44
33	-22	33	44
34	-22	33	45
33	-22	33	45
33	-22	33	45
33	-22	33	45
32	-22	33	45
32	-23	34	46
32	-22	34	45
32	-22	33	45
32	-22	34	45
32	-22	33	45
32	-22	33	45
32	-22	33	45
32	-22	33	45
32	-22	33	44
32	-22	33	45
32	-22	33	45
32	-22	33	45
32	-22	33	45
32	-22	33	45
32	-22	33	44
32	-22	33	44
33	-22	33	44
33	-22	32	44
33	-22	32	44
33	-22	32	44
33	-21	32	43
33	-21	32	43
33	-22	32	44
33	-21	32	43
33	-22	32	44
33	-21	32	43
33	-21	32	43
33	-21	32	43
33	-21	31	43
33	-21	31	42
34	-21	31	42
34	-21	31	42
34	-21	31	42
34	-21	31	42
33	-21	32	43
33	-21	32	43
33	-21	32	43
34	-21	32	43
34	-21	32	43
34	-21	32	43
34	-21	32	43
34	-21	32	43
34	-21	32	43
34	-22	32	44
34	-22	32	44
34	-21	32	43
34	-22	32	44
34	-22	32	44
34	-21	32	43
34	-22	32	44
34	-22	32	44
34	-22	32	44
34	-21	32	43
34	-21	32	43
34	-21	32	43
34	-21	32	43
34	-22	33	44
34	-22	33	44
34	-22	33	44
33	-22	33	44
33	-22	33	44
34	-22	32	44
34	-22	32	44
34	-21	32	43
33	-22	32	44
34	-22	32	44
34	-22	32	44
34	-22	32	44
33	-22	32	44
34	-22	32	44
34	-22	32	44
34	-21	32	43
33	-22	32	44
34	-21	32	43
33	-21	32	43
33	-21	32	43
33	-22	32	44
33	-22	32	44
34	-21	32	43
34	-22	32	44
34	-22	32	44
34	-21	32	43
34	-21	32	43
34	-21	32	43
34	-21	32	43
34	-21	32	43
34	-22	32	44
34	-21	32	43
34	-22	32	44
34	-22	32	44
34	-22	32	44
34	-22	32	44
34	-22	32	44
34	-21	32	43
35	-21	32	43
35	-21	32	43
34	-22	32	44
35	-21	32	43
34	-21	32	43
35	-21	32	43
35	-21	32	43
34	-21	32	43
34	-21	32	43
35	-21	32	43
35	-21	31	43
35	-21	31	42
35	-21	31	42
35	-21	31	42
35	-21	31	42
34	-21	31	43
35	-21	31	42
35	-21	31	42
35	-21	31	42
35	-21	31	42
35	-21	31	42
34	-21	31	42
34	-21	31	42
35	-21	31	42
35	-21	31	42
35	-21	31	42
35	-21	31	42
35	-21	31	42
35	-21	31	42
34	-21	31	42
34	-21	31	43
34	-21	31	43
34	-21	32	43
34	-21	31	43
34	-21	31	42
34	-21	31	42
34	-21	31	43
34	-21	31	42
34	-21	31	42
34	-21	31	42
34	-21	31	42
34	-21	31	42
34	-21	32	43
34	-21	32	43
34	-22	32	44
34	-21	32	43
34	-21	32	43
34	-21	32	43
33	-22	32	44
33	-22	32	44
34	-21	32	43
34	-21	32	43
34	-21	32	43
35	-21	32	43
34	-22	32	44
35	-21	32	43
35	-21	32	43
35	-21	31	43
34	-21	31	43
34	-21	32	43
33	-22	32	44
33	-22	32	44
33	-22	33	44
33	-22	33	44
34	-22	33	44
34	-22	33	44
34	-22	33	44
34	-22	33	45
34	-22	33	45
34	-22	33	44
34	-22	33	44
34	-22	33	44
34	-22	33	44
34	-22	33	44
34	-22	33	44
34	-22	33	44
34	-22	33	44
34	-22	33	44
35	-22	33	44
35	-22	33	45
34	-22	33	45
35	-22	33	45
36	-22	33	44
36	-22	32	44
35	-21	32	43
35	-21	32	43
35	-22	32	44
35	-21	32	43
35	-22	32	44
35	-21	32	43
35	-22	32	44
35	-22	32	44
35	-21	32	43
35	-22	32	44
35	-22	32	44
34	-22	32	44
34	-21	32	43
34	-21	32	43
34	-21	32	43
34	-21	32	43
34	-21	32	43
35	-21	32	43
34	-21	32	43
34	-22	32	44
34	-22	32	44
34	-22	32	44
35	-22	32	44
35	-22	32	44
35	-22	32	44
35	-21	32	43
34	-22	32	44
35	-22	32	44
36	-21	32	43
35	-22	32	44
35	-21	32	43
34	-22	32	44
34	-22	32	44
34	-22	32	44
34	-22	32	44
35	-21	32	43
35	-21	32	43
35	-21	32	43
35	-21	32	43
34	-22	32	44
34	-21	32	43
34	-22	32	44
34	-21	32	43
33	-22	32	44
33	-22	32	44
34	-22	33	44
34	-22	33	44
33	-22	33	44
34	-22	33	45
34	-22	33	45
34	-22	33	45
34	-22	33	44
34	-22	33	44
34	-22	33	44
33	-22	33	44
33	-22	33	44
33	-22	33	45
33	-22	33	45
33	-22	33	45
33	-22	33	45
33	-22	33	45
34	-22	33	45
33	-22	33	45
33	-22	33	45
33	-22	33	45
34	-22	33	44
34	-22	33	44
34	-22	33	45
34	-22	33	44
34	-22	33	44
34	-22	33	44
35	-22	33	44
35	-22	33	44
35	-22	33	44
35	-22	32	44
35	-21	32	43
34	-21	32	43
35	-22	32	44
34	-22	32	44
34	-22	32	44
34	-22	32	44
34	-21	32	43
34	-21	32	43
34	-22	32	44
33	-22	32	44
33	-22	32	44
34	-21	32	43
34	-21	32	43
34	-21	32	43
33	-22	32	44
33	-22	32	44
33	-22	32	44
33	-22	32	44
33	-22	32	44
33	-22	33	44
34	-22	33	45
34	-22	33	45
35	-22	33	44
35	-22	33	44
36	-22	33	44
36	-22	33	44
34	-22	32	44
35	-21	32	43
34	-22	32	44
34	-22	32	44
34	-21	32	43
34	-22	32	44
34	-21	32	43
34	-22	32	44
34	-22	32	44
33	-22	32	44
34	-22	32	44
34	-22	32	44
34	-21	32	43
34	-21	32	43
34	-21	32	43
35	-21	32	43
35	-21	32	43
35	-21	31	42
34	-21	31	42
34	-21	31	42
34	-21	31	42
35	-21	31	42
34	-21	31	42
34	-21	31	42
35	-21	31	42
35	-21	31	42
34	-21	31	42
34	-21	31	42
34	-21	31	42
34	-21	31	42
34	-21	31	42
35	-21	31	42
35	-21	31	42
34	-21	31	43
34	-21	31	42
34	-21	31	42
34	-21	31	42
34	-21	31	42
34	-21	31	42
34	-21	31	42
34	-21	31	43
34	-21	31	42
34	-21	31	43
34	-21	31	42
34	-21	31	42
34	-21	31	43
34	-21	31	42
34	-21	31	42
34	-21	31	43
35	-21	31	42
35	-21	31	42
35	-21	31	42
35	-21	31	42
35	-21	31	42
34	-21	31	42
35	-21	31	42
35	-21	31	42
35	-21	31	42
34	-21	31	43
35	-21	31	42
35	-21	31	42
34	-21	31	43
34	-21	32	43
34	-21	32	43
34	-21	32	43
34	-21	32	43
34	-21	32	43
34	-21	32	43
34	-21	32	43
34	-21	32	43
34	-21	32	43
33	-22	32	44
34	-21	32	43
33	-22	32	44
34	-21	32	43
34	-21	32	43
34	-21	32	43
33	-21	32	43
33	-22	32	44
33	-22	32	44
33	-22	32	44
33	-22	32	44
33	-22	32	44
33	-21	32	43
33	-22	32	44
33	-22	32	44
33	-21	32	43
33	-22	32	44
33	-22	32	44
33	-22	32	44
33	-22	33	44
33	-22	33	44
33	-22	33	44
33	-22	33	44
33	-22	33	44
33	-22	33	45
33	-22	33	45
32	-22	33	45
32	-22	33	45
33	-22	33	45
33	-22	33	45
33	-22	33	44
32	-22	33	45
32	-22	33	45
33	-22	33	45
32	-22	33	45
33	-22	33	45
33	-22	33	45
33	-22	33	45
33	-22	33	45
33	-22	33	45
32	-22	33	45
32	-22	33	45
33	-22	33	44
33	-22	33	44
33	-22	33	45
33	-22	33	45
33	-22	33	44
33	-22	33	44
33	-22	33	45
33	-22	33	45
32	-22	33	45
33	-22	33	45
33	-22	33	45
32	-22	33	45
33	-22	33	45
33	-22	33	45
32	-22	33	45
32	-22	33	45
32	-22	33	44
33	-22	33	45
32	-22	33	45
32	-22	33	45
32	-22	33	44
32	-22	33	45
33	-22	33	45
32	-22	33	45
32	-22	33	45
32	-22	33	44
32	-22	33	45
33	-22	33	45
32	-22	33	45
33	-22	33	45
32	-22	33	44
32	-22	33	44
32	-22	33	44
33	-22	32	44
32	-22	32	44
32	-22	32	44
32	-22	32	44
32	-21	32	43
32	-22	32	44
33	-21	32	43
33	-21	32	43
33	-21	32	43
33	-21	32	43
32	-21	32	43
32	-21	32	43
32	-21	31	42
32	-21	31	42
31	-21	31	42
33	-21	31	42
33	-21	31	42
33	-21	31	42
33	-21	31	42
32	-22	32	44
33	-22	32	44
33	-22	32	44
33	-21	32	43
33	-22	32	44
33	-21	32	43
32	-21	32	43
32	-21	32	43
32	-21	32	43
32	-22	32	44
32	-21	32	43
31	-21	32	43
31	-21	31	43
31	-21	31	42
32	-21	31	42
32	-21	31	42
32	-21	31	42
32	-21	31	42
32	-21	31	42
32	-21	31	42
32	-21	31	42
32	-21	31	43
33	-21	31	42
33	-21	31	42
33	-21	31	42
33	-21	31	42
33	-21	31	42
33	-21	31	42
33	-21	31	42
33	-21	31	42
33	-21	31	42
33	-21	31	43
33	-21	31	42
33	-21	32	43
33	-21	32	43
34	-21	31	42
34	-21	32	43
34	-21	32	43
32	-21	32	43
32	-21	32	43
33	-21	32	43
33	-21	32	43
33	-22	32	44
33	-21	32	43
33	-21	32	43
32	-22	32	44
31	-21	32	43
31	-22	32	44
31	-22	32	44
32	-21	32	43
33	-21	32	43
33	-22	32	44
33	-22	32	44
32	-21	32	43
32	-22	32	44
32	-22	32	44
32	-22	32	44
32	-22	32	44
32	-22	32	44
31	-22	32	44
31	-22	32	44
31	-22	32	44
31	-22	32	44
31	-22	32	44
31	-22	32	44
32	-22	32	44
32	-22	33	44
32	-22	33	45
31	-22	33	45
31	-22	33	45
31	-22	33	45
31	-22	33	45
31	-22	33	45
31	-22	33	45
31	-22	33	45
31	-22	33	45
32	-22	33	45
32	-22	33	45
32	-22	33	45
32	-22	33	45
33	-22	33	45
32	-22	33	45
33	-22	33	45
33	-22	33	45
33	-22	33	45
33	-22	33	45
33	-22	33	45
33	-22	33	45
33	-22	33	45
33	-22	33	45
34	-22	33	45
34	-22	33	45
33	-22	33	45
33	-22	33	45
33	-22	33	45
34	-22	33	45
34	-22	33	45
33	-22	33	45
33	-22	33	45
33	-22	33	45
33	-22	33	45
33	-22	33	45
33	-22	33	45
33	-22	33	45
32	-22	33	45
32	-22	33	45
32	-22	33	45
32	-22	33	45
32	-22	33	45
31	-22	33	45
31	-22	33	45
31	-22	33	45
31	-22	33	45
31	-22	33	45
31	-22	33	45
32	-22	33	45
32	-22	33	45
32	-22	33	44
32	-22	33	45
32	-22	33	45
32	-22	33	45
32	-22	33	44
32	-22	33	44
32	-22	33	44
32	-22	33	44
33	-22	33	44
32	-22	33	44
32	-22	33	44
32	-22	33	44
32	-22	33	44
33	-22	33	44
33	-22	33	44
33	-22	33	44
32	-22	33	44
32	-22	33	44
32	-22	33	44
32	-22	32	44
32	-22	32	44
32	-21	32	43
32	-21	32	43
33	-22	32	44
32	-21	32	43
33	-21	32	43
33	-21	32	43
33	-21	32	43
33	-21	32	43
33	-21	32	43
33	-21	32	43
33	-22	32	44
33	-22	32	44
32	-21	32	43
32	-21	32	43
32	-21	32	43
32	-22	32	44
31	-22	32	44
31	-21	32	43
31	-21	32	43
32	-21	32	43
31	-22	32	44
32	-21	32	43
32	-21	32	43
32	-21	32	43
32	-21	32	43
31	-22	32	44
32	-22	32	44
32	-21	32	43
31	-22	32	44
