84	151	92	104
92	151	90	102
101	153	88	98
114	154	85	95
122	155	82	93
130	156	80	90
140	157	77	87
147	158	75	85
155	158	73	82
162	159	71	80
168	160	70	79
172	160	69	77
179	161	68	76
186	161	66	75
193	162	64	72
196	162	63	71
203	164	60	68
209	164	59	67
214	165	58	66
218	165	57	65
221	165	57	64
226	166	55	62
229	166	55	61
234	167	53	60
239	167	52	59
242	168	51	58
245	168	50	57
248	169	49	56
252	169	48	54
255	169	48	54
258	168	47	52
261	169	46	52
264	170	44	50
268	170	43	49
270	171	43	48
273	171	42	47
275	171	41	46
278	171	40	45
280	172	39	44
282	172	39	44
284	172	38	43
286	172	38	42
288	172	37	42
290	172	37	41
291	173	36	41
293	173	36	40
295	173	35	39
297	173	34	39
299	174	34	38
300	174	33	37
301	174	33	37
302	174	32	36
304	174	32	36
305	174	32	36
306	174	31	35
307	175	30	34
309	175	30	34
310	175	30	34
312	175	30	33
312	175	29	33
314	175	29	32
315	175	28	32
315	175	28	31
317	176	28	31
317	176	27	30
319	176	27	30
320	176	26	30
320	176	26	30
321	176	26	29
322	176	26	29
323	176	25	28
323	177	25	28
324	177	25	28
326	177	24	28
326	177	24	27
327	177	24	27
327	177	23	26
329	177	23	26
330	177	23	26
330	177	23	26
331	178	22	25
332	178	22	25
332	178	22	25
333	178	22	24
333	178	22	24
334	178	21	24
335	178	21	24
336	178	21	24
336	178	21	23
337	178	20	23
337	178	20	23
338	178	20	23
338	178	20	22
339	179	20	22
340	179	19	22
341	179	19	22
342	179	19	21
342	179	19	21
343	179	18	21
343	179	18	21
344	179	18	21
344	179	18	20
344	179	18	20
345	179	18	20
345	179	18	20
346	179	18	20
346	179	17	20
347	179	17	19
347	179	17	19
348	179	17	19
349	180	17	19
349	180	17	19
349	180	17	19
350	180	17	19
350	180	16	18
350	180	16	18
351	180	16	18
351	180	16	18
352	180	16	18
352	180	16	18
352	180	16	18
353	180	15	17
354	180	15	17
354	180	15	17
354	180	15	17
355	180	15	17
355	180	15	17
355	180	15	17
356	181	15	16
356	181	14	16
356	181	14	16
357	181	14	16
357	181	14	16
358	181	14	16
358	181	14	16
358	181	14	16
358	181	14	16
358	181	14	16
359	181	14	16
359	181	14	16
360	181	13	15
360	181	13	15
361	181	13	15
361	181	13	15
361	181	13	15
361	181	13	15
362	181	13	15
362	181	13	15
362	181	13	14
363	181	13	14
363	181	13	14
363	181	13	14
363	181	12	14
364	182	12	14
364	182	12	14
364	182	12	14
364	182	12	14
365	182	12	14
365	182	12	14
365	182	12	14
365	182	12	13
365	182	12	13
366	182	12	13
366	182	12	13
366	182	12	13
367	182	12	13
367	182	12	13
367	182	11	13
367	182	11	13
368	182	11	13
368	182	11	13
368	182	11	13
368	182	11	13
368	182	11	13
368	182	11	12
369	182	11	13
369	182	11	13
369	182	11	13
369	182	11	13
369	182	11	13
370	182	11	12
370	182	11	12
370	182	11	12
370	182	11	12
370	182	10	12
371	183	10	12
371	182	10	12
371	183	10	11
371	183	10	11
371	183	10	11
371	183	10	12
372	183	10	11
372	183	10	11
372	183	10	11
372	183	10	11
372	183	10	11
372	182	10	12
372	183	10	11
373	183	10	11
373	183	10	11
373	182	10	11
373	183	10	11
373	183	10	11
373	182	10	11
373	182	10	11
373	182	10	11
373	182	10	11
374	182	10	11
374	182	10	11
374	182	10	11
374	182	10	11
374	183	10	11
374	183	10	11
375	183	9	10
375	183	9	10
375	183	9	10
375	183	9	10
376	183	9	10
376	183	9	10
376	183	9	10
376	183	9	10
376	183	9	10
376	183	9	10
376	183	9	10
376	183	9	10
376	183	9	10
377	183	9	10
377	183	9	10
377	183	9	10
377	183	9	10
377	183	9	10
377	183	9	10
377	183	9	10
378	183	9	10
378	183	9	10
378	183	9	10
378	183	9	10
378	183	9	10
378	183	9	10
378	183	9	10
379	183	9	10
379	183	9	10
379	183	9	10
379	183	9	10
379	183	9	10
379	183	9	10
380	183	9	10
380	183	9	10
380	183	8	9
381	183	8	9
381	183	8	9
381	183	8	9
381	183	8	9
381	183	8	9
382	183	8	9
382	183	8	9
382	183	8	9
382	183	8	9
383	183	8	9
383	183	8	9
383	183	8	9
383	183	8	9
384	183	8	9
384	183	8	9
384	183	8	9
384	183	8	9
385	183	8	9
385	183	8	9
385	183	8	9
386	183	8	9
386	184	8	9
386	183	8	9
386	183	8	9
387	183	8	9
387	183	8	9
387	183	8	9
388	183	8	9
388	183	8	9
388	183	7	8
389	183	7	8
389	183	7	8
389	183	7	8
390	184	7	8
390	184	7	8
390	183	7	8
391	183	7	8
391	183	7	8
391	184	7	8
392	184	7	8
392	184	7	8
392	183	7	8
392	183	7	8
393	184	7	8
393	184	7	8
393	184	7	8
394	183	7	8
394	183	7	8
394	184	7	8
394	184	7	8
395	183	7	8
395	183	7	8
395	183	7	8
396	183	7	8
396	183	7	8
397	183	7	8
397	184	7	8
397	184	7	7
398	183	7	7
398	183	7	7
398	184	7	7
399	184	7	7
399	184	6	7
400	184	6	7
400	184	6	7
400	184	6	7
401	184	6	7
401	184	6	7
401	184	6	7
401	184	6	7
401	184	6	7
402	184	6	7
402	184	6	7
402	184	6	7
402	184	6	7
402	184	6	7
402	184	6	7
402	184	6	7
402	184	6	7
402	184	6	7
402	184	6	7
402	184	6	7
402	184	6	7
402	184	6	7
402	184	6	7
402	184	6	7
402	184	6	7
