215	72	27	33
214	71	27	33
214	71	27	33
215	71	27	33
215	71	27	33
215	71	27	33
215	71	27	33
215	72	27	33
215	72	27	33
215	72	27	33
216	72	27	33
216	72	27	33
216	72	27	33
216	72	27	33
216	72	27	33
216	72	27	33
216	72	27	33
216	72	27	33
216	72	27	33
216	72	27	33
216	72	27	33
216	72	27	33
216	72	27	33
216	71	27	33
216	71	27	33
216	71	27	33
216	71	27	33
216	71	27	33
216	71	27	33
216	71	27	33
216	71	27	33
215	71	27	33
215	71	27	33
213	70	27	33
212	70	27	33
211	69	28	34
209	69	27	34
208	68	28	34
207	68	28	34
206	68	28	34
204	68	28	34
203	68	28	34
201	68	27	34
199	68	27	34
198	67	28	34
196	67	28	34
195	67	28	34
194	66	28	34
192	66	28	34
191	66	28	34
191	66	28	34
189	66	28	34
188	66	28	34
187	66	28	34
187	66	28	34
185	66	28	34
184	66	28	34
184	66	27	34
184	66	28	34
184	66	28	34
184	66	28	34
185	66	28	34
188	66	28	34
189	66	28	34
191	66	28	34
192	66	28	34
194	66	28	34
196	66	28	34
198	67	28	34
200	67	28	34
203	66	28	34
206	66	28	34
208	66	28	34
211	66	28	34
213	66	28	34
214	66	28	34
215	66	28	34
217	66	28	34
217	66	28	34
219	66	28	34
220	67	28	34
222	67	27	34
222	67	28	34
222	67	28	34
222	67	28	34
222	67	28	34
222	67	27	34
221	67	28	34
220	67	28	34
220	67	28	34
220	67	27	34
219	67	27	34
219	67	27	33
219	67	27	33
219	67	27	33
219	67	27	33
219	67	27	33
218	68	27	33
218	68	27	33
218	68	27	33
218	68	27	33
218	68	27	33
218	69	27	32
218	69	26	32
218	69	26	32
218	69	26	32
218	69	27	33
218	69	27	33
218	69	27	33
218	69	27	33
218	69	27	33
218	69	26	32
218	69	27	32
218	70	26	32
218	70	26	32
218	70	26	32
218	70	26	32
218	71	26	32
218	71	26	32
218	73	26	32
218	73	26	32
218	72	26	32
218	72	26	32
218	72	26	31
219	73	25	31
219	73	25	30
219	73	25	31
219	73	25	31
219	73	25	31
219	73	25	31
219	73	25	31
219	72	25	31
218	72	25	31
218	72	25	31
218	72	25	31
218	72	25	31
218	72	25	31
218	72	25	31
217	71	26	31
217	71	26	32
217	71	26	32
216	70	26	32
216	70	26	32
216	70	26	32
216	69	27	33
216	69	27	33
216	69	27	33
216	67	27	33
216	67	27	33
216	67	27	33
216	68	27	33
216	68	27	33
216	68	27	33
216	68	27	33
216	68	27	33
216	68	27	33
215	68	27	33
216	67	27	33
216	67	27	33
216	67	27	33
215	66	27	33
215	66	27	33
215	66	27	33
214	65	27	33
214	65	27	33
214	65	27	33
214	65	27	33
214	65	27	33
214	65	27	33
214	65	27	33
214	64	27	33
215	65	27	33
215	64	27	33
215	64	27	34
215	64	28	34
215	64	28	34
215	64	28	34
216	64	28	34
215	64	28	34
215	64	28	34
216	64	27	34
216	63	27	34
216	63	27	33
215	62	28	34
215	62	27	34
216	62	27	33
215	61	27	33
215	62	27	33
215	60	27	33
215	61	27	33
215	59	27	33
215	59	27	33
215	59	27	33
215	58	27	33
215	58	27	33
215	59	26	32
217	70	26	32
217	69	26	32
217	68	26	32
217	68	26	32
217	68	26	32
217	67	26	32
217	67	26	32
217	67	26	32
217	65	26	32
217	65	26	32
217	65	26	32
216	65	27	33
216	65	27	33
216	65	27	33
216	64	27	34
216	63	27	33
215	63	27	33
215	61	27	33
215	62	27	33
215	62	27	33
215	62	27	33
215	61	27	33
215	61	27	33
215	61	27	33
215	61	28	34
215	61	28	34
215	61	28	34
215	61	28	34
215	61	28	34
215	61	28	34
215	61	28	34
215	61	28	34
215	61	28	34
215	61	28	34
215	61	28	34
215	62	27	34
216	64	27	33
216	65	27	33
216	67	27	33
217	69	26	32
215	69	26	32
213	69	25	31
214	71	25	31
214	71	25	31
214	71	25	31
214	70	25	31
215	70	24	30
214	58	25	31
214	58	25	31
212	57	26	32
211	57	26	31
209	58	26	31
209	60	26	32
210	61	26	31
208	59	26	32
207	57	26	32
207	57	26	32
207	57	26	32
207	57	26	32
207	56	26	32
207	56	26	32
207	56	26	32
209	55	26	32
211	57	26	32
213	58	27	33
215	59	27	33
216	61	27	33
216	61	27	33
216	62	27	33
217	62	26	32
217	63	26	32
217	63	26	32
217	63	26	32
216	63	26	32
216	65	26	32
216	65	26	32
216	64	26	32
216	64	26	32
215	64	26	32
215	64	26	32
215	63	26	32
213	61	27	33
212	59	28	34
211	59	28	34
211	59	28	34
211	58	28	34
210	58	28	34
210	58	28	34
209	57	28	34
212	57	28	34
214	57	27	33
214	57	27	33
214	58	26	32
214	58	26	32
214	58	26	32
214	58	26	32
213	59	26	32
213	60	26	32
213	60	26	32
215	61	26	32
215	61	26	32
217	63	26	32
218	63	25	31
218	63	25	31
218	63	25	31
218	64	25	31
217	64	25	31
217	64	25	31
213	65	25	31
212	65	25	31
217	63	25	31
217	63	25	31
217	63	26	31
216	63	26	32
215	62	27	33
214	62	27	33
214	61	27	33
214	61	27	33
216	59	27	33
216	60	27	33
217	60	26	32
217	60	26	31
217	60	25	31
219	60	25	31
219	60	25	31
220	60	25	31
222	59	25	31
222	59	26	31
222	59	25	31
212	50	26	32
212	50	26	31
211	50	26	31
211	50	25	31
211	48	25	30
212	46	25	30
217	49	25	30
217	47	24	30
219	48	24	30
218	45	24	30
219	46	24	30
217	45	24	30
217	45	24	30
217	46	24	29
217	46	24	29
217	46	24	29
219	47	24	29
217	47	24	29
216	49	24	29
205	44	24	29
205	44	24	29
203	44	23	29
197	55	23	29
196	55	23	28
197	55	23	28
197	55	23	28
198	55	23	28
200	55	23	28
201	54	23	28
205	58	23	28
214	51	23	28
217	52	23	28
217	52	23	28
217	52	23	29
217	52	23	29
215	52	23	29
212	53	23	29
208	52	23	29
207	52	23	28
205	52	23	28
205	54	23	28
205	53	23	28
203	53	23	28
203	54	23	28
201	53	23	29
201	54	23	29
199	54	23	29
197	55	24	29
197	55	24	29
195	55	24	29
195	55	24	29
195	55	23	29
196	53	24	29
197	53	24	29
199	52	24	29
200	53	24	29
200	52	24	30
201	52	24	30
202	51	24	30
203	51	24	30
203	51	24	30
204	51	24	30
204	51	24	30
204	51	24	30
204	51	24	30
204	51	24	30
201	53	25	30
200	52	25	30
200	52	25	30
198	51	25	31
198	51	25	31
199	64	25	30
199	64	24	30
199	64	24	29
199	64	24	29
199	64	24	29
200	64	23	28
202	66	23	28
203	66	22	27
204	66	22	27
206	66	22	27
206	66	22	28
207	64	23	28
209	63	24	29
209	63	24	29
210	62	24	30
210	62	24	30
213	62	24	30
213	62	24	30
214	61	24	30
216	61	24	30
214	62	24	29
215	61	24	29
215	61	23	29
209	61	24	29
207	59	23	29
207	59	23	29
208	59	23	29
208	59	23	29
209	59	23	29
209	59	23	29
209	59	24	29
210	58	24	29
210	58	24	29
210	58	24	29
210	58	24	30
211	58	24	30
211	58	24	30
213	57	24	30
213	57	24	30
213	57	24	30
213	58	24	29
214	59	24	29
216	59	23	29
216	59	24	29
214	59	24	29
214	58	24	30
216	59	24	29
217	59	23	28
215	59	23	29
214	57	23	29
212	57	24	29
209	56	23	29
209	57	23	29
209	57	23	29
210	58	23	28
212	59	23	28
212	59	23	28
212	59	23	28
212	61	23	28
212	61	23	28
212	60	23	28
212	61	23	28
212	61	22	27
213	63	22	26
213	63	21	25
213	64	21	25
213	67	21	25
214	66	21	25
213	65	21	25
214	65	21	26
214	63	21	26
213	62	21	26
212	60	21	26
211	59	21	26
209	58	21	26
208	58	21	26
208	58	21	26
208	58	22	26
207	58	22	27
208	60	22	27
208	60	22	27
209	60	22	27
210	57	22	28
209	55	23	28
210	56	23	28
209	56	23	29
209	60	23	28
207	59	23	28
207	59	23	28
209	60	23	28
208	58	23	28
209	58	23	28
211	59	22	28
212	61	22	27
213	61	22	27
210	54	23	28
208	55	23	28
208	55	23	28
208	55	23	28
208	56	23	28
208	56	23	28
208	56	23	28
208	57	23	28
208	57	23	28
207	58	23	28
207	58	23	28
206	58	23	28
206	57	24	29
206	55	24	29
206	55	24	29
206	55	24	29
206	55	24	29
206	55	24	29
206	55	23	29
206	55	23	29
206	56	23	29
208	56	23	28
208	56	23	28
208	56	23	28
208	56	23	28
208	57	23	28
208	58	23	28
208	58	23	28
208	59	23	28
208	59	23	28
209	60	23	28
209	61	23	28
208	61	23	28
208	61	23	29
208	61	23	29
