147	65	55	72
151	65	55	71
158	65	54	71
165	65	55	72
173	65	55	71
185	67	55	72
192	70	55	72
196	74	55	72
198	76	55	72
198	77	55	72
198	77	55	72
196	77	54	71
192	76	54	71
187	76	54	71
180	75	54	70
176	72	54	70
171	69	54	71
168	66	54	71
166	63	54	71
165	60	54	71
165	56	54	71
164	53	55	71
162	50	55	71
161	47	54	71
161	44	54	71
158	40	54	70
157	36	54	70
156	32	54	70
155	29	54	70
153	28	54	70
153	25	54	70
151	24	54	70
151	22	53	70
151	22	53	70
150	22	53	70
150	23	53	70
151	24	53	69
151	24	53	69
152	27	53	69
153	28	53	70
153	30	53	70
156	31	53	70
159	33	54	70
162	34	54	70
165	34	54	71
173	34	55	71
181	34	55	72
189	32	56	73
198	31	56	73
205	29	56	73
210	29	56	73
213	28	57	74
214	28	57	74
215	29	57	74
214	30	57	74
211	32	57	74
211	32	57	74
211	33	57	74
211	33	57	74
212	33	57	74
213	34	57	74
214	34	56	74
214	34	57	74
213	33	57	74
208	33	57	74
203	33	57	74
194	34	57	74
186	35	57	74
177	35	57	74
167	35	57	74
158	34	56	74
150	34	56	73
142	35	55	72
136	37	55	72
131	40	55	72
126	43	55	71
124	44	55	72
123	47	55	72
122	48	55	72
122	51	55	72
123	51	55	72
126	51	55	72
130	52	55	72
136	53	55	72
142	53	55	72
149	53	55	72
156	50	55	72
159	49	55	71
164	45	55	71
167	43	54	71
170	40	54	70
173	36	53	70
173	35	53	70
174	33	53	69
174	32	53	69
174	30	53	69
174	29	53	69
173	28	53	70
172	26	53	70
172	24	53	69
171	23	53	69
171	22	53	69
171	22	53	69
170	21	53	69
170	21	53	69
170	20	53	69
169	20	53	69
166	21	53	69
164	22	53	69
161	23	53	69
158	24	53	70
155	27	53	70
154	29	54	70
153	32	53	70
152	35	53	70
151	37	53	69
150	40	53	69
149	43	53	69
147	46	53	69
144	49	53	70
143	51	54	70
140	53	54	70
140	56	53	70
138	58	53	70
135	59	53	70
134	61	53	70
132	61	53	70
130	61	53	70
129	61	54	70
128	61	54	70
124	61	54	70
121	60	54	70
117	60	54	70
114	59	54	70
113	58	54	70
112	57	54	70
111	55	54	71
110	54	54	71
110	53	54	71
109	51	54	70
107	50	53	70
104	48	53	69
101	46	53	69
97	45	53	70
94	43	53	70
90	41	54	70
86	39	54	70
83	38	53	70
80	38	53	69
77	37	53	69
76	38	53	69
76	38	53	69
73	37	53	69
73	37	53	69
72	39	52	69
71	39	52	69
71	42	53	69
71	42	52	68
74	43	52	69
72	46	52	69
73	46	52	68
74	43	52	67
79	41	51	67
72	38	51	67
70	33	51	67
69	37	51	67
69	36	51	67
70	33	50	66
72	41	50	66
85	38	50	65
100	39	50	65
93	33	50	65
127	27	50	65
140	32	50	65
137	39	50	65
148	42	50	65
146	34	50	65
153	50	50	66
150	46	51	66
150	69	52	68
147	87	52	68
147	80	52	67
156	87	52	68
173	84	52	68
154	77	53	69
168	65	52	68
192	61	52	68
207	103	53	70
195	100	54	70
203	90	53	70
218	88	55	71
213	133	55	72
228	133	55	73
198	132	57	75
196	131	59	77
194	130	60	79
193	129	61	80
187	129	62	81
165	128	63	83
171	118	67	88
195	77	68	89
145	65	69	90
149	65	70	92
151	56	70	91
140	79	70	92
123	78	71	93
122	77	72	94
117	75	72	95
117	75	72	94
117	75	72	94
116	74	72	94
116	75	72	94
116	75	71	93
116	75	71	93
117	75	71	93
116	75	71	93
116	75	71	93
116	76	71	93
116	76	70	92
116	77	70	91
116	78	70	91
115	78	69	90
116	79	68	89
116	80	68	89
115	80	68	88
115	81	67	88
115	81	67	88
115	80	68	88
115	80	68	88
115	80	68	88
116	79	68	89
116	79	68	89
116	78	68	89
116	78	69	90
116	77	69	90
116	77	69	90
116	77	69	90
116	77	69	90
116	77	69	90
116	77	69	90
116	77	69	90
116	77	69	90
116	77	69	90
116	77	69	90
115	77	69	90
115	76	69	90
115	77	69	89
115	76	68	89
115	76	68	89
115	76	68	89
115	76	68	89
115	76	68	89
115	77	69	90
116	77	70	91
116	77	70	92
117	77	70	92
117	77	71	92
117	77	71	93
117	76	72	94
117	76	72	94
116	76	71	93
116	77	71	93
116	77	71	92
116	77	71	92
116	77	70	92
116	77	70	91
116	77	70	91
116	78	70	91
116	78	70	91
116	77	70	91
116	77	70	91
116	77	70	91
116	77	70	91
116	77	70	92
116	77	70	92
116	77	70	92
116	77	70	92
116	77	70	92
116	77	70	92
116	77	70	92
116	77	70	92
116	77	70	92
116	77	71	92
116	77	71	92
116	77	71	92
116	77	71	92
116	77	71	92
116	77	70	92
116	77	70	92
116	77	70	92
116	77	70	92
116	77	70	92
116	77	70	92
116	77	70	92
116	77	70	92
116	77	70	92
116	77	70	92
116	77	71	92
116	77	71	92
116	77	71	92
116	77	71	92
116	77	70	92
116	77	70	92
116	77	70	92
116	77	70	92
116	77	70	92
117	77	70	92
116	77	70	92
116	77	70	92
116	77	70	92
116	77	70	92
116	77	70	92
116	77	70	92
116	77	70	92
116	77	70	92
116	77	70	92
116	77	70	92
116	77	70	92
116	77	70	92
116	77	70	91
116	77	70	92
116	77	70	92
116	77	70	92
116	78	70	91
117	78	70	91
117	78	70	91
116	77	70	92
117	77	70	92
116	77	70	92
116	77	70	92
116	77	70	91
116	78	70	91
116	78	70	91
116	78	70	91
116	78	70	91
116	78	70	91
116	78	70	91
116	77	70	91
117	78	70	91
116	78	70	92
116	77	70	92
116	77	70	92
116	77	70	92
116	77	70	92
116	77	70	92
116	77	70	92
116	77	70	92
116	77	70	92
116	77	70	92
116	77	70	92
116	77	70	92
116	77	70	92
116	77	70	92
116	77	70	92
116	77	70	92
116	77	70	92
116	77	70	92
116	77	70	92
116	77	70	92
116	77	70	92
116	77	70	92
116	77	70	91
116	77	70	92
116	77	70	92
116	77	70	92
116	77	70	92
116	77	70	92
116	77	70	92
116	77	70	92
116	77	70	92
116	77	70	92
116	77	70	92
116	77	70	92
116	77	70	92
116	77	70	92
116	77	70	92
116	77	70	92
116	77	70	92
116	77	70	92
116	77	70	92
116	77	70	92
116	77	70	92
116	77	70	92
116	77	70	92
116	77	70	92
116	77	70	92
116	77	70	92
116	77	70	92
116	77	70	92
116	77	70	92
116	77	70	92
116	77	70	92
116	77	70	92
116	78	70	91
116	78	70	91
116	78	69	91
116	78	69	91
116	78	70	91
116	78	70	91
116	78	70	91
116	78	70	91
116	78	70	91
116	78	70	91
116	78	69	91
116	78	69	91
116	78	69	91
116	78	69	91
116	78	69	90
116	78	69	90
116	78	69	90
116	78	69	90
116	78	69	90
116	78	69	90
116	79	69	90
116	79	69	90
116	79	69	90
116	79	69	90
116	79	69	90
116	79	68	89
116	80	68	89
116	80	67	88
116	80	67	88
116	80	67	88
116	80	67	88
116	79	68	89
116	79	69	90
116	78	69	91
116	78	70	91
116	78	70	91
116	78	70	91
116	78	70	91
116	77	71	92
116	77	71	92
116	77	71	93
116	77	71	92
116	77	71	93
117	77	70	92
118	77	70	91
118	77	70	91
117	78	70	91
117	78	70	91
117	79	69	91
116	79	69	91
116	78	69	91
116	78	70	91
116	78	70	91
116	78	70	91
116	77	70	91
116	77	70	91
116	78	70	91
116	78	70	91
116	78	70	91
116	78	70	91
116	78	70	91
116	77	70	91
116	78	70	91
116	78	70	91
116	78	70	91
116	78	70	91
116	78	70	91
116	78	70	91
116	78	70	91
116	78	70	91
116	77	70	92
116	78	70	92
116	77	70	92
116	77	70	92
116	78	70	92
116	78	70	91
116	78	70	91
116	78	70	91
116	78	70	91
116	78	70	91
116	78	70	91
116	78	70	91
116	78	70	91
116	78	70	91
116	78	70	91
116	78	70	91
116	78	70	91
116	78	70	91
116	78	70	91
116	77	70	92
116	77	70	92
116	77	70	92
116	77	70	92
116	78	70	91
116	78	70	91
116	78	70	91
116	78	70	91
116	78	70	91
116	78	70	91
116	78	70	91
116	78	70	91
116	78	70	91
116	78	70	91
116	78	70	91
116	78	70	91
116	78	70	91
116	78	70	91
116	78	70	91
116	78	70	91
116	78	70	91
116	79	69	91
117	79	69	91
117	80	69	90
118	80	68	89
118	80	68	89
118	81	67	88
118	81	68	88
117	79	68	89
116	79	69	90
116	78	69	90
115	78	69	90
116	78	69	90
116	78	69	90
117	79	69	90
117	79	69	90
118	79	69	91
118	79	70	91
118	79	70	91
118	79	70	91
118	78	70	91
118	79	70	91
117	78	70	91
117	78	70	91
117	79	70	91
117	79	70	91
117	79	70	91
117	78	70	92
117	78	70	91
117	78	70	92
117	78	70	92
117	78	70	92
117	79	70	91
117	78	70	91
117	78	70	91
117	79	70	91
117	78	70	91
117	78	70	91
117	78	70	91
117	78	70	91
117	78	70	91
117	78	70	91
117	78	70	91
117	78	70	91
117	78	70	91
117	78	70	91
117	78	70	91
117	78	70	91
117	78	70	91
117	78	70	91
116	77	70	92
116	78	70	92
116	78	70	92
116	78	70	92
116	77	70	92
116	78	70	92
116	77	71	92
116	77	71	92
116	77	71	92
116	77	71	92
116	77	71	93
117	77	71	92
117	77	71	92
117	77	71	92
117	77	71	92
117	77	71	92
116	78	71	92
116	78	71	92
116	78	71	92
116	78	71	92
116	77	71	92
116	77	71	93
116	77	71	93
117	77	71	92
116	78	71	92
117	78	71	92
117	77	71	92
116	77	71	92
116	77	71	92
116	77	71	92
116	78	71	92
116	78	71	92
116	78	71	92
116	78	70	92
116	78	70	92
116	78	70	92
116	77	70	92
116	78	70	92
116	78	70	91
116	78	70	91
116	78	70	91
116	77	70	91
116	78	70	91
116	78	70	91
116	78	70	91
116	78	70	91
116	78	70	91
116	78	70	91
116	78	70	91
