209	65	37	46
208	63	37	46
209	63	37	46
209	63	37	46
208	64	37	46
208	64	36	45
208	64	36	45
208	64	37	46
208	64	37	46
208	63	37	46
208	63	36	45
208	63	37	46
208	63	37	46
208	63	37	46
208	62	37	46
209	62	37	46
209	63	37	46
209	63	37	46
208	63	37	46
208	62	37	46
208	63	37	46
208	62	37	46
209	63	37	46
210	64	37	46
211	64	37	46
212	64	36	45
213	64	36	45
213	64	36	45
213	64	36	45
212	63	36	45
211	63	36	45
210	63	36	45
209	63	36	45
210	64	36	45
209	64	36	45
209	64	36	45
210	64	36	45
210	63	37	46
212	63	37	46
212	62	37	46
211	62	37	46
211	62	37	46
211	61	38	47
211	61	38	48
212	61	38	47
212	60	38	48
212	61	38	48
213	61	39	48
213	60	39	48
213	60	39	49
212	59	39	49
212	59	40	49
212	59	40	50
212	59	40	50
212	59	40	50
212	59	40	50
212	59	40	50
212	59	40	50
212	59	40	50
212	59	40	50
211	59	40	50
211	58	40	50
210	59	40	50
209	59	40	50
208	58	40	50
208	59	40	50
207	59	40	50
206	59	40	50
205	58	40	50
203	59	40	50
202	59	40	50
201	58	40	50
200	58	40	49
198	58	39	49
198	58	39	49
197	58	39	49
196	58	39	49
194	58	40	50
192	57	40	50
191	57	40	50
189	57	40	50
189	57	40	50
188	57	40	50
187	57	40	50
187	57	40	50
187	57	40	50
186	57	40	50
187	57	40	50
187	57	40	50
187	57	40	50
188	57	40	50
188	58	40	50
188	58	40	50
188	58	40	49
188	58	40	49
189	58	40	49
190	59	39	49
190	59	39	49
191	59	39	49
192	59	39	49
194	59	39	49
195	60	39	48
196	59	39	49
198	59	39	49
199	59	39	49
200	59	39	49
201	59	39	49
202	59	39	49
203	60	39	49
205	60	39	49
206	60	40	49
208	60	40	49
209	60	40	49
211	60	40	49
214	60	40	49
214	60	39	49
216	60	39	49
216	60	40	49
217	59	40	49
219	59	40	50
220	59	40	50
221	59	40	50
221	59	40	50
222	59	40	50
223	59	40	50
224	59	40	50
225	59	40	50
227	59	40	49
227	58	40	49
229	57	40	49
230	57	40	49
231	57	39	49
231	57	39	49
231	57	40	49
232	57	40	49
232	57	39	49
232	57	39	49
231	57	39	49
231	57	39	49
231	57	39	49
231	57	39	49
231	57	39	49
230	57	39	49
230	57	39	48
230	57	39	48
230	57	39	48
230	57	39	48
230	58	38	48
229	58	38	48
229	58	38	47
229	58	38	47
229	59	38	47
229	59	37	47
230	59	37	46
229	60	37	46
229	59	37	46
229	60	37	46
229	60	37	46
228	60	37	46
228	60	37	46
227	60	37	46
227	60	37	46
226	60	37	46
226	61	36	45
227	61	36	45
227	60	36	45
227	61	36	45
228	61	36	45
228	61	36	44
228	62	35	44
228	62	35	44
228	62	35	44
228	63	35	43
228	63	35	43
229	64	34	43
229	64	34	43
229	65	34	42
229	65	34	42
229	65	33	42
229	65	33	41
229	65	33	41
229	66	33	41
230	66	32	41
230	66	32	40
230	66	32	40
230	66	32	40
230	67	32	40
229	66	32	40
229	67	32	40
229	66	32	40
228	66	32	40
228	65	32	40
228	65	32	41
228	66	32	40
227	67	32	40
227	67	32	40
225	67	32	40
225	67	32	40
225	67	32	40
224	68	32	40
223	67	32	40
223	68	32	39
221	70	31	39
221	68	31	39
220	68	31	39
219	69	31	39
218	70	31	38
217	71	31	38
216	71	30	38
214	71	30	38
213	70	30	38
212	71	30	38
210	71	30	38
210	71	30	38
207	72	30	37
205	71	30	37
203	71	30	37
201	72	30	37
200	72	30	37
199	72	30	37
198	72	30	37
196	72	30	37
195	71	30	37
194	72	30	37
194	71	30	37
195	71	30	37
195	71	30	37
196	71	30	37
198	71	30	38
198	71	30	38
200	70	30	38
201	70	31	38
203	70	31	38
204	69	31	39
205	68	31	39
207	67	32	39
208	67	32	40
208	66	32	40
210	66	33	41
209	65	33	41
211	65	33	41
213	64	34	42
214	64	34	42
214	64	34	42
216	64	34	43
216	63	34	43
216	63	35	43
217	63	35	43
217	62	35	44
217	62	35	44
216	62	36	44
216	61	36	45
215	61	36	45
215	60	36	45
214	60	36	45
214	60	37	46
213	59	37	46
213	58	37	46
213	58	37	46
212	57	38	47
212	56	38	47
212	55	38	48
212	54	39	48
211	53	39	49
211	53	40	49
211	52	40	50
210	52	41	51
209	51	41	52
209	50	41	52
209	50	41	51
210	50	41	51
209	49	41	51
209	49	41	52
209	49	41	51
209	48	42	52
209	49	42	52
209	49	42	53
209	49	42	52
209	49	42	53
209	48	42	52
209	48	42	52
209	48	42	52
209	47	41	52
209	47	41	52
209	48	41	51
209	47	41	52
209	46	41	51
210	46	42	52
210	46	42	52
211	46	42	52
213	46	41	52
215	46	41	51
216	46	41	51
219	46	41	51
221	45	41	51
224	46	41	51
226	45	42	52
227	44	42	52
228	44	42	53
230	45	42	53
231	46	42	53
233	46	42	53
232	46	43	53
233	46	42	53
233	46	43	53
232	46	42	53
232	46	43	53
231	46	43	53
231	46	43	53
230	45	43	53
229	45	43	53
228	45	43	53
227	45	43	53
226	45	43	53
224	46	43	53
223	47	42	53
220	47	42	53
219	46	42	53
218	45	42	53
217	46	42	52
216	46	42	52
216	47	42	52
215	49	42	52
215	50	41	52
215	52	41	51
215	53	41	51
214	55	40	50
214	55	40	50
214	56	40	49
214	56	39	49
214	57	39	49
213	57	39	48
214	56	39	48
214	56	39	48
213	56	39	48
213	56	38	48
213	57	38	48
219	58	38	47
220	59	37	46
222	61	36	44
223	62	35	44
224	63	35	43
222	64	34	43
222	63	34	42
222	63	34	42
221	65	33	42
221	66	33	41
221	67	33	41
221	67	32	40
221	67	32	40
221	68	32	40
221	68	32	40
220	68	32	40
220	68	32	40
219	68	32	40
218	68	32	40
215	67	33	41
213	68	32	40
210	69	32	39
206	69	31	39
205	69	31	39
205	70	31	38
206	70	31	38
206	71	30	38
207	72	30	38
208	72	30	37
211	72	30	37
216	72	29	37
216	73	29	36
218	73	29	36
219	72	29	36
220	72	29	36
222	72	29	36
224	73	29	36
226	73	28	35
226	72	28	35
226	72	28	35
225	73	28	35
225	72	28	35
227	70	28	35
226	70	28	35
226	70	28	35
227	72	28	34
229	72	27	34
230	73	27	33
231	74	26	33
230	75	26	33
230	74	26	32
230	75	26	32
230	75	25	32
229	74	25	32
227	74	25	32
226	74	26	32
226	74	26	32
225	74	26	32
225	73	26	33
226	71	26	33
226	71	26	33
226	71	27	33
226	70	27	33
226	69	27	34
226	68	28	35
226	67	28	35
226	67	29	36
226	65	29	36
226	64	29	36
226	64	30	37
224	60	30	38
221	56	31	38
222	56	31	39
214	53	31	39
212	52	32	39
211	51	32	40
211	52	32	39
210	52	31	39
211	53	31	39
211	53	31	39
211	53	31	39
210	52	31	39
208	52	31	39
207	52	31	39
205	52	32	39
205	52	32	39
205	53	32	39
205	53	32	39
205	53	32	39
204	53	32	39
205	54	32	39
203	54	32	39
206	55	31	39
204	55	31	39
205	55	31	39
204	55	31	39
205	56	31	39
204	56	31	39
204	56	31	39
205	55	31	39
205	54	31	39
205	53	31	39
206	52	32	39
207	52	32	40
208	52	32	40
211	52	32	40
211	53	32	39
212	53	31	39
213	55	31	39
215	58	32	39
216	60	32	40
216	61	33	41
217	61	33	41
218	61	33	41
219	62	33	41
221	64	33	41
221	65	33	41
222	68	32	40
222	70	32	40
224	72	32	39
224	74	32	40
225	75	32	40
216	66	32	40
216	66	31	39
216	67	31	39
216	68	31	39
217	71	31	39
217	74	31	39
217	75	32	39
221	78	31	39
222	79	31	39
223	79	31	39
222	80	31	38
222	80	31	38
221	80	31	38
217	80	31	38
215	80	31	39
212	79	31	39
211	79	31	39
218	79	31	39
217	78	32	39
217	77	32	40
216	77	32	40
215	78	32	40
215	77	32	39
215	77	31	39
214	77	31	39
213	77	31	39
210	77	31	39
210	77	31	38
209	78	31	38
207	77	30	38
205	78	30	38
205	77	30	38
204	77	30	38
204	77	30	38
202	77	30	38
201	77	30	37
201	77	30	37
202	77	30	37
202	77	30	37
204	77	30	37
204	77	30	37
205	78	30	37
208	78	30	37
211	78	30	37
212	79	29	37
213	78	29	36
215	79	29	36
215	79	28	36
215	79	28	35
212	78	28	35
209	76	28	35
208	75	28	36
210	74	29	36
207	74	28	35
205	70	29	36
205	67	29	36
203	64	29	36
201	62	29	36
201	62	29	36
200	61	29	36
204	64	29	36
205	66	29	36
204	69	29	36
206	74	29	36
209	76	29	36
211	76	30	37
213	84	29	37
213	86	29	36
215	88	29	36
217	90	29	36
219	90	29	36
220	92	29	36
220	92	29	36
221	93	28	35
221	93	28	35
221	92	28	36
220	92	29	36
219	91	29	36
218	89	29	36
217	89	29	36
216	88	29	36
214	86	29	36
214	85	29	36
212	83	29	36
211	82	29	36
210	79	29	36
210	79	28	35
210	78	28	35
209	77	28	35
208	76	28	35
208	76	28	35
208	76	28	35
209	77	28	35
210	78	28	35
210	79	28	35
211	80	28	35
212	82	28	35
212	83	28	35
213	85	28	35
213	86	28	35
213	87	28	35
214	88	28	35
215	88	28	35
216	89	28	35
216	91	28	35
216	90	28	35
216	91	28	35
216	90	28	35
216	89	28	35
216	89	28	35
215	88	28	35
214	89	28	35
214	88	28	34
214	87	28	35
212	85	28	35
211	80	28	35
209	75	28	35
209	70	28	35
206	66	28	35
205	62	29	36
202	58	29	36
200	57	29	36
198	55	28	35
197	54	28	35
196	54	28	35
196	53	28	35
196	54	28	34
196	54	27	34
197	55	27	34
198	56	27	33
201	58	27	34
203	60	27	34
205	63	28	34
206	66	28	35
208	69	28	35
209	73	28	35
210	77	29	36
212	83	28	35
214	86	28	35
216	89	28	35
218	92	28	35
220	93	28	35
222	94	28	35
223	95	28	34
225	96	27	34
226	96	28	34
228	96	28	35
228	96	28	35
226	96	28	35
224	95	28	35
223	95	28	35
222	95	28	35
220	94	28	35
219	92	28	35
218	91	28	35
215	89	28	35
214	86	28	35
212	83	28	35
212	81	28	35
210	77	28	35
209	74	28	36
209	72	29	36
208	69	29	36
207	69	29	36
207	68	29	36
206	67	29	36
207	67	29	36
207	68	29	36
207	68	29	36
207	68	29	36
207	69	29	36
208	69	29	36
208	71	29	36
208	73	29	36
209	75	29	36
210	79	28	35
211	82	28	35
212	84	28	35
213	87	28	35
215	88	28	35
217	89	28	35
218	90	28	35
218	91	28	35
219	91	28	35
219	92	28	35
219	93	27	34
220	92	27	34
220	92	27	34
219	91	27	34
218	92	27	34
217	91	27	34
217	90	27	34
215	89	27	34
215	88	27	34
213	87	28	34
213	85	28	34
211	83	28	34
211	82	28	34
210	80	28	35
210	79	28	35
209	78	28	35
209	77	28	35
209	77	28	35
209	78	28	35
209	78	28	35
209	79	28	35
210	79	28	35
210	80	28	35
210	79	28	35
209	79	28	35
208	79	28	35
207	79	28	35
206	78	28	35
206	77	28	35
206	76	28	35
207	75	28	35
209	75	28	35
207	74	28	35
210	73	29	36
212	73	29	36
212	73	30	37
213	72	30	37
213	72	30	37
214	71	30	37
214	71	30	37
214	70	30	37
215	68	30	37
214	69	30	38
214	68	30	38
213	70	30	38
213	69	30	38
211	69	30	38
212	69	30	38
212	69	30	38
211	68	30	38
210	68	30	38
209	64	30	37
206	60	30	37
205	58	30	37
203	55	30	38
201	53	30	38
201	52	30	38
199	52	30	38
197	50	30	37
196	50	30	37
196	53	30	37
197	58	30	37
191	69	30	37
186	80	30	37
187	84	30	37
191	89	30	37
193	93	30	37
194	99	30	38
195	101	30	37
195	103	30	37
197	106	30	37
199	108	30	37
201	107	30	37
203	107	30	37
203	108	31	39
204	109	32	39
204	109	32	40
205	111	31	39
206	111	31	39
206	114	31	39
206	114	31	39
206	114	31	39
207	115	31	39
207	115	32	39
207	116	32	40
207	117	32	40
208	119	32	40
