7	129	72	94
6	129	71	93
7	130	70	92
7	131	70	91
9	131	69	91
9	131	69	90
10	131	70	91
11	131	70	91
11	131	70	92
12	130	71	92
12	130	70	91
14	131	69	90
15	131	69	91
14	130	69	91
15	130	70	91
15	130	70	91
15	131	70	92
15	129	71	93
14	130	71	93
16	130	71	93
16	129	71	93
16	130	71	93
16	129	71	93
15	129	72	94
14	129	72	94
14	129	72	94
15	129	72	94
14	129	72	95
14	129	73	95
14	128	73	95
15	128	72	94
15	129	71	93
15	130	72	94
15	129	72	94
15	130	71	93
16	131	71	92
16	131	70	92
18	130	71	92
17	129	71	93
17	130	71	93
18	130	71	93
17	132	71	93
17	130	72	94
16	131	72	94
17	130	72	94
17	131	72	94
16	129	73	95
17	130	73	95
15	130	73	95
16	130	73	96
15	129	74	96
15	130	73	96
16	129	73	96
16	130	73	96
16	130	74	96
15	129	73	96
17	131	73	96
16	130	73	96
17	130	73	96
16	129	73	95
17	131	73	95
16	130	73	95
17	130	73	95
17	130	73	95
18	130	73	95
16	130	73	95
17	130	73	95
16	130	73	95
17	131	73	95
17	130	73	95
17	130	73	95
17	130	72	95
18	131	72	95
18	131	72	95
17	131	72	95
17	131	72	94
18	131	72	94
17	132	72	94
18	131	72	94
19	132	72	94
18	132	72	94
18	132	72	94
19	131	72	94
18	131	72	94
18	130	72	94
18	131	72	94
18	130	72	94
19	131	72	94
19	131	72	94
19	131	72	94
19	131	72	94
18	132	72	94
18	132	72	94
19	132	72	94
19	132	72	94
19	132	72	94
20	132	72	94
19	133	72	94
19	132	71	93
20	132	71	93
20	132	72	94
20	133	72	94
20	132	72	94
20	132	72	94
20	132	72	94
21	133	72	94
21	132	72	94
21	133	72	94
20	133	72	94
21	132	72	94
21	133	72	94
20	132	72	94
21	133	72	94
20	132	72	94
21	133	72	94
21	132	72	95
22	133	72	95
21	133	73	95
21	132	73	95
21	132	73	95
21	133	73	95
23	133	73	95
22	131	73	95
20	132	73	95
23	133	73	96
22	132	73	96
23	132	74	96
22	131	74	97
22	131	74	97
21	132	75	97
22	132	74	97
25	131	75	98
22	132	75	98
22	132	75	98
21	132	75	98
23	132	75	98
24	131	76	99
21	132	75	99
24	133	76	99
21	132	76	99
22	133	76	99
22	132	76	99
23	133	76	99
23	134	76	99
23	133	76	99
24	133	76	99
24	133	76	100
22	133	76	99
24	133	76	99
23	133	76	99
24	133	76	99
25	133	76	99
24	132	76	99
24	132	76	100
25	132	76	100
21	132	76	100
25	133	76	100
22	132	76	100
25	132	77	100
25	132	77	101
24	132	77	101
23	131	77	101
24	131	78	102
24	131	78	102
24	131	78	102
24	132	79	103
23	131	79	103
23	131	79	104
23	131	80	104
22	131	79	104
23	131	80	104
22	131	79	104
24	131	80	104
24	131	80	104
23	130	80	105
24	130	80	105
23	131	80	105
24	130	80	104
23	130	80	104
25	130	80	104
24	130	80	104
24	131	80	105
25	130	80	105
25	130	80	105
24	130	80	105
24	131	80	105
25	130	80	105
24	130	81	105
25	130	81	105
25	129	81	106
24	130	81	105
24	130	81	105
24	130	80	105
25	131	80	105
25	131	81	105
25	131	81	105
25	131	80	105
25	131	81	105
25	131	81	106
25	131	81	106
26	130	81	106
25	130	81	106
25	131	81	106
26	130	82	107
26	130	82	107
25	131	81	106
26	130	81	106
26	131	81	106
26	130	81	106
26	131	81	106
27	131	81	106
26	132	82	107
26	131	82	107
26	131	82	107
27	131	82	107
27	131	82	107
27	131	82	107
27	131	81	106
27	131	82	107
27	133	82	107
27	132	82	107
28	132	82	107
28	132	82	107
28	132	82	107
28	131	82	107
27	133	82	107
28	132	82	107
29	132	82	107
29	132	82	107
28	134	82	107
28	132	82	107
28	133	82	107
29	132	82	107
29	133	82	108
29	132	82	107
29	134	82	107
29	133	82	108
29	133	82	108
29	133	83	108
29	133	83	109
29	133	83	108
30	133	83	109
30	133	84	110
30	132	84	109
29	133	84	109
30	133	84	110
30	133	84	110
30	132	84	110
32	132	84	110
31	134	84	110
32	133	84	110
29	134	84	109
31	134	84	109
33	134	84	110
32	135	84	109
31	134	84	109
32	134	84	110
33	136	84	109
31	134	84	110
32	136	83	109
33	134	84	110
33	136	84	110
33	134	84	110
33	135	84	110
34	134	84	110
33	135	84	110
35	135	85	111
35	135	85	111
34	134	85	111
34	134	85	112
35	134	85	112
34	136	85	111
35	136	85	111
33	136	85	111
33	137	84	110
36	137	85	111
35	137	84	110
35	136	85	111
34	137	84	110
36	137	85	111
36	136	85	112
34	136	85	111
35	136	86	112
35	135	86	112
35	133	86	113
35	134	87	114
33	133	86	113
35	134	86	112
34	135	85	112
35	134	85	111
36	136	85	111
36	134	84	110
36	136	84	110
36	135	84	109
36	137	84	109
37	136	83	109
37	136	84	109
36	137	83	109
37	136	83	108
37	136	83	108
37	136	83	109
36	137	83	109
37	136	83	109
37	136	84	109
38	137	83	109
38	136	83	109
38	136	84	109
38	136	84	110
38	136	84	110
38	136	84	110
38	137	85	111
38	135	85	111
38	135	86	112
38	135	85	112
38	135	85	112
38	135	85	112
38	136	85	111
38	135	85	111
39	136	86	112
41	136	86	112
39	136	86	112
41	135	86	113
40	134	87	113
40	134	87	114
41	133	87	114
40	133	88	114
41	133	87	114
41	133	87	114
41	134	87	114
41	134	87	114
40	135	86	113
42	135	87	113
41	135	87	113
41	135	86	113
42	135	86	113
43	134	86	113
43	135	86	113
43	135	86	113
42	135	86	112
44	134	87	113
43	134	87	113
44	133	87	114
44	134	87	114
44	133	88	115
43	134	87	114
43	135	87	113
44	135	87	113
44	135	86	112
42	136	87	113
44	135	86	113
43	136	86	113
43	136	87	114
44	135	86	113
43	136	87	113
43	136	87	113
43	136	87	114
43	135	87	114
43	136	87	114
43	136	87	114
43	136	87	114
44	136	87	114
42	136	87	114
42	136	87	114
41	137	87	114
43	136	87	114
44	137	87	114
44	138	87	114
44	138	87	113
43	139	87	113
44	137	87	113
43	139	87	113
44	139	87	113
45	138	86	113
45	140	86	113
44	139	86	113
45	140	86	112
46	140	85	112
47	140	85	112
46	142	85	111
47	142	84	110
48	142	84	110
48	141	84	110
49	140	85	111
49	140	85	111
49	139	85	112
49	139	86	112
49	138	86	113
50	138	86	113
49	138	87	113
49	138	87	113
50	137	87	114
52	136	87	114
49	137	88	115
50	136	88	115
49	137	88	115
50	136	88	115
52	136	88	115
52	136	88	115
54	135	88	115
53	135	89	116
56	135	88	115
54	137	87	114
55	136	88	115
56	137	87	114
56	137	87	114
55	137	87	114
55	138	87	114
55	137	87	114
55	137	88	115
55	136	88	115
56	136	88	115
57	136	88	115
57	137	88	114
58	136	87	114
58	137	87	114
57	137	87	114
57	137	87	114
58	137	87	114
59	137	87	114
59	137	87	113
59	138	87	113
59	137	86	113
59	138	87	113
59	138	86	113
60	136	87	113
60	138	86	113
59	138	86	113
60	138	86	113
60	138	86	113
60	138	87	113
61	138	87	113
60	139	87	113
62	137	86	113
62	138	86	113
60	138	87	113
61	138	87	114
61	137	87	114
62	136	87	114
63	137	87	114
63	138	87	113
61	138	87	114
64	137	86	113
63	138	86	113
64	137	86	113
64	137	86	113
64	136	87	113
64	137	87	113
64	137	87	114
63	137	87	114
64	137	87	114
64	136	87	114
64	137	88	115
63	136	88	115
63	137	88	115
63	137	88	115
63	136	88	115
64	137	88	115
65	136	88	115
65	135	89	116
65	134	89	117
65	136	89	117
65	133	90	117
64	135	89	117
65	136	89	117
66	132	90	117
66	135	89	117
66	135	90	118
65	136	90	117
65	132	90	118
65	135	90	117
66	135	90	117
66	135	89	117
66	135	89	117
66	134	90	117
66	135	90	117
67	133	90	118
66	133	90	118
67	134	90	118
67	133	91	118
65	134	90	118
67	133	91	118
65	135	91	118
65	133	91	118
66	135	90	118
66	133	91	118
67	133	91	118
68	133	91	119
67	133	91	119
68	132	92	120
67	132	92	121
67	131	93	122
66	130	93	122
65	131	94	122
67	130	94	123
65	131	94	122
67	131	93	122
65	131	93	122
67	129	94	123
66	131	93	122
67	131	93	122
67	131	93	122
