393	179	12	12	
392.76558589587944	176.7026594655579	12.224458701405176	11.901308104025203	
393.2099478631457	175.27052268852268	12.634477299602757	11.642003109664232	
392.488730492867	174.82964318571806	12.695826048300727	11.347733625206962	
394.25568092818276	174.38218682241634	13.189726691341065	11.30616630649177	
394.8223617199282	174.47367156310494	13.823654269532273	11.205515265194258	
395.84687449258195	174.541726212622	14.016080702908262	11.255134918448784	
395.74380638815876	175.60265858906348	13.833168216190472	11.4751080485614	
395.6037956380489	175.67137518102777	14.02643067814068	11.650282451016674	
394.83187915751694	175.5149055326411	13.318552509062304	11.839970309649122	
393.9603968324369	175.51237581294586	12.910966078518673	11.851594959449095	
393.46454242998936	175.31725649267722	12.460849493551713	11.790887507380777	
392.6579006267565	175.7900309958388	11.978034677013305	11.941431082806572	
392.58839179292386	175.4296989302621	11.982424644826562	12.139481986592568	
391.7697042780258	174.67201273598948	11.844242514245114	12.401685434593698	
390.5084911725782	174.10813160865644	12.022611642010471	12.250988855565339	
389.76228743101115	173.64080403374254	12.318525976340933	12.207326804255572	
389.40938859734985	172.58806731179575	12.771846921661409	12.3452381687195	
388.93973648956387	172.19023113082986	13.163204922557536	12.577881301010333	
388.3915329064424	171.48787437067077	13.208068495393714	12.76909813630043	
387.9894825382094	171.3611625610592	13.283377875773011	12.974836903489763	
387.3460613630001	170.52873383811993	13.4946412981978	13.197287933428932	
386.7087625220901	169.8586066296677	13.458917052947136	13.313906676810454	
386.9532234061929	170.26603811071382	13.040618071621266	13.357779156879777	
387.20014517254504	170.3845901821886	12.911082419318546	13.388824240834161	
386.4541457127892	170.68535440618544	12.862364929146903	13.262478266499933	
386.7488916464092	170.5311087380771	13.027679103624447	13.025484344614188	
386.08550088549526	170.59682635261711	13.183517961305885	12.72991450881518	
386.47451244454646	171.56491601451515	13.053558681685498	12.300164142004565	
386.38928477202313	171.58091936392853	12.88887257656541	12.186776591611027	
387.0157144446678	172.29322194995007	12.694798192976467	11.848722847409151	
387.4790260277525	173.1797210964146	12.683436891469272	11.956547570646787	
387.1394564719741	173.62998573281303	12.530233855198912	12.168176596342338	
387.18413124170155	173.8928217147248	12.404104338362817	12.068999618337692	
388.20321150521954	173.72156711536812	12.224553368478592	12.292019914661036	
387.8956012243221	173.39949989303358	12.173250533304667	12.413850420464453	
387.5700151066324	172.52315554893946	12.381015531154238	12.266822254557185	
387.67543988451035	171.82266478952573	12.408728395409007	11.822411069374645	
388.3775601088227	171.66022331860924	12.165954068457784	11.523410346599626	
389.21583911571275	171.86220984380742	12.080090720586504	11.340084020308183	
390.8121953683727	172.07552335084847	11.713465451671045	11.233246505270476	
391.93904912654466	173.68530957652177	11.390010844987515	11.259542021529438	
392.4640365613324	175.0608281995299	11.372678935960336	11.713860419739234	
393.391031251557	177.7141808757283	11.71867744384734	12.2450809782922	
394.3763647970636	183.5445574924169	12.02692909596767	12.708095597698158	
395.7255658390102	193.41821181481475	12.259641685689065	12.46491827004115	
398.19093414154145	203.6135846826463	12.214210485289632	12.320426501663238	
399.9172297253366	213.89816089296025	11.821780193019777	12.180923434062677	
401.64483765866373	210.89234996630336	11.868184380610526	11.665607802635215	
402.55611280248564	201.88383002604405	11.929115953127493	11.449054696093308	
403.39124814875345	194.44017051520873	12.043324759455132	11.278890044668215	
405.9109481154847	189.47286805448198	11.821127394046865	11.144714067073904	
407.5630658793054	181.7142877770576	11.606147676189392	11.340731471593088	
409.08675162426397	177.96095671628058	11.495696590706427	11.207116207435435	
409.8743794455528	173.81514782809109	11.39744166147716	11.26384590703221	
409.8384638341081	170.41264094210166	11.269660848019209	11.263613325861643	
411.282988612599	169.2683808400533	11.32213293562958	11.262708872136692	
411.6185547842139	167.1345601181352	10.962420407224812	11.02971659938964	
411.2205840682993	167.5407740923425	10.834182940719655	11.15454862307054	
412.7073975987066	167.3945196809738	10.827286951377102	11.159743150039228	
413.6497436380045	167.6296365749529	10.826616870233169	11.161313444474594	
414.0051407547748	168.26261370886286	10.826622509567779	11.162561792392612	
414.2252376083158	168.4165846330588	10.826458364005354	11.16326262941414	
414.31950220877803	168.16075865570235	10.827753699523672	11.166650459733571	
414.9314298572844	167.6267801818649	10.824747201262714	11.169306346731911	
416.10327973499784	167.17807340585554	10.822742754521228	11.172126540710726	
416.57576767857734	166.64929727984443	10.820923109732767	11.180250925797242	
417.51101700632387	166.20151966539186	10.81632878544707	11.197931899521997	
418.1475883271558	165.8681433914478	10.811999157813604	11.20846275961641	
418.75776980531987	165.5947411117381	10.80927409802328	11.214453813386239	
415.77981635652696	178.66820244826837	10.831202438022412	11.223645718572755	
415.42204274384716	175.11345445354223	10.186347675352554	11.599725150713034	
414.9162422940135	172.04085213255183	10	11.939757826141076	
415.4979704543948	168.4249541514076	10	12.355072198158538	
415.3752045556903	165.46636875616667	10	11.856905902916566	
413.820831887424	163.06169053947963	10	11.69051618150549	
412.22363602370024	163.08173405271233	10	11.571539509403951	
410.20983539817945	163.62647444627854	10.22998596135351	11.532065827145239	
408.6931305378638	165.90210940152707	10.736491814263168	11.23475604924706	
406.41934814420085	170.2904277539482	11.376409707134169	11.03379340141161	
403.65962072242274	175.12174707677963	11.342969004730868	11.134922951854698	
403.0862744052044	183.04814309986074	11.471440022422648	11.276066490714497	
402.5388471915203	194.94507065155517	11.519117850288254	11.305550849605854	
401.2402994062632	205.22677809846206	11.506839612895298	11.496749832134864	
401.8857812110924	210.20335868351924	11.68971802804001	11.209420227877455	
401.9920630281764	202.36428338495844	11.713907276471929	11.165535416979026	
402.52991762588084	194.08842829305098	11.681893411682834	11.086311839197268	
402.5292861340269	186.68626532453283	11.633490523383127	11.128259083606643	
402.5918692077993	180.86901010956228	11.45826975116169	10.852633290708381	
402.6025233587363	177.08436690739754	11.502229608200361	10.423981538909896	
401.74341874354315	173.130826932201	11.229297638521006	10.57922757359255	
401.9774517388033	168.32551528023313	10.80260341075311	10.85356337905413	
403.23687147148934	166.08517684355795	10.69211703566737	10.994432265191406	
403.55399714030375	165.49179196019753	11.278981764017555	10.579927899183637	
402.90728450859893	165.5154562643271	11.584961255733045	10.266933789568396	
403.2034084676761	165.56299897221433	11.416612004675684	10.045665787839273	
403.13082889871885	165.62005058292374	11.283491331446388	10.083716714045394	
403.616775461768	167.485715668506	11.298351788302494	10.07496125372684	
405.8436948372796	169.31990058057855	11.210057833269303	10.574854864945515	
405.4667750402095	171.45617035434478	11.362879713862718	10.645052515288999	
405.2269459484412	172.37411844595118	11.78297446178525	10.94998970991432	
404.732726115402	171.78615090932186	12.281751033581479	11.014491515579628	
404.16332181996836	170.40899547332268	12.221376279607682	11.410286648137063	
404.42115818247487	167.28889030077391	12.402366278612849	11.406100306680635	
405.3926003825561	163.3597881214647	12.470430536439853	11.41916182395996	
406.36980638214254	158.42923360454375	12.36600044129682	11.356433196058676	
408.52771220275616	155.04701059113077	12.10548665163205	11.693180610671478	
409.42347149712435	152.81834102906214	11.897883773344947	11.862481004187428	
408.6062434505424	149.0449939612111	11.70506912027765	12.046091777310156	
406.7636373175583	143.39209566926277	11.434188313354781	12.068031015625749	
404.74266887866025	137.32405204611229	11.39108939021699	12.167817602747022	
399.82311400900926	128.9473701260451	11.305044443544773	12.338658096934154	
392.4203259016363	119.66113627957981	11.381694953334687	12.248068462594231	
385.15298310018414	111.1069032320153	11.588145883692576	12.507169323348261	
378.7339627332937	103.29674711400466	12.272729929546227	12.503669837567763	
370.91123199981246	96.7013759505863	12.789423429284682	12.257765702917688	
364.15712955038333	90.57158147494738	12.453710481463228	12.489170717122763	
357.11706303881454	84.62103598051812	12.455345617943047	12.35030847416976	
350.5317805751774	79.84480872193737	12.450088287221735	12.482914549253609	
344.1804479861582	74.25767368994835	12.91987478026259	12.879989636425034	
336.38689818182905	70.6116745421711	13.059587647282632	12.206366937411659	
329.0577023587121	67.41612608809919	13.22748075073094	12.928508996312292	
323.64165728403503	64.56906242923529	13.690188995483034	12.642433162337241	
316.58439919995817	62.330372667006955	13.32706787268213	12.303748805873482	
309.1498091618664	61.31046784608532	13.269708527784143	12.337405579445887	
302.1869986830591	60.56831962659534	12.869917688829016	12.512091651604546	
295.35560323073787	59.6273451606339	12.689931341274182	12.015938042557575	
289.4192809101016	60.140625795649434	12.757578538393906	11.640564550045735	
281.702835596903	60.80450555322962	13.016858477535198	11.229711034069034	
276.0775399343353	63.2560869026836	12.657791561398698	11.147242304887623	
269.1263767604478	65.4297072223557	12.494570919732691	11.402714296769005	
262.15395880050687	67.72700199132115	12.404178110366521	11.278492190478758	
255.9919110219042	71.25010350897999	12.34615162777693	11.259745438730384	
248.63016607640836	76.63920423431452	12.729715752777375	11.391567677331349	
242.81614287681364	81.29255870520129	13.126672559986844	11.621792634483601	
235.62372939598774	86.69131645192054	13.05627071609668	12.182318904350762	
232.02807902718314	87.89558667545538	13.19812057937724	12.177743692037561	
235.22019509867252	84.9287981617917	12.90416896923539	11.984488711003081	
239.91399732678536	83.42276660853027	12.8514844425141	11.752210682500934	
242.72654130411811	81.84587291489966	13.006648467676495	12.02700646591083	
245.3299815566788	80.54083732754943	13.131546012024092	12.246980976182584	
249.19954016467526	79.42216865258845	13.20556632731169	12.38129646598185	
253.09102753493653	79.19036939893901	12.92739524432088	11.979894010069678	
257.23741591937915	80.16102424718358	12.859758093355575	11.709454021641761	
259.9469480176029	81.57739885859921	13.215131801266054	11.9134214984107	
264.39671492680736	84.08965006042426	13.097725363228179	11.960372666080177	
268.97927439712475	86.04382909365906	12.83932753770571	11.76585699157837	
272.8434402853079	90.12528555411504	12.942981711809388	12.031858140795801	
276.02260105130233	93.54533960696104	13.263471729960859	12.10266588669683	
278.8004721709797	97.42158618099344	13.25658288797559	12.0717508598173	
283.117630429788	103.51965067456659	13.363655644956072	12.120514946706676	
287.24430713404615	108.88566861580115	13.069209840657276	11.866497824918692	
292.2298526519168	115.35072814715444	12.602678321822705	12.363883301701868	
295.32403249720824	122.70025972614195	12.554176877089475	12.84174580290654	
298.7713569547768	130.06860425400635	12.656082813484353	12.854429229477546	
303.65627702159134	138.8369120906124	12.473397068282985	13.076535861563286	
307.1172437947844	147.55051188668563	12.528633989273654	13.556467464485213	
311.72700620257496	154.78834218399282	12.328350506700328	14.218814987546583	
315.3472481511794	167.23519546004306	12.152760808862784	14.0131730106414	
319.80491225712126	177.97136950291275	12.04069626122459	13.788375889257512	
323.0612683823056	189.09344835169898	12.131747114340957	13.501985678257325	
326.358892151454	201.36161268715088	12.002440528345367	13.197781335966786	
330.52425549978074	213.51776999173063	12.251495363979439	13.024207266358054	
330.6709979933253	209.36369318983412	12.165907905896347	13.049327499179388	
331.11383826533097	200.52633405013447	12.129927216735718	12.807917620009398	
331.71647203957167	192.87449267447707	11.909602760123708	12.642199011766095	
332.1748247063081	183.79208611359195	11.635041927860073	12.740392260489454	
332.45126359586123	176.50459842038114	11.732137898868192	12.46592421124209	
334.30375733064346	168.96583214372464	11.488226927335454	12.603653641080992	
334.2221486012816	163.28691652643178	11.676341678315428	12.995539631831289	
334.6686352957411	158.66367267608376	11.767216086313415	13.071715404731881	
335.40258193858386	153.15174218353175	11.681968526831785	12.731375797794898	
335.81588738108206	148.82672645903267	12.113416905064827	12.044926152432716	
336.2472672728085	145.92735201967156	12.189148346854587	11.84381331393082	
337.0226977762725	143.98075656240206	11.855251584769071	11.941107459899863	
338.04530398141424	142.02309268394566	11.831896912980469	11.883729852585375	
338.5576125869974	140.38804435919235	11.89210462151477	11.71216538263095	
338.43878671014835	139.07102160000596	11.85952715482254	11.440561000567318	
339.61401139975885	138.76295694314248	11.840062606457835	11.13780335474149	
339.6444679905784	139.17145044822158	11.967794519451955	11.16286308225422	
340.55855873459296	140.9697594626165	11.993194936787699	11.343826983624842	
340.9555652240403	141.73586589627627	11.786009534053537	11.316427072161648	
342.61957361968	144.64059620901764	11.686347673651767	11.196672772209894	
342.91231204671277	147.63824888433055	11.565055133598825	11.333889050917604	
344.2132423802794	151.02208128540596	11.333511925572004	11.335867555498947	
345.38688825481506	155.79796745117176	11.259618099016503	11.20993274075201	
