46	12	67	73	
44.564892266488684	13.911694517359017	68.18880932669518	73.7591996379199	
44.78625344295412	13.972793617837937	68.85739364109219	74.0982908129825	
44.94607269270294	14.763201990777205	69.64738930259003	74.9953755258442	
45.0652747358363	13.133529994461	69.57958716541904	74.21916701679814	
44.95883939869072	15.096384343142915	68.67316462681957	73.97604522777476	
45.35550198122209	13.913452327056689	68.15489874453652	72.64563784042207	
46.71139845751532	15.617424145733011	67.2792709816931	71.97728437106869	
45.98807878465407	15.84054028210619	66.43975343463912	71.24717755680126	
46.99145389372012	15.456454347279227	65.91302552771765	71.39896343011348	
48.15258826008085	15.125510508817413	65.29570677000993	70.90229452649359	
47.26055035589406	16.01149123176061	65.23338792029482	70.86678959401205	
47.82686707342824	16.710636336065384	65.2715428925522	71.33883043436795	
47.4122164157514	16.4132696162497	65.34955996622955	70.59003941797515	
47.63980862085208	16.58587715833859	65.9372882776621	69.39133356393424	
47.90924829557249	17.337417848952164	65.46532333016974	68.71932314227512	
48.27445550497229	17.637795180135413	64.68430967160354	67.61749094714037	
48.95696011032777	18.299703252421438	64.40987138755884	67.98474380948818	
48.805489560265634	17.816120547560764	63.65217262943726	67.6167227377337	
49.10247328971373	18.69243416150195	63.862646980195315	66.84825885375773	
50.06044138120598	18.72191633640213	62.638007791896925	66.39282711628113	
52.048300155889	19.53702141910287	60.772734788276736	66.29735084236677	
52.326424258973745	19.313352913443126	59.58880151206941	65.59244805418675	
51.04580826754217	19.922845523440856	60.30944969366303	65.4259564064264	
51.924047258166155	19.292404833886586	59.49883865482076	65.65409039764889	
51.89085743844204	19.880987631469537	59.4955510070981	65.39191963833656	
51.1447842534688	19.947048533197005	59.22753633483114	63.95737471533664	
51.723388231152015	20.508633788469083	60.05290939886626	63.69228500914048	
52.56085293914941	20.963340362256808	59.364958632964544	62.76454936395875	
52.34252921311048	21.615428982142145	59.34512495611136	62.35202488707794	
50.55135934666342	22.175931943977403	59.80294247983801	62.261687102865125	
52.393264382098494	22.352871412462175	58.96966279493893	62.13332028304303	
52.105949369979065	22.5432559383218	58.334366094743885	61.20847192758232	
51.96411602964777	22.213809882093646	58.50710411328518	60.21377109589343	
50.79898986248101	22.987613185283752	59.47215449754547	59.33750519347745	
50.386356032957494	23.393648065993517	60.22626974519122	58.940919413428844	
51.3228608968259	23.736712202768416	60.221845604002255	58.84343123368245	
50.99726954495826	24.025744449467446	59.86491349297924	58.34346424019141	
50.55366625429637	24.751614837197003	59.708734091789594	57.95664174438012	
51.412438196466404	25.020726406979122	58.63562609001788	57.932846624339504	
51.774051676334	25.590180733150973	58.189023243604	57.3106006292567	
51.50301854996077	25.494889407799434	58.204631292557885	56.7679534043952	
50.286866097293355	26.356912502984976	58.35691238464503	56.268415976383736	
50.06743443263386	26.27985787536266	58.79545552828967	55.96748975375171	
49.44353340015907	26.598115794477707	58.88406431588024	55.601162098114	
49.791751479705695	27.03420520026424	58.0673963048516	55.3513164555244	
49.75594411903573	27.569345577796028	58.15657840745431	55.350404539724735	
49.76865148553366	27.633406680986038	58.374982464178984	54.60254029747893	
48.36357476054643	27.96424442919235	58.22570521957337	54.03794112022438	
48.14858765121552	28.40186278004884	58.9713708497304	53.61472649416448	
46.55097132045944	28.664123519043006	60.194358771710085	53.037004901657745	
45.85713477818577	29.415013940501307	60.0993297202177	52.87508723985534	
45.60055424790263	29.858544573168913	59.56069803996213	52.107216257639806	
45.72004191466613	30.681639419538563	58.951323797581594	51.581292883221735	
45.073082650365734	30.557980074324234	58.846864192408596	51.30348815627292	
46.69300486235433	31.414903048998777	58.61667977400086	50.88692156483399	
44.15663273817337	31.797257034259914	59.07373283736521	50.38633608042622	
45.28068535298998	32.5449533057336	59.516620916753006	49.53616709542792	
44.72118979551144	32.332587671615045	58.588833591234604	49.32839139707414	
44.065480560632395	32.89553374848522	57.840645270450096	49.30256566674992	
43.628027387217784	31.96685758939872	58.80642418070104	49.26871446224074	
43.46171678474549	32.44039073074086	58.54262175969959	49.065076231028165	
43.907335618633155	33.68929174045486	58.37824568803174	48.820066093161444	
43.485738230165396	33.58658083111846	57.83779719542838	48.154973042144306	
43.0443637076323	33.648520509253494	58.2304877588013	47.51387157941748	
42.01487087350338	33.69060937984614	58.36381603551099	47.96836968290153	
44.416502327770644	32.89264749805865	57.14973812644241	48.33852261536842	
42.55205499842464	33.6385081542212	57.15358352785597	48.11748244585033	
43.72283963869183	33.58536055866662	56.926837588691214	48.29562058307163	
43.33628186372105	33.88882103761679	56.61805134992123	47.713176555670366	
41.490074190941044	34.29358859907535	57.6084932572183	47.325267970791515	
41.145140779405665	35.247688821888595	58.621642441319636	47.134209391848984	
43.05937329450994	35.66165356533638	57.756063744576664	46.669985659233504	
40.779512089850535	35.10109768391724	58.24272325716696	46.61741163296351	
42.68346486201739	34.92339264684196	58.14056126408752	46.84087210355648	
40.85598962286987	35.117255779833656	58.35231568410925	46.91778413036255	
41.469642608967916	35.442500608560614	57.947891887358715	46.397565892791405	
41.56370368421408	35.68306619185698	58.214984416107555	46.11349894710398	
38.61564741274286	35.90262170770683	59.2867914246872	45.752656756313286	
39.42991707593169	36.38306341697197	58.919087269055396	45.95626236862101	
39.38247776156961	35.78022284796512	58.778930493216606	45.760588120854386	
39.46166461031707	35.55637086451183	58.33971955788676	45.41574039146046	
40.169063364866155	36.16939392958335	58.053826033812086	45.055082416300934	
38.6843345030942	36.219143152280935	59.34540454306919	44.66390756881378	
35.788029414604196	36.36506482463939	60.3245815497306	44.52844195685062	
36.34226638080943	36.79205820206272	60.07560236305149	44.87843064107562	
35.66132618348457	36.506062156918404	59.76571456922464	44.7966131243353	
34.07066272859307	36.464689792961714	59.232612338916695	44.78485113403035	
36.80507692151811	36.99029098462113	57.98678114163473	44.91204020731551	
36.80346994485012	36.71008478705024	56.83566043062593	44.719038508009206	
36.91112918537154	36.62217501179248	56.942106388927485	44.23676514251292	
35.773756401775124	37.38226856333384	57.26553571867068	43.61584571292263	
35.11638736968816	36.990295154364574	56.80084863864904	43.583310165729785	
35.33926734775412	37.595434378139785	55.776594610556685	43.40009687606969	
36.542198747019874	38.57252255618175	55.11230443050967	43.308652453579505	
36.4446650540653	38.001677078852275	54.44454678036993	43.50246761048989	
36.418585956465066	37.99501922086524	53.38291005274172	43.618223601715826	
37.212694323221314	37.726174716799356	53.43486007872019	43.173408659251734	
34.86536978177951	38.09941782166983	54.44883484710489	42.37515602413961	
33.94866778685921	38.18021028264448	55.21638273781677	42.14799605386287	
33.982410787444884	39.23524681581082	55.63562942817184	41.71565342862364	
34.140043648321445	39.44240344585946	55.327865346775795	41.4485540298726	
34.15447141732396	39.158539865132894	54.32008338855897	41.01895815513189	
33.77336901154523	39.37147988356953	54.62320735499887	40.52342267751088	
33.46638726043069	39.493830073325654	54.05660383108963	40.36063308701154	
33.69097786370861	39.383668095196576	53.429671515529776	40.30934082279545	
31.49488378075308	39.87733375463155	54.131315553022866	40.1681153179056	
31.369240178304175	39.900599569403084	54.17578407298511	39.995107877357896	
33.883284582556776	39.67648404610719	54.26319952931145	39.97131895353266	
31.38399720675752	39.281896078817894	53.5234777721209	40.102563500686784	
29.185469336068024	39.66796061064531	53.495801782085096	40.03254001879236	
30.49075667661897	39.90422933433804	53.35588063491875	39.830138659539756	
29.993511438998908	40.00532143751829	53.86597581477733	39.718463815698044	
27.587553975153078	40.12953228374072	54.84187289540783	39.732300414497686	
28.685938589591824	40.05621170225119	54.958801243053166	39.720549252433074	
28.52453285279617	39.751847467742344	54.22372933480091	39.63689812760158	
28.035482659265195	39.48205417348798	54.23305707209784	39.755561274461826	
27.595303577216058	39.28252275855479	54.60534172745665	40.106929581440745	
28.79469665181156	39.39998504290237	54.60717270091579	39.950392407293045	
27.16271818516651	39.47811252739875	54.11875522357661	40.07056902861896	
27.458431358850092	38.94608811480946	54.579428580951884	39.844281721747976	
26.605579975170798	39.48213786222452	54.62918688171959	39.551278711102135	
27.096710764566115	39.448294886392134	54.79602429527667	39.40939850173041	
25.870046665334826	39.64420393346151	54.75744179770959	39.53460969302256	
25.554284993386045	39.8348477838619	54.25996304733835	39.49416897780032	
25.941088247135486	40.27243079056393	53.75676576625701	39.08496212591626	
25.750968230802552	40.382370616405915	53.222210459815365	38.9184453243321	
25.523186526627555	40.79237130690529	53.19170222195183	38.55247761614295	
25.049002448859895	40.446168579821126	52.81851214041134	38.260114024004665	
25.611955196575373	40.84452908229563	52.543016927592234	38.306786762093836	
25.908114077912654	41.220104158296024	52.47385825162193	38.27962049395077	
24.473389035056165	40.20729353967039	52.36965835869721	38.30805852750483	
25.547553789993152	40.248098126502356	52.79488717935912	38.38591354921159	
23.722033257099692	41.044796605684	53.38838592107988	38.47127044369253	
24.328508189048605	40.73075172145057	52.68053445968221	38.05297790415311	
23.34025573221505	41.071114232218704	53.03806945605196	37.97040695060999	
23.800821434568878	40.35274004970398	53.217633661390686	38.27105013585277	
21.359967444570255	41.4760930241321	54.24373222442626	38.277993898605416	
22.632121424910384	40.69676255791175	53.980631109983186	38.09371845828916	
20.926394472349042	41.196302644200706	54.56715816192594	37.936188814714384	
21.693346397416416	41.2525896600347	54.244893477669486	38.045364625213296	
20.472238212130563	41.221609247616726	54.332539936284405	37.94986902223666	
20.785625611438416	41.23922898213047	53.93467223107442	38.09800731087768	
21.32181559952876	40.84031491817148	54.26273890825982	38.120471099444	
20.88152433719233	40.390272003352955	54.41411493049509	38.19607877966699	
19.788972321817695	41.12982404706192	55.09528863096787	38.08401389589285	
19.219112189288687	40.46155006220998	55.17925411525654	37.96870835187909	
20.312344805608305	40.78817660828672	54.81517002141888	37.9154851454945	
18.88192459737749	40.447278045469055	54.78039748278712	38.00542948697303	
19.607478375956052	40.65537743337966	54.513495338494685	37.80955893783734	
19.06369688411319	40.5544572629057	54.487504321325915	37.57770458831934	
18.60284888457054	40.96211776775121	54.28607250230361	37.51308232387902	
19.07686072264125	41.3068507482196	53.44521344006476	37.59098235501148	
19.074748553785103	40.902826830204745	52.88723127104793	37.66986290845987	
17.933219196492104	41.18059324654769	52.831803075767596	37.61053919056394	
19.522320818861374	40.9847217710243	52.29848465578186	37.761888771220775	
18.959491150281572	41.34300608911458	52.315372191946594	37.73089138833993	
18.87478858990624	40.625220598241285	51.6951592378033	37.7871924125441	
19.135175664269475	40.78610473393467	51.40135962108501	37.511065306384026	
19.40181748320782	41.624200599094536	50.96275185940851	37.44087566842575	
19.210326756893892	41.76985769392012	50.509414163495876	37.46721677390816	
19.540536460177318	41.44149356146958	50.24746280430947	37.45677296449132	
19.436063554765624	41.30215042011255	50.13566076280742	37.18102369603885	
18.845443307719005	41.67128286094629	50.278807809215415	36.79116614250017	
19.210387943138823	41.17494302235162	49.72843716351597	37.28771338627506	
18.814014943735778	41.92062445101773	49.391482263197915	37.296863009678624	
19.693310061030758	41.544612276703816	49.12111653498613	37.37724577009538	
19.341890350068233	41.5392417844556	49.25747383019838	37.5832863203839	
20.407454158661274	41.218396432620544	48.66904090085562	37.81725076601454	
19.005779530843043	41.692601862311705	48.69987176011452	37.46646462577513	
19.872175895924812	42.34153376520765	48.317488776121024	36.83798822013354	
18.43973004140497	41.76839068729712	48.775865125282166	36.57167648128602	
18.43834492339418	42.238168530780925	48.66562776367849	36.34736592199633	
18.626427053400292	42.23093680403413	48.92774848491703	36.373980271271726	
18.23389109037163	42.596472615806874	48.90587931896005	36.26893599338359	
17.509429770245394	42.09693561691488	49.304864591773246	36.20827159356933	
18.557075268644507	42.490940631619964	48.91866418545201	36.334454181098685	
17.16669406267286	42.07181178796954	49.52753800753629	36.28473277818577	
18.1905094070242	41.64878714407094	49.15469877410247	36.16461461603179	
16.78601706512898	42.151385599878026	48.99722990564682	36.00946582920781	
17.399110310633205	42.22022853253939	48.7736556478003	35.933269415561696	
18.451377326030013	42.363844652544906	48.286536568331144	35.9181416772749	
16.25366816454614	43.16247318096599	48.39048102578985	35.4257707946347	
17.291237907642966	43.324733204674075	48.33864767095912	35.35512943007032	
16.820812616244208	42.27393894441179	47.77074209302055	35.413708907855025	
16.892930170911693	42.87987713299022	48.01239791457662	35.38278031130729	
16.67941044323288	42.56924050287334	48.39152306609504	35.24660644801352	
15.058471999331118	42.4188907844191	48.34523533826746	35.99131188091086	
17.113915883652666	43.04503328514268	47.83600305287021	35.72912774005939	
17.092990350810062	42.41923212240697	47.82054763889276	35.17634952945142	
17.686441673385925	42.196238389366144	46.93954187198353	35.06437803499992	
16.865983919220156	43.254506682470705	47.14735977937818	34.80055932522512	
17.778166352895838	43.50490296503394	46.67255803382247	34.65291528009148	
17.206800940135306	42.78841066751644	47.10323347423077	34.66554920431197	
17.220930073811083	43.02949156486629	47.340649738339025	34.65679128067169	
18.21052635995984	42.86389075281862	46.62318736013331	34.684612326010686	
16.640112787298893	43.40777016123782	46.6679930916521	34.70141138099084	
19.31900780634813	42.77652848874155	45.466135956843424	34.63882720584177	
16.4417304388411	42.90976017995175	46.08727785387531	34.38903846494115	
18.34242501030073	43.965634934118114	45.915397444705434	34.454531474079744	
18.392222535342306	43.94997590558322	46.08693489360185	34.29697299168076	
18.204999159416825	43.505623872736194	46.30196315194352	34.07420838462244	
18.903404316065817	43.006252672636776	45.5705733708721	33.86534470762705	
17.141979528637656	43.1147267238359	45.450782593479275	33.798674681758314	
17.780132960852566	43.80888857091415	45.04301065164925	33.726398894477434	
17.25188488447066	43.984004119965654	45.02643007940696	33.603592119933225	
17.200841126030127	43.30977770407024	45.12155453139394	33.61141930799389	
17.970104379072897	43.453384387099234	44.99657387224749	33.558657712718365	
18.5625874830882	44.06336960655435	44.55364114581478	33.48378238374771	
18.635889089407037	44.150523930139556	43.89632548839485	33.50346402674226	
16.023272412381367	43.67010644578311	44.12026184537588	33.580412419756286	
17.704241827802008	43.75605338858522	43.576146424568776	33.38369534723297	
17.296910052939047	43.79714049932319	43.86882909260372	33.18879454168016	
15.414295110621218	43.561218393836505	44.683057809942014	32.76940423555605	
17.34436627464568	43.55912641324423	43.867878841725854	32.93438969682262	
17.553732233596165	42.661295966023594	43.121202555700876	33.06099715593827	
18.927020514535364	43.36139776361391	42.22206814393844	33.05018247963429	
19.289258729395097	43.09947301364558	42.01939551051033	32.853380174170105	
18.45642688181875	43.44207646242659	42.186040536534605	32.51850240749606	
18.338032795380705	44.153272435085995	41.840677773283986	32.214972256648984	
17.306825246582534	43.73950935550936	42.20949722306844	32.28210151800944	
18.792351882612543	44.07069263938446	42.11182866513501	32.345542795851735	
17.076448626932773	44.692502505231516	42.77337055094523	32.190577105447915	
16.830392762857407	44.50912259795846	42.41424915436299	32.59614010626164	
16.159792737004356	44.708453322350195	42.820179313853366	32.614718949312056	
16.82713993648872	44.44268682429408	41.9646064509011	32.79747930042764	
17.869920676010018	44.62940084835771	41.86185534993315	32.86473691194736	
16.917302622014077	43.808093635623734	42.500093882165146	33.05889087770614	
16.648741328872607	44.58731472466545	42.462074919337674	33.20639216485558	
16.608876481340282	43.34687116020347	42.80779090795663	33.355577061418686	
16.172489549088652	44.100494079773966	43.08008183178606	33.2604872081099	
15.913324465986655	43.33693937569216	42.801076790527745	33.349269184594746	
15.866417091583532	43.87183997923566	43.21952930998676	33.10259459160153	
15.854973929276635	44.5695942330805	43.28727016007725	32.81510197880168	
15.64699114996964	44.84727589147209	42.67198035427321	32.99964819170448	
16.038614025848247	43.735639317337146	42.627177738731206	33.211629120812376	
16.518040316812517	43.66762693251103	42.158894658917916	33.22568563601764	
16.292152297164563	44.210065040023615	42.01818389945055	32.89662331764849	
16.852468444475328	43.963553742967065	41.16677556308288	32.97543887049802	
16.6784883232258	44.43700181656949	40.81103723008526	32.793022539253094	
17.452268798843832	43.81237389007756	40.13260903603609	32.72356341592622	
18.661032529381743	43.27197999836668	39.21655369047693	32.73100518055678	
17.022173991763538	43.923500981464215	39.349817001751546	32.47906501814132	
17.929797066992613	43.219173051382796	39.32297054764349	32.851617152870794	
16.797907882092886	43.355720705846714	39.38631351743379	32.90461650112566	
17.15147745849503	43.65098904459535	39.433398665014025	32.75890520466896	
16.25287941715689	43.73161262621763	39.669081442979916	32.9131968948313	
17.025753718984824	43.61390940627122	39.1807611993094	32.98085248440427	
16.429500828731335	43.80798152149349	39.1331190315513	32.92142500887305	
16.668796959334728	44.30768601869167	39.447423339119695	32.61264168204871	
17.160425025100544	43.48696955543018	39.02152386318575	32.656188165433576	
17.25271730086382	44.30818821615246	38.92658281240449	32.732729129778505	
17.89262990219312	44.424970682899	38.86629880180064	32.47511821481864	
18.437468435955164	43.309076492187394	38.06779960311963	32.721814790783796	
17.176174006117524	44.11461220393247	38.19540993954052	32.58210011682825	
17.335461267571716	44.1007534197628	37.91910203509255	32.85342057196358	
17.044769818958738	44.05965405707482	37.86942892159539	32.99798411027991	
16.76973129663939	43.92208741714076	38.729155493307	32.92366766618907	
16.28392562983082	44.31587755095931	38.89643367653733	32.63454870464709	
17.28976733182089	43.967192390108686	38.763438965603754	32.61403073069785	
15.40706199390059	44.38865054918398	39.55940536654201	32.443952385188254	
15.191236120219461	44.03312130806654	40.266096816558154	32.35013853341968	
16.423637395236888	43.72209332709562	40.05636495286363	32.64590129510709	
16.015273728915957	43.484515547762335	40.0064146436369	32.81751325631386	
14.456831372124679	44.60315750085644	40.52711867980552	32.42065329173789	
16.901538522101887	44.702910444688655	40.04936266689944	32.41952675676225	
16.619273749484982	43.7395707099472	39.45900095961555	32.5214314841187	
16.087878493700323	43.68108532229493	39.71883345955767	32.2092441380758	
16.444611534734562	44.20887568139536	39.31900278636752	32.52746190944556	
15.85952222021865	43.91592800265082	39.30566848929766	32.37657370284391	
15.081128023252965	43.54564787020992	39.92424806479336	32.262297563402136	
15.46976201468182	43.989149051240126	39.79712138070656	32.157113829652886	
15.488320805793087	43.66708078054619	39.66646134185713	32.224558803142955	
14.989973307798557	44.441417867902395	39.675246484387785	32.13928451551551	
16.063720027249538	44.352728511536334	39.97360437147459	32.147479646180145	
15.370145592450758	44.7796156326994	40.03678554583595	31.981272339870106	
15.251037679980254	44.33297277113557	39.9572184620989	32.00717452332108	
15.195725365673589	43.90823216389606	39.857612367688816	32.018482467574586	
15.027564453577575	44.87858561325764	39.54167317312779	31.939494223483997	
15.758776237697774	43.778574168657286	39.310203655905156	32.03368286700294	
16.491254777394232	44.17196298429136	39.13038697167673	31.98722645470222	
15.688450550889048	44.72409093629277	39.244288576542566	31.81006697718638	
15.201880740576136	44.50525421896914	39.43759571483044	31.75761407025229	
15.27583839480928	44.86832202579205	39.76443444183702	31.711929074873538	
15.94286960509751	43.6994853170695	39.68523909813434	31.911122782693383	
15.409911133858706	44.5588111602976	39.872444757405006	31.764049718101504	
16.363390888333115	44.22880640462995	39.22244671333809	31.6729366355571	
16.587767050019583	43.95379004542521	39.17474743118486	31.638364256195903	
15.83948245400208	44.49417391417635	39.13611352396907	31.815608217416454	
16.588476304150504	44.44692803336602	38.788288282092026	31.840093615943253	
17.052253631184026	44.46485175070746	38.5183838007354	31.568218150745665	
17.52794273946833	44.892193282263364	38.17786587230995	31.4191973977573	
17.714226199517945	44.715766926978276	37.87120730971175	31.26144566716155	
17.03312895106339	45.29795842775188	37.94791892316749	31.174407560023532	
17.782195196904325	44.80159543318682	37.67303777425906	31.21600047677739	
16.45613101233654	45.05373094480436	37.79011956594101	31.45486043546446	
17.500692237032496	44.666980395483705	38.21729398010501	31.635081457125175	
17.079614855138868	45.17986707140858	38.32707115514334	31.425661187932285	
16.44334236653203	45.752959607253004	38.537696681597126	31.19174040371521	
17.770339353174684	45.235310307462385	38.20903439623906	31.456769728584845	
17.86390316887718	45.97308149862704	37.53229642066255	31.384889312579396	
17.63132229388144	45.69168255452574	37.20656425833866	31.460590414282958	
17.59279504922108	45.11128774084848	36.629308521218945	31.325881312885347	
18.68664712773449	45.83746991335597	35.897079456126335	31.682689717389724	
17.87892902359546	45.20105554544382	35.79926109344339	31.733973233792625	
18.121300915239534	44.879667925913544	35.689955404294345	31.44552448432016	
18.414940913734906	45.04592793243964	35.743750064743786	31.01540095647744	
18.051951668667794	45.278577959103316	35.54817756572701	31.04160649621153	
18.572670428419634	45.57860703270667	35.375474227150605	30.88530880365951	
19.120545545922067	45.50456610113696	34.95518731097051	30.77829250271736	
18.662101377415297	45.70308267670042	34.97357878175785	30.798892289021783	
17.9415943976088	44.85159804634772	34.973635671973874	30.65468142162964	
18.97565735138592	45.369823098737456	34.39934330628975	30.613679667756543	
18.46909512048621	45.956061438140615	34.52956359614551	30.299163928357572	
19.098569871396695	45.787708735426875	33.970558530874676	30.253449211161602	
18.489377711978893	45.88809094716758	34.21264308698445	30.142902623881383	
17.712435665301783	45.82597042734602	34.42092800583916	30.435738903044573	
18.375528259432784	45.28208214528934	34.70906929462794	30.423296932688345	
16.562533407940805	46.40404372002557	36.42615933273305	30.058746141538027	
17.241968105024263	46.43205164569726	36.42715119325821	30.20593991388907	
17.58265061415741	45.996264921726855	36.450990542629555	30.01236548509037	
17.354049612524452	46.015001986634516	36.53689888191689	30.06345854514731	
17.196394407210185	45.68172173458525	36.574739717140304	30.09654422243309	
16.54551255604729	46.08738976917989	36.50098867375382	30.209016847129625	
15.761963649318403	45.21726822474787	36.68741558209837	30.714754282612326	
16.210694976541035	45.46197137473152	36.92798429114035	30.89669762730597	
