8	186	169	87	
15.8162826291761	187.30115490029226	167.05048394361313	85.1395979152129	
30.880799166360873	186.98182659427192	161.23136641184612	82.65398480336137	
38.75210873469541	187.5900566676402	157.17078462869267	80.73991517242912	
52.510888807786	187.32344202195318	151.45732833382985	78.75800941398317	
64.72688759585931	187.57850759729075	145.11103556115003	76.3708513477578	
72.27251818523993	187.17025640894343	140.0827569415929	74.50464665314816	
84.1997089960741	187.54039901532593	134.88897788950464	72.39618354960558	
90.00721455044034	187.60715576617804	130.96871661292548	70.45633376421759	
101.32809044552098	188.5157460738116	127.0159296665142	68.45802266520386	
106.39434481685703	188.9294710262024	123.12187478889335	66.63086029322871	
116.25647437268262	189.31298928165248	118.70699906957617	64.55961848390479	
120.79517172167297	188.95025816013032	115.53116896967894	63.16054826578274	
129.53316315916743	189.11724784524267	111.48770886843269	61.267826968411086	
138.22479932031482	189.6689010586672	107.47743192272486	59.542634884251584	
142.53880552663256	190.0021838033765	104.2171701547732	58.30054065395008	
149.2483659071759	190.65788385026045	100.90102905372072	56.63788871959077	
152.8835313103101	190.51943021117413	98.30396418144281	55.68239605727267	
160.4205985073298	190.02054929617194	95.12972545543317	55.08203660183851	
163.62139657803425	190.24067565489207	92.69932644232017	54.14638646566086	
171.8633827734351	190.36321471344354	90.06143578522213	53.293883850953506	
176.36235945209273	190.56438184959416	87.44072690041051	52.07011514042367	
178.7640164135928	191.40623519058946	85.34538121242622	50.66772000022884	
186.50473241833708	191.17596693012442	83.10860385839422	49.50397153847763	
187.46702701782834	191.83387917281095	81.34005860615466	48.60946531592001	
194.43317716699877	191.54984464094622	79.73640115296763	47.92534498183758	
197.27577330597134	190.94376311420572	77.67817988141594	47.21678721966002	
200.7747997085263	191.17327816479008	76.15715258518661	46.08454459026257	
205.15193725770237	191.13070685508274	75.19920412410255	44.96259981210187	
207.19993584141636	191.38844596652217	73.5244313123722	44.11591088656533	
213.00679098965915	191.58359966900684	71.84132404323037	43.563300167983016	
214.0738869181532	191.85164124841873	70.69337465936775	42.746996560188464	
218.2118375660984	191.29330129332118	69.49190478284989	42.20077304230588	
220.03193764321543	192.14540922235662	68.72387316957045	41.59161705590854	
223.98304228751007	192.316590669591	67.52298977438322	40.964697921596425	
228.13976936515667	192.2592637058582	66.2074446881513	40.35071951816759	
228.7960979505362	191.89124945621757	65.23355227431023	39.81764222540322	
234.09433985560293	191.44479210524742	63.95631094159376	39.39652055801978	
233.38407357997386	191.3561731045115	62.9102347301108	38.98867263105154	
237.4561749758124	191.91345187925197	60.78036566340931	38.45912739827438	
241.26193334940635	191.51368974762738	58.88568393819408	37.78841333354356	
241.48998919316116	192.68862366213773	57.625635351976065	37.13499466509873	
245.57367138746545	192.48013044653055	56.362204965290125	36.41665363793139	
246.42681000251386	191.9006604540647	54.94106929264838	35.88557270401697	
248.87666999783676	192.25055578098326	54.40467060632386	35.27587347238004	
250.13153745071054	192.4477189516801	53.90268740383863	34.66873455826874	
253.5095775386309	192.56211987968456	52.56072361059678	34.120722619967225	
255.40387190226795	192.2239713853515	51.870023591437274	33.567993410246224	
257.34215637196974	192.65226168395893	51.10268207093325	33.07646643694609	
259.6958216825558	192.6040610680845	50.019305030617524	32.60559041602083	
260.37794865810577	193.12160035053134	49.72773346019375	31.992308947856408	
261.52622513893414	193.56850719730312	49.98804547542003	31.4276930783142	
261.65735615012574	192.91984795681577	50.77278851037168	30.99593481616298	
260.7580976958852	193.82993833162442	51.55594351375471	30.485058303911405	
260.1201553420877	193.1543957807921	52.81132422727241	30.108785779614713	
258.8853039850247	193.6415473731251	54.21747396574379	29.55203777812094	
259.0996772498181	193.5829218455361	56.11577096948207	29.02922673956418	
258.15619227732594	194.23975769271502	57.821260923984156	28.453632566530537	
257.433805329632	194.10902601276828	59.69398463536063	28.04310225357625	
258.9005667806488	193.89603030763823	60.0946785664416	27.869782133246296	
259.25134577941526	194.81612803821253	60.431745690025295	27.2891070835891	
263.19287120013615	194.7974695024719	58.930658101604756	27.130457553698612	
263.0944222902315	194.0937178147826	58.71683590088156	26.808777016799993	
269.020614356927	195.11350105748238	55.70585572867208	26.563998653577514	
270.75222834197734	193.99162865776904	53.23468931395699	26.737880133607252	
273.9798979200943	193.7785995447727	51.09349286173317	26.50840540347653	
277.2042212334382	193.35856349969183	48.76885536743056	26.372219156140602	
280.33602191229124	193.2547607193125	45.810019234181226	26.070110232684513	
284.61458258237195	194.51767265640888	43.65544048511478	25.687409508363537	
285.9287856799819	193.95195146598985	41.27503495639402	25.462707699366987	
287.9855624150962	193.90462160402484	39.45695792278043	25.18783299040902	
289.42756000085274	194.68435018847634	38.25193082320489	24.975380711947878	
291.0063349997296	193.92675112765187	37.654021709850724	24.4952039156128	
293.14536984507464	194.19468431654306	36.772320999568244	24.14765303367909	
293.74316783690676	194.4539379616527	35.97878913071309	23.693100640684712	
294.4328902942886	195.29309162065383	35.5509178858598	23.138263271451084	
296.00957336466104	194.74416589693595	35.35786363476331	22.79033169982096	
297.2658747122267	194.94139037340398	34.87914546493112	22.37847825952837	
298.62579013170813	194.71380576419511	34.18498086284566	22.167487550101107	
298.7104927010796	194.96208834913298	33.87350119874644	21.928696167008574	
299.72961067198423	195.00882315221176	33.861676790292925	21.71877139331906	
300.9787393093165	194.90053119651574	33.060481888789724	21.493844388954848	
301.82577636394814	194.5848956393049	32.50564017660585	21.380145062511993	
302.43048764875687	194.99322884827814	32.122349189248595	21.122177715972825	
303.5270753869098	195.28379474668466	32.16210389635326	21.072802439431086	
304.4250807030145	195.51863513458756	32.51184903196622	20.812511841948066	
304.71950372508115	195.47252560818774	32.21974745366078	20.821570077124566	
306.2324834342447	195.4919710890351	32.03924630445294	20.382590030327762	
307.25200639469887	194.63432736130716	31.699313394904806	20.28488312485989	
306.7941004334756	195.54334731797744	31.15736593701081	20.11581560360154	
308.5615217468098	195.2767984065876	31.148636343637143	19.806645078641033	
308.5504285346509	194.88784231434033	30.51118197892282	19.767882553815546	
309.442839795279	195.43501342238355	30.71939751594764	19.51845304553475	
310.707132499047	195.0281266185434	30.13593792666417	19.286444087144424	
311.60391731920043	194.53813796609572	29.25755528758568	19.444398596362635	
312.410014307016	195.1377927131931	28.71093607715985	19.53702347316243	
313.572357568713	195.24512988749447	28.41342664917906	19.46904807628089	
314.23917584133096	195.24193441339926	28.020712721855446	19.215678227447565	
314.2566420302643	195.12545123296533	27.70309518335193	19.148753891312996	
315.10100417846036	194.85407502952532	27.657520620503206	18.984608979829822	
315.8397069435375	195.3431169291054	27.539812789895734	18.618688962789435	
316.9329367573526	195.21336008460884	27.103577514148476	18.354721521182555	
318.1611578053289	195.5205963289126	26.52954665972723	18.285575801926974	
318.33199261479086	195.44174692702356	26.073988173603933	18.072336245014014	
319.00204606514376	195.38667576267864	25.7978585144142	17.932331707859127	
320.0696716012916	195.73076030674622	25.543825994707944	17.69449624480218	
320.8960915717392	195.53969823558037	25.17762228714253	17.532512890395438	
321.5889384972982	195.64278711394533	24.950172569020097	17.472283171170655	
321.5226837355165	195.8046898338578	24.80966292778281	17.31300042390687	
322.8216356666233	195.41215539058123	24.63874456781234	17.233778715405407	
322.34368418842445	195.02267430137553	24.392209527345656	17.130337698912438	
322.3336720368457	195.28849938759183	24.702638001254698	16.853823330894624	
322.91073295507834	195.43842528096135	24.772812257776515	16.74351644540737	
323.71947964773415	195.37437914782976	24.81695141030678	16.744647048305175	
324.16853546195784	195.2173752364335	25.234022110083487	16.571652498355995	
324.26557798007366	195.05322356157086	25.23172600057245	16.513973126037314	
324.5502338489671	195.62771010242906	25.279118249907285	16.283075605844303	
325.2944220441369	195.1549685359063	25.217382250917325	16.362945516767645	
324.5998824526403	195.79142061470583	25.710033325695207	16.16905279944571	
325.4372443507897	195.86831198656523	25.800598359199988	16.057161127672323	
327.753146305509	194.94049309164166	25.044064101174264	16.086261666047005	
327.49444032344275	195.61814423872892	24.6655063764144	16.059148983307416	
327.7367459851036	195.00081266167052	24.902103446666494	15.726720672427874	
326.97576128345014	195.60290360091702	25.73654149793029	15.478047085656188	
328.1747143670539	195.2539258216936	25.335506921337036	15.490596436064743	
329.4662557718819	194.835383597168	24.642520656900455	15.79912716082697	
329.3011603986145	194.63723662778892	24.121089119976556	15.618712723177516	
330.41919345069766	195.02731118699768	23.789611715151068	15.57883302729115	
331.1865000192813	195.28977830990985	23.38976110354226	15.260714620280549	
331.8547124554029	195.42233876344838	22.75222375828809	15.063079820552893	
332.42090457135487	195.5693534850608	22.227753318517486	14.832227128464869	
333.60452871657776	195.70902980176993	21.799693270030225	14.743157242196071	
333.45151909354405	195.79515474664146	21.56124536493264	14.447357697373146	
334.06967202304236	195.3645697917272	21.39482273328443	14.288661617516574	
334.46929555836516	195.4494315886203	21.189574392821427	14.18216480551585	
335.1614137522318	195.54974235515897	21.35511181738216	13.914493404033692	
335.7305372374852	195.7361069617669	21.35621359222146	13.856748631621372	
335.929435823848	195.89878818734206	21.1142571144002	13.784108980249039	
336.3934491145584	196.0285253650409	21.16966783270781	13.702532018554777	
337.0505303785972	196.24971486764818	21.279317932422526	13.542452740541727	
337.0027407829665	196.04413778615302	21.083453507532163	13.468712300041197	
336.84728458545186	196.06734863118683	20.938481296915228	13.222614096301708	
337.6466214658338	196.14918144673857	20.965253378894317	13.231022008269946	
337.82397162042156	196.23324465130514	20.79244515181397	13.22712783826398	
338.2884272957882	196.30444483021648	20.704010790826736	13.110037521824218	
338.4973747065517	195.91136171520225	20.99623730289882	12.966515894224827	
339.463165125026	196.0020820488461	21.316892355384965	12.79255865900656	
339.2824779961834	196.29721094869822	21.214593438688983	12.637720508188028	
339.16885145082324	196.150004963605	21.398105292037137	12.447562660593004	
339.63414290231265	196.25476026840445	21.214346713189286	12.590113650487137	
340.6090528742607	195.9358315578889	21.513521119726555	12.282232696331347	
341.0191863383192	196.4977653239013	21.40141024086115	12.208689842727564	
341.16255833111404	195.97331500441751	21.2645584513307	12.107581445630949	
341.4364892226837	195.91925572003734	21.320794094129006	11.992330758729363	
341.7064973820075	196.161196653207	20.89664827360221	12.174163811957078	
342.3343609691133	196.02353685140548	20.596327526774022	12.170778444485114	
342.5492969389349	196.43730150321443	20.46145706413389	12.21471661198994	
342.4225317616511	196.50067849895066	20.718932640360293	11.961728193423028	
342.4229858625708	197.7709297342704	20.82663218518168	11.825124677175015	
342.9919210859911	196.10665669265492	20.501053837339978	11.94122430921887	
343.6404520568838	195.16157861226205	20.590133911011744	11.93569336673313	
342.694247924964	194.89859676552447	20.932469266449985	11.823279751362776	
345.10031832129243	195.27440778270815	20.838035154090907	11.911432981258542	
344.4912297826927	197.29193060328785	20.66447429336314	11.807987910777848	
345.98697185617425	197.46054825711985	20.408548417808085	11.985633617937786	
347.1458226658156	197.6258588353015	20.18003442059566	12.175124856861041	
347.37575766518256	196.93376824929175	19.567877132361595	12.129171851672591	
345.68347969622477	196.29474293311483	19.985163172816236	11.848863218698993	
345.78879497355257	194.7220017052903	19.771051195143926	12.23526907904167	
344.9782249046675	196.26902817201224	20.335743588544588	12.062243090711867	
344.24171945080934	196.14045351332808	20.672504238768862	11.942670638508908	
343.4465927285929	195.8181640496606	21.595658445759675	11.648244727377257	
345.5530878169962	195.21133789246898	21.38182331350879	11.67990403410054	
347.754621588443	194.7476777965702	20.93085580914357	11.747949361701327	
349.77350552326595	196.36725679659992	20.342697457548912	11.495878849816336	
350.83343342138835	198.07105049775032	20.21853045734744	11.330483715887093	
351.48667336696667	197.83290418761453	20.123290857786316	11.181591680969152	
351.25873498219636	197.79520819987394	19.480886601440417	10.994367081686086	
351.20798297756903	197.36733090583837	19.25919932556169	10.865539007174853	
351.8377539428942	196.8712598160507	18.82507336380631	10.718899043157382	
351.8219717670349	196.35752251077162	18.227184592909154	10.754343092745234	
351.6393149804831	195.0935221235622	17.8717157668351	11.080518486838718	
352.05481177577985	196.6134620464081	17.78414873759717	10.990180925158775	
353.2370968407542	196.21301704451963	17.640941913694082	10.971817543868706	
353.50483673188586	195.83855504469676	17.49914565437045	10.904781970722432	
353.55729339866815	197.60279519191002	17.82302041651848	10.662891298793474	
355.6070588713826	198.22262897443136	18.06027288020819	10.540557265130465	
353.9037291501374	198.02978560255113	18.379029299932505	10.428209889284934	
353.8760657642986	197.22813265862374	18.264888711828956	10.296970069437048	
354.79819227401396	197.70385257912938	18.353261701385616	10.222507612516214	
355.34303205200587	196.23594375711556	18.343849455544323	10.269151748853428	
354.4168596505509	196.77167534169143	18.252773013832893	10.310836792134502	
354.458367103713	196.13460756437323	18.04933023824839	10.33284016941803	
355.80696417059875	195.79176616672976	17.547620027435272	10.401911364782789	
356.31681205738477	196.90342417908556	17.335342600268255	10.388229405699235	
356.687362541626	196.8783511105351	17.18551124409813	10.401544860492661	
357.97763808198084	197.2904190614707	17.091010292325276	10.338073123641468	
356.9350308880359	197.02136468476613	16.93001887348299	10.29925463238738	
357.9445906012837	196.36476819435697	16.68453245022217	10.379664295639747	
357.95387995346596	196.46907038209613	16.620905233339226	10.38284970697709	
357.4042043574806	196.22568382037386	16.564378835130615	10.371746365101062	
358.2083181595961	195.76264894395487	16.12400410947006	10.393440564807943	
359.4105028666615	196.1735954334683	15.982726497936314	10.411378580387048	
359.53333748669155	196.61717773209202	15.881972555503737	10.36834306868044	
359.4550091843153	196.39691442007492	15.881195873946954	10.367930713327342	
360.22906308880374	196.82954432941105	15.897105122388867	10.354931484254676	
360.7210465730073	195.9140367234553	15.949385168981124	10.371193163756494	
360.1172873863778	196.49084528091728	15.94145790453721	10.358875415783524	
360.993183707398	194.31705291926227	16.04774767617028	10.492602488336704	
360.5274291916331	195.16691545168942	16.148331660302485	10.510997998433592	
360.3780071261329	195.82833260833522	16.282726933995406	10.52174560958046	
361.1766884626258	194.84162065945083	16.3360721019291	10.512784110391843	
361.37156242416347	195.21877012224851	16.38199175325945	10.503829585202345	
361.69309636914426	195.45929070173088	16.387366906529792	10.502861013966156	
362.23628361885164	195.01835654473388	16.36130443981466	10.603228094382402	
362.6468278480266	194.3783287577409	16.55789078519856	10.977765911429474	
362.9863955943659	194.30228569592094	16.898133954629362	11.140523335882918	
362.45134358530066	194.33497888028006	16.982492542767098	11.183351956469199	
362.66702018132173	194.394576284246	17.07958328325823	11.243866717157047	
363.1175080057159	194.11076521620882	17.357503346368773	11.323711500898368	
362.3538987371519	193.80569054436995	17.44567287798833	11.382660454714053	
362.61075168064474	194.12320006339974	17.530514390046662	11.45785567389474	
362.68635759234166	194.04415786343958	17.76493573725749	11.56298087009495	
362.8503499385549	194.25743598072964	17.922297034296708	11.502462481126408	
362.7383869981067	194.0880786917873	18.140253124451263	11.510911030368431	
363.1111823408119	193.86402119479675	18.389884292297094	11.509448931225156	
363.12996352202447	193.70342447425682	18.520142428219334	11.556141138012013	
363.1588507498875	193.93364224340107	18.584382807970055	11.564341874061316	
364.10701680695354	194.15924152266982	18.601386494008892	11.571076443403918	
364.5109053922568	194.3235664884862	18.660141649147004	11.59069809032148	
365.1106226149664	194.00532401286046	18.723279134613062	11.592020270824849	
363.98985541841114	193.7235955093927	18.78595167126307	11.631387285713975	
364.9831990789517	193.82076145905725	18.80278650785101	11.626109115561402	
364.40368321617433	193.35270754901182	19.0746863636128	11.590383289354776	
364.84690253314244	194.87291047026838	19.106561948197744	11.587858344363662	
365.66025345256645	194.54707054508805	19.09770326044225	11.58924240071418	
364.4578880259435	194.03015741981582	19.11569104499313	11.594954690038813	
364.78025416143043	194.17643173315	19.147397344041764	11.587288877062585	
365.1115994189388	194.39281567765664	19.142705450488837	11.56993606645086	
363.84404863295777	193.78838141085953	19.154184748052085	11.565458357140432	
364.992322390062	193.97167906911534	19.148239917864682	11.56215200943028	
363.93248597633743	193.3076433637048	19.155395150022574	11.556540406335335	
364.33301072738243	193.92129871600667	19.159338562132508	11.546753753397883	
365.08503611531813	193.57344081395328	19.15815965725564	11.543806203584666	
364.940900985752	194.18539655743268	19.157350756889617	11.543308422451679	
365.05229558265	194.30177163011834	19.14295316990142	11.53625598819049	
364.880330747146	194.36810067746254	19.117847477712104	11.534042405273274	
365.64870096963404	194.34394624628715	19.094078910787704	11.53128138213175	
365.5856513822751	193.68640579579764	19.09150120907982	11.530514051795112	
365.7012225800088	194.00756991876432	19.091684186665987	11.529489464347165	
366.01427928084644	193.3522326088043	19.091144181673474	11.529182452988282	
365.87762648351367	193.70042712061658	19.09128395430995	11.528674319256256	
366.16139051795705	193.97209661214208	19.091289199651264	11.527924821850549	
365.64776417960445	193.3331944086501	19.09130374578699	11.52781696973268	
366.3415604670667	193.538089521117	19.09105398149327	11.52738453097743	
365.8568963441292	193.78207942053817	19.09070686525803	11.527181577828678	
366.4767191429338	193.05031868206697	19.090596599374972	11.527148791656131	
366.3821822827172	193.36308776189117	19.090526513112145	11.527091224258573	
366.30461744689944	193.70364982646308	19.090494550660214	11.527016740061805	
366.3121592219731	194.0686070914694	19.090498361029063	11.526932296280396	
365.95596562908645	193.63026214001124	19.08968581211456	11.526859868664653	
365.45577813030104	194.05868482306386	19.08984289510413	11.526640834365619	
366.16842930617173	193.90930073367372	19.087997093007203	11.52369697701307	
365.9453706062015	193.83797179809224	19.088061882073436	11.523577911883377	
366.1642105057646	193.59934731014326	19.088119607456772	11.523501031095694	
365.0864275543916	194.17407571212624	19.08815505747441	11.523426460749425	
346.3132675694394	195.96872825270418	19.064608846958834	12.236990699509306	
347.12040311123894	194.59594625040683	18.98630547099377	12.868051558886098	
347.10138951729317	194.85771490199264	19.22661860430079	12.932351951789952	
347.51572217679103	195.21362216671395	19.425283445446134	12.957492170977826	
347.3690622226463	195.25313570572246	19.80340071373857	12.853590703789239	
347.6135399092493	195.00675047097678	19.91852756728577	12.888045800813508	
346.8918154343145	195.50927556399697	19.977462542965622	13.131527910000235	
348.50912402540985	193.7948831180439	19.630747859020172	13.602167660304772	
348.1790936401481	194.09899343624684	19.552831005604215	13.927525157481975	
348.3433891345898	195.76243469687444	20.02332980611129	13.427103474544642	
349.09491096207427	196.54015891983073	20.366229602070163	12.991221111586482	
348.82915134293074	196.0700344562358	20.544268888737033	12.787126662616693	
349.11798518272536	196.13989415587417	20.61980606745095	12.570719204665572	
349.8086211147466	195.96691363013582	20.63480805480305	12.444161782278693	
350.5001734016963	195.9640264906814	20.967666010086074	12.187885253711517	
350.9423685059365	195.7361897376099	20.965682632393342	12.128600318597025	
349.68176545717654	195.7719267601039	20.9418075913024	12.133241144216855	
350.0124369784044	195.5400463907426	20.822019476672587	12.177683534770173	
350.39015433220953	195.72402810445834	20.78571951704445	12.171633132717812	
351.3127707664292	195.6993747384505	20.76292989544652	12.169860312112831	
363.3387071791102	196.28743464452788	20.639117601700708	12.695406378254022	
362.5209482773991	196.12650040839887	20.675863356172744	13.188289561772834	
357.9214486071585	195.47770323226737	20.95384409619009	13.211554609340661	
359.2902701166625	195.92580156078185	21.222733984668068	13.28047528763124	
357.59182954187327	195.4941923336107	21.35126691723599	13.376107987579005	
357.2965885212029	195.81945437411625	21.374959689129412	13.433738704121938	
356.88125271137307	194.8774759223774	21.5408854415367	13.52798937743601	
357.35591812233963	195.71536165079115	21.619906760983945	13.62648464042666	
356.33579249279376	196.43671432584043	21.636922460612176	13.658051303038711	
354.49671850415217	196.73151565147242	21.566348838316433	13.741637159331601	
353.84933547175734	197.30692973185228	21.545992417945303	13.753760825621148	
354.0429051645728	197.2803461855879	21.545026459419354	13.75370631615711	
353.70153002843693	196.31017573545347	21.405120159826012	13.92908990765671	
353.48876550561556	197.3781518550827	21.35453147532807	13.925857185152358	
353.05763984432133	197.14196673448916	21.50020556603245	13.9233048885358	
351.20401994522393	197.51927532971482	21.49837205909733	13.921667930323297	
350.03749985740444	198.11461595323095	21.49664489312252	13.918722121637849	
350.6431756632064	197.0087169344439	21.56922501369622	13.907475286928019	
350.79455335162766	196.0803746364257	21.796535829003936	13.859329069556539	
351.5750605756515	195.02327293563022	21.965543453748253	13.793043407884593	
349.3615889313516	195.53757134970752	21.998381307930348	13.793082081591539	
347.9543604973519	196.16961510417767	22.138586619533253	13.75808812428696	
346.52220384150553	196.30041959547714	22.257440613065036	13.759536164974888	
344.9571481712635	197.0958416530563	22.321920325512554	13.77533822996939	
343.56573658206827	197.9644940036357	22.322402023647935	13.78742234278307	
342.14014213211294	197.2274356858417	22.29376318575038	13.804263349327552	
341.1439914907767	196.75172563517518	22.218163095513177	13.837126522025928	
340.5803019510714	196.8580735378554	22.161128026593083	13.889596880109977	
341.8062622903807	196.6958886813494	22.05444078837375	14.008826792215798	
340.32015611550673	197.47705799983288	22.10139712425141	14.01609970462632	
337.90187355010715	196.99049171913987	22.072856149246174	14.03695168501487	
339.46933272804307	198.42985160619114	22.14118462526825	13.93765538617783	
338.88865699017356	198.86341684253657	22.196198315286473	13.842000645813473	
338.06635420226564	198.868908658589	22.206819325367455	13.827138291042806	
336.5843169469487	198.61529358783793	22.244154381731843	13.811830843471746	
336.25017019777255	198.16266592021597	22.250467191512204	13.806248349602662	
333.79770600372945	198.5644088479034	22.266316962502568	13.799251017711093	
331.9367420084111	198.7205882089368	22.265824737532565	13.798508120343666	
329.69407029180377	197.03355605999445	22.10103360730111	13.951306625381662	
329.5177855236551	197.04471863983468	22.030157352592358	13.99354955315983	
328.6502779152439	196.62506028582007	21.975518672129326	14.03719885129222	
328.4893803030932	197.0595100131234	21.838405547155205	14.143919010809862	
327.4953759481587	196.9190612402919	21.8302280006154	14.147702790994694	
327.51046725381514	196.9704553372514	21.659410569437338	14.317110174697197	
327.3564671443612	197.30526562970232	21.38269238214477	14.400447529896946	
