179	42	16	48	
178.7357713360323	43.14187097361331	16.29696170911526	48.5134203471612	
179.422021580086	42.718442384594574	15.91933796337074	49.58258669735214	
179.6747564147918	42.67944261885811	15.780995295244747	50.717063417889094	
179.50845606120947	42.09114559996696	15.846969316551602	51.27347422622499	
181.0277614515697	42.45900436869024	16.074270353381834	51.91281188267949	
180.86563873156533	41.34390881734007	16.580713572807632	51.905620573423036	
181.11783506425007	43.222748733275836	17.131851217115262	51.46571551419556	
181.76261429607496	43.20029560723013	17.09182461858539	51.79209814472782	
183.0591034923106	42.48675491174098	17.153300457376318	51.04647269328363	
183.456927999773	45.01059799973903	17.523964137001062	51.441754408980636	
184.1521996368509	43.77114154677675	17.84246674983873	51.36313190497785	
185.5496924658917	44.49025892691963	18.68415263487843	50.9948923095633	
186.42907511613166	44.201022912288934	19.286971520952473	51.066129884669714	
185.98361907536673	43.272939582050704	19.370034374100207	51.12161912643738	
187.50132353989625	43.9360585150995	19.21874805513336	50.80197782558637	
189.7455728898025	43.244444611412746	18.605352113728415	51.64761495045332	
191.05402189105334	43.13466874714249	18.399714000829405	51.820102210729246	
192.33650232934497	44.02043891663362	18.157542316445852	51.89437502692124	
194.5092339879461	43.26341309626959	17.593854235373374	52.299538518387834	
195.22980908362783	43.644523491437134	17.061725421573392	52.23312220479072	
197.55336818087073	42.60068042910503	17.018037498236275	51.96333137976315	
198.27085097575542	43.694916256592364	17.109891376011454	52.209796486644564	
199.00526978882417	43.131636411939766	17.89621718104157	50.995447171738334	
201.56454018965394	42.90390394521148	17.874013697802393	51.45355354882372	
201.5747959535412	43.86810108052896	17.987689123334057	51.56268731621367	
202.47463029079785	45.491918562183216	18.67880723966858	49.954963766097904	
203.7282508270659	45.53042291698488	18.825750985400298	49.087205089396335	
205.41199668353045	44.741398805816324	18.700804638758417	49.25018551979467	
207.24570432726665	43.662859857521596	18.4313607429639	49.793949026201624	
210.04214048572777	41.31353051782851	18.39623102171424	51.12332665204471	
211.00740088742288	42.97234435615274	18.607118661774933	51.28853927500258	
212.37258021555303	42.95628017282711	18.853725671331937	51.901001947417086	
215.3557316802276	42.974418995799745	18.521012963387804	51.80525684796224	
216.22995809027464	42.01173154873537	17.710775279821746	52.50578943213921	
219.0331010738211	41.457821190905875	17.376538739761315	53.333273380363124	
220.3520557417574	41.313311842252475	17.141918960391962	54.5400363565777	
222.01412129264864	41.375530970026325	17.766325446729	53.78947938145221	
223.690520592628	46.39220034233185	18.377928568724677	52.4535588497318	
226.43993475616938	45.583675781473254	18.444447436313496	51.985332559843144	
228.1848075100378	45.76146358673841	18.334434537371813	51.24048914707437	
230.61040620423952	46.437054324213015	18.170798660961772	51.071368033033664	
231.95992832525687	47.32915923063062	17.738653289395224	51.370204656508264	
233.91553861969555	47.519382171426614	17.471403190019817	51.494224593321434	
236.6645333904047	45.13495231105248	17.810439767833728	51.41692199488635	
238.38068845102467	46.108878293092594	17.510165140444478	51.612443281767426	
240.95162721997818	47.242419522817244	17.395349064939804	51.19923073732667	
241.3969987791427	46.54763261564576	17.30177694327672	51.60118372113375	
243.35624660153056	46.78887008707551	17.345123835427287	50.82507472122927	
246.17129826779887	47.618946215621214	17.344589079703365	51.086867678409405	
246.5918706209584	48.26249851744153	17.254927694574256	51.11005889500499	
249.43669606749592	47.365216911007124	17.396083056839743	50.73890212191187	
252.08116206936887	47.93320274375558	18.02195074334041	50.02766105534151	
253.8960885779765	47.09353128696179	19.145098462361744	49.65548433658961	
256.4587732877813	46.66867320859324	18.6612295157746	50.306271749725866	
257.2711368147805	47.27908260050266	18.290560942038987	49.86149089734928	
259.5008591869542	49.31611357052355	17.905382154570248	49.07212887414711	
262.1280952496313	48.50571179335934	17.79036534766693	48.556873859521055	
263.3560929781771	48.38615470944142	17.30566298234933	48.974789534114635	
264.3917234304458	47.118596606842	17.242663758414977	49.11652938891065	
265.0645082106343	48.83477594564073	17.382614918519806	48.48934911516756	
267.5887905902301	45.765586387701696	17.163837413661817	49.59591127166452	
268.5285998500801	46.93074030378837	17.223046170191594	49.54811419693746	
268.82928268849076	49.726629950460435	17.76887022973655	48.38235504900958	
271.33148680250395	50.273632564052065	18.18644524374509	47.294278513302906	
273.23422522396174	50.19097785444093	18.20880872904601	46.07105636685898	
276.09693024507874	49.97501530670148	17.869079839155848	45.6556187652134	
277.8043498791724	53.591104729744615	18.33009673208612	43.671471535338064	
279.7498273323805	52.34055328730075	18.86176689051969	43.09900011564512	
282.66018842005224	51.06102486438295	19.569143298397698	43.12701843876037	
286.9588449653869	49.64953408941834	19.261789161585735	41.946411312236954	
288.83575072090383	49.350886439458236	18.055594370751482	42.319235311316795	
290.98841942732025	48.9791407375872	17.446287813097403	42.80540762230831	
293.03501409753846	50.10275736105832	17.54979236990834	42.26307809717545	
295.0503453591176	49.01133380662401	16.885359142480628	42.77967199693001	
297.2622150635156	49.756850660192534	16.585097192638518	44.03408878646654	
297.5723803432076	48.998722007576866	16.8816559431376	43.93950457901782	
299.65575172547483	49.25708605553799	16.511174489180583	44.877126477755	
302.29778947910796	50.124143085895945	16.259464304027322	45.47448624440115	
303.5036687641355	50.96066166890222	16.57565702219547	46.49541451341667	
305.16417905265337	51.187993921877634	16.400930085296537	47.889802675083644	
308.21865767809936	51.383627272635145	16.04418488198148	48.984735710163775	
309.16760975427275	51.049394889003224	15.315914594991096	50.34933850175776	
310.8580128053128	50.08915827696246	14.996019433081301	51.0348125459992	
312.4165518698966	49.03595000736226	15.337722307865791	50.80566590236879	
313.6890265158922	49.9180771018666	15.696589954274792	50.60160930514172	
315.53662627245944	47.77868720867754	16.188799365243135	50.61051118090583	
316.5827624478137	47.982817336904226	16.562489901344847	51.33600386653772	
318.26195538043936	47.874093432978405	16.93110093474472	51.318644063877585	
318.94355201786357	48.267956266464516	17.179710714705827	50.82655481238693	
319.3831360700053	50.7456797683686	17.952366965547746	49.98186754368618	
321.1803592387689	49.827783754848866	19.128387909362168	50.12301368907282	
321.84757533693244	51.538917432252376	19.899295478583745	49.64235380954656	
323.36685805641844	50.84887763440237	20.297427284255964	49.77545762571319	
325.17137618279696	51.38510986125455	19.573051275486925	49.629324751694035	
327.62752545628047	50.843746047140414	19.397301152287042	49.37020710595075	
328.46805481145185	50.69293975894213	19.32643080692685	49.18366822146132	
330.42618136609815	49.899863362474846	18.39350437114195	49.5896803998863	
332.3707673839867	50.401544480043476	17.423300297629915	49.373131483478446	
334.8848779570261	49.75960956084336	16.812422291199457	49.34878248509432	
337.2954770136182	50.3008535109675	16.356460937201046	49.15869723377182	
339.3101759022356	50.27095852944058	15.864803390526626	48.69181304540507	
340.4060691317424	49.52615605708674	15.37527313421073	48.48189644851729	
341.07504237774384	49.00518976063676	15.708190866641749	49.326379074152115	
342.8021816583721	48.821273706217475	16.356047486812212	49.76102464447321	
343.6524332509825	49.44014016774413	16.682733079515092	50.38973952777823	
344.60405159376495	48.80723513243556	16.84028383329649	50.60597617691711	
345.0283411555126	48.81257434145119	16.305387861999964	51.35679448158406	
346.30025251697293	48.9630014794252	16.29584758498691	51.588824386181834	
347.1401920386431	49.853237260922796	16.238668398404666	51.69657933228088	
348.85816674028524	52.12454744733575	17.296713707949934	50.00037161814639	
350.0615870131579	51.28275095175243	17.006677761966543	49.43657314698697	
351.0558612534834	51.39160194072608	16.762295536312923	50.26475458616919	
353.08197275416313	50.05943334769876	17.427614706431683	50.35261829772128	
354.30228674960017	47.88108967944133	17.174411852123775	51.42772327873687	
354.8803024968507	49.8368301055986	17.43033058822115	50.49916474201986	
355.9052128535937	50.93009841320048	18.229220411691923	48.37077999033147	
357.0041324266077	51.27651637024519	18.53506864740829	48.01113627571066	
357.940813217925	51.58731587098636	18.5470143767854	47.803083657609214	
358.23815251096096	52.267834596436515	18.515655294974536	47.989843052145005	
359.0105525616288	51.959840470944826	18.306853728795048	48.42359549594798	
360.3905837217493	52.62446235356438	18.571967695251505	47.446207247142574	
360.4380032441067	52.728040400800936	18.226124610295457	47.723818470441394	
361.0741708331318	52.550906017058054	17.691042561727503	47.93305393800421	
362.6761345837306	53.2211213264543	17.29524103327774	47.82386371094297	
363.50982714023047	53.357226868345585	16.748751306020154	48.132117288281776	
363.99908960822387	54.073187212686015	16.704434763130227	48.28957424127877	
365.42637814224776	54.001421646128605	17.364603884199912	47.90196534496321	
365.6621901597896	54.54637097922925	17.94758282973	47.61387366509385	
367.5234739718669	54.88337708036464	17.572038215829302	47.42292685937039	
368.23668279264444	56.54981297779665	17.907718886652127	46.58216984683975	
370.08566670773735	55.303196245134394	17.546293424401476	46.715783933120676	
372.66188940885957	55.924878016542245	17.311112483674435	46.16750949209636	
374.24934676030705	55.325913840660384	16.63163373391967	46.64791027551978	
375.69917312326993	55.3833125997676	16.6164452719099	46.65680020342275	
376.8271827441598	55.34252423564041	16.692015252084474	46.21715267134692	
377.68647984985085	56.377709508547674	16.271208945441785	46.88661571890093	
378.00224138306885	55.410689714433076	16.130814860119255	46.899267992333684	
378.2344619984656	56.226498410707556	16.222915251010807	46.20042836219774	
378.3444611484768	55.43631131756766	15.869113732385257	46.53701430613745	
379.32408680714195	56.088159362251986	16.211615220764774	45.895066149202876	
379.38098436586444	58.28302605217143	16.4656970800482	45.08511406323301	
379.57274046517244	58.965632018212176	16.498033345205943	44.00335061867174	
380.6845478411301	58.67090622000522	16.363455534818925	43.684238303170815	
380.2316784535436	58.86265184394628	16.4351623108808	42.92322279858246	
383.17493766498836	58.366049364867926	16.581177533621137	42.43021288056424	
380.1110434858539	58.423532121739214	17.04538356690842	42.46016299227467	
382.9877617555516	57.5623025584361	17.364946504899443	42.25332622139705	
384.5502947252255	58.720833429951185	17.613133672622553	42.19690080801778	
386.14256151404186	60.54093492048122	17.734618685916963	42.13618228969573	
388.6870616881961	57.338642906647564	17.79584016225453	42.13090093802955	
387.48336910731075	57.815656275315995	17.875993440022473	42.06663564859919	
390.72771503102683	58.58372757057455	17.987574248077358	41.97511474024913	
390.39898362271055	57.73278533465294	18.151522467294086	42.106081486529305	
396.07268635974674	52.482885959386024	18.0131662180752	41.36535213037367	
398.2085649957341	54.812913499062745	17.844628455225198	40.367656765528295	
399.67238562248303	54.073029522873284	18.037722131765776	39.19424745655467	
398.78274530798984	52.59194582589973	18.422661172731893	37.02305637195564	
401.2452278495046	55.12205099476989	18.610488104778028	35.35053538625085	
400.85634742407484	56.01039616218438	19.090432023436193	33.55012633670782	
402.7632983866132	55.28092427698807	18.06186087075933	34.22849393760963	
402.3391465819698	57.5195465647334	18.129972164467663	33.869421530850644	
403.9712125054507	57.74834902443155	18.65197551419169	32.50065566556203	
405.2663706444079	57.22273521571382	18.733410735453234	32.137416186668744	
407.94691367196435	48.628218331939486	18.412043308270135	32.067351901238894	
408.52114658378235	48.72449127267171	17.935947799232146	32.46959224652386	
409.01249425585036	48.97238374123698	17.545805116991872	32.72499087882463	
409.49531970294544	49.077638380231114	17.236268622234835	33.12717556627139	
416.546944560434	51.64232476488034	17.115546640106874	33.17063004077786	
413.43362813755675	55.17419776098056	17.07082814842849	33.09682230770218	
417.58803518568277	55.42663786001859	16.986089369559306	33.15066919521649	
418.55788394609675	54.82585269036365	16.826299671340244	33.26222042766145	
419.2031021754211	54.875356947019085	16.71112554465414	33.35522741322714	
416.6403475062318	54.63147814582406	16.58465457831467	33.41675175379353	
424.14438866734645	47.33010334591626	17.093296842572236	32.71142926346021	
424.2440659074644	45.18671171898889	17.05722539749546	32.612475098186536	
424.1869951161783	46.23452901897224	17.13008841662778	32.435533683072435	
424.4680036379633	44.233035391233045	16.98282403523973	32.25903657118021	
424.7807077803972	45.07422739051363	16.957024350511443	31.858997509943578	
424.9122549287323	42.58073323271029	17.029916012417505	31.456794674884968	
425.3556624479798	43.6294524899122	17.293439027625865	30.919704075176888	
422.98300911604576	43.27331361218751	16.67742853374853	31.340498845606596	
425.9167951774839	45.08993069430135	17.175293441664483	30.570903559247554	
423.11342304380446	41.548476485930735	16.54781720426267	31.03962282803957	
423.7006466256201	44.800366616926446	16.027705599045827	31.53297248319292	
423.9492885714517	45.23535996119543	15.64091307257693	31.88681244145976	
422.08150502707235	42.99923671056621	14.925235330250423	32.60025271408052	
424.7357688977856	42.44929865428553	14.775602604540545	32.81672928049547	
424.68684639633955	45.52671501605728	14.656581665550474	32.82568821344612	
424.66023502701063	42.902073455494346	14.272258776852748	33.27705063068405	
424.29058055516964	46.294108393764844	14.105168351294928	33.59314945912962	
424.53244608527734	43.83775460805175	14.006206909590727	33.63704828421791	
422.6419722434128	42.1817013841852	13.830069460720937	33.733809110841996	
425.3551739461558	42.51488041809743	14.108795678647942	33.16884917575901	
428.5469638763961	46.60939273621378	14.969776536703787	32.15105962405999	
425.71639780947794	44.53172434872502	15.17207688343068	31.70786086131779	
425.93360129407984	44.46231431104095	15.125184535246284	31.588431653849018	
425.8444699342195	44.35770467894287	15.287174887057375	31.257570966758845	
426.42162564757797	45.20322652630466	15.479607997693964	30.86257007198492	
426.4519477574631	45.52808390658463	15.675006467008728	30.596886756212964	
426.6882859713047	46.551854924248005	16.17237310248929	29.977286043212864	
424.45111068226225	46.776352924286954	16.178458147126932	29.581968384344854	
425.0070232144587	47.23840365879426	16.13908181320273	29.543603678807575	
425.46504010759696	47.16348456870308	16.02927082336631	29.49782054732535	
425.62535172081095	47.33981278870023	16.02415339956971	29.398032372244614	
425.9131072334801	44.44641508409899	15.867792160465335	29.447882629164376	
426.1813993667103	44.53337166108192	15.841752253688883	29.293913928810486	
426.36453930592313	44.674341255653	15.981951698173573	29.034679169592824	
426.30972572219815	47.37679946285624	15.894483277773972	28.934457407743707	
427.12687416104643	47.72101908842116	16.022757496497704	28.786115452851817	
427.71902213772745	47.98396559774855	15.946440006308533	28.79569500604685	
424.71051674963013	47.14082971363024	15.839056842531253	28.897221724806855	
425.02130088424445	47.53757321115544	15.786700413932158	28.852572319974048	
424.9191178260639	47.073261333376394	15.66850315029038	28.97449745521277	
424.583354276389	46.96195819368934	15.611126240774748	28.961425002191696	
424.7731363356797	46.430007836212894	15.490282490340324	28.960972847157105	
428.5127228217667	46.67469747673145	15.491398977394697	28.76546446222099	
425.9801236173444	46.65646096579643	15.439100895760845	28.721305915063148	
425.90293137848664	43.992117080963574	15.355950135210389	28.703401735265953	
425.9635892568541	46.5984420156326	15.412927994055089	28.39048493248675	
426.72825599662093	46.982922575217344	15.613767863901918	28.061332927058174	
428.1638625833366	48.20555994521045	15.679156567683044	27.88852317768781	
429.66055687639385	46.91524687850537	15.707811686555134	27.75890274814021	
426.9966128890984	44.432626564130004	15.745598132978321	27.640776506010816	
427.579617266292	46.67792696229945	15.783681404347936	27.478333134598667	
428.6267252095126	47.338578692489634	15.779419655708926	27.42249886767686	
425.9430960273101	44.70448090990495	15.878219653719809	27.220776181808635	
426.0121183643785	45.138146345132014	15.896536976710513	27.09352215127836	
425.8052534963613	47.66495595442471	15.906684318622002	26.952152974654634	
425.6974395000795	45.80247428141868	16.197559978915415	26.525497363147164	
424.94216232862976	46.26663371174	16.407902534590995	26.246571047727777	
424.9398471919674	46.78006762824079	16.380146724759893	26.10738285120461	
424.65684355904386	46.66177050466195	16.355173401217094	26.044305269615496	
424.2028969853229	46.5041732472682	16.264402527166975	26.062071236066977	
427.9328260403345	49.07106274136373	16.26862332034219	25.945820304974283	
434.0858834940373	49.31636171923294	16.112215253451655	25.991752545902596	
434.35208332476003	49.60865965478163	16.044591452315835	25.877950369062944	
434.6922594680249	49.681975316488725	15.986077973845813	25.878911143169592	
433.21326811947165	49.17381665089212	15.832130300621422	25.975326030476985	
434.28016852437923	49.389405780410804	15.550047916556942	26.27064178570278	
434.7184774947129	48.83533431775708	15.347262928865891	26.416421765930423	
435.4184707911099	49.93865686612839	15.191230040905886	26.372513800306578	
434.1642649529703	50.17322174512404	15.058188927878438	26.32205973320464	
434.92594669883505	50.31475785009225	14.740306846175434	26.479446893881317	
435.1886861204752	48.69607986114563	14.755338597739945	26.347611940454374	
434.1884225162723	50.52074910596978	14.579751246972197	26.240812332107947	
434.6867726912408	49.82865040409943	14.576000382814103	26.132496079232443	
434.79110472372986	49.779829474857905	14.510883167325156	25.986446061184836	
433.672002625778	49.885160800963796	14.400231390938725	25.925625000688868	
434.25688070478077	50.585972097239505	14.307940051887757	25.937313293566834	
434.62756281932246	50.10101752984663	14.165481743786748	25.760526218445047	
434.8540151609535	50.10124304490278	14.093656048838307	25.76373924370627	
435.1856483561704	50.471126842555	13.963781670523788	25.54260972279987	
435.4144448673177	49.48334098743396	13.907537566905555	25.49524198945368	
434.12071372299175	50.126531532121184	13.913069218197876	25.326284076844686	
434.84368439351925	50.90826347290613	13.894484120276417	25.101384233551475	
434.1741012273009	51.26429298820963	13.848905927757324	24.901369096281716	
435.0930638651557	50.48445480796043	13.87951795883326	24.704775405777603	
434.1252167758844	50.35935514801787	13.863777763520405	24.44401432555821	
434.79184308193567	50.45958162634107	13.799528542683639	24.471689459412644	
435.5227246591264	50.61545165975043	13.702747754864076	24.503226757563183	
434.35030999358713	51.02404117469491	13.585271301717125	24.60036098441479	
435.08519060557114	50.209170414837956	13.467649193082705	24.638658965462916	
435.83921888800984	50.79371468217198	13.433736967766817	24.64787391094319	
434.9068444930257	50.643239695206084	13.337376119521018	24.854212523252176	
435.13601271779356	50.53707264443057	13.28271793817944	24.804701155328402	
435.5306284912746	51.01052943542863	13.274507211358182	24.671835386747812	
435.89964192686	50.911126928967505	13.230711850349758	24.68189685306495	
446.79132309907527	48.72046346286034	12.349597888487583	25.309302038071646	
447.82753522949946	47.74333742781978	12.020222653174722	25.61307491065062	
449.46778314392077	46.28812090560661	11.713558001089998	26.12249124288825	
449.02962174851143	46.36242326191587	11.444970694786377	26.435952048172098	
447.5879850851056	47.050199913304006	11.117000392142616	26.654209184505632	
447.8864952159468	46.94383483964621	11.020942268636096	26.79416953348282	
449.5528268153462	45.5255940538519	10.884566940244463	26.990737069274317	
449.5634470088166	44.979554469163574	10.808143835563072	27.146594817886037	
448.27529921795036	46.334610788263866	10.715240665845949	27.270014989896634	
435.4007518226805	50.18505960657268	11.222756400599554	26.49066285880269	
434.5870931560071	50.10620302468308	11.433444061895923	25.95491204143031	
435.2973017026325	50.12553968358877	11.68579174678227	25.43259951315636	
435.6521012602107	50.1094359666766	11.855511047744441	25.218701514470318	
434.6374701005953	50.237650431577215	11.974373453187413	24.953967538893025	
435.1766747066361	51.17160722898072	12.040695047456527	24.631771064256604	
435.8755003098675	50.967448640236775	12.064106310476197	24.577032064843632	
436.05276069421444	50.736596745533234	12.208113813695848	24.216420578581616	
434.78594348397326	50.89990523901886	12.272535702134693	24.12879561209816	
435.65735689559483	51.236983652150975	12.33887852896941	23.901938415283762	
434.84292605089723	49.68279473181544	12.35738507958592	23.800908687976932	
434.14066424231964	50.33917837001483	12.379156397432299	23.5913587749357	
435.2889645809635	50.83993440818952	12.425325819784442	23.6606213730019	
434.62892317845234	51.414516567874806	12.448132008710331	23.55692454954961	
435.59226382816973	50.581595824722676	12.47593874829228	23.64006268387938	
435.9732579422146	50.90472714774906	12.496593361541656	23.62648474546822	
434.8081559316468	51.72283930385076	12.553807394350153	23.593716692038605	
435.2669447377257	50.721624458283046	12.55379143246867	23.4843705080825	
435.44026617063344	50.87893233538934	12.672008797337371	23.39308700994863	
435.77153461723134	50.93838296514623	12.642514835698334	23.469687420676188	
434.5076288339307	51.311940852093365	12.718597104661574	23.42492285928346	
435.33754602606604	51.27406865052509	12.706089309021639	23.430012326285198	
435.74420357481347	51.88227148446111	12.584845053316064	23.436169925167302	
434.45789539346094	51.43515457695352	12.67628694702698	23.36920594669875	
435.2589769767505	51.13383499105749	12.708562533575911	23.425730912176718	
435.4905041146764	50.66083102853371	12.694848094559893	23.58228682087068	
435.9010841573867	50.293344484794304	12.686001148577962	23.717085183293793	
434.45977029953843	49.94154362813855	12.693758325562996	23.780646320147326	
435.04699760128887	51.84466683938299	12.721585316338572	23.693457219206902	
435.17304694560914	50.98708709819849	12.720222983479513	23.773610393020306	
435.54573910734877	50.43537681055906	12.641909942863908	23.932500123610737	
434.398358842436	51.24717485482972	12.696318080492809	23.88138840911575	
434.81736106918595	50.71960952550806	12.750778801191018	23.88780562209562	
435.3732417854524	50.10171504613351	12.724670792921032	23.97147220249541	
434.39328841597137	50.73786672864184	12.775600023338237	23.889289415290946	
434.90862530841076	50.27365685050724	12.81121578256497	23.86767628171716	
435.4987011307962	50.48619955582927	12.83976980147515	23.837964275099125	
435.7732440678014	50.908423022221825	12.894309523034345	23.71379411528994	
436.0785512060725	50.24926907698094	12.94656171969005	23.73857511787804	
434.452074893604	50.689095633776795	12.961380675727595	23.81650447804121	
435.20336728819103	49.977934637147904	12.934289198435472	23.864332157105267	
434.1004885272547	50.23810681157423	12.939545278352606	23.961435840154934	
434.8800593543948	50.05970545069219	12.914659963145564	24.042117034962452	
435.5145249847498	49.950208366975616	12.899791235814126	24.1716814662582	
436.01855160794605	49.61468395663351	12.868691376682161	24.282411578522616	
434.5660684653246	50.75025802701779	12.95240960742073	24.30066687632217	
435.0004968965465	50.49829977473209	12.926317539803332	24.46218566127192	
435.5129458183833	50.59527533189459	12.915804204262745	24.539946313666732	
435.9897799834382	49.455771832122096	12.837850951076266	24.69839481292181	
434.5257999308736	50.63775192523011	13.063749641486872	24.654494641430507	
435.36437610559466	50.264599939591015	13.051969067671825	24.67722457038845	
434.56974871226083	50.19177303110334	13.046770996368299	24.64659750142897	
435.19720779356135	49.94009865034056	13.045111062069296	24.59428100836163	
434.15900382274924	50.4016702383226	13.007205878083136	24.81017150759134	
434.86617131124854	49.70612503572221	13.060725996947891	24.885100041835692	
435.50335150008567	50.78248975939931	13.035902371974398	24.890451887587574	
435.5994216400636	50.228336506258145	13.064572654390778	25.008858937368906	
434.14530415938873	50.385139856918414	13.022132128222268	25.158162530581137	
434.8680892421771	50.5767198248932	13.071729456465604	25.08699938241805	
435.22954748751977	49.76845394368415	13.089027373224383	25.04410469410678	
435.6069864785152	49.63633114831964	13.125778407632847	24.939077039501168	
434.2249325477262	49.7135945234105	13.135909447311402	24.833148344115912	
433.97707752430375	49.775907813746436	13.081146102146596	24.947499329805463	
434.5120971098832	49.59868608760985	13.066301189677539	25.084637598668003	
434.757802792731	49.890437407626585	13.134170398303649	24.98096286929622	
434.1537159599173	50.1983180280145	13.120374697857532	24.955487287356757	
434.7508156350783	50.36425341479961	13.244610897271524	24.96424635964415	
434.0740283608013	50.706242555858324	13.217772032777734	24.90155739036623	
435.0296821460524	49.525179793699394	13.162998347277702	24.7507069835165	
434.07343118152073	49.45568900362171	13.1376087930341	24.778913994458478	
434.5978971414677	50.54493115250074	13.141941252641617	24.728369159362156	
435.3010970685583	49.92251292018199	13.175969417030327	24.642745910063816	
434.3305041224093	49.99567954818549	13.147276158937629	24.577259813084847	
434.71177993712325	50.155481969959084	13.083784433131381	24.752211098516405	
435.3539595163718	49.45358988128242	13.03711298158163	24.792522933378574	
434.2318689036051	49.75012139017789	12.971593479652313	24.829429929682945	
434.59529541975274	50.14978101960745	12.956694683387587	24.86683083941436	
435.14884480102893	48.94952106882502	12.838065700326634	24.887919016430878	
434.1231957929962	50.823534678411804	12.874436090735902	24.69019907112206	
434.8109664825594	49.56055669748563	12.880166669960648	24.60495112405412	
434.2023589773414	50.0361848518587	12.84343275347101	24.472453124195468	
435.0322594834539	49.84527395087144	12.845570170124844	24.368576613649008	
435.42403918063053	49.165678365180995	12.786760936942525	24.420218308406355	
435.6671003091261	50.20476956936623	12.788683388918535	24.391324411312137	
434.03654500227236	50.13393120290132	12.876944824311844	24.3736080572125	
434.6402437453723	49.60341425683922	12.90299262486278	24.082744828860925	
