368	194	9	13	
366.70953500270844	193.6474661764076	10	13.536666227068388	
366.9400329589844	193.89610389608885	10	14.264366373643359	
367.0184424817562	193.71845981688625	10	14.339033152434723	
366.3594217598438	193.5362187396012	10	14.501419291789894	
366.3999718390405	193.47613070034174	10	14.455842989222447	
365.6614155136049	193.47151011667225	10	14.72102948145919	
364.8277543302748	193.78414415684205	10.202899306243054	14.521613699856182	
364.31193967555333	193.81154775174	10.126997783395236	14.683922851055101	
363.71989047154784	193.3965975600811	10	14.946784579091837	
363.40721195563674	194.049540181876	10	15.272453581450801	
363.00703540071845	193.86322465273642	10	15.500690391005977	
362.53600146993995	193.23763059870726	10	15.628169535670168	
361.89983954653144	193.74898872157863	10	15.474692381800587	
362.09249940142035	194.29355038929083	10	15.525164435742322	
361.8081868253648	193.9900754058281	10	15.400103501693534	
361.19002408356897	193.58020548256204	10.066000204355884	15.371626099309047	
361.1636358425021	194.17144745249442	10	15.457581929189136	
360.5368168875575	193.89143197671666	10	15.630208468713473	
359.38103740662336	192.8285271026992	10	16.31399791969791	
359.3215928673744	193.8419980938546	10	16.48903748188171	
359.4627723991871	193.62696209419204	10	16.629046874872166	
358.97533878684044	193.18844531268698	10	16.827577937825076	
358.03401163220406	192.6911039741558	10	16.85193615819574	
357.64333215355873	193.58019786171388	10	16.539191994224552	
356.86675505221916	193.7750435351929	10.08908519385194	16.124734161128398	
357.1367475837469	194.0345562894713	10	16.16047906263248	
356.07576477772324	193.2644433211996	10.36752721177881	15.91899914285267	
355.8196765058053	193.43710081732718	10.38999592804657	15.824309135100304	
355.0801900394634	193.53750924467238	10.313802497014299	15.849074537323066	
354.852956799468	193.77054587375508	10.327266965705867	15.961529742998131	
354.6213945048675	193.98377026892592	10.445026060417312	15.937390519392704	
354.47692253375885	193.92155412103645	10.475429372293986	15.738916499844922	
354.55724526416986	194.1084826167924	10.223391483789118	15.73954142476068	
354.24310165460065	194.38118443086088	10.049746606446181	15.710428163273331	
353.6815584152937	194.5486935811226	10	15.773396125786636	
352.831226631999	194.3336316383751	10	15.765438150739326	
352.12306474149227	193.89906608165467	10	15.867824829346649	
351.6563970595598	194.23810052586884	10	15.737531269077646	
351.05431993305683	194.11351506303177	10	15.831985270918878	
351.0302375946194	193.31347642492213	10	15.756146233013101	
351.3040235731751	194.39599643811502	10	15.614793807716797	
350.81789577938616	194.12682934502695	10	15.846136506151469	
350.069295713678	193.67967161030043	10	16.028276844760427	
349.099669823423	194.21623413828732	10	16.423507563666078	
348.90914704836905	194.13371871998044	10	16.52590769474446	
348.57191591896117	194.36250583026037	10	16.2954586122289	
348.4323463831097	194.074222685275	10	16.47039384493721	
348.08047089912	194.1128079418813	10	16.560131461774365	
347.50484130717814	194.326724513265	10	16.585029630328215	
346.72913819089683	193.8982923698005	10.175216166225063	16.143076759511896	
346.23036346770823	194.1658638791381	10	16.072040479404006	
345.7937472257763	193.78633010169514	10	16.237484932578624	
345.6813699323684	194.2807701591435	10	16.427807135873493	
344.77740022726357	194.8419194527088	10	16.381664568907347	
344.0467390138656	193.9386548041161	10	16.70733375199513	
344.1396198216826	193.96778563424832	10	17.079135458620694	
343.43051307834685	193.8939282137748	10	17.05769236239862	
343.23288584686816	193.58949181620477	10	17.34483096755148	
342.39590896107256	193.26107444011774	10	17.7662659072656	
342.70078266598284	194.31804010698335	10	17.61904907491534	
341.6546334521915	194.03685653771373	10.0892571601877	17.617819070758202	
340.7192001192255	194.04384887601503	10.260059643838165	17.21480825894934	
340.30214326988556	193.72596202995788	10.257968456081617	17.04277849904875	
340.1820073662073	194.14987729724908	10.29422550020202	16.85640925816368	
339.5241615675985	194.6630291284183	10.251517825454552	16.780263655422303	
339.3177652495709	193.9119350803496	10.049327618110732	17.16263234886496	
338.6751100514084	194.57689017068978	10.211898341774884	16.818841498113947	
338.67270352894906	195.43200546736932	10.353046729816084	16.506362236084186	
338.167547970918	194.45484675765437	10.137736980056413	16.89556682630578	
337.33960901290754	195.26223170638352	10.418579252499772	16.44932715460124	
337.02166367240636	194.52476124909117	10.24884151457971	16.62613052360027	
336.3403070456297	195.33558691707034	10.336006548452227	16.335900086079434	
335.5051065164931	194.0867238790689	10.240606057767703	16.59960473683514	
335.898739727214	194.61885498362497	10	17.06244952807396	
335.7066689450294	194.4188090878074	10	17.43782280413413	
334.60495266504586	194.49882186123568	10	17.617014204833154	
333.7358107312618	194.6751183902818	10.032994265288457	17.749744754662515	
333.27480283790464	194.08585353558038	10.058433587826578	17.6815905088728	
333.32032390125096	194.65308950433177	10	17.69289150532994	
332.85038152782545	195.0937232992427	10.044692481340473	17.568926915004553	
332.00720361329945	194.46917971676277	10.146326506727306	17.57372384730607	
331.4147156744328	194.9015630260956	10.04625592621635	17.642495605925376	
330.99982394464314	194.24555976981907	10	17.55163372839514	
330.17773844487965	194.86126188401167	10	17.25552543945543	
329.28206701762974	194.05055700999011	10	17.4814263021149	
329.4051421601325	194.0981964245371	10	17.361310785649806	
328.6552665550262	194.32011774784308	10	17.609328218803192	
327.84635207243264	194.44846914459475	10	17.581816817959982	
327.73452129401267	194.77318289859653	10	17.484880438401092	
327.28887342847884	194.14393006705563	10	17.418676447628517	
327.3068059105426	194.7073241829638	10	17.525714972289585	
326.59951925463974	194.99044522355723	10	17.382356520901595	
325.77488690800965	194.35538271350092	10	17.508856996870517	
325.0218455554832	194.728704453771	10.148761561902566	17.40543692121471	
324.43825604073544	195.03946864634656	10.313831540647412	17.307414521800418	
323.4048772043345	194.5385952208524	10.551162090379442	17.416323729165427	
323.6607189681381	193.85248476879065	10	18.295803376336593	
323.04421551154036	193.73077163509635	10.199154574404565	17.9508711222637	
321.8555510411363	194.89871922250126	10.661513951728434	17.657196063115542	
321.0932997892091	194.75692301113287	10.621373072556871	17.588734128323583	
320.8466838423194	194.43037732921982	10.42161961048214	17.459652573830006	
320.1147792456194	193.93101706804066	10.2266285595508	17.359532382687327	
320.35331295989454	194.03292985187474	10	17.58746477176243	
319.8716972079128	194.40977724939285	10	17.56830817424362	
318.6803482975811	194.66165830165878	10	17.903310737222718	
318.22170772217214	193.78461663982688	10	18.273470530307897	
318.16083330474794	194.97792220564463	10	18.326877575704856	
317.29144179342717	193.91592735576717	10.111607453107261	18.886541704399654	
316.97199201013717	194.24886703251883	10.18509604804574	18.840410406831218	
315.8052846822009	194.49846628809163	10.236350421783133	18.98580018733065	
315.7058102246374	194.85908873954992	10	19.241000005636003	
315.08944616478766	194.13412697882785	10.17359244426913	18.78939326127202	
313.76006744574886	194.45644230292433	10.460662946921925	18.67076168229293	
313.8093844015316	194.51242217140557	10.099032331970136	18.79060530293164	
313.10840690485713	194.28736980992505	10.033311162599325	18.99858183251422	
312.04110396650515	194.4676648819106	10.178075816540307	18.94804509668907	
311.5933327895887	194.99712430455253	10.304582354180472	18.996884296601685	
311.31962138249315	194.68697521652143	10.414456352167543	18.824430921989467	
310.56092694490883	194.75284653573328	10.345165053462296	18.899945181849745	
309.5628407313404	195.1499200854802	10.384202041680172	18.669240670208342	
309.4248221523459	195.35619329551423	10.609656027079604	18.548060886893406	
306.1943006411357	196.07022430279082	10.354718519714746	18.32441800838759	
306.20617984138556	196.00401630391463	10.487914273587336	17.628879952261148	
305.2280802491736	196.38436267041044	10.130138362262265	17.35162016785888	
305.637748349458	195.7135784358204	10	17.59162351443456	
304.59596617545117	195.54424775186018	10.340403384955128	17.405487144756616	
304.5251773633063	195.72969932872113	10	17.891458158953867	
303.58474362269044	194.90565142215073	10	17.628596039622447	
302.78451834483235	195.45013679977535	10.064026872549693	17.24821638792693	
303.17274421826005	195.45881615901874	10	17.193419641879494	
301.57545084133744	195.14021122009012	10	16.83048420361274	
294.2618162199525	194.7158985127555	11.180894349581397	16.071327492808962	
303.4681241041276	197.51046548988487	11.308857423394384	16.41944319904218	
307.2788788729403	206.96691743647358	11.750671860378294	16.116044005571794	
312.696458443143	205.3739532145688	12.150540033205242	15.966332972605247	
305.59059557285747	208.91442969371923	12.4267293891938	16.11947797191542	
295.97953707023686	214.48731002873657	13.527998692408634	15.382847398316299	
292.88115848096845	209.6682172290095	12.8507109757734	16.272657105131252	
298.6231843246715	206.46402816788463	12.633891229590356	16.323220438562664	
294.21612836116805	195.7647573568993	12.078640325481643	17.79767262877059	
293.1334037579985	195.89972559598945	11.606947350424242	18.62426825698985	
292.432028648302	194.63450094637875	11.529057873696086	19.12459909078769	
292.8990259711387	194.5227539284125	10.897719759356528	19.78902596682905	
292.6903593118088	195.00012722614818	10.693388255914728	19.845218850231923	
290.9280475546443	193.5629467274531	10.583091173167322	19.752227218914207	
290.4077171622654	192.18254506152988	10.39851470759713	19.84009911803664	
290.0722825868234	193.03333648892973	10.315765737333935	19.83147032665245	
289.2149031790295	194.2745999195651	10.14267438755467	20.25866412463767	
288.4560230113566	193.85481996286134	10	20.51377707139711	
287.56554064527154	193.9334572217858	10	21.03679998787819	
286.2527997200927	194.65106608613297	10.161151892395617	20.802310914045307	
285.74266055186246	195.70100175147397	10.369188793805172	20.63478187424159	
284.045416500344	195.39916542557668	10.329062476904888	20.280684297650204	
283.9672555194005	195.7075682864299	10.170059625664422	20.465336815499157	
282.5984088464977	196.0976722111588	10.071348171054932	20.569253483482157	
281.431672101008	196.676590981029	10.350873736466696	20.754224905610045	
281.31635515335114	195.53871511621412	10.040822633745098	21.386553435586155	
279.4819033034146	195.9201943262383	10	21.215932087433444	
279.06861473688093	196.2027161296854	10.254001981146969	20.82427979289998	
278.19925054898124	195.91004080055782	10.776353337064204	20.45345095152897	
277.53484546788496	196.0404613481419	11.39964298858316	19.971655214661055	
275.9466281355136	195.95601674182205	12.125349475301572	19.983849508429785	
274.72466355860865	197.26712015430243	12.31079593448565	20.14402636381264	
273.85089018681197	197.18789550287718	12.107963544854554	21.289168274065958	
273.77014736880255	197.10821781581987	11.920560783656605	21.6337824837347	
272.5634889870264	196.67874198324233	12.28169725698675	21.622646108061062	
271.672896076035	197.02115910206481	12.232828676618121	21.993441123803567	
270.9712326978506	194.9919453268494	12.102214760112453	22.28456258483316	
269.36540675114355	195.4451127386824	12.233376779640523	22.73089533128124	
269.24753334417846	195.6177868404998	12.230734056832251	22.929269816798236	
267.28531858325243	195.30139837472228	11.829524330790015	23.209407222224485	
266.52398111064264	195.36750535918281	11.885516126671874	23.202754490638682	
265.72874386244075	196.32941365154045	11.970602840025148	23.29267010082388	
264.98085064101946	195.87209496888389	11.902754887268351	23.551539846527174	
263.8549878503636	195.25489841204237	11.993674051114825	23.628004135785467	
262.80185499003846	195.648491789006	11.868983217352278	23.7556304831499	
261.19359123032615	194.60925245797213	12.006913906408885	23.902632671409332	
260.13534450498986	194.14328231646004	12.067546599253618	24.101276977317884	
258.55818391429295	194.57572880730837	12.345941524467708	24.1000074358869	
258.1221114002782	194.29567066937727	12.160862398024829	24.588172322436307	
257.7806595587811	193.88566987331146	11.855600523634553	25.347139562980665	
256.69640395300024	194.2413051041026	11.942324864239772	25.39364047419349	
255.52929285724633	194.5573032472079	11.834308486487997	25.70830142837368	
254.64656574319176	193.0620266174316	11.765883124562674	26.309991601225796	
252.917123233739	194.61276526644104	11.840362053685446	26.377958864211543	
252.22177519736002	193.86916826722063	12.080930834764068	26.183697608097642	
251.1793665071776	194.70050151353843	12.390916085650428	26.092955921103204	
249.7008615518905	194.45769748784562	12.77363762799948	26.061656697765777	
248.5166117386535	195.7441205391346	12.88592859625515	25.824420746478715	
247.29243528988766	194.48386953140832	13.038463641766548	25.42654798509108	
246.28587982495424	193.9872354515261	12.891482933068344	25.211088904293085	
241.3779454897592	195.46837769954118	13.494578280399306	25.420846301268263	
239.9253438127528	196.2988628861567	13.708088805280065	25.743014131658125	
238.37280081853362	195.7014884717072	14.026933023927747	25.76555429375572	
236.95543245401117	195.40901182703593	14.171901200192494	25.94848948307497	
234.95375663088197	196.07615748571942	14.658446005554312	25.848229246907664	
230.29462557022057	196.30999819146817	14.980133725021634	26.308771802962312	
228.77437188132583	195.83786356106341	15.171066775342265	26.49403062962113	
227.67796974088975	195.92535165998356	14.913896757737227	27.304681188925763	
222.97637414175864	196.2617821679589	15.241643734502865	27.561569423387077	
221.1017602863296	195.44844061387005	15.762877957049144	27.622431599176508	
220.65681029785034	194.8224329616951	15.069175505571435	28.24376854783253	
217.19904970580947	195.81932794174176	15.112199131059416	28.411745832078203	
216.30889457618855	195.2617757749018	15.175066758579746	28.51924818936351	
211.38433203983328	195.31605031353777	15.527703260123275	28.83907328334859	
209.86883022611116	196.85525945139437	15.846111424768468	28.4714539864409	
209.263143732959	196.44819379393172	15.956105493378693	28.519426362958324	
204.7324345986379	196.86040306401662	16.074702259335382	28.73639514235335	
203.41050285376355	196.47713319803884	16.023665713225906	29.262331174028688	
