80	167	84	132	
75.90320213781916	177.02309139887493	90.9736285081084	122.75703890482585	
84.30908483831566	179.3778275981192	93.11323334637322	118.68096015162384	
94.55890219147102	181.27049287954372	92.48299675712792	116.26315313976201	
100.578974235555	181.99973160722635	90.79865997334231	114.32086484235958	
110.13411247769466	183.11405533575834	89.14119568388718	112.95561987114306	
115.5923323587739	182.55307815043906	87.65452639139423	110.48930429282228	
125.16691360025457	182.08492871128007	85.3681168228616	110.51445289447935	
131.0644159075188	183.50178622381566	82.60910673805729	109.01907266822104	
138.82268106602044	183.70666220887665	80.75962678268732	107.88049131424896	
142.8465243235894	185.40640583071638	78.12951419638242	106.23143286638398	
150.7629101642084	184.56826631473837	76.77363689380653	105.14354578162556	
158.17101584243972	184.39909655256196	75.10278839134776	103.55350314769896	
163.33360537297523	185.0976119738082	72.30111930952475	101.38843647613925	
170.47853896704885	184.42706489658855	69.87272329752498	100.92041438626242	
174.61828305537352	183.78048979005115	67.15304099093179	101.99510395008528	
180.87655506198786	183.07133711133994	64.81081719865038	101.98165066531107	
184.5716594223091	184.61145418752545	63.3200387529713	100.39899263045561	
190.8803030938596	181.79663674465013	61.87920595393771	100.1778002991042	
193.66908614342276	182.0663888050023	60.332099735640234	99.2878552590006	
199.36440499244702	182.79085558779752	59.29030561211562	97.34904971465038	
203.3909199035484	183.5936652168599	57.56006069057816	95.07219793499164	
206.68565116382712	183.70595376356428	56.338756033637644	92.71788298757902	
210.8922950567705	183.87818111903164	55.49089841208801	91.04977267132813	
214.56917189197637	184.9892185151268	54.08167332138822	89.6144633949421	
219.09931952497146	185.34241093490306	52.716410175149	88.2226783674204	
221.88776403112732	185.35356655152202	51.49766592296915	86.8340813332486	
224.7454886682442	184.84036012595368	50.880330185570045	84.61928133953666	
227.26166678215387	186.03985225409565	49.7034467608666	82.7850016206444	
230.86789903333178	186.4184817935167	48.69710704107304	80.71812740660943	
235.3944948782191	187.23124722789976	47.96074026432332	78.83611924149089	
237.8941081984309	185.48723861312445	46.9838424775069	77.82974550653346	
241.47609988573367	186.97785342008726	46.36475904339203	76.45568587837904	
242.16729321550795	187.04199656930285	45.410930405627326	74.46785875982606	
245.284695615585	188.15067155741718	44.74555977142781	73.26360666586824	
245.93309073069574	186.16382710393708	44.419579120101915	72.22335428483404	
249.7431481788928	187.94266681590284	43.88485526832447	71.05065100950785	
252.00303447702407	188.28123761821175	43.12069003862382	70.06717568420602	
253.58002949334679	187.29551426439266	42.5386213545502	69.25712705912626	
255.67528255082436	188.56786351317484	41.964856420014954	67.63719849955402	
256.8135703990281	189.04509867566773	41.44031717590087	66.35997692072492	
259.0564530830711	189.2701934615615	40.64634787219171	65.21071612043322	
261.15415906988807	189.0278004569282	40.52880722118959	63.630117741729876	
262.92597607958976	189.61575803384667	39.584667182193925	63.23132198600996	
264.3239859938178	189.19184365616226	38.87367719420713	62.24485475329591	
266.13384517403597	189.36683808403907	38.224981439666905	61.37971928442124	
267.4930812056169	189.4306960641912	37.56256992910214	60.97202421435288	
269.0084600982025	188.95364604517513	37.10236187041711	59.974774517125	
270.57100240109435	189.84819044310774	36.457735285797305	59.2824608954007	
271.55193069079775	190.02380915676875	36.13290811579907	58.368672029270286	
273.0345209389644	188.80073644847218	36.146478563603274	57.17543699084634	
273.1896050077785	189.50302193992542	35.85668321346567	56.91543266309884	
273.61204122841673	190.49131703223279	36.68786048150928	54.928443659372824	
273.8258617861869	190.57055086607318	36.963107854738354	53.75580117269941	
274.9504864346044	191.34273281501754	37.33603329774111	52.84785984933082	
273.9004077315031	191.10828111722088	38.09299669607018	51.80519958620984	
277.64115409170245	190.85320979425393	37.34130181578986	50.80184094563707	
278.2316752374758	190.90083936639144	36.07828503276611	50.71835014149519	
279.1846785842349	191.40012415028417	35.77875941453479	49.699886458082915	
281.06583001133447	192.18498484845844	35.13592691823051	48.90608539321248	
282.0559013756689	191.78650925826898	34.33932358012562	48.59253075427072	
283.4633998566765	190.9334946184672	33.58373480597662	48.334667812423476	
284.8606974504838	190.72295624218208	32.662352432693126	47.866842556460284	
286.43944465504285	190.18926705967277	32.001635558059945	47.53424705215511	
288.2038937823902	190.16336214944246	31.231876364339282	47.65453893632647	
289.2603821448815	190.72562413735392	30.501144703138465	47.583990900254236	
289.41074900212374	190.0052320869105	30.170625431935267	47.12281009826322	
290.31338160968227	190.68936933764692	29.558533506117172	46.35194031518944	
291.8360437985346	190.66768007319757	28.854122424158398	45.608901538618596	
292.11378848910573	191.75725209294376	28.660721544469517	44.727029704479044	
293.75546046722127	191.478661372319	28.0327411479614	43.77072130331368	
294.73415878180987	192.58952162085976	27.669244364861143	43.069291061778735	
295.53759196157563	191.87033930505638	26.871540443245443	43.07205684313529	
296.5414414878224	192.57146496216671	26.384586429738032	42.87132549504007	
298.1410595030696	191.77922275432334	25.607803564298067	42.39485390944509	
299.3158946456977	192.06416094883693	25.211341487125843	41.86627310098387	
300.44771825938454	192.4668517832926	24.63444836722754	41.46049202730831	
301.5703631730511	191.34741752747658	24.00573151600678	41.28957884452811	
301.81801870421566	191.98418367179463	23.704826411734025	41.27027037943941	
302.23283604284666	191.5046184666796	23.782096610704208	40.526502883366064	
302.37135469097154	192.34190061548003	23.704771263087622	39.73046241236431	
303.08246404956543	192.096247835495	23.820231622094596	39.158332894667105	
304.11633218735693	192.5632949407187	23.768137274230753	38.21884243730968	
304.0007584124003	192.77255181112346	23.311342617284538	37.764311632494994	
305.49926415247296	192.82222328873658	23.473156534630558	37.46473927091192	
305.5802383184064	192.65783580776417	23.180148675366617	37.1418176700897	
305.94276700237157	192.3952234304378	23.231389055525067	36.893974294726135	
306.9866933258518	193.0390105771462	23.20645531000814	36.57708768870636	
306.98401030983086	192.98426764494772	22.901157641946213	36.063488471526014	
308.0014745086612	192.410179917101	22.60138911824791	35.67699011721422	
308.70920108782605	192.40683734018018	22.930261836154173	35.086218696615894	
308.9199133313497	192.94406165261182	22.520810997438986	35.18798989272888	
310.14572914596056	191.9321843052267	22.286503148277063	34.92771343477385	
310.44808583400726	192.29658883181068	22.011782543332288	35.01573769888575	
311.80156259902253	192.54880502436603	22.06799234147246	34.60806766546674	
312.24162149132	191.9194981043019	22.13553041348694	34.08341269627647	
312.18851563317276	192.96656347088054	22.211507653230058	34.18033082366911	
313.351229630926	192.22725935502075	22.154125559975718	33.7719638862069	
313.11083381684404	192.0184311488598	21.78815923974107	34.01781719663157	
313.6768063830173	192.1491011200843	21.726346601367304	34.059315073043535	
313.771072817199	192.50681083142294	21.5439056364334	33.93982801483007	
314.5339988462307	192.86954445655124	21.484441207878895	33.09149223412125	
315.20127420850673	192.7696268886621	21.52639514297956	32.70464904376963	
316.0843435403552	192.23630452402054	21.196875641842198	32.98317839085819	
316.5662051131162	192.90666718117757	20.924832093221134	32.67463910788568	
317.1231588732843	192.46449075044	20.514099223554012	32.81724286152314	
317.3640695001552	192.38672469396846	20.27637280354383	32.81903124547092	
317.80170101276207	192.51485725624454	19.98992803041679	32.901009426601895	
317.8835963634358	191.91752745086177	19.722425239709576	32.7975314917818	
319.45524549655835	191.9287955079994	19.52937712223768	32.27471416279248	
319.7367809250186	192.26026478499313	19.135893326126233	32.04694774940333	
319.7599800438037	192.3756474404151	18.852568354108655	31.559115980095754	
320.0063061921826	192.01062934928896	18.702028091910037	31.281066315447028	
320.45116472137437	192.45931458133023	18.53555194548707	31.374295185604485	
320.7974503365672	192.92316801344148	18.62286684161968	30.986600084954645	
321.2619389152655	193.2061002850655	18.710444278262997	30.73341557753615	
321.33199908110583	192.66990755763655	18.61891411493918	30.233355878203987	
321.546693971672	192.61402194602053	18.494984757037948	30.27480933387559	
321.9327114758908	192.57926381559068	18.284899836147744	30.25350070757879	
323.9156881978178	192.05741168948194	18.02517011856628	29.77606319229443	
323.33346489749476	192.86690056027376	17.819346705403184	29.344017776073954	
323.32818186142185	193.16336106614094	17.840716728499498	29.290536442531746	
323.2871668775612	193.5972425071822	17.820724376188597	29.128299733563995	
324.5529035761165	192.91074301393368	17.91371763671674	28.625830942808815	
324.648278778056	193.43066631715186	17.604801970794156	28.673969017501918	
325.01426652160495	193.75087498375086	17.42094084307505	28.486705622358937	
326.7252155095127	193.85927960824887	17.26760017736401	28.116461813660077	
326.18684692720194	193.8785028539878	16.90545427580807	28.03955089146254	
327.5840227519092	193.78972480224513	16.90584711797073	27.737307307085555	
327.44218934115105	193.32234230200305	16.597198802100728	27.489165679914663	
327.6976837281636	193.2780679494788	16.413696930550906	27.26728421585763	
327.81550407707914	193.46041427104996	16.138770051389233	27.295923368646157	
328.39846100345454	192.7178361288779	16.25896230825749	27.30562627622028	
327.9014608810642	193.08947195585878	15.858275615706015	27.407753227128353	
329.1968925779327	193.05798771055322	15.731271064818802	27.05639737453499	
329.18065401292824	192.85626443803469	15.607156853928249	26.76740984707754	
329.5403157902091	192.80633217327346	15.673631312576902	26.843931292219963	
330.5617465317295	192.50721233226596	15.849041085029212	26.509977098922178	
329.95893888114955	192.62382120787592	15.845542788319188	26.611512205387307	
329.82923742691594	192.8396757692459	15.607342101529653	26.585775205793425	
331.291305897948	192.57007398348466	15.881959946910557	26.313525136854935	
330.7845423882566	192.86919124551827	15.755104318778955	26.317112631411057	
330.69805024445094	192.45608195729898	15.441104442867676	26.49779186449257	
332.26149711993855	192.48306089773274	15.986600676023304	25.976542151654826	
331.59479662139915	192.54292196051088	16.060385059713987	25.7880797029126	
331.020369751097	193.5615024121539	15.86408654144531	25.58580666183206	
330.72261666935196	193.34705898260447	15.866125409765564	25.666135124829946	
331.8673810523619	192.92476551311077	16.63400473815185	25.102936171330782	
333.14872155540553	193.6065569336846	16.881163695977577	24.49016752963073	
332.36346624613964	192.708867291772	16.690443011294292	24.71177116438519	
332.5546818861666	193.11824553521294	16.202204605671994	24.491350003221285	
332.8078192734309	193.9266165380211	16.10968608247854	24.11518676824242	
332.89787830479025	194.08447482671372	16.301619497192057	23.636528600905717	
332.67627539452104	193.56485061040567	16.30486784802874	23.526736453725945	
334.89628678899203	193.22260555430734	16.24750306384748	23.488099975670714	
334.57286350337574	193.33559077379	16.375436187223123	23.640407374935506	
334.62274848593313	193.02866560096206	16.18740774704313	23.52176271069226	
334.4043389310032	192.97865733070515	16.054471779540897	23.817661377895046	
334.9706254446537	193.9921098613369	15.946745782879578	23.356014461963873	
335.2049945289537	193.3675984250326	15.491027369762227	23.584091308724076	
335.3891389095603	193.5749403478194	15.77940619869042	22.663046932297213	
335.8322970055445	194.37901959880196	15.711737033737627	22.0742470652808	
336.34038139193063	194.32669321632326	15.415589926061683	21.63218284215153	
336.08675338645384	193.6899495434547	15.16797367453742	21.973404846606766	
337.1867379988193	194.53960951715615	15.422384008369677	21.735647890346137	
336.8058845227022	194.12077039359497	15.342704642397148	22.06600609104362	
338.25697577940576	193.56417453519808	15.2030007190016	22.139097233343996	
337.3999600806919	193.18359486252152	15.034355157391445	22.1938862249984	
337.57605427960965	193.31620256109358	14.864745233839287	22.566353981006724	
337.4463325303068	193.09709678245983	14.717458140194129	22.64309406410356	
337.229086122421	194.49010446078086	14.492518306353322	22.06957260394584	
338.7020684549133	193.8503155116409	14.345415621806936	21.713073336622145	
338.5420761356437	194.89627315474127	14.16893097128177	21.08605461013666	
338.4719085953965	194.54834365265646	13.87058334661215	21.044477796587778	
338.54922235231675	194.1700618594367	13.754477867655186	20.94540824341704	
338.94733577400666	193.89327373194112	13.707031394033933	20.871181411173673	
338.9094041703554	195.09346018098853	13.696223293653528	20.479284055147332	
339.3987709983162	194.63503359895995	13.683619000315	20.243597250713886	
339.689275650412	195.79007718146863	14.125184716913559	19.417202612513847	
339.67991842917723	195.6261102383138	14.20433225284145	19.246570020332683	
339.7003842188612	195.45846930254768	14.361058809960559	19.065721742500436	
340.17052985758374	195.3438022483827	14.123934136557496	19.401722982015936	
340.42778768267283	195.30339597047544	14.159169648908392	19.48986791589754	
340.2102871510915	195.16919628578984	14.396860636907101	19.44780695621298	
341.33414394349506	195.85721684800887	14.769027728369622	19.1048304355804	
341.35930235156775	195.23233572180774	14.570560989734027	19.128796226877366	
341.526540367338	195.13357667009572	14.277357941148555	19.46838133057126	
342.04829954272736	195.1163216122533	14.081034858047161	19.66696118822046	
341.7944540626333	195.12373562686994	13.899475229818206	19.92219277436077	
342.01215897927466	194.640501876071	13.922306203591909	19.662984693072925	
342.16238569504173	194.8334697451722	13.476320387543009	20.10671497335653	
342.20288298235363	194.71868563801317	13.518456685764786	19.87113047699842	
342.32909192988825	194.4540394735674	13.442997128121739	19.789756232842322	
342.35771508000533	194.52001494011247	13.262790565887062	19.812882325046484	
342.83089939091764	194.69018850845788	13.18105490819665	19.64592772261164	
342.40468266738804	194.80154724780746	13.276149235344661	19.51923062953547	
341.86049977530473	194.8532003357826	13.369750691508305	19.397491096927567	
341.684058767843	194.97955067993047	13.630225084988528	19.227367078384393	
341.5457882013822	195.1011192978298	13.797376637123842	19.15014571921272	
341.2853584074388	195.0577891675857	13.890832089545015	19.127047244997854	
340.954751594587	194.98124916325352	14.096111041700935	19.00448202742208	
340.6475790891712	194.77762451606134	14.194444874039032	18.781370778078582	
341.9562394679824	194.33205766289515	14.246503827567675	18.56182473873678	
341.63588377538855	193.964140470617	13.933867529802543	18.81539579664823	
341.5479606766538	193.95185896064348	13.649562710559804	18.893478650428197	
341.4401392311532	194.19061937028715	13.44530077348953	19.097098015543356	
340.99349227992406	194.19400480717817	13.750356615473333	18.786875871896257	
342.15161767935507	193.72145284454388	13.893523636588188	18.46107275275415	
341.21068522770287	193.45992071544165	13.930574120146133	18.45228637495319	
340.4816451803138	193.4003127506708	14.032847268169814	18.396129435718613	
341.03819656828443	193.11509926391378	14.17030346458726	18.363818326823726	
341.57314266624775	194.26567396921916	14.397060247847637	18.071503993498734	
342.1659639868927	194.57999031118237	14.597018054212487	17.62187934642421	
343.0439969841326	194.82653226126388	14.622992178903825	17.393455327852987	
343.78187162089785	194.4799635720602	14.8144438283393	16.848855289039225	
343.4209631689771	195.0879976036728	14.2916826090882	16.962341902823646	
343.3438837526251	194.0677600040524	13.976460109394695	17.06204790650781	
343.2291752486511	194.7038911195188	13.745108775324649	17.063956670333624	
343.6269628666142	194.60042614254104	13.579001861198643	16.905188495350426	
345.572390072558	195.19073307786255	13.320029401596827	16.890579997708528	
345.58147814004144	194.63486119471582	13.031501469287655	17.062417643701686	
346.5052807894028	194.74599364298004	13.31024180502538	16.630440897483783	
345.7814166829498	195.04717395358978	13.577488703272234	16.178583852066133	
347.0288450520619	194.69486995039628	13.335051436788714	16.39492154590543	
347.7789030475928	195.47049013342976	13.504129667223546	16.13709815676722	
346.82206509837215	194.8175315124995	13.494389785597434	16.097687782889793	
346.28057880746184	194.8440764061126	13.284660527017303	16.34559063353628	
347.44235029658597	195.6596912198417	13.487762017076552	16.081086212453215	
348.2872960757966	194.83830016976296	13.56032282262321	15.96486932255183	
348.8710827032934	195.0360497608673	13.71121098578146	15.83634157946631	
347.60388099091045	195.5205442577509	13.862632394937606	15.766695718671778	
348.15744763679703	195.7832278184509	13.92913744697544	15.703169852698165	
349.0067954566672	194.52087559256339	13.871620892012974	15.73521068257078	
346.9798945712993	196.2775478134191	13.782982343687376	15.829339614272442	
346.5849878485417	195.6961122719059	13.596773128470474	16.017784546976905	
347.60102617273697	195.0583159444828	13.560816217704982	16.081893365649048	
347.53188818025626	194.87333784390174	13.144523971560604	16.660799415820673	
347.03855988110803	194.52967604431439	12.949896261423577	16.841441572734652	
348.01210026594583	195.17677640243957	12.916247374606199	16.76937020142444	
349.0717707400801	194.3444036916351	12.88297314920753	16.709632490671012	
347.0485232938329	194.26022923506147	12.729934579177534	16.90835981999893	
348.9528602226984	193.9483049747813	12.487055189372587	17.085258113537055	
349.6550561118298	194.06804964116273	12.554735177963067	16.88481376818454	
348.5002172637553	193.75010146618817	12.627430766949637	16.69650865348064	
348.02009879881285	194.94411266347478	12.695519082904777	16.587909257335745	
349.3346748897598	194.36764970676137	12.551106919855425	16.670103173272658	
349.607603933212	193.78748410151368	12.58402346397446	16.61520236911196	
349.0027452303423	194.37322547505488	12.630320430947368	16.531508561505554	
348.45178122063027	194.91920364808465	12.669157053085973	16.381326702941458	
349.78478865694166	193.91166021905826	12.557560029050263	16.403764482625068	
348.7875139142712	194.3905755494953	12.624954377329134	16.286629083706238	
349.5730378221153	194.63036027390714	12.581232787875386	16.269948382336295	
350.3253994813178	194.65982596932227	12.525120490512174	16.202765648583583	
349.7640670500482	194.93141135993443	12.491798447953435	16.15942550076111	
350.7324916434692	194.66865286801246	12.29717216627051	16.023114622342362	
350.41032875144566	193.7245383202109	12.138283519508544	16.070762777698874	
352.07817492085036	194.46115254492972	11.873604869740241	16.08460298136791	
350.8046999623831	194.7016925084846	11.662241130821455	16.02347023142989	
351.0680426793545	194.611052182503	11.463952583465758	15.950019585900096	
351.2752075272443	194.25318508974294	11.437051558807815	15.937320222016089	
352.8942338548802	194.7616655881083	11.314768766664692	16.001589031231752	
354.3185940514882	193.27537070038304	11.229923619496667	15.998307005305888	
354.5344739203505	194.10488352788408	11.125941893332499	16.039343744445944	
354.79956984224003	193.31827146327652	10.962014839849964	16.14357564038469	
354.8817911034095	193.94141254641895	10.841377961427101	16.19946172418377	
354.2282017144966	193.6455648502366	10.736206919115917	16.161346902505766	
355.2773618700826	194.09045093984918	10.62006851464414	16.17309151843903	
355.87388881609894	194.1274883544042	10.60178616992896	16.090629542811392	
356.23396576300786	194.6962144808915	10.573369093470989	15.976545290820916	
355.42113746272	193.67821704009214	10.506576720390921	16.02462358363641	
356.6474782271179	192.85991540770883	10.371373609945419	16.12955305937868	
356.3047003033159	193.86525871111712	10.33371101653995	16.13666845260787	
356.7279407225912	194.42747254906774	10.340862747302312	16.100529083896568	
355.92276138624186	194.70009263628597	10.360125137995743	16.06382083752252	
356.1209305771147	193.74944919735486	10.394360011073825	16.033356464164086	
356.50192357176536	194.58463692367198	10.467271957162874	15.826062848230286	
356.1589617458224	195.23509325343218	10.369837273553825	15.641045936848311	
356.103062763176	194.3692690494787	10.36439182968975	15.565734954115012	
355.96027560492917	193.45291078858563	10.377556498480304	15.535103230280411	
355.9413435107478	194.08631014833017	10.415282830409206	15.472231074054239	
356.87485933538983	194.53283112367603	10.461020379542807	15.321997405737868	
356.32968960045287	193.60416430678822	10.468820052587494	15.259463523949561	
357.2712714732505	194.40311692377043	10.4581365802389	15.252215285758439	
356.82680745042643	193.58593173102892	10.454202842382657	15.228050071532872	
357.95998326360166	194.57024431694737	10.456687237455528	15.199727152465455	
358.99547216532136	193.20520935746393	10.545822768671938	15.07402052304673	
358.50841263431374	193.1869292540379	10.555444502882564	15.0554486835569	
359.8781718019718	193.05600319585406	10.598060700494845	14.990659478742295	
361.26635571126	192.83453310816495	10.636167226172027	14.93511751620205	
360.7301452585183	193.03204139857596	10.861695774782905	14.630574080626548	
361.7906260453995	193.13257296983613	10.915888886994606	14.51893037009062	
361.5071653298468	194.14891307460312	10.999016582595761	14.443246959072008	
361.47065400318644	194.02846442900466	10.978805322733415	14.406226656551354	
361.70393848424345	193.60011688910157	10.893367741415748	14.460037932513023	
362.96212805878935	192.106991483202	10.899400415596718	14.50310103068913	
362.6584303404417	192.29568142040102	10.884684829819523	14.529224306038968	
363.70425571375546	191.95776253248172	10.997344500367365	14.588747670714188	
363.522785030967	193.09553486794897	11.007675605696123	14.614200495430978	
363.14000093703	193.0242175110658	11.013616749369215	14.625044913954028	
363.2717465339743	192.98446413067825	11.034359155381848	14.630786441570073	
363.2716369392486	193.40815011585985	11.031587283874012	14.63648473030111	
365.48029279591816	192.52592376615453	11.037990208291218	14.637395731255948	
366.18510560218897	192.49829784619973	11.04799142775796	14.640541913409228	
366.5239011215925	192.1663453331427	11.060745676274024	14.636365357930767	
366.62973028017143	192.6675811814233	11.0830317900634	14.621804945339434	
366.79468403862444	192.3467752946687	11.093464857673903	14.613628517993309	
366.849225864107	191.98377329210146	11.097596317904829	14.609466266700073	
366.900652639985	192.28264988826862	11.102331526703528	14.605096923032896	
367.36796539499613	191.59896943615414	11.104659799716668	14.599726856879158	
367.4094120578143	191.6255154613009	11.107153778505541	14.600154968244155	
367.60272971825566	191.76736064502344	11.111706632109016	14.598241774079762	
367.5804440218946	191.47056175523727	11.113907064714668	14.594896234808283	
367.47442469409026	191.47088218444506	11.117350518950282	14.59215360718754	
367.5813290378208	191.62193592948887	11.120536817427206	14.588630488905102	
367.6120554759608	191.81403149092714	11.123002300724924	14.585541808769976	
367.7434374838245	191.57815146049091	11.124579579762976	14.583326121818708	
367.47221036094805	191.92541468786598	11.1323526841394	14.575648605533692	
367.51335899088394	191.93352692856223	11.136931809181487	14.572124342848502	
367.469495293092	191.91513487037332	11.138570390924128	14.570180184821284	
367.66288671553514	191.87054175333324	11.140604200719958	14.567628604653835	
367.73069671420086	191.74721888498078	11.14260322194326	14.56431731630768	
367.8443127955894	191.34438079881943	11.144688694463865	14.562148730596645	
367.2761316180518	191.36160832436883	11.145792494126749	14.560943143383827	
366.86766848599524	191.59720983733422	11.14877102102297	14.558766593597834	
366.64340483850896	191.6849849109812	11.152287862532988	14.55603862371401	
366.3813164251028	191.41229898113048	11.154875529379746	14.554314469392617	
366.5214993218557	191.08264831811988	11.15602852301959	14.553476651946907	
366.3593349275176	190.8340448330711	11.157114498347074	14.552689646166675	
366.5661622838166	190.5944213731106	11.158785904218197	14.551577548238685	
366.4068425090918	190.84203905855065	11.159483013157997	14.55119221684074	
366.6659329090603	190.5250976126725	11.159963652639831	14.550830308983057	
366.4531618188825	190.7489990442371	11.160464395846406	14.550424975932732	
366.4278719227717	190.69109905901576	11.161564114913975	14.549623896475397	
366.44674978544936	190.96190145919934	11.162585409387248	14.548819429131289	
366.655007261995	190.86441760741891	11.163767140894825	14.548022710275479	
366.90802079278916	190.74118062107266	11.16455783738988	14.547456485714761	
