8.000000 186.000000 169.000000 87.000000 
12.970588 187.988235 169.000000 87.000000 
25.894118 187.988235 169.000000 87.000000 
30.864706 187.988235 169.000000 87.000000 
42.794118 186.994118 169.000000 87.000000 
52.518505 185.917810 165.457108 85.176145 
60.099873 185.836110 161.988490 83.390524 
72.280177 186.710204 158.592586 81.642337 
75.809200 186.632640 155.267874 79.930799 
87.487687 187.470468 152.012861 78.255141 
90.869310 186.502498 148.826085 76.614612 
101.194000 187.305567 145.706117 75.008474 
104.435007 187.234937 142.651555 73.436008 
113.483211 187.165473 139.661028 71.896506 
122.341246 187.919087 136.733195 70.389278 
126.192120 187.851020 133.866740 68.913647 
134.689419 189.361603 131.060377 67.468951 
137.604361 189.298219 128.312846 66.054542 
145.743445 189.235696 125.622914 64.669784 
148.538647 189.174344 122.989373 63.314056 
155.616048 189.114468 120.411042 61.986749 
161.846815 190.474013 117.886762 60.687268 
165.164848 190.416015 115.415401 59.415029 
171.817762 190.358407 112.995849 58.169461 
174.996294 190.303429 110.627021 56.950005 
180.061760 190.900375 108.307852 55.756113 
185.657820 190.847551 106.037302 54.587250 
188.639883 190.796202 103.814351 53.442891 
194.010411 190.744621 101.638002 52.322522 
196.869891 191.293062 99.507278 51.225640 
202.016840 191.243731 97.421221 50.151753 
203.610551 191.769418 95.378897 49.100379 
208.096826 191.208634 95.378897 49.100379 
209.657365 190.601732 93.379388 48.071046 
214.479298 191.105609 91.421796 47.063291 
218.661104 191.061668 89.505242 46.076663 
220.654194 191.544641 87.628867 45.110719 
223.119772 191.501802 85.791829 44.165024 
224.524918 191.964736 83.993301 43.239155 
227.381800 192.417966 82.232478 42.332696 
229.696696 192.377380 80.508568 41.445239 
231.489601 192.811806 78.820798 40.576387 
234.174619 192.772419 77.168410 39.725750 
235.893296 192.733920 75.550663 38.892945 
238.020507 193.141593 73.966829 38.077599 
239.666410 193.105425 72.416200 37.279345 
242.219351 193.105425 72.416200 37.279345 
244.680373 193.496185 70.898077 36.497827 
246.676463 193.878752 69.411780 35.732691 
249.035405 194.253300 67.956641 34.983596 
250.547721 194.619995 66.532008 34.250205 
252.813733 194.586847 65.137241 33.532189 
253.198046 194.586847 65.137241 33.532189 
254.265124 194.938329 63.771713 32.829225 
255.014144 194.938329 63.771713 32.829225 
255.014144 194.938329 63.771713 32.829225 
255.388653 194.563819 63.771713 32.829225 
255.763163 194.189309 63.771713 32.829225 
255.388653 193.814799 63.771713 32.829225 
255.763163 193.814799 63.771713 32.829225 
256.137673 194.189309 63.771713 32.829225 
256.886693 193.814799 63.771713 32.829225 
256.193175 193.457781 65.158748 33.543261 
256.577489 193.457781 65.158748 33.543261 
257.346116 193.457781 65.158748 33.543261 
262.256557 193.040752 63.792769 32.840065 
267.819345 193.384979 62.455427 32.151610 
270.317136 193.721990 61.146120 31.477589 
273.122771 193.330367 59.864262 30.817697 
274.456146 193.653396 58.609276 30.171639 
276.795975 193.969653 57.380600 29.539125 
279.083708 194.279280 56.177681 28.919871 
280.998049 194.251043 54.999980 28.313599 
283.192202 194.871354 53.846969 27.720037 
284.709563 195.161913 52.718129 27.138918 
285.881759 195.446382 51.612953 26.569982 
287.030605 194.813122 50.530947 26.012973 
289.050463 194.787748 49.471623 25.467640 
291.321962 195.054698 48.434507 24.933741 
292.398276 195.031738 47.419133 24.411033 
293.730614 195.287613 46.425046 23.899284 
295.307435 195.810673 45.451798 23.398263 
295.574101 195.810673 45.451798 23.398263 
296.640768 195.544006 45.451798 23.398263 
297.917190 195.522598 44.498953 22.907745 
299.230916 195.522598 44.498953 22.907745 
299.960096 195.762715 43.566083 22.427510 
300.730684 196.019578 43.566083 22.427510 
301.444203 195.740936 42.652770 21.957343 
301.695184 195.238975 42.652770 21.957343 
302.448125 195.238975 42.652770 21.957343 
303.146188 195.469131 41.758604 21.497033 
303.391286 195.224033 41.758604 21.497033 
303.881483 195.469131 41.758604 21.497033 
305.544683 195.449363 40.883182 21.046372 
306.455571 195.669970 40.026113 20.605159 
308.286886 195.885951 39.187011 20.173195 
309.391759 196.097405 38.365501 19.750287 
309.391759 196.097405 38.365501 19.750287 
310.068230 196.097405 38.365501 19.750287 
310.068230 196.097405 38.365501 19.750287 
310.519210 196.097405 38.365501 19.750287 
311.823316 196.304426 37.561212 19.336245 
312.266453 196.082858 37.561212 19.336245 
313.374296 195.639721 37.561212 19.336245 
314.875853 195.842402 36.773784 18.930883 
315.692686 196.256520 36.002864 18.534019 
316.705359 196.450792 35.248105 18.145474 
317.282671 196.433149 34.509169 17.765075 
317.848315 196.619361 33.785723 17.392651 
318.442432 196.619361 33.785723 17.392651 
319.234589 196.619361 33.785723 17.392651 
319.432628 196.619361 33.785723 17.392651 
320.224785 196.619361 33.785723 17.392651 
320.620864 196.421322 33.785723 17.392651 
320.224785 196.223283 33.785723 17.392651 
320.818903 196.025243 33.785723 17.392651 
321.016942 195.827204 33.785723 17.392651 
321.413021 195.629165 33.785723 17.392651 
322.007138 195.827204 33.785723 17.392651 
322.205177 195.431126 33.785723 17.392651 
322.601256 195.629165 33.785723 17.392651 
323.393413 195.827204 33.785723 17.392651 
323.789491 195.431126 33.785723 17.392651 
323.591452 195.629165 33.785723 17.392651 
324.383609 195.827204 33.785723 17.392651 
324.581648 195.431126 33.785723 17.392651 
325.175766 195.629165 33.785723 17.392651 
325.769883 195.827204 33.785723 17.392651 
326.520101 195.415395 33.077444 17.028034 
327.857013 195.593882 32.384014 16.671060 
329.186656 195.768626 31.705120 16.321571 
329.915065 195.939708 31.040458 15.979408 
330.834546 196.107203 30.389731 15.644418 
331.351129 196.271187 29.752645 15.316450 
332.257111 196.233693 29.128915 14.995358 
332.562438 196.192834 28.518260 14.680998 
333.257443 196.148680 27.920408 14.373228 
333.946181 196.695418 27.335088 14.071909 
334.430745 196.644879 26.762039 13.776908 
335.305380 196.591249 26.201004 13.488091 
336.174135 197.128708 25.651730 13.205328 
336.641054 197.069086 25.113971 12.928494 
337.498414 196.808524 24.587485 12.657463 
337.360060 197.139237 24.072036 12.392113 
338.404538 197.269131 23.567394 12.132327 
338.651570 197.396301 23.073330 11.877987 
339.289502 197.322766 22.589624 11.628978 
338.536088 197.444660 22.116059 11.385190 
339.362025 197.563999 21.652421 11.146513 
340.183102 197.680836 21.198503 10.912839 
340.207264 197.597184 20.754100 10.684063 
341.018924 197.511134 20.319014 10.460084 
342.024063 197.422737 19.893050 10.240801 
342.430620 197.134002 19.476015 10.026114 
343.228884 198.031252 19.067722 9.815928 
343.428751 197.936102 18.667989 9.610148 
344.020505 198.036835 18.276636 9.408683 
344.410119 198.135456 17.893487 9.211440 
344.795717 197.637892 17.518371 9.018333 
344.781304 195.950069 17.151118 8.829274 
345.357159 196.240656 16.791565 8.644178 
345.929245 197.123420 16.439549 8.462963 
347.091759 198.400364 16.094912 8.285547 
348.646740 198.883291 15.757501 8.111850 
348.217791 199.166358 15.427163 7.941794 
348.379497 198.853525 15.103750 7.775303 
347.349579 197.746790 14.787117 7.612303 
347.306537 197.430503 14.477122 7.452720 
347.062207 197.904700 14.173626 7.296482 
347.408813 197.585103 13.876492 7.143520 
347.950343 197.858020 13.585588 6.993764 
348.488825 198.327407 13.300781 6.847148 
349.420400 198.003099 13.021946 6.703605 
350.547091 199.261601 12.748955 6.563072 
352.859156 199.726473 12.481688 6.425484 
354.178223 200.189903 12.220024 6.290781 
353.712195 200.453882 11.963845 6.158902 
354.431717 198.538047 11.713037 6.029788 
356.534884 198.205172 11.467486 5.903381 
356.259007 197.870973 11.227084 5.779623 
355.188453 198.129594 10.991721 5.658460 
355.699746 198.584984 10.761292 5.539837 
357.000781 198.841091 10.535694 5.423700 
360.279842 197.907746 10.314825 5.309999 
359.793844 198.359483 10.098586 5.198681 
359.701658 199.008093 9.886881 5.089696 
358.617056 199.259482 9.679614 4.982997 
361.491066 198.519557 9.476692 4.878534 
360.798243 198.570693 9.278024 4.776261 
363.570792 198.174615 9.278024 4.776261 
366.206086 198.394223 9.278024 4.776261 
366.358240 199.652130 9.083521 4.676132 
367.641688 198.512910 8.893095 4.578102 
367.932944 198.164819 8.706662 4.482128 
368.420285 198.805918 8.524136 4.388165 
368.311595 198.851914 8.345438 4.296172 
369.389267 198.896946 8.170485 4.206108 
369.474910 198.941034 7.999200 4.117931 
368.766600 198.390080 7.831506 4.031604 
368.056532 198.630379 7.667328 3.947086 
368.731018 198.077634 7.506591 3.864340 
369.205780 198.316179 7.349224 3.783328 
368.886736 198.553875 7.195156 3.704015 
369.160194 199.186818 7.044317 3.626365 
368.837954 199.224829 6.896641 3.550342 
370.098479 199.460083 6.752061 3.475913 
370.367293 199.694556 6.610512 3.403045 
369.842466 199.730227 6.471930 3.331704 
369.712265 199.567110 6.336254 3.261858 
369.382603 198.809144 6.203421 3.193477 
370.041745 199.238696 6.073374 3.126530 
369.907366 199.073429 5.946052 3.060985 
369.969692 198.907475 5.821400 2.996815 
370.822868 199.334965 5.699361 2.933991 
370.882609 199.365719 5.579881 2.872483 
371.337175 199.197789 5.462905 2.812265 
371.394437 199.227267 5.348381 2.753309 
371.450498 199.256127 5.236258 2.695589 
371.703424 199.284382 5.126486 2.639079 
371.757159 199.312045 5.019015 2.583753 
371.809768 199.141088 4.913797 2.529588 
371.663235 199.563682 4.810785 2.476558 
372.205035 199.536749 4.915420 2.530423 
372.355502 199.713152 5.022330 2.585460 
344.242060 203.010526 5.131566 2.641694 
338.578202 203.249980 5.023989 2.586314 
338.630863 203.277090 4.918666 2.532095 
338.886342 203.099710 4.815552 2.479012 
339.936818 203.325694 4.714600 2.427042 
340.184275 202.955056 4.615763 2.376162 
341.420893 203.376041 4.518999 2.326349 
341.072182 203.004348 4.424264 2.277580 
341.910714 203.226260 4.331514 2.229833 
342.352195 203.447672 4.240709 2.183087 
343.188802 202.876438 4.151807 2.137321 
343.628400 202.898841 4.064769 2.092514 
343.472967 202.722735 3.979556 2.048647 
344.306837 202.546170 3.896129 2.005700 
344.545716 202.369154 3.814451 1.963652 
344.783738 202.785815 3.734486 1.922487 
344.624843 202.607928 3.656197 1.882184 
345.455324 202.429617 3.579549 1.842726 
345.690884 202.845011 3.504507 1.804096 
346.123696 202.665882 3.431039 1.766275 
346.159660 202.486357 3.359112 1.729247 
346.590948 203.098600 3.288692 1.692995 
347.219538 202.918307 3.219748 1.657503 
347.253287 202.539603 3.152250 1.622756 
347.682407 202.754651 3.086166 1.588737 
348.308874 202.375226 3.021468 1.555430 
348.736623 202.589569 2.958127 1.522823 
349.757826 202.803570 2.896113 1.490898 
349.986222 202.225080 2.835399 1.459643 
350.610060 202.240380 2.775958 1.429044 
350.837197 202.255359 2.717764 1.399085 
351.459802 202.270024 2.660789 1.369755 
351.685731 202.284382 2.605008 1.341040 
351.911076 202.100399 2.550397 1.312926 
352.531927 201.916122 2.496931 1.285402 
352.756138 201.929596 2.444586 1.258456 
353.177841 201.942787 2.393338 1.232073 
353.599006 201.757662 2.343164 1.206244 
353.623567 202.364424 2.294043 1.180957 
353.845652 202.376802 2.245951 1.156199 
354.067233 201.992843 2.198867 1.131961 
354.288321 201.608630 2.152770 1.108231 
354.905004 202.016325 2.107640 1.084998 
355.323174 201.829658 2.063456 1.062252 
355.542842 202.434910 2.020198 1.039983 
356.356175 202.247772 1.977846 1.018181 
357.961220 202.060405 1.936383 0.996836 
357.981517 201.872815 1.895789 0.975939 
358.199428 202.873241 1.856046 0.955479 
357.822804 202.685217 1.817136 0.935449 
359.228126 202.695022 1.779042 0.915838 
360.831088 203.100700 1.741746 0.896639 
360.453266 202.317942 1.705233 0.877842 
362.451532 202.327143 1.669484 0.859439 
362.865110 202.138113 1.634486 0.841422 
363.063149 202.138113 1.634486 0.841422 
367.996355 202.525041 1.670036 0.859723 
370.035570 203.136805 1.670036 0.859723 
369.609566 202.923534 1.706359 0.878421 
369.401722 202.715691 1.706359 0.878421 
369.817409 202.300005 1.706359 0.878421 
371.272311 202.715691 1.706359 0.878421 
370.874510 202.724899 1.670587 0.860006 
371.095943 202.529992 1.635565 0.841977 
370.913087 203.338817 1.601277 0.824326 
370.533793 203.545497 1.567708 0.807045 
370.748265 203.553956 1.534843 0.790126 
369.972196 203.562238 1.502667 0.773562 
370.170235 203.562238 1.502667 0.773562 
370.384025 203.570347 1.471165 0.757345 
370.399446 203.578285 1.440324 0.741469 
370.018465 203.388018 1.410129 0.725925 
369.439128 202.801510 1.380568 0.710706 
368.859481 203.205038 1.351626 0.695807 
367.685414 203.014292 1.323290 0.681220 
367.105167 203.615550 1.295549 0.666939 
364.940315 203.424502 1.268389 0.652958 
362.775179 203.827424 1.241799 0.639269 
361.599960 204.428243 1.215766 0.625868 
360.226429 204.434803 1.190279 0.612747 
360.238906 204.441226 1.165326 0.599902 
358.666807 204.843592 1.140896 0.587325 
359.074844 205.047788 1.116979 0.575013 
358.492434 204.855776 1.093563 0.562958 
358.899975 204.465598 1.070637 0.551156 
360.297472 204.273336 1.048193 0.539602 
359.912381 203.882914 1.026218 0.528290 
360.110420 204.278992 1.026218 0.528290 
359.923138 204.086491 1.004705 0.517215 
359.923138 204.878647 1.004705 0.517215 
357.755238 204.686030 0.983642 0.506372 
357.369470 204.493298 0.963022 0.495757 
348.467799 205.092612 0.942833 0.485364 
348.081604 205.889857 0.923067 0.475189 
346.705005 205.894838 0.903716 0.465227 
346.516438 205.701675 0.884771 0.455474 
346.525712 205.706449 0.866223 0.445925 
345.346557 205.711123 0.848063 0.436577 
344.761328 205.517660 0.830285 0.427425 
343.581796 205.522140 0.812879 0.418464 
342.600120 205.328488 0.795838 0.409692 
341.222188 205.332782 0.779154 0.401103 
339.646041 205.336986 0.762820 0.392694 
339.852076 205.341102 0.746828 0.384462 
339.265787 204.949054 0.731172 0.376402 
338.679333 205.349078 0.715844 0.368511 
