179.000000 42.000000 16.000000 48.000000 
179.478431 42.478431 16.000000 48.000000 
179.956863 42.717647 16.000000 48.000000 
180.196078 42.717647 16.000000 48.000000 
180.674510 42.717647 16.000000 48.000000 
180.739725 42.195647 16.348000 49.044000 
181.229922 42.440745 16.348000 49.044000 
181.720118 42.685843 16.348000 49.044000 
181.965216 42.930941 16.348000 49.044000 
182.700510 43.176039 16.348000 49.044000 
183.190706 42.930941 16.348000 49.044000 
184.171098 43.176039 16.348000 49.044000 
185.886784 42.930941 16.348000 49.044000 
186.622078 43.911333 16.348000 49.044000 
187.602471 44.401529 16.348000 49.044000 
189.318157 44.401529 16.348000 49.044000 
192.504431 44.646627 16.348000 49.044000 
192.504431 45.136824 16.348000 49.044000 
193.165986 45.650899 16.005283 48.015849 
195.558143 45.890115 16.005283 48.015849 
196.682772 46.632629 15.669750 47.009251 
199.180354 47.358710 15.341252 46.023756 
200.258807 48.299951 15.019640 45.058921 
201.152925 48.299951 15.019640 45.058921 
203.388219 47.629363 15.019640 45.058921 
205.013116 47.139347 15.346317 46.038952 
206.452107 46.409262 15.680100 47.040300 
207.618774 46.409262 15.680100 47.040300 
209.781586 45.431032 16.021142 48.063426 
210.427950 45.934829 15.685277 47.055831 
211.904431 45.187803 16.026432 48.079296 
213.100510 45.187803 16.026432 48.079296 
214.361516 44.664941 16.375007 49.125020 
215.408928 44.130706 16.731163 50.193490 
217.736781 43.082891 17.095066 51.285198 
220.030898 43.082891 17.095066 51.285198 
220.285800 43.337793 17.095066 51.285198 
221.560310 43.847597 17.095066 51.285198 
223.344624 44.357401 17.095066 51.285198 
224.943029 44.054576 17.466884 52.400651 
227.994743 44.864621 17.100710 51.302131 
231.563370 45.374425 17.100710 51.302131 
236.890821 45.374425 17.100710 51.302131 
237.834776 46.167072 16.742214 50.226641 
238.512227 46.442563 16.391232 49.173697 
240.718109 45.707269 16.391232 49.173697 
241.625215 45.732508 16.047609 48.142827 
242.342862 45.732508 16.047609 48.142827 
244.256588 45.732508 16.047609 48.142827 
246.170313 45.732508 16.047609 48.142827 
247.366392 46.210940 16.047609 48.142827 
248.084039 46.689371 16.047609 48.142827 
249.344815 45.926602 16.396644 49.189933 
253.266384 46.171700 16.396644 49.189933 
256.207560 45.926602 16.396644 49.189933 
257.678148 46.171700 16.396644 49.189933 
260.619325 46.661896 16.396644 49.189933 
263.382188 46.126956 16.753271 50.259814 
264.956859 45.078419 17.117655 51.352965 
265.535410 44.010152 17.489964 52.469892 
266.056979 44.010152 17.489964 52.469892 
266.839332 44.010152 17.489964 52.469892 
267.360900 44.270936 17.489964 52.469892 
268.404038 44.792505 17.489964 52.469892 
269.778540 44.743463 17.870371 53.611112 
272.517533 44.427109 18.259051 54.777154 
275.044456 44.649055 18.656186 55.968557 
279.416480 48.020027 18.265080 54.795240 
282.488435 47.151580 18.662346 55.987037 
284.791364 45.985858 19.068252 57.204755 
285.644306 44.564289 19.068252 57.204755 
287.265746 45.163905 18.668508 56.005523 
288.575154 44.915657 18.277144 54.831431 
289.856929 44.672749 17.893984 53.681953 
293.777826 44.168773 17.518857 52.556572 
295.275183 44.456922 17.151595 51.454784 
297.509867 44.739404 16.792031 50.376093 
299.191762 45.518423 16.440005 49.320016 
301.887840 45.763521 16.440005 49.320016 
303.113331 46.743914 16.440005 49.320016 
305.736634 47.996177 16.095359 48.286078 
307.424869 48.719706 16.095359 48.286078 
309.764168 48.743484 15.757939 47.273816 
310.533977 48.699970 16.100674 48.302021 
311.426272 48.965092 15.763142 47.289425 
314.078378 48.215525 16.105990 48.317970 
315.043083 48.456701 16.105990 48.317970 
316.248966 48.215525 16.105990 48.317970 
317.213672 48.456701 16.105990 48.317970 
318.660731 48.456701 16.105990 48.317970 
319.450284 48.172420 16.456295 49.368886 
321.232106 48.861024 16.814220 50.442659 
322.988969 49.362984 16.814220 50.442659 
325.749753 49.362984 16.814220 50.442659 
327.323761 49.065401 17.179929 51.539787 
329.635526 49.579126 17.179929 51.539787 
330.476145 49.018631 17.553592 52.660777 
332.124465 48.708690 17.935383 53.806149 
331.660791 47.854921 18.325478 54.976433 
334.131379 47.580411 18.325478 54.976433 
335.503928 47.580411 18.325478 54.976433 
336.519544 48.431180 17.941305 53.823915 
338.856623 48.995358 17.565186 52.695558 
340.879955 49.810454 17.196952 51.590856 
343.371977 50.351226 16.836438 50.509313 
344.050416 49.625759 16.483481 49.450443 
344.964372 50.391154 16.137924 48.413771 
346.580587 51.380976 15.799610 47.398831 
348.462940 51.616271 15.799610 47.398831 
349.639410 52.322153 15.799610 47.398831 
350.040315 53.289572 15.468390 46.405169 
351.491704 52.553543 15.804827 47.414482 
352.197586 52.318249 15.804827 47.414482 
353.672768 51.567323 16.148582 48.445747 
354.637474 51.567323 16.148582 48.445747 
355.843356 51.567323 16.148582 48.445747 
356.808062 51.808499 16.148582 48.445747 
358.320681 50.558122 16.499814 49.499442 
360.050093 50.311064 16.499814 49.499442 
360.297152 49.816946 16.499814 49.499442 
361.285387 49.816946 16.499814 49.499442 
362.026564 50.311064 16.499814 49.499442 
362.520681 50.558122 16.499814 49.499442 
363.508917 51.299299 16.499814 49.499442 
364.003034 51.793416 16.499814 49.499442 
364.497152 52.287534 16.499814 49.499442 
365.732446 52.287534 16.499814 49.499442 
366.720681 52.781652 16.499814 49.499442 
367.461858 53.522828 16.499814 49.499442 
368.697152 53.769887 16.499814 49.499442 
370.920681 54.264005 16.499814 49.499442 
371.482422 52.984522 16.858685 50.576054 
371.984383 53.235502 16.858685 50.576054 
372.737324 52.984522 16.858685 50.576054 
373.239285 53.486483 16.858685 50.576054 
373.490265 53.235502 16.858685 50.576054 
374.921879 53.765637 16.505262 49.515785 
377.639526 53.518578 16.505262 49.515785 
377.812533 54.284658 16.159248 48.477744 
379.428972 54.792798 15.820488 47.461463 
379.256924 54.039400 16.164583 48.493750 
379.015748 54.521752 16.164583 48.493750 
378.598781 54.235559 16.516163 49.548489 
378.598781 53.988501 16.516163 49.548489 
378.913286 53.202602 16.875390 50.626169 
378.913286 52.443778 16.875390 50.626169 
378.660344 52.443778 16.875390 50.626169 
376.725050 52.720249 16.875390 50.626169 
374.195639 54.237896 16.875390 50.626169 
373.642697 52.026131 16.875390 50.626169 
373.136815 53.290837 16.875390 50.626169 
373.413286 53.843778 16.875390 50.626169 
372.907403 54.602602 16.875390 50.626169 
373.736815 54.602602 16.875390 50.626169 
372.977991 54.602602 16.875390 50.626169 
373.254462 52.943778 16.875390 50.626169 
372.419584 54.739144 16.521616 49.564849 
372.098645 55.258679 16.175260 48.525779 
372.339821 55.982209 16.175260 48.525779 
372.580998 56.223385 16.175260 48.525779 
373.304527 56.464562 16.175260 48.525779 
372.750546 57.214382 15.836164 47.508491 
372.916539 57.712362 15.504177 46.512530 
372.847680 58.199903 15.179149 45.537448 
373.137509 58.387037 15.509296 46.527888 
373.300076 58.180621 15.184161 45.552484 
373.686686 59.113001 14.865843 44.597528 
373.243549 59.113001 14.865843 44.597528 
373.465118 59.113001 14.865843 44.597528 
373.686686 59.334569 14.865843 44.597528 
373.243549 59.334569 14.865843 44.597528 
373.465118 59.113001 14.865843 44.597528 
373.686686 59.113001 14.865843 44.597528 
373.243549 58.669863 14.865843 44.597528 
373.399372 59.137331 14.554197 43.662592 
372.746431 58.919684 14.554197 43.662592 
372.964078 58.919684 14.554197 43.662592 
373.116634 59.595000 14.249085 42.747256 
373.389126 59.343849 14.559003 43.677009 
373.171479 59.126202 14.559003 43.677009 
373.606773 59.126202 14.559003 43.677009 
373.389126 59.126202 14.559003 43.677009 
373.389126 59.343849 14.559003 43.677009 
373.389126 59.343849 14.559003 43.677009 
372.953832 58.908555 14.559003 43.677009 
373.389126 59.126202 14.559003 43.677009 
373.171479 58.908555 14.559003 43.677009 
373.389126 58.908555 14.559003 43.677009 
373.171479 58.690908 14.559003 43.677009 
373.606773 58.690908 14.559003 43.677009 
373.606773 58.255613 14.559003 43.677009 
373.389126 58.473260 14.559003 43.677009 
373.171479 58.473260 14.559003 43.677009 
373.389126 58.690908 14.559003 43.677009 
373.171479 58.255613 14.559003 43.677009 
373.389126 58.473260 14.559003 43.677009 
373.171479 58.473260 14.559003 43.677009 
373.448444 58.651214 14.875661 44.626983 
373.825938 59.340560 14.563810 43.691430 
373.608291 58.905265 14.563810 43.691430 
373.390644 58.469971 14.563810 43.691430 
372.955350 58.905265 14.563810 43.691430 
373.390644 58.905265 14.563810 43.691430 
373.390644 58.687618 14.563810 43.691430 
373.390644 58.469971 14.563810 43.691430 
373.172997 58.687618 14.563810 43.691430 
373.449910 58.430121 14.880573 44.641718 
373.605887 58.898052 14.568619 43.705856 
373.388240 58.245111 14.568619 43.705856 
373.170593 58.245111 14.568619 43.705856 
373.758594 58.920880 14.263204 42.789613 
373.331143 58.920880 14.263204 42.789613 
373.694374 59.583123 13.964192 41.892577 
373.694374 59.583123 13.964192 41.892577 
373.902217 59.790966 13.964192 41.892577 
373.902217 60.206652 13.964192 41.892577 
373.840746 59.814395 13.671449 41.014347 
373.636824 59.814395 13.671449 41.014347 
373.432903 59.814395 13.671449 41.014347 
373.228981 60.018316 13.671449 41.014347 
373.025060 60.222238 13.671449 41.014347 
373.080304 60.591893 13.968803 41.906410 
373.018881 59.784094 13.675963 41.027890 
373.277998 60.357524 13.973415 41.920246 
373.901528 59.526151 13.973415 41.920246 
374.525057 59.110465 13.973415 41.920246 
374.788782 58.238896 14.277337 42.832012 
375.488418 56.918196 14.587869 43.763608 
375.706065 55.612314 14.587869 43.763608 
376.853305 55.789326 14.905155 44.715466 
377.138270 55.079516 15.229343 45.688028 
377.138270 55.079516 15.229343 45.688028 
377.138270 55.079516 15.229343 45.688028 
376.910819 55.079516 15.229343 45.688028 
376.910819 55.306967 15.229343 45.688028 
376.517749 54.810109 15.560581 46.681742 
376.517749 55.043443 15.560581 46.681742 
375.584416 55.510109 15.560581 46.681742 
375.351082 55.743443 15.560581 46.681742 
374.417749 55.976776 15.560581 46.681742 
374.184416 56.210109 15.560581 46.681742 
373.414187 56.699424 15.234371 45.703113 
372.049481 56.244522 15.234371 45.703113 
372.276932 55.334718 15.234371 45.703113 
372.049481 55.334718 15.234371 45.703113 
371.594579 55.107267 15.234371 45.703113 
371.071912 56.268677 14.915000 44.745000 
370.177794 56.492206 14.915000 44.745000 
369.440015 56.961220 14.602324 43.806972 
367.540038 56.267172 14.919924 44.759773 
365.528273 56.043643 14.919924 44.759773 
365.589548 54.662763 15.244433 45.733299 
365.196314 53.937962 15.575999 46.727998 
364.729647 53.937962 15.575999 46.727998 
364.326925 53.196462 15.914777 47.744332 
364.391107 52.439987 16.260924 48.782771 
363.727995 51.423200 16.614599 49.843796 
363.547311 50.881149 16.975966 50.927899 
362.603874 50.074367 17.345194 52.035581 
362.156421 49.508480 17.722451 53.167354 
360.640160 48.930285 18.107915 54.323744 
359.360884 48.610102 18.501762 55.505286 
359.159677 47.730012 18.904175 56.712526 
356.977624 46.830910 19.315341 57.946023 
354.959977 46.542675 19.315341 57.946023 
354.461687 45.912512 19.735450 59.206349 
352.315611 46.533108 19.321719 57.965156 
352.229905 46.852460 18.916661 56.749983 
352.145835 47.729662 18.520095 55.560284 
351.039953 47.729662 18.520095 55.560284 
349.575255 48.035570 18.131842 54.395527 
348.953547 49.146917 17.751729 53.255187 
348.231086 48.832472 18.137829 54.413487 
346.951484 48.511314 18.532327 55.596980 
344.933973 49.094077 18.143818 54.431453 
341.145738 48.823489 18.143818 54.431453 
336.675150 47.929371 18.143818 54.431453 
336.053567 48.499918 17.763453 53.290360 
336.239763 48.529092 17.391063 52.173189 
335.196625 48.529092 17.391063 52.173189 
333.964360 47.961709 17.769319 53.307956 
331.317302 47.697003 17.769319 53.307956 
329.464360 47.697003 17.769319 53.307956 
328.405537 47.432297 17.769319 53.307956 
327.346713 46.638179 17.769319 53.307956 
325.758478 46.373473 17.769319 53.307956 
325.035825 45.793749 18.155801 54.467404 
323.412295 45.793749 18.155801 54.467404 
322.059354 45.793749 18.155801 54.467404 
319.353472 45.523161 18.155801 54.467404 
318.461427 46.364673 17.775186 53.325557 
316.873192 46.364673 17.775186 53.325557 
314.755544 46.364673 17.775186 53.325557 
313.088921 47.188333 17.402549 52.207648 
312.567353 46.927549 17.402549 52.207648 
312.045784 46.927549 17.402549 52.207648 
311.445844 47.214001 17.037725 51.113174 
309.406628 46.704197 17.037725 51.113174 
306.781294 47.239962 16.680548 50.041645 
304.714962 46.768416 16.330860 48.992579 
303.985551 46.768416 16.330860 48.992579 
303.256139 47.011554 16.330860 48.992579 
302.040453 46.768416 16.330860 48.992579 
300.338492 47.011554 16.330860 48.992579 
297.663982 46.525279 16.330860 48.992579 
296.376337 46.552541 15.988502 47.965506 
295.658690 46.791757 15.988502 47.965506 
295.108634 50.165116 15.653321 46.959964 
294.106044 51.124014 15.325167 45.975502 
291.353103 50.894602 15.325167 45.975502 
291.513740 51.147102 15.003893 45.011678 
291.447480 51.171852 14.689353 44.068060 
290.349441 51.171852 14.689353 44.068060 
285.957284 51.171852 14.689353 44.068060 
283.601459 50.912220 15.008847 45.026540 
283.438238 50.422557 15.335289 46.005867 
282.812643 49.463419 15.668832 47.006495 
282.579310 49.696753 15.668832 47.006495 
281.412643 49.696753 15.668832 47.006495 
280.479310 50.163419 15.668832 47.006495 
278.310216 52.289471 15.340353 46.021058 
276.635718 53.230684 15.018760 45.056279 
274.907683 51.846579 15.345418 46.036253 
272.154742 52.075991 15.345418 46.036253 
271.925330 52.764227 15.345418 46.036253 
272.086180 53.705599 15.023718 45.071155 
271.415592 55.493834 15.023718 45.071155 
271.126010 56.860384 14.708763 44.126290 
270.247579 57.079992 14.708763 44.126290 
268.550366 56.160903 15.028679 45.086037 
266.520955 54.582472 15.028679 45.086037 
262.073896 47.417766 15.028679 45.086037 
259.204577 46.025494 15.355553 46.066658 
256.743467 45.753931 15.689536 47.068608 
255.631667 45.006766 16.030783 48.092350 
252.586744 44.962193 16.379453 49.138359 
251.673323 44.427813 16.735706 50.207118 
248.661559 44.678794 16.735706 50.207118 
247.908618 44.678794 16.735706 50.207118 
246.151755 44.929774 16.735706 50.207118 
245.216813 44.383772 17.099708 51.299123 
243.866639 45.431289 16.741232 50.223696 
242.109776 44.678348 16.741232 50.223696 
242.034276 45.204789 16.390271 49.170813 
241.225686 45.720194 16.046668 48.140004 
240.437023 45.985579 15.710268 47.130804 
238.954638 46.714894 15.380920 46.142760 
238.657036 47.427971 15.058477 45.175430 
238.363898 48.577967 14.742793 44.228379 
236.322352 49.041566 14.433727 43.301182 
235.028234 49.041566 14.433727 43.301182 
233.885410 49.926818 14.131141 42.393422 
233.038351 49.926818 14.131141 42.393422 
230.073645 49.926818 14.131141 42.393422 
226.371685 49.232701 14.131141 42.393422 
225.948155 49.656230 14.131141 42.393422 
224.889332 50.291524 14.131141 42.393422 
223.618743 49.867995 14.131141 42.393422 
219.018008 47.077555 14.438493 43.315479 
216.272755 45.528068 14.752530 44.257590 
215.014282 44.387943 15.073398 45.220193 
213.948398 43.670683 15.401244 46.203732 
213.551497 44.315276 15.736221 47.208663 
