336.000000 110.000000 28.000000 51.000000 
336.000000 110.000000 28.000000 51.000000 
335.692157 110.000000 28.000000 51.000000 
334.768627 109.384314 28.000000 51.000000 
332.921569 109.076471 28.000000 51.000000 
330.136631 109.918892 27.413012 49.930843 
328.008286 110.442264 26.838330 48.884100 
324.772992 111.618734 26.838330 48.884100 
321.537698 111.618734 26.838330 48.884100 
317.716419 111.087120 27.422063 49.947330 
314.998772 111.691041 27.422063 49.947330 
312.888793 111.751785 28.018493 51.033684 
313.199778 111.504637 28.627895 52.143667 
311.947273 111.251300 29.250552 53.277791 
309.053155 109.643457 29.250552 53.277791 
307.445312 108.678751 29.250552 53.277791 
306.144071 108.915637 28.637348 52.160883 
305.197012 108.915637 28.637348 52.160883 
302.040150 108.284264 28.637348 52.160883 
299.499148 110.093756 28.036999 51.067390 
293.650128 109.785913 28.036999 51.067390 
286.569736 110.401599 28.036999 51.067390 
282.259932 110.093756 28.036999 51.067390 
281.028560 110.093756 28.036999 51.067390 
280.398912 111.552570 27.449235 49.996821 
279.493030 111.552570 27.449235 49.996821 
277.379304 110.646688 27.449235 49.996821 
274.661657 110.042766 27.449235 49.996821 
271.340088 108.834923 27.449235 49.996821 
268.320481 107.929041 27.449235 49.996821 
264.682711 107.547221 26.873793 48.948695 
264.090554 107.547221 26.873793 48.948695 
262.610162 107.547221 26.873793 48.948695 
259.649378 107.547221 26.873793 48.948695 
255.212027 106.422747 27.458298 50.013329 
242.817490 109.060709 26.882666 48.964857 
238.954174 110.462190 26.319102 47.938364 
238.359461 112.125461 25.767352 46.933392 
236.100638 111.843108 25.767352 46.933392 
233.277108 110.431343 25.767352 46.933392 
229.888873 110.148991 25.767352 46.933392 
228.194755 109.584285 25.767352 46.933392 
223.959461 107.890167 25.767352 46.933392 
220.288873 107.890167 25.767352 46.933392 
215.476611 108.382119 25.227169 45.949487 
213.252806 110.246112 24.698310 44.986208 
209.994044 110.717654 24.180539 44.043124 
205.980836 111.712644 23.673621 43.119810 
204.403491 112.946976 23.177331 42.215853 
200.568003 114.663989 22.691445 41.330846 
199.073885 114.913009 22.691445 41.330846 
195.089572 113.916930 22.691445 41.330846 
191.852317 113.418891 22.691445 41.330846 
187.618984 111.177714 22.691445 41.330846 
184.879768 110.928695 22.691445 41.330846 
181.642513 110.430656 22.691445 41.330846 
178.654278 109.434577 22.691445 41.330846 
175.666042 109.434577 22.691445 41.330846 
172.179768 109.434577 22.691445 41.330846 
168.444474 109.185558 22.691445 41.330846 
166.690167 110.614863 22.215745 40.464392 
161.775972 112.754694 21.750017 39.616102 
158.654934 114.605241 21.294053 38.785596 
155.844804 115.711789 20.847647 37.972500 
152.865144 113.692956 21.301084 38.798402 
149.831811 112.526289 21.301084 38.798402 
147.265144 111.826289 21.301084 38.798402 
146.331811 110.192956 21.301084 38.798402 
142.600162 109.771023 21.764382 39.642267 
138.772711 109.531807 21.764382 39.642267 
134.694961 110.186551 21.308117 38.811213 
131.884978 111.293367 20.861417 37.997580 
129.132037 111.063955 20.861417 37.997580 
125.002625 111.752190 20.861417 37.997580 
122.940463 112.027202 21.315152 38.824027 
119.673796 113.427202 21.315152 38.824027 
116.173796 114.127202 21.315152 38.824027 
113.607130 112.493869 21.315152 38.824027 
110.573796 112.260535 21.315152 38.824027 
108.707130 110.860535 21.315152 38.824027 
107.073796 109.927202 21.315152 38.824027 
106.363887 109.867486 20.868305 38.010126 
103.370862 110.036494 20.430824 37.213287 
100.653644 110.201070 20.002516 36.433153 
99.994821 110.201070 20.002516 36.433153 
98.886839 111.022176 19.583186 35.669374 
98.886839 111.453548 19.583186 35.669374 
102.974461 112.905863 19.172647 34.921606 
111.156814 116.052922 19.172647 34.921606 
110.728368 115.160145 18.770714 34.189515 
107.425122 115.518517 18.377208 33.472771 
105.407623 114.952539 18.776912 34.200804 
102.115188 114.374723 19.185310 34.944671 
100.635960 113.782935 19.602590 35.704718 
99.991409 112.963274 20.028946 36.481295 
96.040261 111.688108 20.464576 37.274763 
95.141238 111.508236 20.909681 38.085490 
63.943257 112.011703 21.364466 38.913849 
57.122683 111.353221 21.829143 39.760225 
54.730526 111.353221 21.829143 39.760225 
51.131887 111.052337 21.371520 38.926698 
50.885313 112.872129 20.923491 38.110644 
47.214725 112.642717 20.923491 38.110644 
44.232372 111.495658 20.923491 38.110644 
41.469338 111.436308 20.484854 37.311698 
38.763455 110.308857 20.484854 37.311698 
36.057573 108.053955 20.484854 37.311698 
34.253652 107.602975 20.484854 37.311698 
31.547769 107.377484 20.484854 37.311698 
27.939926 106.926504 20.484854 37.311698 
25.234044 106.926504 20.484854 37.311698 
22.528161 107.377484 20.484854 37.311698 
19.822279 108.053955 20.484854 37.311698 
13.285781 107.873680 20.930399 38.123227 
10.303428 108.103092 20.930399 38.123227 
9.385781 108.103092 20.930399 38.123227 
9.615193 108.332504 20.930399 38.123227 
